/*--------------------------------*- C++ -*----------------------------------*\
| =========                 |                                                 |
| \\      /  F ield         | OpenFOAM: The Open Source CFD Toolbox           |
|  \\    /   O peration     | Version:  2106                                  |
|   \\  /    A nd           | Website:  www.openfoam.com                      |
|    \\/     M anipulation  |                                                 |
\*---------------------------------------------------------------------------*/
FoamFile
{
    version     2.0;
    format      ascii;
    arch        "LSB;label=32;scalar=64";
    class       volScalarField;
    location    "9.4";
    object      T;
}
// * * * * * * * * * * * * * * * * * * * * * * * * * * * * * * * * * * * * * //

dimensions      [0 0 0 1 0 0 0];

internalField   nonuniform List<scalar> 
12013
(
300.004
300.011
300.019
300.027
300.035
300.044
300.053
300.062
300.072
300.082
300.093
300.104
300.115
300.126
300.138
300.151
300.164
300.177
300.191
300.205
300.219
300.234
300.25
300.266
300.282
300.299
300.317
300.335
300.353
300.372
300.392
300.412
300.433
300.455
300.477
300.499
300.523
300.547
300.571
300.596
300.623
300.649
300.677
300.705
300.734
300.764
300.795
300.826
300.859
300.892
300.926
300.962
300.998
301.035
301.073
301.113
301.153
301.195
301.238
301.283
301.328
301.376
301.424
301.474
301.526
301.58
301.636
301.693
301.753
301.816
301.881
301.948
302.02
302.094
302.174
302.258
302.348
302.446
302.555
302.678
302.825
300.004
300.011
300.019
300.027
300.035
300.044
300.053
300.062
300.072
300.082
300.093
300.104
300.115
300.126
300.138
300.151
300.164
300.177
300.191
300.205
300.219
300.234
300.25
300.266
300.282
300.299
300.317
300.335
300.353
300.372
300.392
300.412
300.433
300.455
300.477
300.499
300.523
300.546
300.571
300.596
300.622
300.649
300.677
300.705
300.734
300.764
300.795
300.826
300.859
300.892
300.926
300.961
300.998
301.035
301.073
301.113
301.153
301.195
301.238
301.282
301.328
301.375
301.424
301.474
301.526
301.579
301.635
301.692
301.752
301.814
301.879
301.946
302.017
302.092
302.17
302.253
302.342
302.438
302.542
302.657
302.783
300.004
300.011
300.019
300.027
300.035
300.044
300.053
300.062
300.072
300.082
300.093
300.104
300.115
300.126
300.138
300.151
300.164
300.177
300.191
300.205
300.219
300.234
300.25
300.266
300.282
300.299
300.317
300.335
300.353
300.372
300.392
300.412
300.433
300.455
300.477
300.499
300.522
300.546
300.571
300.596
300.622
300.649
300.677
300.705
300.734
300.764
300.794
300.826
300.858
300.892
300.926
300.961
300.997
301.034
301.073
301.112
301.153
301.194
301.237
301.281
301.327
301.374
301.422
301.472
301.524
301.577
301.633
301.69
301.749
301.811
301.875
301.942
302.012
302.085
302.162
302.243
302.329
302.421
302.518
302.621
302.729
300.004
300.011
300.019
300.027
300.035
300.044
300.053
300.062
300.072
300.082
300.093
300.104
300.115
300.126
300.138
300.151
300.164
300.177
300.191
300.205
300.219
300.234
300.25
300.266
300.282
300.299
300.317
300.335
300.353
300.372
300.392
300.412
300.433
300.454
300.476
300.499
300.522
300.546
300.571
300.596
300.622
300.649
300.676
300.705
300.734
300.763
300.794
300.826
300.858
300.891
300.925
300.96
300.997
301.034
301.072
301.111
301.152
301.193
301.236
301.28
301.325
301.372
301.42
301.47
301.522
301.575
301.629
301.686
301.745
301.806
301.869
301.935
302.004
302.075
302.15
302.228
302.31
302.396
302.486
302.578
302.671
300.004
300.011
300.019
300.027
300.035
300.044
300.053
300.062
300.072
300.082
300.093
300.104
300.115
300.126
300.138
300.151
300.164
300.177
300.191
300.205
300.219
300.234
300.25
300.266
300.282
300.299
300.317
300.335
300.353
300.372
300.392
300.412
300.433
300.454
300.476
300.499
300.522
300.546
300.571
300.596
300.622
300.649
300.676
300.704
300.733
300.763
300.794
300.825
300.857
300.89
300.925
300.96
300.996
301.033
301.071
301.11
301.15
301.192
301.234
301.278
301.323
301.37
301.418
301.467
301.518
301.57
301.625
301.681
301.739
301.799
301.861
301.925
301.992
302.061
302.133
302.208
302.285
302.365
302.447
302.53
302.612
300.004
300.011
300.019
300.027
300.035
300.044
300.053
300.062
300.072
300.082
300.093
300.104
300.115
300.126
300.138
300.151
300.164
300.177
300.191
300.205
300.219
300.234
300.25
300.266
300.282
300.299
300.317
300.335
300.353
300.372
300.392
300.412
300.433
300.454
300.476
300.499
300.522
300.546
300.57
300.596
300.622
300.648
300.676
300.704
300.733
300.762
300.793
300.824
300.856
300.889
300.923
300.958
300.994
301.031
301.069
301.108
301.148
301.189
301.232
301.275
301.32
301.366
301.414
301.462
301.513
301.565
301.618
301.673
301.73
301.789
301.85
301.912
301.977
302.044
302.112
302.183
302.255
302.329
302.404
302.479
302.553
300.004
300.011
300.019
300.027
300.035
300.044
300.053
300.062
300.072
300.082
300.093
300.104
300.115
300.126
300.138
300.151
300.164
300.177
300.191
300.205
300.219
300.234
300.25
300.266
300.282
300.299
300.317
300.334
300.353
300.372
300.392
300.412
300.433
300.454
300.476
300.498
300.522
300.545
300.57
300.595
300.621
300.648
300.675
300.703
300.732
300.761
300.792
300.823
300.855
300.888
300.922
300.957
300.992
301.029
301.067
301.106
301.145
301.186
301.228
301.271
301.316
301.361
301.408
301.457
301.506
301.557
301.61
301.664
301.719
301.777
301.835
301.896
301.958
302.022
302.087
302.154
302.221
302.29
302.358
302.426
302.493
300.004
300.011
300.019
300.027
300.035
300.044
300.053
300.062
300.072
300.082
300.093
300.104
300.115
300.126
300.138
300.151
300.164
300.177
300.19
300.205
300.219
300.234
300.25
300.266
300.282
300.299
300.316
300.334
300.353
300.372
300.391
300.412
300.432
300.454
300.475
300.498
300.521
300.545
300.569
300.595
300.62
300.647
300.674
300.702
300.731
300.76
300.791
300.822
300.854
300.886
300.92
300.955
300.99
301.027
301.064
301.102
301.142
301.182
301.224
301.267
301.31
301.355
301.402
301.449
301.498
301.548
301.599
301.652
301.706
301.761
301.818
301.876
301.936
301.996
302.058
302.12
302.183
302.247
302.31
302.372
302.433
300.004
300.011
300.019
300.027
300.035
300.044
300.053
300.062
300.072
300.082
300.093
300.104
300.115
300.126
300.138
300.151
300.164
300.177
300.19
300.205
300.219
300.234
300.249
300.265
300.282
300.299
300.316
300.334
300.353
300.372
300.391
300.411
300.432
300.453
300.475
300.498
300.521
300.544
300.569
300.594
300.62
300.646
300.673
300.701
300.73
300.759
300.789
300.82
300.852
300.884
300.918
300.952
300.987
301.024
301.061
301.099
301.138
301.178
301.219
301.261
301.304
301.348
301.394
301.44
301.488
301.537
301.587
301.638
301.69
301.744
301.798
301.854
301.91
301.967
302.025
302.084
302.143
302.201
302.259
302.317
302.373
300.004
300.011
300.019
300.027
300.035
300.044
300.053
300.062
300.072
300.082
300.093
300.104
300.115
300.126
300.138
300.151
300.163
300.177
300.19
300.204
300.219
300.234
300.249
300.265
300.282
300.299
300.316
300.334
300.352
300.371
300.391
300.411
300.431
300.453
300.475
300.497
300.52
300.544
300.568
300.593
300.618
300.645
300.672
300.7
300.728
300.757
300.787
300.818
300.849
300.882
300.915
300.949
300.984
301.02
301.056
301.094
301.132
301.172
301.212
301.254
301.296
301.339
301.384
301.429
301.476
301.523
301.572
301.621
301.671
301.723
301.775
301.828
301.881
301.935
301.99
302.045
302.099
302.154
302.207
302.26
302.312
300.004
300.011
300.019
300.027
300.035
300.044
300.053
300.062
300.072
300.082
300.093
300.103
300.115
300.126
300.138
300.151
300.163
300.177
300.19
300.204
300.219
300.234
300.249
300.265
300.281
300.298
300.316
300.334
300.352
300.371
300.39
300.41
300.431
300.452
300.474
300.496
300.519
300.543
300.567
300.592
300.617
300.643
300.67
300.698
300.726
300.755
300.785
300.815
300.847
300.879
300.912
300.945
300.98
301.015
301.051
301.088
301.126
301.165
301.205
301.245
301.287
301.329
301.372
301.417
301.462
301.508
301.554
301.602
301.65
301.699
301.749
301.799
301.85
301.901
301.952
302.003
302.054
302.104
302.154
302.203
302.251
300.004
300.011
300.019
300.027
300.035
300.044
300.053
300.062
300.072
300.082
300.093
300.103
300.115
300.126
300.138
300.151
300.163
300.176
300.19
300.204
300.219
300.234
300.249
300.265
300.281
300.298
300.315
300.333
300.352
300.37
300.39
300.41
300.43
300.451
300.473
300.495
300.518
300.542
300.566
300.59
300.616
300.642
300.668
300.696
300.724
300.753
300.782
300.812
300.843
300.875
300.907
300.941
300.975
301.009
301.045
301.081
301.119
301.157
301.195
301.235
301.276
301.317
301.359
301.402
301.445
301.49
301.535
301.58
301.626
301.673
301.72
301.768
301.815
301.863
301.911
301.959
302.006
302.053
302.099
302.145
302.19
300.004
300.011
300.019
300.027
300.035
300.044
300.053
300.062
300.072
300.082
300.093
300.103
300.115
300.126
300.138
300.15
300.163
300.176
300.19
300.204
300.218
300.233
300.249
300.265
300.281
300.298
300.315
300.333
300.351
300.37
300.389
300.409
300.429
300.45
300.472
300.494
300.517
300.54
300.564
300.589
300.614
300.64
300.666
300.693
300.721
300.75
300.779
300.809
300.839
300.87
300.902
300.935
300.969
301.003
301.038
301.073
301.11
301.147
301.185
301.224
301.263
301.303
301.344
301.385
301.427
301.47
301.513
301.556
301.6
301.645
301.689
301.734
301.779
301.824
301.868
301.913
301.957
302.001
302.044
302.086
302.128
300.004
300.011
300.019
300.027
300.035
300.044
300.053
300.062
300.072
300.082
300.092
300.103
300.114
300.126
300.138
300.15
300.163
300.176
300.19
300.204
300.218
300.233
300.248
300.264
300.28
300.297
300.314
300.332
300.35
300.369
300.388
300.408
300.429
300.449
300.471
300.493
300.515
300.539
300.562
300.587
300.612
300.637
300.664
300.69
300.718
300.746
300.775
300.804
300.834
300.865
300.897
300.929
300.962
300.995
301.029
301.064
301.1
301.136
301.173
301.21
301.248
301.287
301.326
301.366
301.406
301.447
301.488
301.53
301.572
301.614
301.656
301.698
301.74
301.782
301.824
301.866
301.907
301.947
301.988
302.027
302.066
300.004
300.011
300.019
300.027
300.035
300.044
300.053
300.062
300.072
300.082
300.092
300.103
300.114
300.126
300.138
300.15
300.163
300.176
300.19
300.203
300.218
300.233
300.248
300.264
300.28
300.297
300.314
300.332
300.35
300.368
300.388
300.407
300.427
300.448
300.469
300.491
300.514
300.537
300.56
300.584
300.609
300.634
300.66
300.687
300.714
300.742
300.77
300.799
300.829
300.859
300.89
300.922
300.954
300.986
301.02
301.054
301.088
301.124
301.159
301.195
301.232
301.269
301.307
301.345
301.384
301.423
301.462
301.501
301.541
301.58
301.62
301.66
301.699
301.739
301.778
301.817
301.855
301.893
301.93
301.967
302.003
300.004
300.011
300.019
300.027
300.035
300.044
300.053
300.062
300.072
300.082
300.092
300.103
300.114
300.126
300.138
300.15
300.163
300.176
300.189
300.203
300.218
300.232
300.248
300.263
300.279
300.296
300.313
300.331
300.349
300.367
300.386
300.406
300.426
300.447
300.468
300.49
300.512
300.534
300.558
300.582
300.606
300.631
300.657
300.683
300.71
300.737
300.765
300.793
300.822
300.852
300.882
300.913
300.945
300.976
301.009
301.042
301.075
301.109
301.144
301.179
301.214
301.25
301.286
301.323
301.359
301.396
301.433
301.471
301.508
301.545
301.583
301.62
301.657
301.694
301.731
301.767
301.803
301.838
301.873
301.907
301.941
300.004
300.011
300.019
300.027
300.035
300.044
300.053
300.062
300.072
300.082
300.092
300.103
300.114
300.126
300.137
300.15
300.162
300.175
300.189
300.203
300.217
300.232
300.247
300.263
300.279
300.295
300.312
300.33
300.348
300.366
300.385
300.405
300.425
300.445
300.466
300.487
300.509
300.532
300.555
300.579
300.603
300.627
300.653
300.678
300.705
300.731
300.759
300.787
300.815
300.844
300.874
300.904
300.934
300.965
300.997
301.029
301.061
301.094
301.127
301.161
301.195
301.229
301.263
301.298
301.333
301.368
301.403
301.438
301.473
301.509
301.544
301.579
301.613
301.648
301.682
301.716
301.749
301.782
301.815
301.847
301.878
300.004
300.011
300.019
300.027
300.035
300.044
300.053
300.062
300.072
300.082
300.092
300.103
300.114
300.125
300.137
300.149
300.162
300.175
300.189
300.202
300.217
300.231
300.246
300.262
300.278
300.295
300.311
300.329
300.347
300.365
300.384
300.403
300.423
300.443
300.464
300.485
300.507
300.529
300.552
300.575
300.599
300.623
300.648
300.673
300.699
300.725
300.752
300.779
300.807
300.835
300.864
300.893
300.923
300.953
300.983
301.014
301.045
301.077
301.109
301.141
301.173
301.206
301.239
301.272
301.305
301.338
301.371
301.404
301.437
301.47
301.503
301.536
301.569
301.601
301.633
301.664
301.696
301.726
301.757
301.787
301.816
300.004
300.011
300.019
300.027
300.035
300.044
300.053
300.062
300.072
300.082
300.092
300.103
300.114
300.125
300.137
300.149
300.162
300.175
300.188
300.202
300.216
300.231
300.246
300.261
300.277
300.294
300.31
300.328
300.345
300.363
300.382
300.401
300.421
300.441
300.461
300.482
300.504
300.526
300.548
300.571
300.594
300.618
300.642
300.667
300.692
300.718
300.744
300.771
300.798
300.825
300.853
300.881
300.91
300.939
300.968
300.998
301.028
301.058
301.089
301.119
301.15
301.181
301.212
301.244
301.275
301.306
301.338
301.369
301.4
301.431
301.462
301.493
301.523
301.553
301.583
301.612
301.642
301.67
301.699
301.727
301.754
300.004
300.011
300.019
300.027
300.035
300.044
300.053
300.062
300.071
300.081
300.092
300.102
300.113
300.125
300.137
300.149
300.161
300.174
300.188
300.201
300.215
300.23
300.245
300.26
300.276
300.292
300.309
300.326
300.344
300.362
300.38
300.399
300.418
300.438
300.458
300.479
300.5
300.522
300.544
300.566
300.589
300.612
300.636
300.66
300.685
300.71
300.736
300.761
300.788
300.814
300.841
300.868
300.896
300.924
300.952
300.981
301.009
301.038
301.067
301.096
301.126
301.155
301.185
301.214
301.244
301.273
301.303
301.332
301.362
301.391
301.42
301.448
301.477
301.505
301.533
301.56
301.588
301.614
301.641
301.667
301.692
300.004
300.011
300.019
300.027
300.035
300.043
300.052
300.062
300.071
300.081
300.092
300.102
300.113
300.125
300.136
300.148
300.161
300.174
300.187
300.201
300.215
300.229
300.244
300.259
300.275
300.291
300.308
300.325
300.342
300.36
300.378
300.397
300.416
300.435
300.455
300.475
300.496
300.517
300.539
300.561
300.583
300.606
300.629
300.653
300.677
300.701
300.726
300.751
300.776
300.802
300.828
300.854
300.881
300.908
300.935
300.962
300.989
301.017
301.045
301.072
301.1
301.128
301.156
301.184
301.212
301.24
301.267
301.295
301.322
301.35
301.377
301.403
301.43
301.456
301.482
301.508
301.534
301.559
301.583
301.608
301.632
300.004
300.011
300.019
300.027
300.035
300.043
300.052
300.062
300.071
300.081
300.091
300.102
300.113
300.124
300.136
300.148
300.16
300.173
300.186
300.2
300.214
300.228
300.243
300.258
300.274
300.29
300.306
300.323
300.34
300.357
300.375
300.394
300.413
300.432
300.451
300.471
300.492
300.512
300.534
300.555
300.577
300.599
300.622
300.645
300.668
300.692
300.716
300.74
300.764
300.789
300.814
300.839
300.865
300.89
300.916
300.942
300.968
300.995
301.021
301.047
301.074
301.1
301.126
301.153
301.179
301.205
301.231
301.257
301.283
301.308
301.333
301.358
301.383
301.408
301.432
301.456
301.48
301.503
301.526
301.549
301.571
300.004
300.011
300.019
300.026
300.035
300.043
300.052
300.061
300.071
300.081
300.091
300.102
300.112
300.124
300.135
300.147
300.16
300.172
300.186
300.199
300.213
300.227
300.242
300.257
300.272
300.288
300.304
300.321
300.338
300.355
300.373
300.391
300.409
300.428
300.447
300.467
300.487
300.507
300.528
300.549
300.57
300.592
300.614
300.636
300.659
300.681
300.704
300.728
300.751
300.775
300.799
300.823
300.848
300.872
300.897
300.922
300.946
300.971
300.996
301.021
301.046
301.071
301.096
301.121
301.145
301.17
301.194
301.218
301.243
301.266
301.29
301.314
301.337
301.36
301.383
301.405
301.427
301.449
301.47
301.492
301.513
300.004
300.011
300.018
300.026
300.035
300.043
300.052
300.061
300.071
300.081
300.091
300.101
300.112
300.123
300.135
300.147
300.159
300.172
300.185
300.198
300.212
300.226
300.24
300.255
300.27
300.286
300.302
300.318
300.335
300.352
300.37
300.387
300.405
300.424
300.443
300.462
300.481
300.501
300.521
300.542
300.563
300.584
300.605
300.626
300.648
300.67
300.693
300.715
300.738
300.761
300.784
300.807
300.83
300.853
300.877
300.9
300.924
300.947
300.971
300.994
301.018
301.041
301.065
301.088
301.111
301.134
301.157
301.18
301.203
301.225
301.247
301.269
301.291
301.312
301.333
301.354
301.375
301.395
301.416
301.435
301.455
300.004
300.011
300.018
300.026
300.034
300.043
300.052
300.061
300.07
300.08
300.09
300.101
300.112
300.123
300.134
300.146
300.158
300.171
300.184
300.197
300.211
300.225
300.239
300.254
300.269
300.284
300.3
300.316
300.332
300.349
300.366
300.384
300.401
300.419
300.438
300.457
300.476
300.495
300.515
300.534
300.554
300.575
300.595
300.616
300.637
300.659
300.68
300.702
300.723
300.745
300.767
300.789
300.811
300.834
300.856
300.878
300.901
300.923
300.945
300.967
300.99
301.012
301.034
301.056
301.077
301.099
301.121
301.142
301.163
301.184
301.205
301.225
301.246
301.266
301.285
301.305
301.324
301.343
301.362
301.381
301.399
300.004
300.011
300.018
300.026
300.034
300.043
300.052
300.061
300.07
300.08
300.09
300.1
300.111
300.122
300.134
300.145
300.157
300.17
300.183
300.196
300.209
300.223
300.237
300.252
300.267
300.282
300.297
300.313
300.329
300.346
300.362
300.38
300.397
300.415
300.433
300.451
300.469
300.488
300.507
300.526
300.546
300.566
300.586
300.606
300.626
300.646
300.667
300.688
300.708
300.729
300.75
300.771
300.793
300.814
300.835
300.856
300.877
300.898
300.919
300.94
300.961
300.982
301.003
301.023
301.044
301.064
301.084
301.104
301.124
301.144
301.163
301.182
301.202
301.22
301.239
301.257
301.275
301.293
301.311
301.328
301.345
300.004
300.011
300.018
300.026
300.034
300.043
300.051
300.06
300.07
300.079
300.089
300.1
300.11
300.121
300.133
300.144
300.156
300.169
300.181
300.194
300.208
300.221
300.235
300.25
300.264
300.279
300.295
300.31
300.326
300.342
300.359
300.375
300.392
300.41
300.427
300.445
300.463
300.481
300.5
300.518
300.537
300.556
300.575
300.595
300.614
300.634
300.654
300.673
300.693
300.713
300.733
300.753
300.773
300.794
300.814
300.834
300.854
300.874
300.894
300.913
300.933
300.953
300.972
300.992
301.011
301.03
301.049
301.068
301.086
301.105
301.123
301.141
301.159
301.176
301.194
301.211
301.228
301.245
301.261
301.277
301.293
300.004
300.011
300.018
300.026
300.034
300.042
300.051
300.06
300.069
300.079
300.089
300.099
300.11
300.121
300.132
300.144
300.155
300.168
300.18
300.193
300.206
300.22
300.233
300.248
300.262
300.277
300.292
300.307
300.323
300.338
300.354
300.371
300.387
300.404
300.421
300.439
300.456
300.474
300.492
300.51
300.528
300.546
300.565
300.583
300.602
300.621
300.64
300.659
300.678
300.697
300.716
300.735
300.754
300.773
300.793
300.812
300.831
300.849
300.868
300.887
300.906
300.924
300.943
300.961
300.979
300.997
301.015
301.033
301.05
301.067
301.084
301.101
301.118
301.135
301.151
301.167
301.183
301.199
301.214
301.229
301.244
300.004
300.011
300.018
300.026
300.034
300.042
300.051
300.06
300.069
300.079
300.088
300.099
300.109
300.12
300.131
300.143
300.154
300.166
300.179
300.192
300.205
300.218
300.231
300.245
300.259
300.274
300.289
300.304
300.319
300.334
300.35
300.366
300.382
300.399
300.415
300.432
300.449
300.466
300.484
300.501
300.519
300.536
300.554
300.572
300.59
300.608
300.626
300.645
300.663
300.681
300.699
300.717
300.736
300.754
300.772
300.79
300.808
300.826
300.844
300.862
300.879
300.897
300.914
300.931
300.948
300.965
300.982
300.999
301.015
301.032
301.048
301.064
301.079
301.095
301.11
301.125
301.14
301.155
301.17
301.184
301.198
300.003
300.011
300.018
300.026
300.034
300.042
300.051
300.059
300.069
300.078
300.088
300.098
300.108
300.119
300.13
300.142
300.153
300.165
300.177
300.19
300.203
300.216
300.229
300.243
300.257
300.271
300.286
300.3
300.315
300.33
300.346
300.361
300.377
300.393
300.409
300.426
300.442
300.459
300.476
300.492
300.509
300.527
300.544
300.561
300.578
300.596
300.613
300.631
300.648
300.665
300.683
300.7
300.718
300.735
300.752
300.769
300.786
300.803
300.82
300.837
300.854
300.871
300.887
300.903
300.919
300.936
300.951
300.967
300.983
300.998
301.013
301.028
301.043
301.058
301.072
301.087
301.101
301.115
301.128
301.142
301.155
300.003
300.011
300.018
300.026
300.033
300.042
300.05
300.059
300.068
300.078
300.087
300.097
300.108
300.118
300.129
300.141
300.152
300.164
300.176
300.188
300.201
300.214
300.227
300.241
300.254
300.268
300.282
300.297
300.311
300.326
300.341
300.357
300.372
300.388
300.403
300.419
300.435
300.451
300.468
300.484
300.5
300.517
300.534
300.55
300.567
300.584
300.6
300.617
300.634
300.65
300.667
300.684
300.7
300.717
300.733
300.75
300.766
300.782
300.798
300.814
300.83
300.846
300.862
300.877
300.893
300.908
300.923
300.938
300.952
300.967
300.981
300.996
301.01
301.024
301.037
301.051
301.064
301.077
301.09
301.103
301.116
300.003
300.01
300.018
300.025
300.033
300.041
300.05
300.059
300.068
300.077
300.087
300.097
300.107
300.118
300.128
300.139
300.151
300.163
300.174
300.187
300.199
300.212
300.225
300.238
300.252
300.265
300.279
300.293
300.308
300.322
300.337
300.352
300.367
300.382
300.398
300.413
300.429
300.444
300.46
300.476
300.492
300.508
300.524
300.54
300.556
300.572
300.588
300.604
300.62
300.636
300.652
300.668
300.684
300.7
300.716
300.732
300.747
300.763
300.778
300.793
300.809
300.824
300.839
300.853
300.868
300.882
300.897
300.911
300.925
300.939
300.953
300.966
300.979
300.993
301.006
301.019
301.031
301.044
301.056
301.068
301.08
300.003
300.01
300.018
300.025
300.033
300.041
300.05
300.058
300.067
300.077
300.086
300.096
300.106
300.117
300.127
300.138
300.15
300.161
300.173
300.185
300.197
300.21
300.223
300.236
300.249
300.263
300.276
300.29
300.304
300.319
300.333
300.348
300.362
300.377
300.392
300.407
300.422
300.438
300.453
300.468
300.484
300.499
300.515
300.53
300.546
300.562
300.577
300.593
300.608
300.624
300.639
300.654
300.67
300.685
300.7
300.715
300.73
300.745
300.76
300.775
300.789
300.804
300.818
300.832
300.846
300.86
300.874
300.887
300.901
300.914
300.927
300.94
300.953
300.965
300.978
300.99
301.002
301.014
301.026
301.038
301.049
300.003
300.01
300.018
300.025
300.033
300.041
300.049
300.058
300.067
300.076
300.086
300.095
300.105
300.116
300.126
300.137
300.149
300.16
300.172
300.184
300.196
300.208
300.221
300.234
300.247
300.26
300.274
300.287
300.301
300.315
300.329
300.343
300.358
300.372
300.387
300.402
300.417
300.432
300.446
300.462
300.477
300.492
300.507
300.522
300.537
300.552
300.567
300.582
300.597
300.612
300.627
300.642
300.657
300.672
300.686
300.701
300.715
300.73
300.744
300.758
300.772
300.786
300.8
300.813
300.827
300.84
300.854
300.867
300.88
300.892
300.905
300.917
300.93
300.942
300.954
300.966
300.977
300.989
301
301.011
301.022
300.003
300.01
300.017
300.025
300.033
300.041
300.049
300.058
300.066
300.076
300.085
300.095
300.105
300.115
300.126
300.136
300.147
300.159
300.17
300.182
300.194
300.207
300.219
300.232
300.245
300.258
300.271
300.285
300.298
300.312
300.326
300.34
300.354
300.368
300.383
300.397
300.412
300.426
300.441
300.456
300.47
300.485
300.5
300.515
300.529
300.544
300.559
300.574
300.588
300.603
300.617
300.632
300.646
300.66
300.675
300.689
300.703
300.717
300.731
300.744
300.758
300.771
300.785
300.798
300.811
300.824
300.837
300.849
300.862
300.874
300.887
300.899
300.911
300.922
300.934
300.945
300.957
300.968
300.979
300.99
301
300.003
300.01
300.017
300.025
300.032
300.04
300.049
300.057
300.066
300.075
300.085
300.094
300.104
300.114
300.125
300.136
300.147
300.158
300.169
300.181
300.193
300.205
300.217
300.23
300.243
300.256
300.269
300.282
300.296
300.309
300.323
300.337
300.351
300.365
300.379
300.393
300.408
300.422
300.436
300.451
300.465
300.48
300.494
300.509
300.523
300.538
300.552
300.566
300.581
300.595
300.609
300.623
300.637
300.651
300.665
300.679
300.693
300.707
300.72
300.733
300.747
300.76
300.773
300.786
300.798
300.811
300.824
300.836
300.848
300.86
300.872
300.884
300.896
300.907
300.918
300.93
300.941
300.951
300.962
300.973
300.983
300.003
300.01
300.017
300.025
300.032
300.04
300.048
300.057
300.066
300.075
300.084
300.094
300.104
300.114
300.124
300.135
300.146
300.157
300.168
300.18
300.192
300.204
300.216
300.229
300.241
300.254
300.267
300.28
300.294
300.307
300.321
300.334
300.348
300.362
300.376
300.39
300.404
300.419
300.433
300.447
300.461
300.476
300.49
300.504
300.518
300.533
300.547
300.561
300.575
300.589
300.603
300.617
300.631
300.645
300.658
300.672
300.685
300.699
300.712
300.725
300.738
300.751
300.764
300.777
300.789
300.802
300.814
300.826
300.838
300.85
300.862
300.873
300.885
300.896
300.907
300.918
300.929
300.939
300.95
300.96
300.971
300.003
300.01
300.017
300.025
300.032
300.04
300.048
300.057
300.065
300.074
300.084
300.093
300.103
300.113
300.124
300.134
300.145
300.156
300.168
300.179
300.191
300.203
300.215
300.228
300.24
300.253
300.266
300.279
300.292
300.306
300.319
300.333
300.347
300.36
300.374
300.388
300.402
300.416
300.43
300.445
300.459
300.473
300.487
300.501
300.515
300.529
300.543
300.557
300.571
300.585
300.599
300.613
300.627
300.64
300.654
300.667
300.681
300.694
300.707
300.72
300.733
300.746
300.758
300.771
300.783
300.796
300.808
300.82
300.832
300.843
300.855
300.866
300.878
300.889
300.9
300.911
300.921
300.932
300.942
300.952
300.963
300.003
300.01
300.017
300.024
300.032
300.04
300.048
300.057
300.065
300.074
300.084
300.093
300.103
300.113
300.123
300.134
300.145
300.156
300.167
300.179
300.191
300.203
300.215
300.227
300.24
300.252
300.265
300.278
300.292
300.305
300.318
300.332
300.346
300.359
300.373
300.387
300.401
300.415
300.429
300.443
300.457
300.471
300.485
300.499
300.514
300.528
300.542
300.556
300.569
300.583
300.597
300.611
300.624
300.638
300.651
300.665
300.678
300.691
300.704
300.717
300.73
300.743
300.755
300.768
300.78
300.792
300.804
300.816
300.828
300.84
300.851
300.863
300.874
300.885
300.896
300.907
300.917
300.928
300.938
300.948
300.958
300.003
300.01
300.017
300.024
300.032
300.04
300.048
300.056
300.065
300.074
300.083
300.093
300.103
300.113
300.123
300.134
300.145
300.156
300.167
300.178
300.19
300.202
300.214
300.227
300.239
300.252
300.265
300.278
300.291
300.304
300.318
300.331
300.345
300.359
300.373
300.387
300.401
300.415
300.429
300.443
300.457
300.471
300.485
300.499
300.513
300.527
300.541
300.555
300.569
300.583
300.596
300.61
300.624
300.637
300.651
300.664
300.677
300.69
300.703
300.716
300.729
300.742
300.754
300.767
300.779
300.791
300.803
300.815
300.827
300.839
300.85
300.862
300.873
300.884
300.895
300.906
300.916
300.927
300.937
300.947
300.957
300.003
300.01
300.017
300.024
300.032
300.04
300.048
300.056
300.065
300.074
300.083
300.093
300.103
300.113
300.123
300.134
300.144
300.156
300.167
300.178
300.19
300.202
300.214
300.227
300.239
300.252
300.265
300.278
300.291
300.304
300.318
300.331
300.345
300.359
300.373
300.387
300.4
300.414
300.429
300.443
300.457
300.471
300.485
300.499
300.513
300.527
300.541
300.555
300.569
300.583
300.596
300.61
300.624
300.637
300.651
300.664
300.677
300.691
300.704
300.717
300.729
300.742
300.755
300.767
300.78
300.792
300.804
300.816
300.828
300.839
300.851
300.862
300.873
300.884
300.895
300.906
300.917
300.927
300.938
300.948
300.958
303.02
303.149
303.226
303.299
303.362
303.413
303.448
303.488
303.528
303.565
303.596
303.631
303.665
303.699
303.733
303.766
303.797
303.825
303.854
303.884
303.913
303.942
303.972
304.001
304.03
304.058
304.086
304.114
304.142
304.169
304.196
304.223
304.249
304.275
304.301
304.326
304.352
304.377
304.402
304.427
304.452
304.475
304.501
304.528
304.554
304.58
304.603
304.628
304.654
304.679
304.704
304.726
304.75
304.775
304.801
304.826
304.852
304.878
304.904
304.927
304.948
304.971
304.995
305.019
305.044
305.069
305.093
305.118
305.142
305.166
305.191
305.214
305.238
305.262
305.285
305.309
305.332
305.355
305.378
305.403
305.431
305.457
305.48
305.503
305.525
305.546
305.57
305.598
305.623
305.645
305.665
305.69
305.717
305.739
305.765
305.792
305.818
305.84
305.867
305.891
305.913
305.938
305.96
305.984
306.011
306.04
306.065
306.085
306.11
306.131
306.156
306.182
306.21
306.239
306.264
306.284
306.309
306.336
306.363
306.387
306.406
306.43
306.455
306.48
306.505
306.523
306.545
306.567
306.591
306.614
306.636
306.657
306.677
306.696
306.714
306.731
306.747
306.762
306.775
306.786
306.796
306.804
306.811
306.815
306.817
306.817
306.814
306.808
306.799
306.786
306.768
306.746
306.723
306.694
306.659
306.618
306.573
306.493
306.418
306.322
306.197
302.919
303.032
303.121
303.196
303.261
303.316
303.362
303.406
303.448
303.487
303.523
303.559
303.595
303.63
303.665
303.698
303.73
303.761
303.791
303.822
303.852
303.882
303.912
303.941
303.971
304
304.028
304.056
304.084
304.112
304.139
304.167
304.193
304.22
304.246
304.272
304.298
304.324
304.349
304.375
304.4
304.425
304.45
304.477
304.503
304.528
304.553
304.578
304.604
304.629
304.654
304.678
304.702
304.727
304.753
304.778
304.804
304.83
304.855
304.879
304.901
304.925
304.949
304.973
304.998
305.023
305.047
305.072
305.097
305.121
305.145
305.169
305.193
305.217
305.241
305.265
305.288
305.312
305.335
305.361
305.387
305.413
305.437
305.461
305.483
305.505
305.53
305.556
305.581
305.604
305.626
305.65
305.676
305.7
305.726
305.752
305.778
305.801
305.827
305.852
305.875
305.9
305.923
305.948
305.974
306.002
306.027
306.049
306.074
306.096
306.121
306.147
306.175
306.203
306.228
306.25
306.275
306.302
306.329
306.353
306.374
306.397
306.423
306.448
306.472
306.492
306.514
306.537
306.56
306.583
306.605
306.627
306.647
306.667
306.685
306.703
306.719
306.733
306.747
306.759
306.769
306.777
306.784
306.788
306.79
306.79
306.787
306.781
306.772
306.759
306.741
306.72
306.695
306.666
306.631
306.588
306.539
306.462
306.383
306.282
306.145
302.837
302.936
303.022
303.097
303.164
303.222
303.273
303.321
303.365
303.407
303.446
303.484
303.521
303.558
303.593
303.628
303.661
303.693
303.725
303.756
303.787
303.817
303.848
303.878
303.908
303.937
303.966
303.995
304.024
304.052
304.08
304.107
304.134
304.161
304.188
304.215
304.241
304.267
304.293
304.319
304.344
304.37
304.396
304.422
304.448
304.474
304.499
304.525
304.55
304.576
304.601
304.625
304.65
304.676
304.701
304.727
304.752
304.778
304.803
304.828
304.851
304.875
304.899
304.924
304.949
304.974
304.998
305.023
305.048
305.073
305.097
305.121
305.146
305.17
305.194
305.218
305.242
305.266
305.29
305.315
305.341
305.367
305.391
305.415
305.438
305.461
305.486
305.512
305.536
305.56
305.583
305.608
305.633
305.658
305.684
305.71
305.735
305.76
305.785
305.81
305.834
305.859
305.883
305.908
305.934
305.961
305.987
306.01
306.035
306.058
306.083
306.11
306.137
306.165
306.19
306.214
306.239
306.265
306.292
306.317
306.339
306.363
306.388
306.413
306.437
306.458
306.481
306.504
306.528
306.551
306.573
306.595
306.616
306.635
306.654
306.672
306.688
306.703
306.717
306.729
306.74
306.748
306.755
306.76
306.762
306.762
306.759
306.753
306.744
306.731
306.713
306.692
306.667
306.637
306.6
306.557
306.504
306.428
306.346
306.241
306.095
302.763
302.851
302.931
303.004
303.07
303.129
303.183
303.233
303.28
303.324
303.365
303.405
303.444
303.482
303.518
303.553
303.588
303.621
303.654
303.686
303.718
303.749
303.78
303.811
303.842
303.871
303.901
303.93
303.959
303.988
304.016
304.044
304.072
304.099
304.127
304.154
304.18
304.207
304.233
304.259
304.285
304.311
304.338
304.364
304.39
304.416
304.442
304.468
304.494
304.519
304.545
304.57
304.595
304.62
304.646
304.672
304.698
304.723
304.749
304.773
304.798
304.822
304.846
304.871
304.896
304.921
304.946
304.971
304.996
305.021
305.046
305.07
305.095
305.119
305.144
305.168
305.192
305.217
305.241
305.266
305.292
305.318
305.342
305.367
305.391
305.414
305.439
305.464
305.489
305.514
305.537
305.562
305.588
305.613
305.639
305.665
305.69
305.716
305.741
305.766
305.791
305.816
305.84
305.866
305.892
305.919
305.944
305.969
305.994
306.018
306.043
306.07
306.097
306.124
306.15
306.175
306.2
306.227
306.253
306.278
306.302
306.326
306.351
306.376
306.4
306.423
306.446
306.469
306.493
306.516
306.539
306.561
306.582
306.602
306.621
306.639
306.656
306.671
306.685
306.698
306.708
306.717
306.724
306.729
306.732
306.732
306.729
306.724
306.715
306.701
306.684
306.662
306.636
306.606
306.568
306.523
306.469
306.393
306.308
306.199
306.048
302.693
302.772
302.846
302.915
302.98
303.039
303.094
303.145
303.193
303.239
303.282
303.323
303.363
303.402
303.44
303.476
303.511
303.546
303.58
303.613
303.645
303.677
303.709
303.74
303.771
303.802
303.832
303.862
303.891
303.92
303.949
303.978
304.006
304.034
304.061
304.089
304.116
304.143
304.17
304.196
304.223
304.249
304.276
304.302
304.329
304.355
304.381
304.407
304.433
304.459
304.485
304.51
304.536
304.562
304.588
304.613
304.639
304.665
304.691
304.716
304.74
304.765
304.79
304.815
304.84
304.866
304.891
304.916
304.941
304.966
304.991
305.016
305.041
305.065
305.09
305.115
305.139
305.164
305.189
305.214
305.24
305.266
305.291
305.315
305.34
305.364
305.389
305.414
305.439
305.464
305.489
305.514
305.539
305.565
305.59
305.617
305.642
305.668
305.694
305.719
305.744
305.769
305.795
305.82
305.847
305.873
305.899
305.924
305.949
305.975
306
306.027
306.054
306.081
306.108
306.133
306.159
306.185
306.212
306.237
306.261
306.286
306.312
306.337
306.361
306.385
306.408
306.432
306.456
306.479
306.502
306.524
306.546
306.566
306.586
306.604
306.621
306.637
306.651
306.664
306.675
306.685
306.692
306.697
306.7
306.7
306.698
306.692
306.683
306.67
306.652
306.63
306.604
306.573
306.535
306.488
306.431
306.356
306.268
306.157
306.004
302.626
302.697
302.765
302.831
302.892
302.951
303.005
303.057
303.106
303.152
303.197
303.239
303.28
303.32
303.358
303.396
303.432
303.467
303.502
303.536
303.569
303.602
303.634
303.666
303.698
303.729
303.759
303.79
303.819
303.849
303.878
303.907
303.936
303.964
303.992
304.02
304.048
304.075
304.102
304.129
304.156
304.183
304.21
304.237
304.264
304.29
304.317
304.343
304.369
304.395
304.422
304.447
304.473
304.499
304.525
304.551
304.577
304.603
304.629
304.654
304.68
304.705
304.73
304.755
304.781
304.806
304.832
304.857
304.882
304.908
304.933
304.958
304.983
305.008
305.033
305.058
305.083
305.108
305.133
305.159
305.185
305.21
305.236
305.261
305.285
305.31
305.335
305.361
305.386
305.411
305.436
305.462
305.487
305.513
305.539
305.565
305.592
305.617
305.643
305.669
305.695
305.72
305.746
305.772
305.798
305.825
305.851
305.877
305.903
305.928
305.954
305.981
306.008
306.036
306.062
306.088
306.115
306.141
306.168
306.194
306.219
306.244
306.269
306.295
306.32
306.344
306.368
306.392
306.416
306.44
306.463
306.486
306.507
306.528
306.548
306.567
306.584
306.601
306.615
306.629
306.64
306.65
306.657
306.663
306.666
306.666
306.664
306.659
306.65
306.636
306.619
306.597
306.57
306.538
306.499
306.452
306.393
306.318
306.228
306.114
305.961
302.559
302.624
302.688
302.749
302.808
302.864
302.918
302.969
303.018
303.065
303.11
303.153
303.195
303.235
303.274
303.312
303.349
303.385
303.421
303.455
303.489
303.523
303.556
303.588
303.62
303.652
303.683
303.714
303.744
303.774
303.804
303.833
303.862
303.891
303.919
303.948
303.976
304.004
304.031
304.059
304.086
304.113
304.141
304.168
304.195
304.221
304.248
304.275
304.302
304.328
304.354
304.381
304.407
304.433
304.459
304.486
304.512
304.538
304.564
304.59
304.615
304.641
304.666
304.692
304.718
304.743
304.769
304.795
304.82
304.846
304.871
304.897
304.922
304.947
304.973
304.998
305.023
305.049
305.074
305.1
305.126
305.151
305.177
305.202
305.228
305.253
305.278
305.304
305.33
305.355
305.381
305.406
305.432
305.458
305.485
305.511
305.537
305.564
305.59
305.616
305.642
305.668
305.694
305.72
305.747
305.774
305.8
305.826
305.853
305.879
305.905
305.932
305.96
305.987
306.014
306.041
306.067
306.094
306.121
306.147
306.173
306.199
306.225
306.25
306.276
306.3
306.325
306.349
306.374
306.398
306.422
306.444
306.467
306.488
306.508
306.527
306.545
306.562
306.577
306.591
306.603
306.613
306.621
306.627
306.63
306.631
306.629
306.623
306.614
306.601
306.584
306.562
306.535
306.502
306.462
306.413
306.353
306.277
306.186
306.071
305.92
302.494
302.554
302.612
302.67
302.726
302.78
302.832
302.882
302.931
302.977
303.022
303.066
303.108
303.148
303.188
303.226
303.264
303.301
303.337
303.372
303.406
303.44
303.474
303.507
303.539
303.571
303.603
303.634
303.665
303.695
303.725
303.755
303.785
303.814
303.843
303.872
303.9
303.928
303.956
303.984
304.012
304.04
304.067
304.094
304.122
304.149
304.176
304.203
304.23
304.257
304.283
304.31
304.337
304.363
304.39
304.416
304.442
304.469
304.495
304.521
304.547
304.573
304.599
304.625
304.651
304.677
304.703
304.728
304.754
304.78
304.806
304.832
304.857
304.883
304.909
304.934
304.96
304.986
305.011
305.037
305.063
305.089
305.115
305.141
305.166
305.192
305.218
305.244
305.27
305.296
305.321
305.348
305.374
305.4
305.427
305.453
305.48
305.506
305.533
305.559
305.586
305.612
305.639
305.665
305.692
305.719
305.746
305.773
305.799
305.826
305.853
305.881
305.908
305.936
305.963
305.99
306.017
306.044
306.071
306.098
306.124
306.151
306.177
306.203
306.229
306.254
306.279
306.304
306.329
306.353
306.377
306.401
306.423
306.445
306.466
306.485
306.504
306.521
306.537
306.551
306.563
306.573
306.582
306.588
306.592
306.593
306.591
306.586
306.577
306.564
306.546
306.524
306.497
306.464
306.423
306.373
306.312
306.236
306.143
306.028
305.88
302.429
302.484
302.539
302.593
302.646
302.697
302.747
302.796
302.843
302.889
302.934
302.977
303.019
303.06
303.1
303.139
303.177
303.214
303.25
303.286
303.321
303.355
303.389
303.422
303.455
303.487
303.519
303.551
303.582
303.613
303.643
303.674
303.704
303.733
303.762
303.792
303.82
303.849
303.878
303.906
303.934
303.962
303.99
304.017
304.045
304.073
304.1
304.127
304.154
304.181
304.208
304.235
304.262
304.289
304.316
304.343
304.369
304.396
304.422
304.449
304.475
304.501
304.527
304.554
304.58
304.606
304.632
304.658
304.685
304.711
304.737
304.763
304.789
304.815
304.841
304.867
304.893
304.919
304.945
304.971
304.997
305.023
305.049
305.076
305.102
305.128
305.154
305.18
305.206
305.232
305.259
305.285
305.312
305.338
305.365
305.392
305.419
305.446
305.473
305.499
305.526
305.553
305.58
305.607
305.634
305.662
305.689
305.716
305.743
305.77
305.798
305.825
305.853
305.881
305.909
305.936
305.964
305.991
306.019
306.046
306.073
306.099
306.126
306.153
306.179
306.205
306.23
306.256
306.281
306.306
306.33
306.354
306.377
306.399
306.421
306.441
306.46
306.477
306.493
306.508
306.521
306.532
306.541
306.547
306.551
306.553
306.551
306.546
306.537
306.525
306.507
306.485
306.457
306.423
306.382
306.331
306.269
306.193
306.1
305.985
305.841
302.364
302.415
302.466
302.517
302.567
302.616
302.664
302.711
302.757
302.802
302.845
302.888
302.93
302.97
303.01
303.049
303.087
303.124
303.161
303.197
303.232
303.267
303.301
303.334
303.368
303.4
303.433
303.464
303.496
303.527
303.558
303.589
303.619
303.649
303.678
303.708
303.737
303.766
303.795
303.824
303.852
303.88
303.908
303.936
303.964
303.992
304.02
304.047
304.075
304.102
304.13
304.157
304.184
304.211
304.238
304.265
304.292
304.319
304.346
304.372
304.399
304.426
304.452
304.479
304.505
304.532
304.558
304.584
304.611
304.637
304.664
304.69
304.716
304.743
304.769
304.795
304.821
304.848
304.874
304.901
304.927
304.954
304.98
305.007
305.033
305.059
305.086
305.112
305.139
305.166
305.192
305.219
305.246
305.273
305.3
305.327
305.354
305.382
305.409
305.436
305.463
305.49
305.518
305.545
305.573
305.6
305.628
305.656
305.683
305.711
305.739
305.767
305.795
305.823
305.851
305.879
305.907
305.935
305.963
305.99
306.018
306.045
306.072
306.099
306.126
306.152
306.179
306.205
306.23
306.256
306.28
306.305
306.328
306.351
306.373
306.393
306.413
306.431
306.448
306.463
306.476
306.487
306.497
306.504
306.508
306.51
306.509
306.504
306.496
306.483
306.466
306.444
306.416
306.381
306.339
306.288
306.226
306.149
306.056
305.942
305.803
302.299
302.347
302.394
302.442
302.489
302.535
302.581
302.626
302.671
302.714
302.757
302.799
302.84
302.88
302.919
302.958
302.996
303.033
303.07
303.105
303.141
303.176
303.21
303.244
303.277
303.31
303.343
303.375
303.407
303.438
303.469
303.5
303.531
303.561
303.591
303.621
303.65
303.68
303.709
303.738
303.766
303.795
303.823
303.852
303.88
303.908
303.936
303.964
303.992
304.019
304.047
304.074
304.102
304.129
304.157
304.184
304.211
304.238
304.265
304.292
304.319
304.346
304.373
304.4
304.426
304.453
304.48
304.507
304.533
304.56
304.587
304.613
304.64
304.667
304.693
304.72
304.746
304.773
304.8
304.827
304.853
304.88
304.907
304.934
304.961
304.987
305.014
305.041
305.068
305.095
305.122
305.149
305.176
305.204
305.231
305.259
305.286
305.314
305.341
305.369
305.397
305.424
305.452
305.48
305.508
305.536
305.564
305.592
305.62
305.648
305.676
305.705
305.733
305.762
305.79
305.819
305.847
305.875
305.904
305.932
305.96
305.987
306.015
306.043
306.07
306.097
306.124
306.15
306.176
306.202
306.227
306.252
306.276
306.299
306.322
306.343
306.363
306.382
306.399
306.415
306.429
306.441
306.45
306.458
306.463
306.465
306.464
306.46
306.452
306.439
306.422
306.4
306.372
306.337
306.295
306.243
306.18
306.104
306.012
305.9
305.766
302.234
302.279
302.323
302.368
302.412
302.456
302.5
302.543
302.585
302.627
302.669
302.709
302.749
302.789
302.828
302.866
302.903
302.94
302.977
303.012
303.048
303.083
303.117
303.151
303.184
303.217
303.25
303.282
303.314
303.346
303.377
303.408
303.439
303.47
303.5
303.53
303.56
303.589
303.619
303.648
303.677
303.706
303.735
303.763
303.792
303.82
303.848
303.876
303.904
303.932
303.96
303.988
304.016
304.043
304.071
304.098
304.126
304.153
304.181
304.208
304.235
304.262
304.289
304.317
304.344
304.371
304.398
304.425
304.452
304.479
304.506
304.533
304.56
304.587
304.613
304.64
304.667
304.694
304.721
304.749
304.776
304.803
304.83
304.857
304.884
304.911
304.939
304.966
304.993
305.02
305.048
305.075
305.103
305.131
305.158
305.186
305.214
305.242
305.27
305.298
305.326
305.354
305.382
305.411
305.439
305.467
305.496
305.524
305.553
305.581
305.61
305.639
305.668
305.697
305.726
305.755
305.783
305.812
305.841
305.87
305.898
305.926
305.955
305.983
306.011
306.038
306.065
306.092
306.119
306.146
306.171
306.197
306.221
306.245
306.268
306.29
306.31
306.33
306.348
306.364
306.378
306.391
306.401
306.41
306.415
306.418
306.417
306.413
306.406
306.393
306.377
306.354
306.326
306.292
306.249
306.197
306.134
306.058
305.967
305.858
305.729
302.169
302.211
302.252
302.294
302.336
302.377
302.419
302.46
302.501
302.541
302.581
302.62
302.659
302.698
302.736
302.773
302.81
302.846
302.882
302.918
302.953
302.988
303.022
303.056
303.089
303.122
303.155
303.187
303.219
303.251
303.283
303.314
303.345
303.375
303.406
303.436
303.466
303.496
303.525
303.555
303.584
303.613
303.642
303.671
303.7
303.728
303.757
303.785
303.814
303.842
303.87
303.898
303.926
303.954
303.982
304.009
304.037
304.065
304.092
304.12
304.147
304.175
304.202
304.23
304.257
304.284
304.312
304.339
304.366
304.394
304.421
304.448
304.475
304.503
304.53
304.557
304.584
304.612
304.639
304.667
304.694
304.721
304.749
304.776
304.804
304.831
304.859
304.887
304.914
304.942
304.97
304.998
305.026
305.054
305.082
305.11
305.138
305.167
305.195
305.223
305.252
305.28
305.309
305.338
305.367
305.395
305.424
305.453
305.482
305.511
305.54
305.57
305.599
305.628
305.658
305.687
305.716
305.746
305.775
305.804
305.833
305.862
305.891
305.919
305.948
305.976
306.004
306.031
306.059
306.086
306.112
306.138
306.163
306.187
306.211
306.233
306.255
306.275
306.293
306.31
306.325
306.339
306.35
306.358
306.364
306.368
306.368
306.364
306.357
306.345
306.329
306.307
306.279
306.244
306.201
306.15
306.087
306.012
305.922
305.816
305.693
302.104
302.143
302.182
302.221
302.26
302.3
302.339
302.378
302.417
302.455
302.493
302.531
302.569
302.606
302.643
302.68
302.716
302.752
302.787
302.822
302.857
302.891
302.925
302.959
302.992
303.025
303.058
303.09
303.122
303.154
303.185
303.216
303.247
303.278
303.309
303.339
303.369
303.399
303.429
303.459
303.488
303.517
303.547
303.576
303.604
303.633
303.662
303.691
303.719
303.747
303.776
303.804
303.832
303.86
303.888
303.916
303.944
303.972
304
304.028
304.056
304.083
304.111
304.139
304.166
304.194
304.222
304.249
304.277
304.304
304.332
304.36
304.387
304.415
304.442
304.47
304.498
304.525
304.553
304.581
304.608
304.636
304.664
304.692
304.72
304.748
304.776
304.804
304.832
304.86
304.888
304.916
304.945
304.973
305.002
305.03
305.059
305.088
305.116
305.145
305.174
305.203
305.232
305.261
305.29
305.32
305.349
305.378
305.408
305.437
305.467
305.497
305.526
305.556
305.586
305.616
305.646
305.676
305.705
305.735
305.765
305.794
305.823
305.852
305.881
305.91
305.939
305.967
305.995
306.022
306.049
306.076
306.102
306.127
306.151
306.174
306.196
306.216
306.236
306.253
306.269
306.283
306.295
306.304
306.311
306.315
306.316
306.313
306.306
306.294
306.278
306.257
306.229
306.195
306.152
306.101
306.039
305.965
305.877
305.775
305.657
302.039
302.076
302.112
302.149
302.186
302.223
302.26
302.296
302.333
302.37
302.407
302.443
302.48
302.516
302.551
302.587
302.622
302.657
302.692
302.726
302.76
302.794
302.827
302.861
302.893
302.926
302.959
302.991
303.023
303.054
303.086
303.117
303.148
303.179
303.209
303.239
303.27
303.3
303.33
303.359
303.389
303.418
303.448
303.477
303.506
303.535
303.564
303.592
303.621
303.65
303.678
303.707
303.735
303.763
303.792
303.82
303.848
303.876
303.904
303.932
303.96
303.988
304.016
304.044
304.072
304.1
304.128
304.156
304.184
304.212
304.239
304.267
304.295
304.323
304.351
304.379
304.407
304.435
304.463
304.491
304.519
304.547
304.575
304.603
304.632
304.66
304.688
304.717
304.745
304.774
304.802
304.831
304.86
304.889
304.917
304.946
304.975
305.005
305.034
305.063
305.092
305.122
305.151
305.181
305.21
305.24
305.27
305.3
305.33
305.36
305.39
305.42
305.45
305.48
305.511
305.541
305.571
305.602
305.632
305.662
305.692
305.722
305.752
305.782
305.812
305.841
305.87
305.899
305.927
305.956
305.983
306.01
306.037
306.062
306.087
306.111
306.134
306.155
306.175
306.193
306.21
306.225
306.237
306.247
306.255
306.259
306.261
306.258
306.252
306.241
306.226
306.205
306.178
306.143
306.102
306.051
305.99
305.917
305.832
305.733
305.621
301.975
302.008
302.043
302.077
302.112
302.146
302.181
302.216
302.251
302.286
302.321
302.356
302.391
302.425
302.46
302.494
302.528
302.562
302.596
302.629
302.663
302.696
302.729
302.761
302.794
302.826
302.858
302.89
302.922
302.953
302.984
303.015
303.046
303.077
303.107
303.138
303.168
303.198
303.228
303.257
303.287
303.316
303.346
303.375
303.404
303.433
303.462
303.491
303.52
303.549
303.577
303.606
303.635
303.663
303.692
303.72
303.748
303.777
303.805
303.833
303.861
303.89
303.918
303.946
303.974
304.002
304.031
304.059
304.087
304.115
304.143
304.171
304.199
304.228
304.256
304.284
304.312
304.341
304.369
304.397
304.426
304.454
304.483
304.511
304.54
304.569
304.597
304.626
304.655
304.684
304.713
304.742
304.771
304.8
304.829
304.859
304.888
304.918
304.947
304.977
305.007
305.037
305.067
305.097
305.127
305.157
305.187
305.218
305.248
305.278
305.309
305.34
305.37
305.401
305.432
305.463
305.494
305.524
305.555
305.586
305.617
305.647
305.678
305.708
305.738
305.768
305.798
305.827
305.857
305.885
305.914
305.941
305.968
305.995
306.02
306.045
306.068
306.09
306.111
306.13
306.148
306.163
306.176
306.187
306.196
306.201
306.203
306.201
306.196
306.186
306.171
306.15
306.124
306.09
306.049
305.999
305.94
305.869
305.787
305.692
305.585
301.91
301.942
301.973
302.006
302.038
302.071
302.104
302.137
302.17
302.203
302.236
302.269
302.302
302.336
302.369
302.402
302.435
302.468
302.5
302.533
302.565
302.598
302.63
302.662
302.694
302.725
302.757
302.788
302.819
302.85
302.881
302.912
302.943
302.973
303.003
303.034
303.064
303.094
303.123
303.153
303.183
303.212
303.242
303.271
303.3
303.329
303.358
303.387
303.416
303.445
303.474
303.502
303.531
303.56
303.588
303.617
303.645
303.674
303.702
303.731
303.759
303.788
303.816
303.844
303.873
303.901
303.93
303.958
303.986
304.015
304.043
304.072
304.1
304.129
304.157
304.186
304.214
304.243
304.272
304.3
304.329
304.358
304.387
304.416
304.444
304.474
304.503
304.532
304.561
304.59
304.62
304.649
304.679
304.708
304.738
304.768
304.798
304.827
304.858
304.888
304.918
304.948
304.979
305.009
305.04
305.07
305.101
305.132
305.163
305.194
305.225
305.256
305.287
305.318
305.349
305.381
305.412
305.444
305.475
305.506
305.537
305.569
305.6
305.631
305.661
305.692
305.722
305.752
305.782
305.811
305.84
305.869
305.897
305.924
305.95
305.975
305.999
306.022
306.044
306.064
306.082
306.098
306.112
306.124
306.133
306.139
306.142
306.142
306.137
306.128
306.113
306.094
306.068
306.036
305.995
305.947
305.889
305.82
305.741
305.651
305.549
301.845
301.875
301.905
301.935
301.966
301.996
302.027
302.058
302.089
302.121
302.152
302.184
302.215
302.247
302.279
302.31
302.342
302.374
302.405
302.437
302.468
302.5
302.531
302.562
302.593
302.624
302.655
302.686
302.717
302.747
302.778
302.808
302.838
302.868
302.898
302.928
302.958
302.988
303.017
303.047
303.076
303.106
303.135
303.164
303.194
303.223
303.252
303.281
303.31
303.339
303.367
303.396
303.425
303.454
303.482
303.511
303.54
303.568
303.597
303.625
303.654
303.683
303.711
303.74
303.768
303.797
303.826
303.854
303.883
303.911
303.94
303.969
303.998
304.026
304.055
304.084
304.113
304.142
304.171
304.2
304.229
304.258
304.287
304.316
304.346
304.375
304.404
304.434
304.463
304.493
304.523
304.553
304.583
304.613
304.643
304.673
304.703
304.734
304.764
304.795
304.825
304.856
304.887
304.918
304.949
304.98
305.011
305.042
305.074
305.105
305.137
305.168
305.2
305.232
305.264
305.295
305.327
305.359
305.391
305.423
305.455
305.486
305.518
305.55
305.581
305.612
305.643
305.674
305.704
305.734
305.764
305.793
305.821
305.849
305.876
305.902
305.927
305.95
305.973
305.994
306.013
306.03
306.045
306.058
306.068
306.075
306.079
306.079
306.075
306.067
306.054
306.035
306.01
305.979
305.94
305.893
305.837
305.771
305.695
305.609
305.513
301.781
301.809
301.837
301.865
301.894
301.923
301.952
301.981
302.01
302.04
302.07
302.1
302.13
302.16
302.19
302.22
302.251
302.281
302.311
302.342
302.372
302.402
302.433
302.463
302.493
302.523
302.554
302.584
302.614
302.644
302.674
302.703
302.733
302.763
302.792
302.822
302.851
302.881
302.91
302.94
302.969
302.998
303.027
303.056
303.085
303.114
303.143
303.172
303.201
303.23
303.259
303.288
303.316
303.345
303.374
303.403
303.431
303.46
303.489
303.517
303.546
303.575
303.604
303.632
303.661
303.69
303.719
303.747
303.776
303.805
303.834
303.863
303.892
303.921
303.95
303.979
304.008
304.037
304.067
304.096
304.125
304.155
304.184
304.214
304.243
304.273
304.303
304.333
304.363
304.393
304.423
304.453
304.483
304.514
304.544
304.575
304.606
304.636
304.667
304.698
304.729
304.76
304.792
304.823
304.855
304.886
304.918
304.95
304.981
305.013
305.045
305.077
305.11
305.142
305.174
305.206
305.239
305.271
305.304
305.336
305.368
305.401
305.433
305.465
305.497
305.529
305.56
305.592
305.623
305.653
305.684
305.713
305.742
305.771
305.798
305.825
305.851
305.875
305.898
305.92
305.94
305.958
305.974
305.988
305.999
306.007
306.012
306.013
306.01
306.003
305.991
305.974
305.95
305.92
305.883
305.838
305.784
305.722
305.649
305.567
305.477
301.718
301.744
301.77
301.797
301.823
301.85
301.878
301.905
301.933
301.961
301.989
302.017
302.046
302.074
302.103
302.132
302.161
302.19
302.219
302.248
302.277
302.306
302.335
302.365
302.394
302.423
302.453
302.482
302.511
302.54
302.57
302.599
302.628
302.657
302.686
302.715
302.744
302.773
302.802
302.831
302.86
302.889
302.918
302.947
302.976
303.005
303.033
303.062
303.091
303.12
303.149
303.177
303.206
303.235
303.263
303.292
303.321
303.35
303.378
303.407
303.436
303.465
303.494
303.522
303.551
303.58
303.609
303.638
303.667
303.696
303.725
303.754
303.784
303.813
303.842
303.871
303.901
303.93
303.96
303.989
304.019
304.049
304.078
304.108
304.138
304.168
304.198
304.229
304.259
304.289
304.32
304.35
304.381
304.412
304.443
304.474
304.505
304.536
304.567
304.599
304.63
304.662
304.694
304.725
304.757
304.789
304.821
304.854
304.886
304.918
304.951
304.983
305.016
305.049
305.082
305.114
305.147
305.18
305.213
305.246
305.279
305.312
305.344
305.377
305.41
305.442
305.474
305.506
305.538
305.569
305.6
305.63
305.66
305.689
305.718
305.745
305.771
305.797
305.821
305.843
305.864
305.883
305.9
305.915
305.927
305.936
305.942
305.944
305.943
305.937
305.926
305.91
305.888
305.86
305.825
305.782
305.731
305.671
305.602
305.525
305.439
301.655
301.68
301.704
301.729
301.754
301.779
301.805
301.831
301.857
301.883
301.909
301.936
301.963
301.99
302.017
302.045
302.072
302.1
302.128
302.156
302.183
302.212
302.24
302.268
302.296
302.324
302.353
302.381
302.409
302.438
302.466
302.495
302.523
302.552
302.58
302.609
302.637
302.666
302.694
302.723
302.752
302.78
302.809
302.837
302.866
302.894
302.923
302.951
302.98
303.009
303.037
303.066
303.094
303.123
303.152
303.18
303.209
303.238
303.267
303.295
303.324
303.353
303.382
303.411
303.44
303.469
303.498
303.527
303.556
303.585
303.614
303.644
303.673
303.702
303.732
303.761
303.791
303.821
303.85
303.88
303.91
303.94
303.97
304
304.031
304.061
304.091
304.122
304.152
304.183
304.214
304.245
304.276
304.307
304.338
304.37
304.401
304.433
304.465
304.496
304.528
304.56
304.592
304.625
304.657
304.689
304.722
304.755
304.787
304.82
304.853
304.886
304.919
304.953
304.986
305.019
305.053
305.086
305.119
305.153
305.186
305.22
305.253
305.286
305.319
305.352
305.385
305.417
305.45
305.482
305.513
305.544
305.574
305.604
305.633
305.661
305.689
305.715
305.74
305.763
305.785
305.805
305.823
305.838
305.851
305.862
305.869
305.872
305.872
305.868
305.858
305.844
305.824
305.797
305.764
305.724
305.676
305.619
305.555
305.482
305.401
301.594
301.616
301.639
301.662
301.686
301.71
301.734
301.758
301.782
301.807
301.832
301.857
301.883
301.908
301.934
301.96
301.986
302.012
302.039
302.065
302.092
302.119
302.146
302.173
302.2
302.227
302.254
302.282
302.309
302.337
302.364
302.392
302.42
302.448
302.475
302.503
302.531
302.559
302.587
302.615
302.643
302.671
302.699
302.727
302.756
302.784
302.812
302.84
302.869
302.897
302.925
302.954
302.982
303.011
303.039
303.068
303.096
303.125
303.154
303.182
303.211
303.24
303.269
303.298
303.327
303.356
303.385
303.414
303.443
303.472
303.502
303.531
303.561
303.59
303.62
303.65
303.679
303.709
303.739
303.769
303.799
303.83
303.86
303.89
303.921
303.951
303.982
304.013
304.044
304.075
304.106
304.137
304.169
304.2
304.232
304.263
304.295
304.327
304.359
304.392
304.424
304.456
304.489
304.522
304.554
304.587
304.62
304.653
304.686
304.72
304.753
304.787
304.82
304.854
304.888
304.921
304.955
304.989
305.023
305.057
305.091
305.125
305.158
305.192
305.226
305.259
305.293
305.326
305.358
305.391
305.423
305.455
305.486
305.516
305.546
305.575
305.603
305.629
305.655
305.679
305.702
305.723
305.742
305.758
305.772
305.784
305.792
305.797
305.798
305.795
305.788
305.775
305.757
305.732
305.702
305.664
305.619
305.566
305.506
305.438
305.362
301.533
301.554
301.576
301.598
301.619
301.642
301.664
301.687
301.71
301.733
301.757
301.78
301.804
301.828
301.853
301.877
301.902
301.927
301.952
301.977
302.003
302.028
302.054
302.08
302.106
302.132
302.158
302.185
302.211
302.238
302.264
302.291
302.318
302.345
302.372
302.399
302.426
302.454
302.481
302.508
302.536
302.563
302.591
302.619
302.646
302.674
302.702
302.73
302.758
302.786
302.814
302.842
302.87
302.898
302.927
302.955
302.983
303.012
303.04
303.069
303.098
303.126
303.155
303.184
303.213
303.242
303.271
303.3
303.329
303.359
303.388
303.418
303.447
303.477
303.507
303.537
303.566
303.597
303.627
303.657
303.687
303.718
303.748
303.779
303.81
303.84
303.871
303.902
303.934
303.965
303.996
304.028
304.06
304.091
304.123
304.155
304.188
304.22
304.252
304.285
304.317
304.35
304.383
304.416
304.449
304.483
304.516
304.55
304.583
304.617
304.651
304.685
304.719
304.753
304.787
304.821
304.855
304.89
304.924
304.958
304.993
305.027
305.061
305.096
305.13
305.164
305.197
305.231
305.264
305.297
305.33
305.362
305.394
305.425
305.455
305.485
305.513
305.541
305.567
305.592
305.616
305.637
305.657
305.675
305.69
305.703
305.712
305.719
305.721
305.72
305.714
305.703
305.687
305.665
305.637
305.602
305.561
305.512
305.456
305.392
305.322
301.474
301.494
301.514
301.534
301.555
301.576
301.597
301.618
301.64
301.662
301.684
301.706
301.728
301.751
301.774
301.797
301.821
301.844
301.868
301.892
301.916
301.941
301.965
301.99
302.015
302.04
302.065
302.09
302.116
302.141
302.167
302.193
302.219
302.245
302.271
302.297
302.324
302.35
302.377
302.404
302.43
302.457
302.484
302.511
302.538
302.566
302.593
302.62
302.648
302.675
302.703
302.731
302.759
302.787
302.815
302.843
302.871
302.899
302.927
302.956
302.984
303.013
303.042
303.07
303.099
303.128
303.157
303.186
303.216
303.245
303.274
303.304
303.334
303.363
303.393
303.423
303.453
303.483
303.513
303.544
303.574
303.605
303.636
303.666
303.697
303.728
303.76
303.791
303.822
303.854
303.886
303.917
303.949
303.981
304.014
304.046
304.078
304.111
304.144
304.177
304.21
304.243
304.276
304.31
304.343
304.377
304.41
304.444
304.478
304.512
304.547
304.581
304.615
304.65
304.684
304.719
304.754
304.788
304.823
304.858
304.893
304.927
304.962
304.997
305.031
305.066
305.1
305.134
305.168
305.201
305.234
305.267
305.299
305.331
305.361
305.392
305.421
305.449
305.476
305.502
305.526
305.549
305.57
305.588
305.605
305.618
305.629
305.637
305.641
305.641
305.637
305.628
305.614
305.595
305.57
305.538
305.5
305.455
305.404
305.345
305.28
301.417
301.436
301.454
301.473
301.493
301.512
301.532
301.552
301.572
301.593
301.613
301.634
301.655
301.677
301.699
301.72
301.743
301.765
301.787
301.81
301.833
301.856
301.88
301.903
301.927
301.951
301.975
301.999
302.023
302.048
302.073
302.097
302.122
302.148
302.173
302.198
302.224
302.25
302.275
302.301
302.327
302.354
302.38
302.406
302.433
302.46
302.486
302.513
302.54
302.567
302.594
302.622
302.649
302.677
302.704
302.732
302.76
302.788
302.816
302.844
302.872
302.901
302.929
302.958
302.987
303.015
303.044
303.073
303.103
303.132
303.161
303.191
303.22
303.25
303.28
303.31
303.34
303.37
303.4
303.431
303.462
303.492
303.523
303.554
303.585
303.616
303.648
303.679
303.711
303.743
303.775
303.807
303.839
303.871
303.904
303.936
303.969
304.002
304.035
304.068
304.101
304.135
304.168
304.202
304.236
304.27
304.304
304.338
304.372
304.407
304.441
304.476
304.511
304.546
304.58
304.615
304.65
304.685
304.721
304.756
304.791
304.826
304.861
304.896
304.931
304.966
305
305.035
305.069
305.103
305.136
305.169
305.202
305.234
305.265
305.296
305.326
305.355
305.382
305.409
305.434
305.457
305.479
305.498
305.516
305.531
305.543
305.552
305.557
305.559
305.557
305.55
305.539
305.522
305.5
305.472
305.437
305.396
305.349
305.295
305.235
301.362
301.379
301.397
301.415
301.433
301.451
301.469
301.488
301.507
301.526
301.546
301.566
301.586
301.606
301.626
301.647
301.668
301.689
301.71
301.732
301.753
301.775
301.798
301.82
301.842
301.865
301.888
301.911
301.935
301.958
301.982
302.006
302.03
302.054
302.078
302.103
302.127
302.152
302.177
302.202
302.228
302.253
302.279
302.305
302.33
302.356
302.383
302.409
302.435
302.462
302.489
302.515
302.542
302.569
302.597
302.624
302.651
302.679
302.707
302.735
302.763
302.791
302.819
302.847
302.876
302.904
302.933
302.962
302.991
303.02
303.049
303.079
303.108
303.138
303.168
303.198
303.228
303.258
303.289
303.319
303.35
303.38
303.411
303.442
303.474
303.505
303.536
303.568
303.6
303.632
303.664
303.696
303.728
303.761
303.794
303.826
303.859
303.893
303.926
303.959
303.993
304.026
304.06
304.094
304.128
304.163
304.197
304.231
304.266
304.301
304.336
304.37
304.405
304.441
304.476
304.511
304.546
304.582
304.617
304.652
304.688
304.723
304.759
304.794
304.829
304.864
304.899
304.934
304.968
305.002
305.036
305.07
305.103
305.135
305.167
305.198
305.228
305.258
305.286
305.313
305.338
305.363
305.385
305.406
305.424
305.44
305.453
305.464
305.471
305.474
305.474
305.469
305.46
305.446
305.427
305.402
305.371
305.335
305.292
305.243
305.188
301.309
301.325
301.342
301.359
301.375
301.393
301.41
301.428
301.445
301.464
301.482
301.5
301.519
301.538
301.557
301.577
301.597
301.617
301.637
301.657
301.678
301.699
301.72
301.741
301.762
301.784
301.806
301.828
301.85
301.873
301.895
301.918
301.941
301.964
301.988
302.012
302.035
302.059
302.083
302.108
302.132
302.157
302.182
302.207
302.232
302.257
302.283
302.308
302.334
302.36
302.386
302.412
302.439
302.465
302.492
302.519
302.546
302.573
302.601
302.628
302.656
302.684
302.711
302.74
302.768
302.796
302.825
302.853
302.882
302.911
302.94
302.97
302.999
303.029
303.058
303.088
303.118
303.148
303.179
303.209
303.24
303.271
303.302
303.333
303.364
303.395
303.427
303.459
303.49
303.523
303.555
303.587
303.62
303.652
303.685
303.718
303.751
303.784
303.818
303.851
303.885
303.919
303.953
303.987
304.021
304.056
304.091
304.125
304.16
304.195
304.23
304.265
304.3
304.336
304.371
304.407
304.442
304.478
304.513
304.549
304.585
304.62
304.656
304.691
304.727
304.762
304.797
304.832
304.867
304.901
304.935
304.969
305.002
305.035
305.067
305.098
305.129
305.158
305.187
305.215
305.241
305.266
305.289
305.31
305.329
305.346
305.361
305.372
305.381
305.386
305.388
305.385
305.378
305.367
305.351
305.329
305.302
305.27
305.231
305.187
305.138
301.259
301.274
301.29
301.305
301.321
301.337
301.354
301.37
301.387
301.404
301.421
301.439
301.457
301.474
301.493
301.511
301.53
301.549
301.568
301.587
301.606
301.626
301.646
301.666
301.687
301.707
301.728
301.749
301.77
301.792
301.814
301.836
301.858
301.88
301.902
301.925
301.948
301.971
301.994
302.018
302.042
302.065
302.089
302.114
302.138
302.163
302.188
302.212
302.238
302.263
302.288
302.314
302.34
302.366
302.392
302.419
302.445
302.472
302.499
302.526
302.553
302.58
302.608
302.636
302.664
302.692
302.72
302.748
302.777
302.806
302.835
302.864
302.893
302.922
302.952
302.982
303.012
303.042
303.072
303.102
303.133
303.164
303.195
303.226
303.257
303.288
303.32
303.352
303.384
303.416
303.448
303.48
303.513
303.546
303.579
303.612
303.645
303.678
303.712
303.746
303.779
303.813
303.848
303.882
303.916
303.951
303.986
304.02
304.055
304.091
304.126
304.161
304.196
304.232
304.267
304.303
304.339
304.374
304.41
304.446
304.481
304.517
304.553
304.588
304.624
304.659
304.695
304.73
304.764
304.799
304.833
304.867
304.9
304.933
304.965
304.997
305.028
305.058
305.087
305.114
305.141
305.166
305.19
305.212
305.232
305.25
305.265
305.278
305.288
305.295
305.298
305.298
305.293
305.285
305.271
305.253
305.23
305.201
305.168
305.128
305.084
301.212
301.226
301.241
301.256
301.271
301.286
301.301
301.317
301.333
301.349
301.365
301.381
301.398
301.415
301.432
301.45
301.467
301.485
301.503
301.521
301.54
301.559
301.578
301.597
301.616
301.636
301.656
301.676
301.696
301.717
301.737
301.758
301.779
301.801
301.822
301.844
301.866
301.889
301.911
301.934
301.956
301.98
302.003
302.026
302.05
302.074
302.098
302.122
302.147
302.171
302.196
302.221
302.246
302.272
302.298
302.323
302.349
302.376
302.402
302.429
302.455
302.482
302.51
302.537
302.564
302.592
302.62
302.648
302.676
302.705
302.734
302.762
302.791
302.821
302.85
302.88
302.909
302.939
302.969
303
303.03
303.061
303.092
303.123
303.154
303.185
303.217
303.249
303.281
303.313
303.345
303.377
303.41
303.443
303.476
303.509
303.542
303.575
303.609
303.643
303.677
303.711
303.745
303.779
303.814
303.848
303.883
303.918
303.953
303.988
304.024
304.059
304.094
304.13
304.165
304.201
304.237
304.272
304.308
304.344
304.38
304.415
304.451
304.487
304.522
304.557
304.593
304.628
304.662
304.697
304.731
304.765
304.798
304.831
304.863
304.895
304.926
304.956
304.985
305.013
305.04
305.065
305.089
305.112
305.132
305.151
305.167
305.181
305.192
305.201
305.206
305.207
305.205
305.199
305.188
305.173
305.154
305.129
305.1
305.065
305.026
301.168
301.182
301.196
301.209
301.224
301.238
301.252
301.267
301.282
301.297
301.313
301.328
301.344
301.36
301.376
301.393
301.41
301.427
301.444
301.461
301.479
301.496
301.514
301.533
301.551
301.57
301.589
301.608
301.627
301.647
301.667
301.687
301.707
301.728
301.749
301.77
301.791
301.812
301.834
301.856
301.878
301.9
301.922
301.945
301.968
301.991
302.015
302.038
302.062
302.086
302.11
302.135
302.159
302.184
302.209
302.234
302.26
302.286
302.312
302.338
302.364
302.391
302.417
302.444
302.471
302.499
302.526
302.554
302.582
302.61
302.638
302.667
302.696
302.725
302.754
302.783
302.813
302.842
302.872
302.902
302.933
302.963
302.994
303.025
303.056
303.087
303.119
303.15
303.182
303.214
303.246
303.279
303.311
303.344
303.377
303.41
303.443
303.477
303.51
303.544
303.578
303.612
303.646
303.681
303.715
303.75
303.784
303.819
303.854
303.889
303.925
303.96
303.995
304.031
304.066
304.102
304.137
304.173
304.209
304.244
304.28
304.315
304.351
304.386
304.422
304.457
304.492
304.527
304.561
304.596
304.63
304.663
304.697
304.729
304.761
304.793
304.824
304.854
304.883
304.911
304.938
304.963
304.988
305.011
305.032
305.051
305.068
305.082
305.095
305.104
305.111
305.114
305.114
305.11
305.102
305.09
305.074
305.054
305.028
304.998
304.963
301.128
301.141
301.154
301.167
301.181
301.194
301.208
301.222
301.236
301.251
301.265
301.28
301.295
301.31
301.326
301.341
301.357
301.373
301.39
301.406
301.423
301.44
301.457
301.475
301.492
301.51
301.528
301.547
301.565
301.584
301.603
301.622
301.642
301.661
301.681
301.701
301.722
301.742
301.763
301.784
301.806
301.827
301.849
301.871
301.893
301.916
301.938
301.961
301.984
302.008
302.031
302.055
302.079
302.104
302.128
302.153
302.178
302.203
302.228
302.254
302.28
302.306
302.332
302.359
302.385
302.412
302.439
302.467
302.494
302.522
302.55
302.578
302.607
302.635
302.664
302.693
302.723
302.752
302.782
302.812
302.842
302.872
302.903
302.933
302.964
302.996
303.027
303.058
303.09
303.122
303.154
303.186
303.219
303.251
303.284
303.317
303.35
303.384
303.417
303.451
303.484
303.518
303.552
303.587
303.621
303.656
303.69
303.725
303.76
303.795
303.83
303.865
303.9
303.935
303.971
304.006
304.042
304.077
304.112
304.148
304.183
304.219
304.254
304.289
304.324
304.359
304.394
304.428
304.463
304.497
304.53
304.563
304.596
304.629
304.66
304.692
304.722
304.752
304.781
304.809
304.836
304.861
304.886
304.908
304.93
304.949
304.967
304.982
304.995
305.006
305.014
305.018
305.02
305.018
305.013
305.004
304.991
304.974
304.953
304.927
304.897
301.092
301.105
301.117
301.129
301.142
301.155
301.168
301.181
301.195
301.209
301.223
301.237
301.251
301.266
301.28
301.295
301.31
301.326
301.341
301.357
301.373
301.389
301.406
301.423
301.439
301.457
301.474
301.492
301.509
301.527
301.546
301.564
301.583
301.602
301.621
301.641
301.66
301.68
301.7
301.721
301.741
301.762
301.783
301.805
301.826
301.848
301.87
301.892
301.915
301.938
301.961
301.984
302.007
302.031
302.055
302.079
302.103
302.128
302.153
302.178
302.203
302.229
302.255
302.281
302.307
302.334
302.36
302.387
302.415
302.442
302.47
302.498
302.526
302.554
302.583
302.611
302.64
302.67
302.699
302.729
302.759
302.789
302.819
302.85
302.88
302.911
302.942
302.974
303.005
303.037
303.069
303.101
303.133
303.165
303.198
303.231
303.264
303.297
303.33
303.364
303.397
303.431
303.465
303.499
303.533
303.567
303.602
303.636
303.671
303.706
303.74
303.775
303.81
303.845
303.88
303.915
303.951
303.986
304.021
304.056
304.091
304.126
304.161
304.195
304.23
304.264
304.299
304.333
304.366
304.4
304.433
304.466
304.498
304.53
304.561
304.592
304.622
304.652
304.68
304.708
304.734
304.759
304.784
304.806
304.828
304.847
304.865
304.881
304.895
304.906
304.915
304.921
304.924
304.925
304.922
304.915
304.905
304.891
304.874
304.852
304.826
301.061
301.072
301.084
301.096
301.108
301.121
301.133
301.146
301.159
301.172
301.185
301.199
301.212
301.226
301.241
301.255
301.269
301.284
301.299
301.314
301.33
301.345
301.361
301.377
301.393
301.41
301.427
301.444
301.461
301.478
301.496
301.514
301.532
301.55
301.569
301.587
301.606
301.626
301.645
301.665
301.685
301.705
301.726
301.746
301.767
301.789
301.81
301.832
301.854
301.876
301.898
301.921
301.944
301.967
301.99
302.014
302.038
302.062
302.087
302.111
302.136
302.161
302.187
302.212
302.238
302.264
302.291
302.317
302.344
302.371
302.398
302.426
302.454
302.482
302.51
302.538
302.567
302.596
302.625
302.655
302.684
302.714
302.744
302.774
302.805
302.835
302.866
302.897
302.928
302.96
302.992
303.023
303.055
303.088
303.12
303.153
303.185
303.218
303.251
303.284
303.318
303.351
303.385
303.418
303.452
303.486
303.52
303.555
303.589
303.623
303.658
303.692
303.727
303.761
303.796
303.831
303.865
303.9
303.934
303.969
304.003
304.038
304.072
304.106
304.14
304.174
304.208
304.241
304.274
304.307
304.34
304.372
304.403
304.435
304.465
304.495
304.525
304.553
304.581
304.608
304.634
304.659
304.683
304.705
304.726
304.746
304.764
304.78
304.794
304.806
304.816
304.823
304.827
304.829
304.828
304.824
304.817
304.806
304.791
304.773
304.752
301.034
301.045
301.056
301.068
301.079
301.091
301.103
301.116
301.128
301.141
301.153
301.166
301.18
301.193
301.207
301.221
301.235
301.249
301.263
301.278
301.293
301.308
301.323
301.339
301.354
301.37
301.386
301.403
301.419
301.436
301.453
301.471
301.488
301.506
301.524
301.542
301.561
301.579
301.598
301.618
301.637
301.657
301.677
301.697
301.717
301.738
301.759
301.78
301.801
301.823
301.845
301.867
301.89
301.912
301.935
301.959
301.982
302.006
302.03
302.054
302.078
302.103
302.128
302.153
302.179
302.204
302.23
302.257
302.283
302.31
302.337
302.364
302.391
302.419
302.447
302.475
302.503
302.532
302.561
302.59
302.619
302.649
302.678
302.708
302.738
302.769
302.799
302.83
302.861
302.892
302.924
302.955
302.987
303.019
303.051
303.083
303.115
303.148
303.181
303.214
303.247
303.28
303.313
303.346
303.38
303.413
303.447
303.481
303.514
303.548
303.582
303.616
303.65
303.684
303.719
303.753
303.787
303.821
303.855
303.889
303.922
303.956
303.99
304.023
304.056
304.089
304.122
304.155
304.187
304.219
304.251
304.282
304.313
304.343
304.373
304.402
304.431
304.458
304.486
304.512
304.537
304.561
304.585
304.606
304.627
304.646
304.664
304.68
304.694
304.707
304.717
304.725
304.73
304.734
304.734
304.732
304.727
304.718
304.707
304.692
304.674
301.011
301.022
301.033
301.044
301.055
301.067
301.079
301.091
301.103
301.115
301.127
301.14
301.153
301.166
301.179
301.192
301.206
301.22
301.234
301.248
301.262
301.277
301.292
301.307
301.322
301.338
301.353
301.369
301.385
301.402
301.418
301.435
301.452
301.47
301.487
301.505
301.523
301.541
301.56
301.579
301.598
301.617
301.636
301.656
301.676
301.696
301.717
301.738
301.759
301.78
301.801
301.823
301.845
301.868
301.89
301.913
301.936
301.959
301.983
302.007
302.031
302.055
302.08
302.104
302.13
302.155
302.181
302.206
302.232
302.259
302.285
302.312
302.339
302.367
302.394
302.422
302.45
302.478
302.507
302.536
302.565
302.594
302.623
302.653
302.683
302.713
302.743
302.773
302.804
302.835
302.866
302.897
302.928
302.96
302.992
303.023
303.055
303.088
303.12
303.152
303.185
303.217
303.25
303.283
303.316
303.349
303.382
303.415
303.449
303.482
303.515
303.549
303.582
303.616
303.649
303.682
303.716
303.749
303.782
303.815
303.848
303.881
303.914
303.947
303.979
304.011
304.043
304.075
304.106
304.137
304.168
304.198
304.228
304.257
304.286
304.314
304.341
304.368
304.394
304.42
304.444
304.467
304.49
304.511
304.531
304.55
304.567
304.583
304.597
304.609
304.62
304.628
304.635
304.639
304.641
304.64
304.636
304.63
304.622
304.61
304.595
300.994
301.004
301.015
301.026
301.037
301.048
301.06
301.071
301.083
301.095
301.107
301.119
301.132
301.144
301.157
301.17
301.184
301.197
301.211
301.225
301.239
301.253
301.268
301.282
301.297
301.312
301.328
301.343
301.359
301.375
301.391
301.408
301.425
301.442
301.459
301.476
301.494
301.512
301.53
301.548
301.567
301.586
301.605
301.625
301.644
301.664
301.684
301.705
301.725
301.746
301.767
301.789
301.811
301.832
301.855
301.877
301.9
301.923
301.946
301.97
301.993
302.017
302.042
302.066
302.091
302.116
302.141
302.167
302.193
302.219
302.245
302.271
302.298
302.325
302.353
302.38
302.408
302.436
302.464
302.492
302.521
302.55
302.579
302.608
302.638
302.667
302.697
302.727
302.757
302.788
302.818
302.849
302.88
302.911
302.943
302.974
303.006
303.037
303.069
303.101
303.133
303.165
303.197
303.23
303.262
303.295
303.327
303.36
303.392
303.425
303.458
303.49
303.523
303.556
303.588
303.621
303.653
303.686
303.718
303.75
303.782
303.814
303.846
303.878
303.909
303.94
303.971
304.002
304.032
304.062
304.091
304.12
304.149
304.177
304.205
304.232
304.258
304.284
304.309
304.333
304.356
304.379
304.4
304.421
304.44
304.458
304.475
304.49
304.504
304.516
304.526
304.535
304.542
304.547
304.549
304.55
304.548
304.544
304.537
304.528
304.516
300.981
300.991
301.002
301.012
301.023
301.034
301.046
301.057
301.069
301.08
301.092
301.104
301.117
301.129
301.142
301.155
301.168
301.181
301.194
301.208
301.222
301.236
301.25
301.265
301.279
301.294
301.309
301.325
301.34
301.356
301.372
301.388
301.405
301.421
301.438
301.456
301.473
301.491
301.509
301.527
301.545
301.564
301.583
301.602
301.621
301.641
301.661
301.681
301.701
301.722
301.743
301.764
301.785
301.807
301.829
301.851
301.874
301.896
301.919
301.943
301.966
301.99
302.014
302.038
302.063
302.088
302.113
302.138
302.163
302.189
302.215
302.241
302.268
302.295
302.322
302.349
302.376
302.404
302.432
302.46
302.488
302.517
302.545
302.574
302.603
302.633
302.662
302.692
302.722
302.752
302.782
302.812
302.843
302.874
302.904
302.935
302.966
302.997
303.029
303.06
303.092
303.123
303.155
303.187
303.218
303.25
303.282
303.314
303.346
303.378
303.41
303.441
303.473
303.505
303.537
303.569
303.6
303.632
303.663
303.694
303.725
303.756
303.787
303.817
303.848
303.878
303.907
303.937
303.966
303.995
304.023
304.051
304.078
304.105
304.131
304.157
304.182
304.207
304.231
304.254
304.276
304.297
304.318
304.337
304.355
304.373
304.389
304.403
304.417
304.428
304.439
304.448
304.455
304.46
304.463
304.464
304.464
304.461
304.456
304.449
304.44
300.973
300.983
300.993
301.004
301.015
301.026
301.037
301.048
301.059
301.071
301.083
301.095
301.107
301.119
301.132
301.144
301.157
301.17
301.184
301.197
301.211
301.225
301.239
301.253
301.268
301.283
301.298
301.313
301.328
301.344
301.36
301.376
301.392
301.409
301.425
301.442
301.46
301.477
301.495
301.513
301.531
301.55
301.568
301.587
301.607
301.626
301.646
301.666
301.686
301.707
301.727
301.748
301.77
301.791
301.813
301.835
301.857
301.88
301.902
301.925
301.949
301.972
301.996
302.02
302.045
302.069
302.094
302.119
302.144
302.17
302.196
302.222
302.248
302.274
302.301
302.328
302.355
302.382
302.41
302.438
302.466
302.494
302.522
302.551
302.58
302.609
302.638
302.667
302.697
302.726
302.756
302.786
302.816
302.846
302.877
302.907
302.937
302.968
302.999
303.03
303.061
303.091
303.122
303.154
303.185
303.216
303.247
303.278
303.309
303.34
303.371
303.402
303.433
303.464
303.495
303.526
303.557
303.587
303.618
303.648
303.678
303.708
303.737
303.767
303.796
303.825
303.853
303.882
303.91
303.937
303.964
303.991
304.017
304.043
304.068
304.092
304.116
304.14
304.162
304.184
304.205
304.225
304.245
304.263
304.28
304.297
304.312
304.326
304.339
304.35
304.36
304.368
304.375
304.381
304.385
304.387
304.387
304.385
304.382
304.376
304.369
300.969
300.979
300.989
301
301.01
301.021
301.032
301.043
301.055
301.066
301.078
301.09
301.102
301.114
301.127
301.139
301.152
301.165
301.178
301.192
301.206
301.219
301.233
301.248
301.262
301.277
301.292
301.307
301.322
301.338
301.354
301.37
301.386
301.402
301.419
301.436
301.453
301.471
301.488
301.506
301.524
301.543
301.561
301.58
301.599
301.619
301.638
301.658
301.678
301.699
301.72
301.74
301.762
301.783
301.805
301.827
301.849
301.871
301.894
301.917
301.94
301.963
301.987
302.011
302.035
302.06
302.084
302.109
302.134
302.16
302.185
302.211
302.237
302.263
302.29
302.316
302.343
302.371
302.398
302.425
302.453
302.481
302.509
302.537
302.566
302.594
302.623
302.652
302.681
302.71
302.74
302.769
302.799
302.829
302.858
302.888
302.918
302.949
302.979
303.009
303.039
303.07
303.1
303.13
303.161
303.191
303.222
303.252
303.283
303.313
303.343
303.374
303.404
303.434
303.464
303.494
303.524
303.553
303.583
303.612
303.641
303.67
303.699
303.727
303.755
303.783
303.81
303.838
303.864
303.891
303.917
303.942
303.967
303.992
304.016
304.039
304.062
304.084
304.106
304.126
304.146
304.166
304.184
304.201
304.218
304.233
304.248
304.261
304.273
304.284
304.293
304.302
304.308
304.314
304.318
304.32
304.321
304.32
304.317
304.313
304.307
300.967
300.978
300.988
300.999
301.009
301.02
301.031
301.042
301.054
301.065
301.077
301.089
301.101
301.113
301.125
301.138
301.151
301.164
301.177
301.191
301.204
301.218
301.232
301.246
301.261
301.276
301.29
301.306
301.321
301.336
301.352
301.368
301.384
301.401
301.418
301.435
301.452
301.469
301.487
301.505
301.523
301.541
301.56
301.579
301.598
301.617
301.637
301.657
301.677
301.697
301.718
301.739
301.76
301.781
301.803
301.825
301.847
301.869
301.892
301.915
301.938
301.961
301.985
302.008
302.032
302.057
302.081
302.106
302.131
302.156
302.182
302.207
302.233
302.259
302.286
302.312
302.339
302.366
302.393
302.42
302.448
302.476
302.503
302.531
302.56
302.588
302.616
302.645
302.674
302.703
302.732
302.761
302.79
302.819
302.849
302.878
302.908
302.937
302.967
302.997
303.027
303.057
303.087
303.116
303.146
303.176
303.206
303.236
303.266
303.296
303.325
303.355
303.384
303.414
303.443
303.472
303.501
303.53
303.559
303.587
303.616
303.644
303.672
303.699
303.726
303.753
303.78
303.806
303.832
303.858
303.883
303.907
303.931
303.955
303.978
304.001
304.022
304.044
304.064
304.084
304.103
304.121
304.139
304.155
304.171
304.186
304.2
304.212
304.224
304.234
304.243
304.251
304.258
304.263
304.267
304.27
304.271
304.271
304.269
304.265
304.26
300.968
300.978
300.988
300.999
301.01
301.021
301.032
301.043
301.054
301.066
301.077
301.089
301.101
301.114
301.126
301.139
301.152
301.165
301.178
301.191
301.205
301.219
301.233
301.247
301.262
301.276
301.291
301.306
301.322
301.337
301.353
301.369
301.385
301.402
301.419
301.436
301.453
301.47
301.488
301.506
301.524
301.542
301.561
301.58
301.599
301.618
301.638
301.658
301.678
301.698
301.719
301.74
301.761
301.782
301.804
301.826
301.848
301.87
301.893
301.916
301.939
301.962
301.985
302.009
302.033
302.057
302.082
302.107
302.132
302.157
302.182
302.208
302.233
302.259
302.286
302.312
302.339
302.366
302.392
302.42
302.447
302.475
302.502
302.53
302.558
302.586
302.614
302.643
302.671
302.7
302.729
302.758
302.787
302.816
302.845
302.874
302.904
302.933
302.962
302.992
303.021
303.051
303.081
303.11
303.14
303.169
303.199
303.228
303.258
303.287
303.316
303.346
303.375
303.404
303.433
303.462
303.49
303.519
303.547
303.575
303.603
303.63
303.658
303.685
303.711
303.738
303.764
303.79
303.815
303.84
303.864
303.888
303.912
303.935
303.957
303.979
304.001
304.021
304.041
304.061
304.079
304.097
304.114
304.13
304.145
304.16
304.173
304.185
304.196
304.206
304.215
304.223
304.23
304.235
304.239
304.241
304.243
304.242
304.241
304.238
304.233
305.542
305.034
304.639
304.303
304.008
303.745
303.508
303.293
303.096
302.915
302.746
302.588
302.438
302.297
302.163
302.035
301.913
301.797
301.685
301.579
301.477
301.38
301.287
301.199
301.114
301.033
300.957
300.884
300.815
300.75
300.688
300.63
300.576
300.525
300.477
300.433
300.391
300.353
300.318
300.285
300.255
300.228
300.203
300.181
300.162
300.145
300.13
300.118
300.109
300.103
300.099
305.54
305.034
304.639
304.303
304.008
303.745
303.508
303.293
303.096
302.915
302.746
302.588
302.438
302.297
302.163
302.035
301.913
301.797
301.686
301.579
301.477
301.38
301.287
301.199
301.114
301.034
300.957
300.884
300.815
300.75
300.688
300.631
300.576
300.525
300.477
300.433
300.391
300.353
300.318
300.285
300.255
300.228
300.204
300.181
300.162
300.145
300.13
300.118
300.109
300.103
300.099
305.536
305.033
304.639
304.303
304.008
303.745
303.508
303.293
303.096
302.915
302.746
302.588
302.439
302.297
302.163
302.035
301.913
301.797
301.686
301.579
301.478
301.38
301.287
301.199
301.114
301.034
300.957
300.884
300.815
300.75
300.689
300.631
300.576
300.525
300.477
300.433
300.391
300.353
300.318
300.285
300.255
300.228
300.204
300.182
300.162
300.145
300.13
300.118
300.109
300.103
300.099
305.531
305.032
304.638
304.303
304.008
303.745
303.508
303.293
303.097
302.915
302.746
302.588
302.439
302.298
302.163
302.036
301.914
301.797
301.686
301.58
301.478
301.381
301.288
301.199
301.114
301.034
300.957
300.885
300.816
300.75
300.689
300.631
300.576
300.525
300.477
300.433
300.391
300.353
300.318
300.285
300.255
300.228
300.204
300.182
300.162
300.145
300.13
300.118
300.109
300.103
300.099
305.524
305.03
304.638
304.303
304.008
303.745
303.508
303.293
303.097
302.916
302.747
302.589
302.439
302.298
302.164
302.036
301.914
301.798
301.686
301.58
301.478
301.381
301.288
301.199
301.115
301.034
300.958
300.885
300.816
300.751
300.689
300.631
300.577
300.525
300.478
300.433
300.392
300.353
300.318
300.285
300.255
300.228
300.204
300.182
300.162
300.145
300.131
300.119
300.109
300.103
300.099
305.515
305.028
304.637
304.302
304.008
303.745
303.509
303.294
303.097
302.916
302.747
302.589
302.44
302.299
302.165
302.037
301.915
301.798
301.687
301.581
301.479
301.382
301.289
301.2
301.115
301.035
300.958
300.885
300.816
300.751
300.689
300.631
300.577
300.526
300.478
300.433
300.392
300.354
300.318
300.285
300.256
300.228
300.204
300.182
300.162
300.145
300.131
300.119
300.109
300.103
300.099
305.505
305.025
304.636
304.302
304.008
303.745
303.509
303.295
303.098
302.917
302.748
302.59
302.441
302.3
302.166
302.038
301.916
301.799
301.688
301.582
301.48
301.382
301.289
301.201
301.116
301.035
300.959
300.886
300.817
300.752
300.69
300.632
300.577
300.526
300.478
300.434
300.392
300.354
300.318
300.286
300.256
300.229
300.204
300.182
300.162
300.145
300.131
300.119
300.109
300.103
300.1
305.493
305.021
304.635
304.302
304.008
303.746
303.51
303.296
303.099
302.918
302.75
302.591
302.442
302.301
302.167
302.039
301.917
301.801
301.689
301.583
301.481
301.383
301.29
301.202
301.117
301.036
300.96
300.887
300.818
300.752
300.691
300.633
300.578
300.527
300.479
300.434
300.393
300.354
300.319
300.286
300.256
300.229
300.204
300.182
300.163
300.145
300.131
300.119
300.109
300.103
300.1
305.479
305.017
304.633
304.302
304.008
303.747
303.511
303.297
303.101
302.92
302.751
302.593
302.444
302.303
302.169
302.041
301.919
301.802
301.691
301.584
301.482
301.385
301.292
301.203
301.118
301.037
300.961
300.888
300.819
300.753
300.691
300.633
300.579
300.527
300.479
300.435
300.393
300.355
300.319
300.286
300.257
300.229
300.205
300.182
300.163
300.146
300.131
300.119
300.11
300.103
300.1
305.463
305.012
304.632
304.301
304.009
303.748
303.513
303.299
303.103
302.922
302.753
302.595
302.446
302.305
302.171
302.043
301.921
301.804
301.693
301.586
301.484
301.387
301.293
301.205
301.12
301.039
300.962
300.889
300.82
300.754
300.693
300.634
300.58
300.528
300.48
300.435
300.394
300.355
300.32
300.287
300.257
300.23
300.205
300.183
300.163
300.146
300.131
300.119
300.11
300.103
300.1
305.446
305.007
304.63
304.302
304.01
303.75
303.515
303.301
303.106
302.925
302.756
302.598
302.449
302.308
302.174
302.046
301.923
301.807
301.695
301.588
301.486
301.389
301.296
301.207
301.122
301.041
300.964
300.891
300.821
300.756
300.694
300.635
300.581
300.529
300.481
300.436
300.395
300.356
300.32
300.288
300.258
300.23
300.205
300.183
300.163
300.146
300.131
300.119
300.11
300.103
300.1
305.428
305
304.628
304.302
304.012
303.752
303.517
303.304
303.109
302.928
302.76
302.602
302.453
302.311
302.177
302.049
301.927
301.81
301.698
301.591
301.489
301.392
301.298
301.209
301.124
301.043
300.966
300.893
300.823
300.757
300.695
300.637
300.582
300.531
300.482
300.437
300.396
300.357
300.321
300.288
300.258
300.231
300.206
300.184
300.164
300.147
300.132
300.12
300.11
300.104
300.1
305.409
304.993
304.627
304.303
304.014
303.755
303.521
303.308
303.113
302.933
302.764
302.606
302.457
302.316
302.181
302.053
301.931
301.814
301.702
301.595
301.493
301.395
301.301
301.212
301.127
301.046
300.968
300.895
300.825
300.759
300.697
300.639
300.584
300.532
300.484
300.439
300.397
300.358
300.322
300.289
300.259
300.231
300.207
300.184
300.164
300.147
300.132
300.12
300.11
300.104
300.1
305.388
304.986
304.625
304.304
304.017
303.759
303.526
303.313
303.119
302.938
302.77
302.612
302.463
302.321
302.187
302.058
301.936
301.819
301.707
301.599
301.497
301.399
301.305
301.216
301.13
301.049
300.971
300.898
300.828
300.762
300.7
300.641
300.586
300.534
300.485
300.44
300.398
300.359
300.323
300.29
300.26
300.232
300.207
300.185
300.165
300.147
300.133
300.12
300.111
300.104
300.1
305.367
304.978
304.623
304.305
304.02
303.764
303.531
303.32
303.125
302.945
302.777
302.619
302.469
302.328
302.193
302.064
301.942
301.824
301.712
301.605
301.502
301.404
301.31
301.22
301.134
301.053
300.975
300.901
300.831
300.765
300.702
300.643
300.588
300.536
300.487
300.442
300.4
300.361
300.325
300.291
300.261
300.233
300.208
300.186
300.166
300.148
300.133
300.121
300.111
300.104
300.101
305.345
304.969
304.622
304.308
304.025
303.77
303.538
303.327
303.133
302.953
302.785
302.627
302.477
302.336
302.201
302.072
301.949
301.831
301.719
301.611
301.508
301.409
301.315
301.225
301.139
301.057
300.979
300.905
300.835
300.768
300.705
300.646
300.591
300.538
300.49
300.444
300.402
300.362
300.326
300.293
300.262
300.234
300.209
300.186
300.166
300.149
300.134
300.121
300.111
300.105
300.101
305.322
304.961
304.621
304.311
304.031
303.777
303.547
303.337
303.143
302.963
302.795
302.637
302.487
302.345
302.21
302.081
301.957
301.839
301.727
301.618
301.515
301.416
301.321
301.231
301.145
301.062
300.984
300.91
300.839
300.772
300.709
300.65
300.594
300.541
300.492
300.446
300.404
300.364
300.328
300.294
300.264
300.235
300.21
300.187
300.167
300.149
300.134
300.122
300.112
300.105
300.101
305.298
304.952
304.62
304.315
304.038
303.786
303.557
303.348
303.154
302.975
302.807
302.648
302.498
302.356
302.221
302.091
301.967
301.849
301.736
301.627
301.523
301.424
301.329
301.238
301.151
301.069
300.99
300.915
300.844
300.777
300.713
300.654
300.597
300.545
300.495
300.449
300.406
300.367
300.33
300.296
300.265
300.237
300.211
300.188
300.168
300.15
300.135
300.122
300.112
300.106
300.102
305.273
304.943
304.62
304.321
304.047
303.797
303.569
303.361
303.168
302.988
302.82
302.662
302.512
302.369
302.233
302.103
301.979
301.86
301.746
301.637
301.533
301.433
301.338
301.246
301.159
301.076
300.997
300.921
300.85
300.782
300.718
300.658
300.602
300.548
300.499
300.452
300.409
300.369
300.332
300.298
300.267
300.239
300.213
300.19
300.169
300.151
300.136
300.123
300.113
300.106
300.102
305.248
304.933
304.621
304.327
304.057
303.81
303.584
303.376
303.184
303.004
302.836
302.678
302.527
302.384
302.248
302.117
301.993
301.873
301.759
301.649
301.544
301.444
301.348
301.256
301.168
301.084
301.004
300.929
300.857
300.789
300.724
300.663
300.606
300.553
300.503
300.456
300.412
300.372
300.335
300.3
300.269
300.24
300.214
300.191
300.17
300.152
300.137
300.124
300.114
300.107
300.103
305.221
304.923
304.621
304.335
304.069
303.824
303.6
303.393
303.202
303.023
302.855
302.696
302.545
302.402
302.265
302.134
302.008
301.888
301.773
301.663
301.558
301.456
301.359
301.267
301.178
301.094
301.013
300.937
300.864
300.796
300.731
300.669
300.612
300.558
300.507
300.46
300.416
300.375
300.338
300.303
300.271
300.242
300.216
300.193
300.172
300.153
300.138
300.125
300.114
300.107
300.103
305.193
304.911
304.622
304.343
304.082
303.841
303.619
303.414
303.223
303.044
302.876
302.717
302.566
302.422
302.284
302.153
302.027
301.906
301.79
301.679
301.573
301.471
301.373
301.28
301.19
301.105
301.024
300.947
300.873
300.804
300.738
300.676
300.618
300.563
300.512
300.465
300.42
300.379
300.341
300.306
300.274
300.245
300.218
300.194
300.173
300.155
300.139
300.126
300.115
300.108
300.104
305.163
304.898
304.622
304.353
304.098
303.86
303.64
303.436
303.246
303.068
302.9
302.741
302.589
302.445
302.306
302.174
302.047
301.926
301.809
301.697
301.59
301.487
301.388
301.294
301.204
301.118
301.036
300.958
300.884
300.813
300.747
300.684
300.625
300.57
300.518
300.47
300.425
300.383
300.345
300.309
300.277
300.247
300.22
300.196
300.175
300.156
300.14
300.127
300.116
300.109
300.105
305.132
304.884
304.622
304.362
304.114
303.881
303.664
303.462
303.273
303.095
302.927
302.768
302.616
302.471
302.332
302.199
302.071
301.948
301.831
301.718
301.61
301.506
301.406
301.311
301.22
301.132
301.049
300.97
300.895
300.824
300.757
300.693
300.633
300.577
300.525
300.476
300.43
300.388
300.349
300.313
300.28
300.25
300.223
300.198
300.177
300.158
300.141
300.128
300.117
300.11
300.106
305.099
304.868
304.62
304.371
304.131
303.903
303.69
303.49
303.302
303.125
302.957
302.798
302.645
302.5
302.36
302.226
302.097
301.974
301.855
301.741
301.632
301.527
301.426
301.33
301.237
301.149
301.065
300.985
300.908
300.836
300.768
300.703
300.642
300.585
300.532
300.482
300.436
300.393
300.353
300.317
300.283
300.253
300.226
300.201
300.179
300.16
300.143
300.129
300.118
300.111
300.106
305.063
304.849
304.616
304.379
304.148
303.927
303.717
303.52
303.334
303.158
302.991
302.831
302.678
302.532
302.392
302.257
302.127
302.003
301.883
301.768
301.657
301.551
301.449
301.351
301.257
301.168
301.082
301.001
300.923
300.85
300.78
300.715
300.653
300.595
300.54
300.49
300.443
300.399
300.359
300.321
300.287
300.257
300.229
300.203
300.181
300.161
300.145
300.131
300.12
300.112
300.107
305.023
304.827
304.61
304.386
304.164
303.95
303.746
303.552
303.369
303.194
303.027
302.868
302.715
302.568
302.427
302.291
302.161
302.035
301.914
301.797
301.685
301.578
301.474
301.375
301.28
301.189
301.102
301.019
300.94
300.865
300.794
300.727
300.664
300.605
300.55
300.498
300.45
300.405
300.364
300.326
300.292
300.26
300.232
300.206
300.183
300.164
300.146
300.132
300.121
300.113
300.109
304.98
304.801
304.6
304.39
304.179
303.973
303.775
303.586
303.405
303.232
303.066
302.907
302.754
302.607
302.465
302.329
302.197
302.07
301.948
301.83
301.717
301.608
301.503
301.402
301.305
301.212
301.124
301.039
300.959
300.882
300.81
300.742
300.677
300.617
300.56
300.507
300.458
300.413
300.371
300.332
300.297
300.265
300.235
300.209
300.186
300.166
300.148
300.134
300.122
300.114
300.11
304.933
304.771
304.587
304.391
304.191
303.995
303.803
303.619
303.442
303.271
303.107
302.949
302.796
302.649
302.507
302.37
302.237
302.109
301.986
301.867
301.752
301.641
301.534
301.431
301.333
301.238
301.148
301.062
300.98
300.901
300.827
300.757
300.692
300.63
300.572
300.517
300.467
300.421
300.378
300.338
300.302
300.269
300.239
300.213
300.189
300.168
300.15
300.136
300.124
300.116
300.111
304.882
304.736
304.568
304.387
304.2
304.014
303.83
303.652
303.479
303.312
303.15
302.993
302.841
302.694
302.552
302.414
302.281
302.152
302.027
301.906
301.79
301.677
301.569
301.464
301.364
301.267
301.175
301.087
301.003
300.923
300.847
300.775
300.707
300.644
300.584
300.529
300.477
300.429
300.385
300.345
300.308
300.274
300.244
300.216
300.192
300.171
300.153
300.138
300.126
300.117
300.112
304.826
304.696
304.545
304.378
304.205
304.029
303.854
303.683
303.515
303.352
303.193
303.038
302.887
302.741
302.599
302.461
302.327
302.197
302.071
301.949
301.831
301.717
301.606
301.5
301.398
301.299
301.205
301.114
301.028
300.946
300.868
300.794
300.725
300.66
300.598
300.541
300.488
300.439
300.394
300.352
300.314
300.28
300.248
300.22
300.196
300.174
300.155
300.14
300.127
300.119
300.114
304.765
304.651
304.515
304.364
304.204
304.04
303.875
303.711
303.55
303.391
303.236
303.084
302.935
302.79
302.648
302.51
302.376
302.245
302.118
301.995
301.875
301.759
301.647
301.539
301.434
301.334
301.237
301.144
301.056
300.971
300.891
300.816
300.744
300.677
300.614
300.555
300.5
300.45
300.403
300.36
300.321
300.286
300.253
300.225
300.199
300.177
300.158
300.142
300.129
300.12
300.115
304.7
304.6
304.48
304.343
304.197
304.045
303.891
303.736
303.581
303.428
303.277
303.129
302.982
302.839
302.698
302.561
302.427
302.296
302.168
302.043
301.922
301.805
301.691
301.58
301.473
301.371
301.272
301.177
301.086
300.999
300.916
300.838
300.765
300.695
300.63
300.569
300.513
300.461
300.413
300.369
300.328
300.292
300.259
300.229
300.203
300.18
300.161
300.144
300.131
300.122
300.117
304.631
304.545
304.439
304.317
304.184
304.045
303.901
303.755
303.609
303.462
303.316
303.172
303.029
302.888
302.749
302.613
302.479
302.347
302.219
302.094
301.971
301.852
301.736
301.624
301.515
301.41
301.308
301.211
301.117
301.028
300.943
300.863
300.787
300.715
300.648
300.585
300.527
300.473
300.423
300.378
300.336
300.299
300.265
300.234
300.207
300.184
300.163
300.147
300.133
300.124
300.119
304.559
304.485
304.393
304.285
304.166
304.039
303.906
303.77
303.632
303.492
303.352
303.213
303.074
302.936
302.799
302.664
302.531
302.4
302.271
302.145
302.022
301.901
301.784
301.669
301.558
301.451
301.347
301.247
301.151
301.059
300.971
300.888
300.81
300.736
300.666
300.602
300.541
300.486
300.434
300.387
300.344
300.305
300.27
300.239
300.211
300.187
300.166
300.149
300.136
300.126
300.121
304.486
304.424
304.344
304.249
304.142
304.027
303.905
303.779
303.649
303.518
303.384
303.25
303.115
302.98
302.846
302.713
302.582
302.451
302.323
302.196
302.072
301.95
301.831
301.715
301.602
301.492
301.386
301.284
301.185
301.091
301.001
300.915
300.834
300.757
300.686
300.619
300.556
300.499
300.446
300.397
300.353
300.313
300.277
300.244
300.216
300.191
300.169
300.152
300.138
300.128
300.122
304.415
304.362
304.293
304.21
304.115
304.011
303.9
303.783
303.662
303.538
303.411
303.282
303.152
303.022
302.891
302.76
302.63
302.5
302.372
302.246
302.121
301.998
301.878
301.76
301.645
301.534
301.425
301.32
301.219
301.122
301.03
300.941
300.858
300.779
300.705
300.636
300.571
300.512
300.457
300.407
300.361
300.32
300.283
300.249
300.22
300.194
300.172
300.154
300.14
300.13
300.124
304.349
304.304
304.244
304.17
304.086
303.993
303.891
303.784
303.671
303.554
303.433
303.31
303.185
303.058
302.93
302.802
302.674
302.546
302.418
302.292
302.167
302.043
301.922
301.803
301.687
301.573
301.462
301.355
301.252
301.153
301.058
300.967
300.881
300.8
300.723
300.652
300.586
300.524
300.468
300.416
300.369
300.327
300.288
300.254
300.224
300.198
300.175
300.157
300.142
300.131
300.126
304.291
304.252
304.199
304.135
304.059
303.974
303.881
303.781
303.676
303.565
303.45
303.332
303.211
303.088
302.963
302.837
302.711
302.584
302.458
302.332
302.207
302.083
301.961
301.841
301.723
301.608
301.496
301.387
301.282
301.18
301.083
300.99
300.902
300.819
300.74
300.667
300.599
300.536
300.478
300.425
300.376
300.333
300.293
300.258
300.228
300.201
300.178
300.159
300.144
300.133
300.127
304.246
304.212
304.165
304.106
304.037
303.958
303.872
303.778
303.678
303.573
303.462
303.348
303.231
303.11
302.988
302.864
302.739
302.614
302.488
302.362
302.237
302.114
301.991
301.87
301.752
301.635
301.522
301.412
301.305
301.202
301.103
301.009
300.919
300.834
300.754
300.679
300.609
300.545
300.486
300.431
300.382
300.337
300.298
300.262
300.23
300.203
300.18
300.16
300.145
300.134
300.128
304.22
304.188
304.144
304.089
304.024
303.949
303.866
303.776
303.679
303.576
303.469
303.357
303.241
303.123
303.002
302.879
302.755
302.631
302.505
302.38
302.255
302.131
302.009
301.888
301.768
301.652
301.537
301.426
301.319
301.215
301.115
301.02
300.929
300.843
300.762
300.686
300.616
300.55
300.49
300.435
300.385
300.34
300.3
300.264
300.232
300.204
300.181
300.161
300.146
300.135
300.129
)
;

boundaryField
{
    inlet
    {
        type            fixedValue;
        value           uniform 300;
    }
    outlet
    {
        type            zeroGradient;
    }
    top
    {
        type            zeroGradient;
    }
    slip-bottom
    {
        type            zeroGradient;
    }
    bottom
    {
        type            zeroGradient;
    }
    interface
    {
        type            fixedGradient;
        gradient        nonuniform List<scalar> 
161
(
68.0001
68.0001
46.2183
46.2183
46.2183
46.2183
34.3098
34.3098
34.3098
34.3098
29.4895
29.4895
29.4895
28.6924
28.6924
28.6924
28.6924
26.0883
26.0883
26.0883
25.2209
25.2209
25.2209
24.7168
24.7168
24.7168
24.066
24.066
24.066
23.479
23.479
23.479
22.9343
22.9343
22.9343
22.3967
22.3967
22.3967
21.8835
21.8835
21.8835
20.8456
20.8456
21.595
21.595
21.595
20.557
20.557
21.0413
21.0413
21.0413
20.0105
20.0105
20.0072
20.0072
20.0072
20.1491
20.1491
20.498
20.498
19.2395
19.2395
19.1312
19.1312
19.1785
19.1785
19.0383
19.0383
19.0383
18.8636
18.8636
18.6917
18.5099
18.5099
18.2848
18.2848
18.0812
18.0812
17.3148
17.3148
18.2845
18.2845
17.8977
17.8977
17.4568
16.6922
16.6922
17.5479
17.5479
17.1917
16.218
16.218
17.0811
16.162
16.162
16.757
16.757
15.8082
16.4152
16.4152
15.5069
16.1368
15.2122
15.2122
15.2757
15.9429
15.9429
14.7988
15.3633
14.4107
14.4107
14.4283
14.6292
15.0451
15.0451
13.8399
13.8922
14.0914
14.4573
14.4573
13.2924
13.3191
13.4923
13.4889
13.8512
12.759
12.759
12.6667
12.7366
12.6671
12.5801
12.4808
12.3731
12.2602
12.1437
12.025
11.9053
11.7859
11.6682
11.5538
11.4446
11.3425
11.2498
11.1684
11.1005
11.0491
11.0197
11.0223
11.0767
11.1405
10.9945
11.0112
11.3235
11.6003
11.9995
12.5052
14.4766
12.8169
14.9205
17.022
24.5196
)
;
    }
    defaultFaces
    {
        type            empty;
    }
}


// ************************************************************************* //
