/*--------------------------------*- C++ -*----------------------------------*\
| =========                 |                                                 |
| \\      /  F ield         | OpenFOAM: The Open Source CFD Toolbox           |
|  \\    /   O peration     | Version:  2106                                  |
|   \\  /    A nd           | Website:  www.openfoam.com                      |
|    \\/     M anipulation  |                                                 |
\*---------------------------------------------------------------------------*/
FoamFile
{
    version     2.0;
    format      ascii;
    arch        "LSB;label=32;scalar=64";
    class       volScalarField;
    location    "1.4";
    object      T;
}
// * * * * * * * * * * * * * * * * * * * * * * * * * * * * * * * * * * * * * //

dimensions      [0 0 0 1 0 0 0];

internalField   nonuniform List<scalar> 
12013
(
300.001
300.002
300.003
300.005
300.006
300.008
300.01
300.012
300.014
300.017
300.019
300.022
300.026
300.029
300.033
300.038
300.043
300.048
300.054
300.06
300.066
300.074
300.081
300.09
300.099
300.108
300.118
300.129
300.141
300.153
300.166
300.18
300.194
300.209
300.226
300.242
300.26
300.279
300.298
300.319
300.34
300.362
300.386
300.41
300.435
300.461
300.488
300.517
300.546
300.576
300.608
300.64
300.674
300.709
300.745
300.783
300.821
300.861
300.903
300.945
300.989
301.035
301.082
301.131
301.182
301.234
301.288
301.344
301.403
301.464
301.527
301.593
301.663
301.736
301.813
301.895
301.983
302.078
302.183
302.303
302.446
300.001
300.002
300.003
300.005
300.006
300.008
300.01
300.012
300.014
300.017
300.019
300.022
300.026
300.029
300.033
300.038
300.043
300.048
300.054
300.06
300.066
300.074
300.081
300.09
300.099
300.108
300.118
300.129
300.141
300.153
300.166
300.18
300.194
300.209
300.226
300.242
300.26
300.279
300.298
300.319
300.34
300.362
300.385
300.41
300.435
300.461
300.488
300.516
300.546
300.576
300.608
300.64
300.674
300.709
300.745
300.782
300.821
300.861
300.902
300.945
300.989
301.034
301.082
301.13
301.181
301.233
301.287
301.343
301.401
301.462
301.525
301.591
301.66
301.733
301.809
301.89
301.976
302.069
302.171
302.282
302.404
300.001
300.002
300.003
300.005
300.006
300.008
300.01
300.012
300.014
300.017
300.019
300.022
300.026
300.029
300.033
300.038
300.043
300.048
300.054
300.06
300.066
300.074
300.081
300.09
300.099
300.108
300.118
300.129
300.141
300.153
300.166
300.18
300.194
300.209
300.225
300.242
300.26
300.279
300.298
300.319
300.34
300.362
300.385
300.409
300.435
300.461
300.488
300.516
300.545
300.576
300.607
300.64
300.673
300.708
300.744
300.782
300.82
300.86
300.901
300.944
300.988
301.033
301.08
301.129
301.179
301.231
301.285
301.341
301.398
301.459
301.521
301.586
301.655
301.726
301.801
301.88
301.963
302.052
302.146
302.246
302.35
300.001
300.002
300.003
300.005
300.006
300.008
300.01
300.012
300.014
300.017
300.019
300.022
300.026
300.029
300.033
300.038
300.043
300.048
300.054
300.06
300.066
300.074
300.081
300.09
300.099
300.108
300.118
300.129
300.141
300.153
300.166
300.179
300.194
300.209
300.225
300.242
300.26
300.278
300.298
300.318
300.34
300.362
300.385
300.409
300.434
300.46
300.487
300.516
300.545
300.575
300.606
300.639
300.672
300.707
300.743
300.78
300.819
300.859
300.9
300.942
300.986
301.031
301.078
301.126
301.176
301.228
301.281
301.336
301.394
301.453
301.515
301.579
301.646
301.715
301.788
301.864
301.944
302.027
302.114
302.203
302.293
300.001
300.002
300.003
300.005
300.006
300.008
300.01
300.012
300.014
300.017
300.019
300.022
300.026
300.029
300.033
300.038
300.043
300.048
300.054
300.06
300.066
300.074
300.081
300.09
300.098
300.108
300.118
300.129
300.14
300.153
300.166
300.179
300.194
300.209
300.225
300.242
300.26
300.278
300.298
300.318
300.339
300.361
300.384
300.408
300.433
300.46
300.487
300.515
300.544
300.574
300.605
300.638
300.671
300.706
300.742
300.779
300.817
300.856
300.897
300.939
300.983
301.028
301.074
301.122
301.172
301.223
301.276
301.33
301.387
301.445
301.506
301.568
301.633
301.701
301.771
301.843
301.918
301.995
302.074
302.154
302.234
300.001
300.002
300.003
300.005
300.006
300.008
300.01
300.012
300.014
300.017
300.019
300.022
300.026
300.029
300.033
300.038
300.043
300.048
300.053
300.06
300.066
300.073
300.081
300.089
300.098
300.108
300.118
300.129
300.14
300.152
300.165
300.179
300.193
300.209
300.225
300.241
300.259
300.278
300.297
300.317
300.338
300.361
300.384
300.408
300.433
300.459
300.486
300.513
300.543
300.573
300.604
300.636
300.669
300.704
300.739
300.776
300.814
300.854
300.894
300.936
300.979
301.024
301.069
301.117
301.166
301.216
301.268
301.322
301.377
301.434
301.493
301.554
301.617
301.682
301.748
301.817
301.887
301.959
302.031
302.103
302.174
300.001
300.002
300.003
300.005
300.006
300.008
300.01
300.012
300.014
300.017
300.019
300.022
300.026
300.029
300.033
300.038
300.042
300.048
300.053
300.06
300.066
300.073
300.081
300.089
300.098
300.108
300.118
300.129
300.14
300.152
300.165
300.179
300.193
300.208
300.224
300.241
300.259
300.277
300.296
300.317
300.338
300.36
300.383
300.407
300.431
300.457
300.484
300.512
300.541
300.571
300.602
300.634
300.667
300.701
300.737
300.773
300.811
300.85
300.89
300.931
300.974
301.018
301.063
301.11
301.158
301.208
301.259
301.311
301.365
301.421
301.478
301.537
301.597
301.659
301.722
301.786
301.851
301.917
301.983
302.049
302.113
300.001
300.002
300.003
300.005
300.006
300.008
300.01
300.012
300.014
300.016
300.019
300.022
300.026
300.029
300.033
300.038
300.042
300.048
300.053
300.059
300.066
300.073
300.081
300.089
300.098
300.107
300.117
300.128
300.14
300.152
300.165
300.178
300.193
300.208
300.224
300.24
300.258
300.276
300.295
300.316
300.337
300.359
300.381
300.405
300.43
300.456
300.482
300.51
300.539
300.568
300.599
300.631
300.664
300.698
300.733
300.769
300.806
300.845
300.885
300.925
300.968
301.011
301.055
301.101
301.148
301.197
301.247
301.298
301.35
301.404
301.459
301.515
301.573
301.631
301.691
301.751
301.812
301.873
301.933
301.993
302.051
300.001
300.002
300.003
300.005
300.006
300.008
300.01
300.012
300.014
300.016
300.019
300.022
300.026
300.029
300.033
300.038
300.042
300.047
300.053
300.059
300.066
300.073
300.081
300.089
300.098
300.107
300.117
300.128
300.139
300.151
300.164
300.178
300.192
300.207
300.223
300.239
300.257
300.275
300.294
300.314
300.335
300.357
300.38
300.403
300.428
300.454
300.48
300.507
300.536
300.565
300.596
300.627
300.66
300.694
300.728
300.764
300.801
300.839
300.878
300.918
300.959
301.002
301.046
301.09
301.136
301.184
301.232
301.281
301.332
301.384
301.437
301.49
301.545
301.6
301.656
301.712
301.769
301.825
301.88
301.935
301.989
300.001
300.002
300.003
300.005
300.006
300.008
300.01
300.012
300.014
300.016
300.019
300.022
300.025
300.029
300.033
300.037
300.042
300.047
300.053
300.059
300.066
300.073
300.08
300.089
300.097
300.107
300.117
300.127
300.139
300.151
300.163
300.177
300.191
300.206
300.222
300.238
300.256
300.274
300.293
300.313
300.334
300.355
300.378
300.401
300.426
300.451
300.477
300.504
300.533
300.562
300.592
300.623
300.655
300.688
300.723
300.758
300.794
300.831
300.87
300.909
300.95
300.991
301.034
301.078
301.122
301.168
301.215
301.262
301.311
301.361
301.411
301.462
301.513
301.565
301.618
301.67
301.722
301.774
301.825
301.876
301.925
300.001
300.002
300.003
300.005
300.006
300.008
300.01
300.012
300.014
300.016
300.019
300.022
300.025
300.029
300.033
300.037
300.042
300.047
300.053
300.059
300.065
300.072
300.08
300.088
300.097
300.106
300.116
300.127
300.138
300.15
300.163
300.176
300.19
300.205
300.221
300.237
300.254
300.272
300.291
300.311
300.332
300.353
300.375
300.399
300.423
300.448
300.474
300.501
300.528
300.557
300.587
300.618
300.649
300.682
300.716
300.75
300.786
300.823
300.86
300.899
300.938
300.979
301.02
301.062
301.106
301.15
301.195
301.24
301.287
301.334
301.382
301.43
301.478
301.527
301.576
301.625
301.673
301.721
301.769
301.815
301.86
300.001
300.002
300.003
300.005
300.006
300.008
300.01
300.012
300.014
300.016
300.019
300.022
300.025
300.029
300.033
300.037
300.042
300.047
300.052
300.058
300.065
300.072
300.08
300.088
300.096
300.106
300.116
300.126
300.137
300.149
300.162
300.175
300.189
300.204
300.219
300.235
300.253
300.27
300.289
300.309
300.329
300.35
300.372
300.395
300.419
300.444
300.47
300.496
300.524
300.552
300.581
300.611
300.643
300.675
300.708
300.741
300.776
300.812
300.849
300.886
300.924
300.964
301.004
301.045
301.086
301.129
301.172
301.215
301.259
301.304
301.349
301.395
301.44
301.486
301.531
301.577
301.622
301.666
301.71
301.753
301.795
300.001
300.002
300.003
300.005
300.006
300.008
300.01
300.012
300.014
300.016
300.019
300.022
300.025
300.029
300.033
300.037
300.042
300.047
300.052
300.058
300.065
300.072
300.079
300.087
300.096
300.105
300.115
300.125
300.136
300.148
300.16
300.174
300.187
300.202
300.217
300.234
300.25
300.268
300.287
300.306
300.326
300.347
300.369
300.391
300.415
300.439
300.465
300.491
300.518
300.546
300.574
300.604
300.634
300.666
300.698
300.731
300.765
300.8
300.835
300.871
300.909
300.946
300.985
301.024
301.064
301.105
301.146
301.187
301.229
301.271
301.314
301.356
301.399
301.442
301.484
301.526
301.568
301.609
301.649
301.689
301.728
300.001
300.002
300.003
300.004
300.006
300.008
300.009
300.011
300.014
300.016
300.019
300.022
300.025
300.028
300.032
300.037
300.041
300.046
300.052
300.058
300.064
300.071
300.078
300.086
300.095
300.104
300.114
300.124
300.135
300.147
300.159
300.172
300.186
300.2
300.215
300.231
300.248
300.265
300.284
300.303
300.323
300.343
300.365
300.387
300.41
300.434
300.459
300.484
300.511
300.538
300.566
300.595
300.625
300.655
300.687
300.719
300.752
300.785
300.82
300.855
300.89
300.927
300.964
301.001
301.039
301.078
301.117
301.156
301.196
301.235
301.275
301.315
301.355
301.395
301.434
301.473
301.512
301.55
301.587
301.624
301.66
300.001
300.002
300.003
300.004
300.006
300.008
300.009
300.011
300.014
300.016
300.019
300.022
300.025
300.028
300.032
300.036
300.041
300.046
300.051
300.057
300.064
300.07
300.078
300.086
300.094
300.103
300.113
300.123
300.134
300.145
300.157
300.17
300.184
300.198
300.213
300.229
300.245
300.262
300.28
300.299
300.318
300.339
300.36
300.382
300.404
300.428
300.452
300.477
300.503
300.529
300.557
300.585
300.614
300.643
300.674
300.705
300.736
300.769
300.802
300.836
300.87
300.905
300.94
300.976
301.012
301.048
301.085
301.122
301.159
301.196
301.234
301.271
301.308
301.345
301.382
301.418
301.454
301.489
301.523
301.557
301.591
300.001
300.002
300.003
300.004
300.006
300.008
300.009
300.011
300.013
300.016
300.018
300.021
300.024
300.028
300.032
300.036
300.041
300.045
300.051
300.057
300.063
300.07
300.077
300.085
300.093
300.102
300.111
300.121
300.132
300.144
300.155
300.168
300.181
300.195
300.21
300.226
300.242
300.259
300.276
300.295
300.314
300.333
300.354
300.375
300.398
300.42
300.444
300.468
300.493
300.519
300.546
300.573
300.601
300.63
300.659
300.689
300.719
300.75
300.782
300.814
300.847
300.88
300.913
300.947
300.981
301.016
301.05
301.085
301.12
301.155
301.19
301.224
301.259
301.293
301.327
301.36
301.394
301.426
301.458
301.49
301.521
300.001
300.002
300.003
300.004
300.006
300.007
300.009
300.011
300.013
300.016
300.018
300.021
300.024
300.028
300.031
300.036
300.04
300.045
300.05
300.056
300.062
300.069
300.076
300.084
300.092
300.101
300.11
300.12
300.13
300.141
300.153
300.166
300.179
300.192
300.207
300.222
300.238
300.254
300.271
300.289
300.308
300.327
300.347
300.368
300.39
300.412
300.435
300.459
300.483
300.508
300.533
300.56
300.587
300.614
300.642
300.671
300.7
300.73
300.76
300.79
300.821
300.853
300.884
300.916
300.948
300.981
301.013
301.046
301.078
301.111
301.143
301.175
301.207
301.239
301.27
301.301
301.332
301.362
301.392
301.421
301.449
300.001
300.002
300.003
300.004
300.006
300.007
300.009
300.011
300.013
300.015
300.018
300.021
300.024
300.027
300.031
300.035
300.039
300.044
300.049
300.055
300.061
300.068
300.075
300.082
300.09
300.099
300.108
300.118
300.128
300.139
300.151
300.163
300.176
300.189
300.203
300.218
300.233
300.249
300.266
300.284
300.302
300.32
300.34
300.36
300.381
300.402
300.425
300.447
300.471
300.495
300.519
300.545
300.57
300.597
300.624
300.651
300.679
300.707
300.735
300.764
300.794
300.823
300.853
300.883
300.913
300.943
300.973
301.004
301.034
301.064
301.094
301.124
301.153
301.183
301.212
301.24
301.268
301.296
301.324
301.35
301.377
300.001
300.002
300.003
300.004
300.006
300.007
300.009
300.011
300.013
300.015
300.018
300.02
300.024
300.027
300.031
300.034
300.039
300.044
300.049
300.054
300.06
300.067
300.073
300.081
300.089
300.097
300.106
300.116
300.126
300.136
300.148
300.159
300.172
300.185
300.199
300.213
300.228
300.244
300.26
300.277
300.294
300.313
300.331
300.351
300.371
300.392
300.413
300.435
300.457
300.48
300.504
300.528
300.552
300.577
300.603
300.629
300.655
300.682
300.709
300.736
300.763
300.791
300.819
300.847
300.875
300.903
300.931
300.959
300.987
301.015
301.043
301.07
301.098
301.125
301.151
301.178
301.204
301.229
301.254
301.279
301.303
300.001
300.002
300.003
300.004
300.006
300.007
300.009
300.011
300.013
300.015
300.017
300.02
300.023
300.026
300.03
300.034
300.038
300.043
300.048
300.053
300.059
300.065
300.072
300.079
300.087
300.095
300.104
300.113
300.123
300.133
300.144
300.156
300.168
300.18
300.194
300.208
300.222
300.237
300.253
300.269
300.286
300.304
300.322
300.34
300.36
300.379
300.4
300.421
300.442
300.464
300.486
300.509
300.533
300.556
300.58
300.605
300.629
300.654
300.68
300.705
300.731
300.757
300.783
300.809
300.835
300.861
300.887
300.913
300.939
300.964
300.99
301.015
301.04
301.065
301.09
301.114
301.138
301.161
301.184
301.207
301.229
300.001
300.002
300.003
300.004
300.005
300.007
300.009
300.01
300.012
300.015
300.017
300.02
300.023
300.026
300.029
300.033
300.037
300.042
300.047
300.052
300.058
300.064
300.07
300.077
300.085
300.093
300.101
300.11
300.12
300.13
300.14
300.151
300.163
300.175
300.188
300.202
300.215
300.23
300.245
300.261
300.277
300.294
300.311
300.329
300.347
300.366
300.385
300.405
300.426
300.446
300.467
300.489
300.511
300.533
300.556
300.579
300.602
300.625
300.649
300.672
300.696
300.72
300.744
300.768
300.793
300.817
300.841
300.864
300.888
300.912
300.935
300.959
300.982
301.004
301.027
301.049
301.071
301.092
301.113
301.134
301.154
300.001
300.002
300.003
300.004
300.005
300.007
300.008
300.01
300.012
300.014
300.017
300.019
300.022
300.025
300.029
300.032
300.036
300.041
300.045
300.05
300.056
300.062
300.068
300.075
300.082
300.09
300.098
300.107
300.116
300.126
300.136
300.147
300.158
300.17
300.182
300.195
300.208
300.222
300.236
300.251
300.267
300.283
300.299
300.316
300.333
300.351
300.37
300.388
300.407
300.427
300.447
300.467
300.487
300.508
300.529
300.551
300.572
300.594
300.616
300.638
300.66
300.682
300.704
300.726
300.748
300.77
300.793
300.814
300.836
300.858
300.879
300.9
300.921
300.942
300.963
300.983
301.003
301.022
301.042
301.061
301.079
300.001
300.002
300.003
300.004
300.005
300.007
300.008
300.01
300.012
300.014
300.016
300.019
300.021
300.024
300.028
300.031
300.035
300.039
300.044
300.049
300.054
300.06
300.066
300.073
300.08
300.087
300.095
300.103
300.112
300.121
300.131
300.141
300.152
300.163
300.175
300.187
300.2
300.213
300.227
300.241
300.255
300.27
300.286
300.302
300.318
300.335
300.352
300.37
300.388
300.406
300.424
300.443
300.462
300.482
300.501
300.521
300.541
300.561
300.581
300.601
300.622
300.642
300.662
300.682
300.703
300.723
300.743
300.763
300.783
300.802
300.822
300.841
300.86
300.879
300.898
300.916
300.934
300.952
300.97
300.987
301.004
300
300.002
300.003
300.004
300.005
300.006
300.008
300.01
300.011
300.013
300.016
300.018
300.021
300.024
300.027
300.03
300.034
300.038
300.042
300.047
300.052
300.058
300.064
300.07
300.076
300.084
300.091
300.099
300.107
300.116
300.125
300.135
300.145
300.156
300.167
300.179
300.191
300.203
300.216
300.229
300.243
300.257
300.272
300.287
300.302
300.318
300.334
300.35
300.367
300.383
300.401
300.418
300.436
300.454
300.471
300.49
300.508
300.526
300.545
300.563
300.582
300.6
300.619
300.637
300.656
300.674
300.692
300.71
300.728
300.746
300.764
300.781
300.798
300.816
300.832
300.849
300.865
300.881
300.897
300.913
300.928
300
300.001
300.003
300.004
300.005
300.006
300.008
300.009
300.011
300.013
300.015
300.017
300.02
300.023
300.026
300.029
300.033
300.036
300.041
300.045
300.05
300.055
300.061
300.067
300.073
300.08
300.087
300.094
300.102
300.111
300.119
300.129
300.138
300.148
300.159
300.17
300.181
300.192
300.204
300.217
300.23
300.243
300.256
300.27
300.285
300.299
300.314
300.329
300.344
300.36
300.376
300.391
300.408
300.424
300.44
300.457
300.474
300.49
300.507
300.524
300.541
300.557
300.574
300.591
300.608
300.624
300.641
300.657
300.673
300.689
300.705
300.721
300.736
300.752
300.767
300.782
300.796
300.811
300.825
300.839
300.853
300
300.001
300.002
300.003
300.005
300.006
300.007
300.009
300.01
300.012
300.014
300.017
300.019
300.022
300.025
300.028
300.031
300.035
300.039
300.043
300.048
300.053
300.058
300.063
300.069
300.076
300.082
300.089
300.097
300.105
300.113
300.122
300.131
300.14
300.15
300.16
300.17
300.181
300.192
300.204
300.216
300.228
300.24
300.253
300.266
300.279
300.293
300.307
300.321
300.335
300.349
300.364
300.378
300.393
300.408
300.423
300.438
300.453
300.468
300.484
300.499
300.514
300.529
300.544
300.559
300.574
300.588
300.603
300.618
300.632
300.646
300.66
300.674
300.688
300.701
300.715
300.728
300.741
300.754
300.766
300.779
300
300.001
300.002
300.003
300.004
300.006
300.007
300.008
300.01
300.012
300.014
300.016
300.018
300.02
300.023
300.026
300.029
300.033
300.037
300.041
300.045
300.05
300.055
300.06
300.065
300.071
300.077
300.084
300.091
300.098
300.106
300.114
300.122
300.131
300.14
300.149
300.159
300.169
300.179
300.19
300.2
300.212
300.223
300.235
300.247
300.259
300.271
300.283
300.296
300.309
300.322
300.335
300.348
300.362
300.375
300.389
300.402
300.416
300.429
300.443
300.456
300.47
300.483
300.497
300.51
300.523
300.536
300.549
300.562
300.575
300.588
300.6
300.612
300.625
300.637
300.649
300.66
300.672
300.683
300.694
300.705
300
300.001
300.002
300.003
300.004
300.005
300.007
300.008
300.009
300.011
300.013
300.015
300.017
300.019
300.022
300.025
300.028
300.031
300.034
300.038
300.042
300.046
300.051
300.056
300.061
300.066
300.072
300.078
300.085
300.091
300.098
300.106
300.113
300.121
300.13
300.138
300.147
300.156
300.165
300.175
300.185
300.195
300.205
300.216
300.226
300.237
300.248
300.26
300.271
300.282
300.294
300.306
300.318
300.33
300.342
300.354
300.366
300.378
300.39
300.402
300.414
300.426
300.437
300.449
300.461
300.473
300.484
300.496
300.507
300.518
300.53
300.541
300.552
300.562
300.573
300.583
300.594
300.604
300.614
300.624
300.633
300
300.001
300.002
300.003
300.004
300.005
300.006
300.007
300.009
300.01
300.012
300.014
300.016
300.018
300.02
300.023
300.026
300.029
300.032
300.035
300.039
300.043
300.047
300.052
300.056
300.061
300.067
300.072
300.078
300.084
300.091
300.097
300.104
300.111
300.119
300.126
300.134
300.143
300.151
300.16
300.168
300.177
300.187
300.196
300.206
300.215
300.225
300.235
300.245
300.256
300.266
300.276
300.287
300.297
300.308
300.318
300.329
300.339
300.35
300.361
300.371
300.382
300.392
300.402
300.413
300.423
300.433
300.443
300.453
300.463
300.473
300.482
300.492
300.501
300.511
300.52
300.529
300.538
300.546
300.555
300.563
300
300.001
300.002
300.003
300.004
300.005
300.006
300.007
300.008
300.01
300.011
300.013
300.015
300.017
300.019
300.021
300.024
300.026
300.029
300.032
300.036
300.039
300.043
300.047
300.052
300.056
300.061
300.066
300.071
300.077
300.082
300.088
300.095
300.101
300.108
300.114
300.122
300.129
300.136
300.144
300.152
300.16
300.168
300.176
300.185
300.193
300.202
300.211
300.22
300.229
300.238
300.247
300.256
300.265
300.274
300.283
300.293
300.302
300.311
300.32
300.329
300.339
300.348
300.357
300.366
300.374
300.383
300.392
300.401
300.409
300.418
300.426
300.434
300.442
300.45
300.458
300.466
300.474
300.481
300.489
300.496
300
300.001
300.002
300.002
300.003
300.004
300.005
300.006
300.007
300.009
300.01
300.012
300.013
300.015
300.017
300.019
300.021
300.024
300.027
300.029
300.032
300.036
300.039
300.043
300.047
300.051
300.055
300.059
300.064
300.069
300.074
300.079
300.085
300.09
300.096
300.102
300.109
300.115
300.122
300.128
300.135
300.142
300.149
300.156
300.164
300.171
300.179
300.186
300.194
300.202
300.21
300.218
300.226
300.233
300.241
300.249
300.257
300.265
300.273
300.281
300.289
300.297
300.304
300.312
300.32
300.327
300.335
300.342
300.35
300.357
300.364
300.372
300.379
300.386
300.392
300.399
300.406
300.412
300.419
300.425
300.432
300
300.001
300.002
300.002
300.003
300.004
300.005
300.006
300.007
300.008
300.009
300.01
300.012
300.014
300.015
300.017
300.019
300.021
300.024
300.026
300.029
300.032
300.035
300.038
300.041
300.045
300.049
300.053
300.057
300.061
300.066
300.07
300.075
300.08
300.085
300.09
300.096
300.101
300.107
300.113
300.119
300.125
300.131
300.137
300.143
300.15
300.156
300.163
300.169
300.176
300.183
300.189
300.196
300.203
300.21
300.216
300.223
300.23
300.237
300.243
300.25
300.257
300.263
300.27
300.276
300.283
300.289
300.295
300.302
300.308
300.314
300.32
300.326
300.332
300.338
300.343
300.349
300.355
300.36
300.365
300.371
300
300.001
300.001
300.002
300.003
300.003
300.004
300.005
300.006
300.007
300.008
300.009
300.011
300.012
300.014
300.015
300.017
300.019
300.021
300.023
300.026
300.028
300.031
300.033
300.036
300.039
300.043
300.046
300.05
300.053
300.057
300.061
300.065
300.069
300.074
300.078
300.083
300.088
300.093
300.097
300.102
300.108
300.113
300.118
300.123
300.129
300.134
300.14
300.145
300.151
300.157
300.162
300.168
300.174
300.179
300.185
300.191
300.196
300.202
300.207
300.213
300.219
300.224
300.23
300.235
300.24
300.246
300.251
300.256
300.261
300.267
300.272
300.277
300.282
300.286
300.291
300.296
300.301
300.305
300.31
300.314
300
300.001
300.001
300.002
300.002
300.003
300.004
300.004
300.005
300.006
300.007
300.008
300.009
300.01
300.012
300.013
300.015
300.016
300.018
300.02
300.022
300.024
300.026
300.029
300.031
300.034
300.037
300.04
300.043
300.046
300.049
300.052
300.056
300.059
300.063
300.067
300.071
300.075
300.079
300.083
300.087
300.091
300.096
300.1
300.105
300.109
300.114
300.118
300.123
300.127
300.132
300.137
300.142
300.146
300.151
300.156
300.16
300.165
300.17
300.174
300.179
300.183
300.188
300.192
300.197
300.201
300.206
300.21
300.214
300.219
300.223
300.227
300.231
300.235
300.239
300.243
300.247
300.251
300.255
300.258
300.262
300
300.001
300.001
300.002
300.002
300.003
300.003
300.004
300.004
300.005
300.006
300.007
300.008
300.009
300.01
300.011
300.013
300.014
300.016
300.017
300.019
300.021
300.023
300.025
300.027
300.029
300.031
300.034
300.036
300.039
300.041
300.044
300.047
300.05
300.053
300.056
300.059
300.063
300.066
300.069
300.073
300.076
300.08
300.083
300.087
300.091
300.095
300.098
300.102
300.106
300.11
300.113
300.117
300.121
300.125
300.129
300.132
300.136
300.14
300.144
300.148
300.151
300.155
300.159
300.162
300.166
300.169
300.173
300.176
300.18
300.183
300.187
300.19
300.193
300.196
300.2
300.203
300.206
300.209
300.212
300.215
300
300.001
300.001
300.001
300.002
300.002
300.003
300.003
300.004
300.004
300.005
300.006
300.007
300.008
300.008
300.009
300.011
300.012
300.013
300.014
300.016
300.017
300.019
300.02
300.022
300.024
300.026
300.028
300.03
300.032
300.034
300.036
300.039
300.041
300.044
300.046
300.049
300.051
300.054
300.057
300.06
300.063
300.065
300.068
300.071
300.074
300.077
300.08
300.083
300.086
300.089
300.092
300.095
300.098
300.102
300.105
300.108
300.111
300.114
300.117
300.12
300.123
300.125
300.128
300.131
300.134
300.137
300.14
300.143
300.145
300.148
300.151
300.153
300.156
300.159
300.161
300.164
300.166
300.169
300.171
300.173
300
300
300.001
300.001
300.001
300.002
300.002
300.003
300.003
300.004
300.004
300.005
300.006
300.006
300.007
300.008
300.009
300.01
300.011
300.012
300.013
300.014
300.015
300.017
300.018
300.02
300.021
300.023
300.024
300.026
300.028
300.03
300.032
300.033
300.035
300.037
300.04
300.042
300.044
300.046
300.048
300.05
300.053
300.055
300.057
300.06
300.062
300.064
300.067
300.069
300.072
300.074
300.076
300.079
300.081
300.084
300.086
300.088
300.091
300.093
300.095
300.098
300.1
300.102
300.105
300.107
300.109
300.111
300.113
300.116
300.118
300.12
300.122
300.124
300.126
300.128
300.13
300.132
300.134
300.136
300.138
300
300
300.001
300.001
300.001
300.001
300.002
300.002
300.003
300.003
300.003
300.004
300.005
300.005
300.006
300.006
300.007
300.008
300.009
300.01
300.01
300.011
300.012
300.014
300.015
300.016
300.017
300.018
300.02
300.021
300.022
300.024
300.025
300.027
300.028
300.03
300.032
300.033
300.035
300.037
300.038
300.04
300.042
300.044
300.046
300.047
300.049
300.051
300.053
300.055
300.057
300.059
300.06
300.062
300.064
300.066
300.068
300.07
300.072
300.073
300.075
300.077
300.079
300.081
300.082
300.084
300.086
300.088
300.089
300.091
300.093
300.094
300.096
300.098
300.099
300.101
300.102
300.104
300.105
300.107
300.108
300
300
300
300.001
300.001
300.001
300.001
300.002
300.002
300.002
300.003
300.003
300.004
300.004
300.005
300.005
300.006
300.006
300.007
300.008
300.009
300.009
300.01
300.011
300.012
300.013
300.014
300.015
300.016
300.017
300.018
300.019
300.02
300.022
300.023
300.024
300.025
300.027
300.028
300.029
300.031
300.032
300.033
300.035
300.036
300.038
300.039
300.041
300.042
300.044
300.045
300.046
300.048
300.049
300.051
300.052
300.054
300.055
300.057
300.058
300.06
300.061
300.062
300.064
300.065
300.066
300.068
300.069
300.07
300.072
300.073
300.074
300.076
300.077
300.078
300.079
300.081
300.082
300.083
300.084
300.085
300
300
300
300.001
300.001
300.001
300.001
300.001
300.002
300.002
300.002
300.003
300.003
300.003
300.004
300.004
300.005
300.005
300.006
300.006
300.007
300.008
300.008
300.009
300.01
300.011
300.011
300.012
300.013
300.014
300.015
300.016
300.017
300.018
300.019
300.02
300.021
300.022
300.023
300.024
300.025
300.026
300.027
300.029
300.03
300.031
300.032
300.033
300.034
300.036
300.037
300.038
300.039
300.04
300.041
300.043
300.044
300.045
300.046
300.047
300.048
300.05
300.051
300.052
300.053
300.054
300.055
300.056
300.057
300.058
300.059
300.06
300.061
300.062
300.063
300.064
300.065
300.066
300.067
300.068
300.069
300
300
300
300.001
300.001
300.001
300.001
300.001
300.002
300.002
300.002
300.002
300.003
300.003
300.003
300.004
300.004
300.005
300.005
300.006
300.006
300.007
300.007
300.008
300.009
300.009
300.01
300.011
300.012
300.012
300.013
300.014
300.015
300.016
300.017
300.017
300.018
300.019
300.02
300.021
300.022
300.023
300.024
300.025
300.026
300.027
300.028
300.029
300.03
300.031
300.032
300.033
300.034
300.035
300.036
300.037
300.038
300.039
300.04
300.041
300.042
300.043
300.044
300.045
300.046
300.047
300.048
300.049
300.05
300.051
300.052
300.053
300.054
300.055
300.056
300.056
300.057
300.058
300.059
300.06
300.06
302.635
302.76
302.834
302.902
302.962
303.011
303.043
303.079
303.116
303.15
303.178
303.209
303.24
303.27
303.3
303.329
303.356
303.38
303.405
303.431
303.455
303.48
303.504
303.528
303.552
303.576
303.598
303.62
303.642
303.663
303.684
303.705
303.725
303.745
303.765
303.783
303.802
303.821
303.839
303.857
303.874
303.891
303.909
303.927
303.945
303.962
303.977
303.994
304.011
304.027
304.042
304.056
304.071
304.086
304.102
304.117
304.132
304.147
304.161
304.174
304.186
304.198
304.211
304.223
304.236
304.248
304.261
304.272
304.284
304.295
304.306
304.316
304.327
304.337
304.346
304.356
304.365
304.374
304.382
304.391
304.401
304.41
304.417
304.425
304.431
304.438
304.445
304.452
304.459
304.464
304.469
304.475
304.481
304.486
304.491
304.497
304.502
304.506
304.51
304.514
304.517
304.521
304.524
304.527
304.53
304.533
304.536
304.537
304.54
304.541
304.543
304.545
304.546
304.548
304.549
304.55
304.551
304.551
304.552
304.552
304.552
304.552
304.552
304.551
304.55
304.549
304.548
304.546
304.543
304.54
304.537
304.533
304.528
304.523
304.517
304.51
304.503
304.494
304.485
304.475
304.463
304.451
304.437
304.421
304.404
304.386
304.365
304.342
304.316
304.286
304.25
304.212
304.174
304.131
304.081
304.024
303.961
303.851
303.748
303.615
303.434
302.536
302.645
302.73
302.801
302.863
302.914
302.957
302.998
303.036
303.072
303.105
303.137
303.169
303.201
303.231
303.261
303.289
303.315
303.341
303.367
303.392
303.418
303.443
303.467
303.491
303.515
303.538
303.56
303.583
303.604
303.626
303.647
303.667
303.687
303.707
303.726
303.746
303.764
303.783
303.801
303.819
303.836
303.854
303.872
303.89
303.907
303.923
303.939
303.956
303.972
303.988
304.003
304.018
304.033
304.048
304.063
304.078
304.093
304.107
304.121
304.133
304.145
304.158
304.171
304.183
304.196
304.208
304.22
304.231
304.243
304.254
304.264
304.274
304.285
304.294
304.304
304.313
304.322
304.331
304.34
304.349
304.358
304.366
304.373
304.38
304.386
304.393
304.401
304.407
304.413
304.418
304.424
304.43
304.435
304.44
304.446
304.45
304.455
304.459
304.463
304.466
304.47
304.473
304.476
304.479
304.482
304.485
304.487
304.489
304.491
304.492
304.494
304.496
304.497
304.498
304.499
304.5
304.501
304.501
304.501
304.501
304.501
304.501
304.5
304.499
304.498
304.497
304.495
304.492
304.489
304.486
304.482
304.477
304.472
304.466
304.46
304.452
304.444
304.434
304.424
304.413
304.4
304.386
304.371
304.354
304.335
304.314
304.291
304.265
304.235
304.199
304.162
304.123
304.078
304.028
303.969
303.901
303.795
303.687
303.547
303.35
302.455
302.55
302.632
302.704
302.766
302.821
302.869
302.913
302.953
302.991
303.027
303.062
303.095
303.127
303.159
303.189
303.218
303.246
303.273
303.3
303.326
303.352
303.377
303.402
303.427
303.451
303.474
303.497
303.52
303.542
303.563
303.585
303.605
303.626
303.646
303.666
303.685
303.704
303.723
303.741
303.759
303.777
303.795
303.813
303.831
303.848
303.865
303.881
303.898
303.914
303.93
303.945
303.961
303.976
303.991
304.006
304.021
304.036
304.05
304.064
304.076
304.089
304.102
304.115
304.127
304.14
304.152
304.164
304.176
304.187
304.198
304.209
304.219
304.229
304.239
304.249
304.258
304.267
304.276
304.285
304.294
304.303
304.31
304.318
304.325
304.332
304.339
304.346
304.352
304.358
304.364
304.37
304.375
304.381
304.386
304.391
304.396
304.4
304.405
304.409
304.412
304.416
304.419
304.422
304.425
304.428
304.43
304.433
304.435
304.437
304.438
304.44
304.442
304.443
304.444
304.445
304.446
304.447
304.447
304.447
304.448
304.447
304.447
304.446
304.445
304.444
304.443
304.441
304.438
304.435
304.432
304.428
304.423
304.418
304.412
304.406
304.398
304.39
304.381
304.37
304.359
304.346
304.333
304.317
304.3
304.282
304.261
304.237
304.211
304.181
304.145
304.108
304.068
304.023
303.971
303.911
303.839
303.736
303.623
303.477
303.269
302.381
302.465
302.542
302.611
302.673
302.729
302.779
302.826
302.868
302.909
302.946
302.983
303.017
303.051
303.083
303.114
303.144
303.173
303.201
303.229
303.256
303.282
303.308
303.333
303.358
303.383
303.407
303.43
303.453
303.475
303.497
303.519
303.54
303.561
303.581
303.601
303.621
303.64
303.659
303.678
303.697
303.715
303.733
303.751
303.769
303.786
303.803
303.82
303.836
303.853
303.869
303.884
303.9
303.915
303.931
303.946
303.961
303.975
303.989
304.003
304.016
304.029
304.042
304.055
304.068
304.08
304.093
304.104
304.116
304.128
304.139
304.149
304.16
304.17
304.18
304.19
304.199
304.208
304.217
304.226
304.235
304.244
304.252
304.26
304.267
304.274
304.281
304.288
304.294
304.3
304.306
304.312
304.318
304.323
304.328
304.333
304.338
304.343
304.347
304.351
304.354
304.358
304.361
304.364
304.367
304.37
304.373
304.375
304.377
304.379
304.381
304.383
304.384
304.386
304.387
304.388
304.389
304.389
304.39
304.39
304.39
304.39
304.39
304.389
304.388
304.387
304.385
304.383
304.381
304.378
304.375
304.371
304.366
304.361
304.355
304.348
304.341
304.333
304.324
304.313
304.302
304.289
304.276
304.26
304.243
304.224
304.204
304.18
304.154
304.123
304.088
304.051
304.01
303.964
303.911
303.849
303.774
303.673
303.556
303.406
303.192
302.311
302.386
302.457
302.523
302.583
302.639
302.69
302.738
302.782
302.823
302.863
302.9
302.936
302.971
303.004
303.036
303.067
303.097
303.126
303.154
303.181
303.208
303.235
303.261
303.286
303.311
303.335
303.359
303.382
303.405
303.428
303.45
303.471
303.492
303.513
303.533
303.553
303.573
303.592
303.611
303.63
303.648
303.667
303.685
303.703
303.72
303.737
303.754
303.771
303.788
303.804
303.82
303.835
303.851
303.866
303.881
303.896
303.911
303.925
303.939
303.953
303.966
303.979
303.992
304.005
304.017
304.029
304.041
304.053
304.065
304.076
304.087
304.097
304.108
304.118
304.127
304.137
304.146
304.155
304.164
304.173
304.182
304.19
304.197
304.205
304.212
304.219
304.226
304.232
304.239
304.245
304.25
304.256
304.262
304.267
304.272
304.277
304.281
304.285
304.289
304.293
304.297
304.3
304.303
304.306
304.309
304.312
304.314
304.316
304.318
304.32
304.322
304.323
304.325
304.326
304.327
304.328
304.328
304.329
304.329
304.329
304.329
304.329
304.328
304.327
304.326
304.324
304.322
304.32
304.317
304.314
304.31
304.305
304.3
304.294
304.288
304.28
304.272
304.263
304.253
304.241
304.229
304.215
304.2
304.183
304.164
304.143
304.119
304.093
304.062
304.028
303.99
303.948
303.901
303.848
303.784
303.707
303.606
303.487
303.333
303.118
302.243
302.311
302.376
302.438
302.496
302.551
302.601
302.649
302.694
302.737
302.777
302.815
302.852
302.887
302.921
302.954
302.986
303.017
303.046
303.075
303.104
303.131
303.158
303.184
303.21
303.235
303.26
303.284
303.308
303.331
303.354
303.376
303.398
303.42
303.441
303.461
303.482
303.501
303.521
303.54
303.559
303.578
303.596
303.615
303.633
303.65
303.668
303.685
303.702
303.719
303.735
303.751
303.767
303.782
303.798
303.813
303.828
303.843
303.857
303.871
303.885
303.898
303.912
303.925
303.937
303.95
303.962
303.974
303.986
303.998
304.009
304.02
304.031
304.041
304.051
304.061
304.071
304.08
304.089
304.098
304.107
304.116
304.124
304.132
304.139
304.146
304.153
304.16
304.167
304.173
304.179
304.185
304.191
304.196
304.201
304.207
304.211
304.216
304.22
304.224
304.228
304.232
304.235
304.238
304.241
304.244
304.247
304.249
304.251
304.253
304.255
304.257
304.258
304.26
304.261
304.262
304.263
304.264
304.264
304.264
304.264
304.264
304.264
304.263
304.262
304.261
304.259
304.258
304.255
304.252
304.249
304.245
304.241
304.235
304.23
304.223
304.216
304.208
304.199
304.188
304.177
304.165
304.151
304.136
304.119
304.1
304.079
304.055
304.028
303.998
303.963
303.925
303.883
303.836
303.781
303.716
303.637
303.536
303.415
303.26
303.046
302.176
302.238
302.298
302.356
302.411
302.464
302.514
302.561
302.606
302.649
302.689
302.728
302.766
302.802
302.836
302.87
302.902
302.933
302.964
302.993
303.022
303.05
303.077
303.104
303.13
303.156
303.181
303.206
303.23
303.253
303.276
303.299
303.321
303.343
303.364
303.385
303.406
303.426
303.446
303.465
303.485
303.503
303.522
303.541
303.559
303.577
303.594
303.612
303.629
303.645
303.662
303.678
303.694
303.71
303.725
303.741
303.756
303.771
303.785
303.799
303.813
303.827
303.84
303.853
303.866
303.879
303.891
303.903
303.915
303.927
303.938
303.949
303.96
303.971
303.981
303.991
304
304.01
304.019
304.028
304.037
304.046
304.054
304.062
304.069
304.077
304.084
304.091
304.097
304.104
304.11
304.116
304.121
304.127
304.132
304.137
304.142
304.147
304.151
304.155
304.159
304.163
304.166
304.169
304.172
304.175
304.178
304.18
304.182
304.184
304.186
304.188
304.19
304.191
304.192
304.193
304.194
304.195
304.195
304.196
304.196
304.195
304.195
304.194
304.193
304.192
304.191
304.189
304.186
304.184
304.18
304.176
304.172
304.167
304.161
304.155
304.147
304.139
304.13
304.12
304.109
304.097
304.083
304.068
304.051
304.032
304.011
303.987
303.96
303.93
303.895
303.857
303.815
303.766
303.71
303.644
303.564
303.463
303.341
303.185
302.976
302.109
302.165
302.221
302.275
302.328
302.378
302.426
302.473
302.517
302.56
302.6
302.639
302.677
302.713
302.748
302.782
302.815
302.847
302.878
302.908
302.937
302.965
302.993
303.02
303.047
303.073
303.098
303.123
303.148
303.171
303.195
303.218
303.24
303.262
303.284
303.305
303.326
303.346
303.366
303.386
303.406
303.425
303.444
303.462
303.481
303.499
303.516
303.534
303.551
303.568
303.585
303.601
303.617
303.633
303.649
303.664
303.679
303.694
303.709
303.723
303.737
303.751
303.764
303.778
303.791
303.803
303.816
303.828
303.84
303.852
303.863
303.874
303.885
303.896
303.906
303.916
303.926
303.936
303.945
303.954
303.963
303.971
303.98
303.988
303.995
304.003
304.01
304.017
304.024
304.03
304.036
304.042
304.048
304.053
304.059
304.064
304.069
304.073
304.078
304.082
304.086
304.089
304.093
304.096
304.099
304.102
304.105
304.107
304.109
304.111
304.113
304.115
304.117
304.118
304.119
304.12
304.121
304.122
304.122
304.123
304.123
304.123
304.122
304.122
304.121
304.119
304.118
304.116
304.114
304.111
304.107
304.104
304.099
304.094
304.088
304.082
304.075
304.067
304.058
304.048
304.037
304.024
304.011
303.995
303.979
303.96
303.938
303.915
303.888
303.858
303.823
303.785
303.742
303.693
303.636
303.569
303.488
303.387
303.265
303.11
302.907
302.041
302.094
302.145
302.196
302.245
302.293
302.34
302.385
302.428
302.47
302.51
302.549
302.587
302.623
302.658
302.692
302.725
302.757
302.788
302.819
302.848
302.877
302.905
302.933
302.96
302.986
303.012
303.037
303.061
303.086
303.109
303.132
303.155
303.177
303.199
303.221
303.242
303.262
303.283
303.303
303.322
303.342
303.361
303.38
303.398
303.416
303.434
303.452
303.469
303.486
303.503
303.52
303.536
303.552
303.568
303.583
303.599
303.614
303.628
303.643
303.657
303.671
303.684
303.698
303.711
303.724
303.736
303.749
303.761
303.772
303.784
303.795
303.806
303.817
303.827
303.837
303.847
303.857
303.866
303.875
303.884
303.893
303.901
303.909
303.917
303.924
303.932
303.939
303.945
303.952
303.958
303.964
303.97
303.976
303.981
303.986
303.991
303.996
304
304.004
304.008
304.012
304.015
304.018
304.022
304.024
304.027
304.03
304.032
304.034
304.036
304.038
304.039
304.041
304.042
304.043
304.044
304.045
304.045
304.045
304.045
304.045
304.045
304.044
304.043
304.042
304.041
304.039
304.036
304.034
304.03
304.026
304.022
304.017
304.012
304.005
303.998
303.99
303.981
303.971
303.96
303.948
303.934
303.919
303.902
303.883
303.862
303.838
303.812
303.781
303.747
303.709
303.665
303.616
303.558
303.49
303.409
303.308
303.186
303.033
302.839
301.974
302.022
302.07
302.117
302.164
302.209
302.254
302.297
302.339
302.38
302.419
302.457
302.495
302.531
302.566
302.6
302.633
302.665
302.696
302.727
302.756
302.786
302.814
302.842
302.869
302.895
302.921
302.947
302.971
302.996
303.02
303.043
303.066
303.088
303.111
303.132
303.153
303.174
303.195
303.215
303.235
303.255
303.274
303.293
303.311
303.33
303.348
303.366
303.383
303.4
303.417
303.434
303.45
303.466
303.482
303.498
303.513
303.528
303.543
303.558
303.572
303.586
303.6
303.613
303.626
303.639
303.652
303.664
303.677
303.688
303.7
303.711
303.722
303.733
303.744
303.754
303.764
303.774
303.783
303.792
303.801
303.81
303.818
303.826
303.834
303.842
303.849
303.856
303.863
303.869
303.876
303.882
303.887
303.893
303.898
303.904
303.909
303.913
303.918
303.922
303.926
303.93
303.933
303.936
303.94
303.942
303.945
303.948
303.95
303.952
303.954
303.956
303.957
303.959
303.96
303.961
303.962
303.963
303.963
303.964
303.964
303.964
303.963
303.962
303.962
303.96
303.959
303.957
303.955
303.952
303.949
303.945
303.941
303.936
303.93
303.924
303.917
303.909
303.9
303.89
303.879
303.867
303.853
303.838
303.822
303.803
303.782
303.758
303.731
303.701
303.667
303.628
303.584
303.534
303.476
303.408
303.326
303.227
303.106
302.956
302.771
301.905
301.95
301.995
302.039
302.083
302.126
302.168
302.209
302.249
302.289
302.327
302.365
302.401
302.437
302.471
302.505
302.538
302.57
302.601
302.632
302.662
302.691
302.719
302.747
302.774
302.801
302.827
302.853
302.878
302.902
302.926
302.95
302.973
302.995
303.018
303.04
303.061
303.082
303.103
303.123
303.143
303.163
303.182
303.201
303.22
303.239
303.257
303.275
303.292
303.31
303.327
303.343
303.36
303.376
303.392
303.408
303.423
303.439
303.454
303.468
303.483
303.497
303.511
303.524
303.537
303.55
303.563
303.576
303.588
303.6
303.612
303.623
303.634
303.645
303.655
303.666
303.676
303.686
303.695
303.704
303.713
303.722
303.73
303.739
303.746
303.754
303.761
303.769
303.775
303.782
303.788
303.794
303.8
303.806
303.811
303.817
303.821
303.826
303.831
303.835
303.839
303.843
303.846
303.85
303.853
303.856
303.858
303.861
303.863
303.865
303.867
303.869
303.871
303.872
303.874
303.875
303.876
303.876
303.877
303.877
303.877
303.877
303.877
303.876
303.875
303.874
303.872
303.87
303.868
303.865
303.862
303.859
303.854
303.849
303.844
303.838
303.831
303.823
303.814
303.804
303.794
303.782
303.768
303.753
303.736
303.717
303.696
303.673
303.646
303.616
303.582
303.543
303.499
303.449
303.391
303.322
303.24
303.142
303.023
302.878
302.702
301.836
301.878
301.919
301.961
302.002
302.042
302.082
302.121
302.16
302.198
302.235
302.271
302.307
302.342
302.376
302.409
302.441
302.473
302.504
302.534
302.564
302.593
302.622
302.649
302.677
302.703
302.729
302.755
302.78
302.805
302.829
302.852
302.876
302.898
302.921
302.943
302.964
302.985
303.006
303.027
303.047
303.067
303.086
303.105
303.124
303.143
303.161
303.179
303.197
303.214
303.232
303.248
303.265
303.281
303.298
303.313
303.329
303.344
303.359
303.374
303.388
303.403
303.417
303.43
303.444
303.457
303.47
303.482
303.494
303.506
303.518
303.53
303.541
303.552
303.562
303.573
303.583
303.593
303.602
303.612
303.621
303.629
303.638
303.646
303.654
303.662
303.669
303.676
303.683
303.69
303.696
303.702
303.708
303.714
303.719
303.725
303.73
303.734
303.739
303.743
303.747
303.751
303.754
303.758
303.761
303.764
303.767
303.769
303.772
303.774
303.776
303.778
303.779
303.781
303.782
303.783
303.784
303.785
303.785
303.786
303.786
303.786
303.785
303.785
303.784
303.782
303.781
303.779
303.777
303.774
303.771
303.767
303.763
303.758
303.753
303.747
303.74
303.732
303.724
303.714
303.703
303.691
303.678
303.663
303.646
303.628
303.607
303.583
303.556
303.526
303.492
303.454
303.41
303.36
303.301
303.233
303.152
303.054
302.938
302.798
302.632
301.766
301.805
301.844
301.882
301.92
301.958
301.996
302.033
302.07
302.106
302.142
302.177
302.212
302.245
302.279
302.311
302.343
302.374
302.405
302.435
302.464
302.493
302.521
302.549
302.576
302.602
302.628
302.654
302.679
302.703
302.728
302.751
302.775
302.797
302.82
302.842
302.863
302.885
302.906
302.926
302.946
302.966
302.986
303.005
303.024
303.043
303.061
303.079
303.097
303.115
303.132
303.149
303.166
303.182
303.198
303.214
303.23
303.245
303.26
303.275
303.289
303.304
303.318
303.332
303.345
303.358
303.371
303.384
303.396
303.408
303.42
303.432
303.443
303.454
303.464
303.475
303.485
303.495
303.505
303.514
303.523
303.532
303.54
303.549
303.557
303.564
303.572
303.579
303.586
303.593
303.599
303.605
303.611
303.617
303.622
303.628
303.633
303.637
303.642
303.646
303.65
303.654
303.658
303.661
303.664
303.667
303.67
303.673
303.675
303.677
303.679
303.681
303.683
303.684
303.686
303.687
303.688
303.688
303.689
303.689
303.689
303.689
303.689
303.688
303.687
303.686
303.685
303.683
303.68
303.678
303.675
303.671
303.667
303.662
303.657
303.651
303.644
303.637
303.628
303.619
303.608
303.596
303.583
303.568
303.551
303.533
303.512
303.489
303.462
303.432
303.398
303.36
303.316
303.266
303.208
303.14
303.059
302.964
302.851
302.717
302.56
301.696
301.731
301.767
301.803
301.839
301.875
301.91
301.945
301.98
302.015
302.049
302.082
302.116
302.148
302.18
302.212
302.243
302.273
302.303
302.333
302.362
302.39
302.418
302.445
302.472
302.498
302.524
302.55
302.574
302.599
302.623
302.647
302.67
302.693
302.715
302.737
302.759
302.78
302.801
302.821
302.842
302.862
302.881
302.901
302.92
302.938
302.957
302.975
302.993
303.01
303.027
303.045
303.061
303.078
303.094
303.11
303.126
303.141
303.156
303.171
303.186
303.2
303.214
303.228
303.241
303.255
303.268
303.28
303.293
303.305
303.317
303.328
303.34
303.351
303.361
303.372
303.382
303.392
303.402
303.411
303.42
303.429
303.438
303.446
303.454
303.462
303.469
303.477
303.484
303.49
303.497
303.503
303.509
303.515
303.52
303.525
303.53
303.535
303.54
303.544
303.548
303.552
303.556
303.559
303.562
303.565
303.568
303.571
303.573
303.575
303.578
303.579
303.581
303.583
303.584
303.585
303.586
303.587
303.587
303.587
303.588
303.587
303.587
303.587
303.586
303.584
303.583
303.581
303.579
303.576
303.573
303.57
303.566
303.561
303.556
303.55
303.543
303.536
303.527
303.518
303.507
303.496
303.483
303.468
303.451
303.433
303.412
303.389
303.363
303.333
303.299
303.261
303.218
303.168
303.11
303.043
302.964
302.871
302.762
302.634
302.487
301.624
301.657
301.69
301.724
301.757
301.791
301.824
301.857
301.89
301.923
301.955
301.987
302.019
302.05
302.081
302.112
302.142
302.171
302.2
302.229
302.257
302.285
302.312
302.339
302.366
302.392
302.417
302.442
302.467
302.491
302.515
302.538
302.561
302.584
302.606
302.628
302.65
302.671
302.692
302.713
302.733
302.753
302.772
302.792
302.811
302.829
302.848
302.866
302.884
302.901
302.919
302.936
302.952
302.969
302.985
303.001
303.017
303.032
303.047
303.062
303.077
303.091
303.105
303.119
303.133
303.146
303.159
303.172
303.184
303.197
303.208
303.22
303.231
303.243
303.253
303.264
303.274
303.284
303.294
303.303
303.312
303.321
303.33
303.338
303.346
303.354
303.362
303.369
303.376
303.383
303.389
303.395
303.401
303.407
303.413
303.418
303.423
303.428
303.432
303.437
303.441
303.445
303.448
303.452
303.455
303.458
303.461
303.464
303.466
303.468
303.47
303.472
303.474
303.475
303.477
303.478
303.479
303.48
303.48
303.48
303.481
303.48
303.48
303.48
303.479
303.478
303.476
303.474
303.472
303.47
303.467
303.463
303.459
303.455
303.449
303.444
303.437
303.43
303.421
303.412
303.402
303.39
303.377
303.363
303.346
303.328
303.308
303.285
303.259
303.229
303.196
303.158
303.115
303.065
303.008
302.942
302.865
302.775
302.67
302.549
302.411
301.551
301.582
301.613
301.644
301.675
301.706
301.737
301.769
301.8
301.83
301.861
301.891
301.922
301.951
301.981
302.01
302.039
302.068
302.096
302.124
302.151
302.178
302.205
302.231
302.257
302.282
302.307
302.332
302.356
302.38
302.404
302.427
302.45
302.472
302.494
302.516
302.538
302.559
302.579
302.6
302.62
302.64
302.659
302.678
302.697
302.716
302.734
302.752
302.77
302.788
302.805
302.822
302.839
302.855
302.872
302.888
302.903
302.919
302.934
302.949
302.963
302.978
302.992
303.006
303.019
303.033
303.046
303.059
303.071
303.083
303.095
303.107
303.118
303.129
303.14
303.151
303.161
303.171
303.181
303.19
303.199
303.208
303.217
303.225
303.233
303.241
303.249
303.256
303.263
303.27
303.276
303.283
303.289
303.294
303.3
303.305
303.31
303.315
303.32
303.324
303.328
303.332
303.336
303.339
303.343
303.346
303.348
303.351
303.354
303.356
303.358
303.36
303.361
303.363
303.364
303.365
303.366
303.367
303.368
303.368
303.368
303.368
303.368
303.367
303.366
303.365
303.364
303.362
303.36
303.357
303.354
303.351
303.347
303.343
303.338
303.332
303.326
303.318
303.31
303.301
303.291
303.279
303.267
303.252
303.236
303.218
303.198
303.175
303.15
303.12
303.088
303.05
303.008
302.959
302.903
302.838
302.763
302.676
302.576
302.461
302.332
301.477
301.506
301.535
301.564
301.593
301.622
301.651
301.68
301.709
301.738
301.767
301.795
301.824
301.852
301.88
301.908
301.936
301.963
301.99
302.017
302.044
302.07
302.096
302.121
302.146
302.171
302.196
302.22
302.244
302.267
302.29
302.313
302.335
302.357
302.379
302.401
302.422
302.443
302.463
302.483
302.503
302.523
302.542
302.561
302.58
302.599
302.617
302.635
302.653
302.67
302.687
302.704
302.721
302.737
302.753
302.769
302.785
302.8
302.816
302.83
302.845
302.86
302.874
302.887
302.901
302.914
302.927
302.94
302.953
302.965
302.977
302.988
303
303.011
303.022
303.032
303.043
303.053
303.062
303.072
303.081
303.09
303.099
303.107
303.115
303.123
303.13
303.138
303.145
303.152
303.158
303.164
303.17
303.176
303.182
303.187
303.192
303.197
303.202
303.206
303.21
303.214
303.218
303.221
303.224
303.228
303.23
303.233
303.236
303.238
303.24
303.242
303.244
303.245
303.246
303.248
303.248
303.249
303.25
303.25
303.25
303.25
303.25
303.249
303.249
303.247
303.246
303.244
303.242
303.24
303.237
303.234
303.23
303.225
303.221
303.215
303.209
303.201
303.194
303.185
303.175
303.163
303.151
303.137
303.121
303.103
303.083
303.061
303.035
303.007
302.974
302.938
302.896
302.848
302.793
302.73
302.657
302.574
302.479
302.371
302.251
301.403
301.429
301.456
301.483
301.509
301.536
301.563
301.59
301.618
301.645
301.672
301.699
301.726
301.752
301.779
301.806
301.832
301.858
301.884
301.91
301.935
301.96
301.985
302.01
302.034
302.058
302.082
302.105
302.128
302.151
302.174
302.196
302.218
302.24
302.261
302.282
302.303
302.323
302.344
302.364
302.383
302.403
302.422
302.44
302.459
302.477
302.495
302.513
302.531
302.548
302.565
302.582
302.599
302.615
302.631
302.647
302.662
302.678
302.693
302.708
302.722
302.736
302.751
302.764
302.778
302.791
302.804
302.817
302.829
302.841
302.853
302.865
302.876
302.888
302.898
302.909
302.919
302.929
302.939
302.948
302.958
302.966
302.975
302.983
302.992
302.999
303.007
303.014
303.021
303.028
303.035
303.041
303.047
303.053
303.058
303.064
303.069
303.073
303.078
303.082
303.087
303.091
303.094
303.098
303.101
303.104
303.107
303.11
303.112
303.114
303.116
303.118
303.12
303.122
303.123
303.124
303.125
303.126
303.126
303.127
303.127
303.127
303.127
303.126
303.125
303.124
303.123
303.121
303.119
303.117
303.114
303.111
303.107
303.103
303.098
303.092
303.086
303.079
303.072
303.063
303.053
303.042
303.03
303.016
303
302.983
302.963
302.941
302.916
302.888
302.856
302.82
302.779
302.733
302.679
302.618
302.549
302.469
302.379
302.278
302.167
301.328
301.352
301.376
301.401
301.426
301.451
301.476
301.501
301.526
301.552
301.577
301.602
301.627
301.652
301.678
301.703
301.727
301.752
301.777
301.801
301.825
301.849
301.873
301.897
301.92
301.943
301.966
301.989
302.011
302.033
302.055
302.077
302.098
302.119
302.14
302.161
302.181
302.201
302.221
302.241
302.26
302.279
302.298
302.316
302.334
302.353
302.37
302.388
302.405
302.422
302.439
302.456
302.472
302.488
302.504
302.52
302.535
302.551
302.566
302.58
302.595
302.609
302.623
302.637
302.65
302.663
302.676
302.689
302.701
302.713
302.725
302.737
302.748
302.759
302.77
302.78
302.791
302.801
302.81
302.82
302.829
302.838
302.846
302.855
302.863
302.871
302.878
302.886
302.893
302.899
302.906
302.912
302.918
302.924
302.929
302.935
302.94
302.945
302.949
302.954
302.958
302.962
302.965
302.969
302.972
302.975
302.978
302.981
302.983
302.986
302.988
302.99
302.991
302.993
302.994
302.995
302.996
302.997
302.998
302.998
302.998
302.998
302.998
302.997
302.997
302.996
302.994
302.993
302.991
302.988
302.986
302.982
302.979
302.975
302.97
302.965
302.959
302.952
302.944
302.936
302.926
302.915
302.903
302.89
302.875
302.857
302.838
302.817
302.792
302.765
302.734
302.699
302.659
302.614
302.562
302.503
302.437
302.361
302.277
302.182
302.079
301.251
301.274
301.296
301.319
301.342
301.365
301.388
301.412
301.435
301.458
301.482
301.505
301.529
301.552
301.576
301.599
301.623
301.646
301.669
301.692
301.715
301.738
301.761
301.783
301.806
301.828
301.85
301.871
301.893
301.914
301.935
301.956
301.977
301.997
302.017
302.037
302.057
302.077
302.096
302.115
302.134
302.152
302.171
302.189
302.207
302.224
302.242
302.259
302.276
302.293
302.31
302.326
302.342
302.358
302.374
302.389
302.404
302.419
302.434
302.449
302.463
302.477
302.491
302.505
302.518
302.531
302.544
302.556
302.569
302.581
302.592
302.604
302.615
302.626
302.637
302.647
302.657
302.667
302.677
302.686
302.695
302.704
302.713
302.721
302.729
302.737
302.744
302.752
302.759
302.765
302.772
302.778
302.784
302.79
302.795
302.801
302.806
302.811
302.815
302.819
302.824
302.828
302.831
302.835
302.838
302.841
302.844
302.847
302.849
302.851
302.853
302.855
302.857
302.859
302.86
302.861
302.862
302.863
302.863
302.864
302.864
302.864
302.864
302.863
302.863
302.862
302.86
302.859
302.857
302.855
302.852
302.849
302.845
302.841
302.837
302.832
302.826
302.819
302.812
302.803
302.794
302.784
302.772
302.759
302.744
302.727
302.708
302.687
302.664
302.637
302.607
302.573
302.534
302.49
302.441
302.385
302.322
302.251
302.171
302.084
301.988
301.175
301.195
301.216
301.237
301.258
301.279
301.3
301.322
301.343
301.365
301.387
301.409
301.431
301.452
301.474
301.496
301.518
301.54
301.562
301.583
301.605
301.626
301.648
301.669
301.69
301.711
301.732
301.753
301.773
301.794
301.814
301.834
301.854
301.874
301.893
301.912
301.931
301.95
301.969
301.987
302.005
302.024
302.041
302.059
302.076
302.094
302.111
302.128
302.144
302.161
302.177
302.193
302.209
302.224
302.24
302.255
302.27
302.285
302.299
302.314
302.328
302.341
302.355
302.368
302.382
302.394
302.407
302.42
302.432
302.444
302.455
302.467
302.478
302.489
302.499
302.51
302.52
302.529
302.539
302.548
302.557
302.566
302.574
302.583
302.591
302.598
302.606
302.613
302.62
302.627
302.633
302.639
302.645
302.651
302.656
302.662
302.667
302.671
302.676
302.68
302.684
302.688
302.692
302.695
302.699
302.702
302.705
302.707
302.71
302.712
302.714
302.716
302.718
302.719
302.721
302.722
302.723
302.724
302.724
302.725
302.725
302.725
302.725
302.724
302.723
302.722
302.721
302.72
302.718
302.716
302.713
302.71
302.707
302.703
302.698
302.693
302.688
302.681
302.674
302.666
302.657
302.647
302.635
302.623
302.608
302.592
302.574
302.553
302.53
302.505
302.475
302.443
302.406
302.364
302.317
302.263
302.204
302.137
302.063
301.982
301.894
301.098
301.116
301.135
301.154
301.174
301.193
301.213
301.232
301.252
301.272
301.292
301.312
301.333
301.353
301.373
301.393
301.414
301.434
301.454
301.474
301.495
301.515
301.535
301.555
301.575
301.595
301.614
301.634
301.653
301.673
301.692
301.711
301.73
301.749
301.767
301.786
301.804
301.822
301.84
301.858
301.875
301.893
301.91
301.927
301.944
301.961
301.977
301.993
302.01
302.026
302.041
302.057
302.072
302.088
302.103
302.118
302.132
302.147
302.161
302.175
302.189
302.202
302.216
302.229
302.242
302.254
302.267
302.279
302.291
302.303
302.314
302.325
302.336
302.347
302.357
302.368
302.378
302.387
302.397
302.406
302.415
302.423
302.432
302.44
302.448
302.455
302.463
302.47
302.477
302.483
302.49
302.496
302.502
302.507
302.513
302.518
302.523
302.528
302.532
302.536
302.541
302.544
302.548
302.551
302.555
302.558
302.561
302.563
302.566
302.568
302.57
302.572
302.574
302.575
302.576
302.578
302.579
302.579
302.58
302.58
302.581
302.581
302.58
302.58
302.579
302.578
302.577
302.576
302.574
302.572
302.569
302.567
302.563
302.56
302.555
302.55
302.545
302.539
302.532
302.524
302.515
302.505
302.494
302.482
302.468
302.452
302.435
302.415
302.393
302.368
302.34
302.309
302.273
302.234
302.189
302.139
302.083
302.021
301.952
301.877
301.797
301.021
301.038
301.055
301.072
301.09
301.107
301.125
301.143
301.161
301.18
301.198
301.217
301.235
301.254
301.272
301.291
301.31
301.329
301.347
301.366
301.385
301.404
301.422
301.441
301.46
301.478
301.497
301.515
301.533
301.552
301.57
301.588
301.606
301.623
301.641
301.659
301.676
301.693
301.71
301.727
301.744
301.761
301.777
301.794
301.81
301.826
301.842
301.858
301.873
301.889
301.904
301.919
301.934
301.949
301.963
301.978
301.992
302.006
302.02
302.033
302.047
302.06
302.073
302.086
302.099
302.111
302.123
302.135
302.147
302.158
302.17
302.18
302.191
302.202
302.212
302.222
302.232
302.241
302.251
302.26
302.268
302.277
302.285
302.293
302.301
302.308
302.316
302.323
302.329
302.336
302.342
302.348
302.354
302.36
302.365
302.37
302.375
302.38
302.384
302.388
302.392
302.396
302.4
302.403
302.406
302.409
302.412
302.415
302.417
302.419
302.421
302.423
302.425
302.426
302.428
302.429
302.43
302.431
302.431
302.432
302.432
302.432
302.432
302.431
302.431
302.43
302.429
302.427
302.426
302.424
302.421
302.419
302.415
302.412
302.408
302.403
302.398
302.392
302.385
302.378
302.369
302.36
302.349
302.337
302.324
302.309
302.292
302.273
302.252
302.228
302.201
302.172
302.138
302.1
302.058
302.011
301.959
301.902
301.839
301.77
301.696
300.943
300.959
300.975
300.99
301.006
301.022
301.038
301.055
301.071
301.088
301.105
301.121
301.138
301.155
301.172
301.19
301.207
301.224
301.241
301.259
301.276
301.293
301.311
301.328
301.345
301.362
301.38
301.397
301.414
301.431
301.448
301.465
301.481
301.498
301.515
301.531
301.548
301.564
301.58
301.596
301.612
301.628
301.644
301.659
301.675
301.69
301.705
301.72
301.735
301.75
301.765
301.779
301.794
301.808
301.822
301.836
301.85
301.863
301.877
301.89
301.903
301.916
301.928
301.941
301.953
301.965
301.977
301.989
302
302.011
302.022
302.033
302.043
302.053
302.064
302.073
302.083
302.092
302.101
302.11
302.119
302.127
302.135
302.143
302.15
302.158
302.165
302.172
302.178
302.185
302.191
302.197
302.203
302.208
302.213
302.218
302.223
302.228
302.232
302.236
302.24
302.244
302.247
302.251
302.254
302.257
302.26
302.262
302.265
302.267
302.269
302.271
302.272
302.274
302.275
302.276
302.277
302.278
302.279
302.279
302.279
302.279
302.279
302.279
302.278
302.277
302.276
302.275
302.273
302.272
302.269
302.267
302.264
302.26
302.256
302.252
302.247
302.241
302.235
302.227
302.219
302.21
302.2
302.189
302.176
302.162
302.146
302.128
302.107
302.085
302.06
302.031
302
301.964
301.925
301.882
301.833
301.78
301.723
301.66
301.593
300.867
300.881
300.895
300.909
300.923
300.938
300.952
300.967
300.982
300.997
301.012
301.028
301.043
301.058
301.074
301.089
301.105
301.121
301.137
301.152
301.168
301.184
301.2
301.216
301.232
301.248
301.264
301.279
301.295
301.311
301.327
301.343
301.358
301.374
301.389
301.405
301.42
301.435
301.45
301.466
301.481
301.496
301.51
301.525
301.54
301.554
301.569
301.583
301.597
301.611
301.625
301.639
301.653
301.666
301.68
301.693
301.706
301.719
301.732
301.745
301.757
301.77
301.782
301.794
301.806
301.817
301.829
301.84
301.851
301.862
301.872
301.883
301.893
301.903
301.913
301.922
301.931
301.94
301.949
301.958
301.966
301.974
301.982
301.99
301.997
302.004
302.011
302.018
302.024
302.031
302.037
302.042
302.048
302.053
302.059
302.063
302.068
302.073
302.077
302.081
302.085
302.088
302.092
302.095
302.098
302.101
302.104
302.106
302.109
302.111
302.113
302.115
302.116
302.118
302.119
302.12
302.121
302.122
302.123
302.123
302.123
302.123
302.123
302.123
302.122
302.122
302.121
302.119
302.118
302.116
302.114
302.111
302.108
302.105
302.101
302.097
302.092
302.087
302.081
302.074
302.066
302.058
302.048
302.037
302.025
302.012
301.996
301.979
301.96
301.939
301.915
301.889
301.859
301.827
301.79
301.75
301.706
301.657
301.604
301.548
301.487
300.791
300.803
300.816
300.829
300.842
300.855
300.868
300.881
300.894
300.908
300.921
300.935
300.949
300.963
300.977
300.991
301.005
301.019
301.034
301.048
301.062
301.077
301.091
301.106
301.12
301.135
301.149
301.164
301.178
301.193
301.207
301.222
301.236
301.251
301.265
301.279
301.294
301.308
301.322
301.336
301.35
301.364
301.378
301.392
301.405
301.419
301.433
301.446
301.459
301.473
301.486
301.499
301.512
301.525
301.538
301.55
301.563
301.575
301.587
301.599
301.611
301.623
301.635
301.646
301.658
301.669
301.68
301.69
301.701
301.711
301.722
301.732
301.741
301.751
301.76
301.769
301.778
301.787
301.796
301.804
301.812
301.82
301.827
301.835
301.842
301.849
301.856
301.862
301.868
301.874
301.88
301.886
301.891
301.896
301.901
301.906
301.911
301.915
301.919
301.923
301.927
301.931
301.934
301.937
301.94
301.943
301.946
301.948
301.95
301.952
301.954
301.956
301.958
301.959
301.96
301.962
301.962
301.963
301.964
301.964
301.965
301.965
301.965
301.964
301.964
301.963
301.962
301.961
301.96
301.958
301.956
301.953
301.951
301.948
301.944
301.94
301.935
301.93
301.925
301.918
301.911
301.903
301.894
301.883
301.872
301.859
301.845
301.829
301.811
301.791
301.769
301.745
301.717
301.687
301.654
301.617
301.576
301.532
301.485
301.433
301.379
300.716
300.727
300.738
300.75
300.761
300.773
300.784
300.796
300.808
300.82
300.832
300.845
300.857
300.87
300.882
300.895
300.907
300.92
300.933
300.946
300.959
300.972
300.985
300.998
301.011
301.024
301.038
301.051
301.064
301.077
301.09
301.103
301.117
301.13
301.143
301.156
301.169
301.182
301.195
301.208
301.221
301.234
301.247
301.26
301.273
301.285
301.298
301.31
301.323
301.335
301.348
301.36
301.372
301.384
301.396
301.408
301.42
301.431
301.443
301.454
301.466
301.477
301.488
301.499
301.51
301.52
301.531
301.541
301.551
301.561
301.57
301.58
301.589
301.598
301.607
301.616
301.625
301.633
301.641
301.649
301.657
301.664
301.672
301.679
301.686
301.692
301.699
301.705
301.711
301.717
301.723
301.728
301.733
301.738
301.743
301.748
301.752
301.756
301.76
301.764
301.768
301.771
301.774
301.777
301.78
301.783
301.786
301.788
301.79
301.792
301.794
301.796
301.797
301.799
301.8
301.801
301.802
301.803
301.803
301.804
301.804
301.804
301.804
301.804
301.803
301.803
301.802
301.801
301.799
301.798
301.796
301.794
301.791
301.788
301.785
301.781
301.777
301.772
301.767
301.761
301.754
301.746
301.738
301.728
301.717
301.706
301.692
301.677
301.661
301.643
301.622
301.6
301.574
301.547
301.516
301.483
301.446
301.407
301.364
301.318
301.269
300.643
300.653
300.663
300.673
300.683
300.693
300.703
300.714
300.724
300.735
300.746
300.757
300.768
300.779
300.79
300.801
300.812
300.824
300.835
300.847
300.858
300.87
300.881
300.893
300.905
300.917
300.929
300.94
300.952
300.964
300.976
300.988
301
301.012
301.024
301.036
301.048
301.06
301.071
301.083
301.095
301.107
301.119
301.131
301.142
301.154
301.166
301.177
301.189
301.2
301.212
301.223
301.234
301.245
301.257
301.268
301.279
301.29
301.3
301.311
301.322
301.332
301.342
301.353
301.363
301.373
301.382
301.392
301.401
301.411
301.42
301.429
301.438
301.446
301.455
301.463
301.471
301.479
301.487
301.495
301.502
301.509
301.516
301.523
301.529
301.536
301.542
301.548
301.554
301.559
301.565
301.57
301.575
301.58
301.584
301.589
301.593
301.597
301.601
301.604
301.608
301.611
301.614
301.617
301.62
301.623
301.625
301.627
301.63
301.631
301.633
301.635
301.636
301.638
301.639
301.64
301.641
301.642
301.642
301.643
301.643
301.643
301.643
301.643
301.642
301.642
301.641
301.64
301.639
301.637
301.636
301.633
301.631
301.628
301.625
301.622
301.618
301.613
301.608
301.603
301.596
301.589
301.581
301.572
301.563
301.552
301.539
301.526
301.511
301.494
301.475
301.454
301.432
301.407
301.379
301.349
301.316
301.281
301.243
301.202
301.159
300.572
300.58
300.589
300.598
300.607
300.616
300.625
300.634
300.643
300.652
300.662
300.671
300.681
300.691
300.701
300.71
300.72
300.73
300.741
300.751
300.761
300.771
300.782
300.792
300.802
300.813
300.823
300.834
300.845
300.855
300.866
300.876
300.887
300.898
300.908
300.919
300.93
300.941
300.951
300.962
300.973
300.983
300.994
301.005
301.015
301.026
301.037
301.047
301.058
301.068
301.079
301.089
301.099
301.11
301.12
301.13
301.14
301.15
301.16
301.17
301.18
301.19
301.199
301.209
301.218
301.227
301.237
301.246
301.254
301.263
301.272
301.28
301.288
301.296
301.304
301.312
301.32
301.327
301.335
301.342
301.349
301.355
301.362
301.368
301.374
301.38
301.386
301.392
301.397
301.403
301.408
301.413
301.417
301.422
301.426
301.431
301.435
301.438
301.442
301.445
301.449
301.452
301.455
301.458
301.46
301.463
301.465
301.467
301.469
301.471
301.473
301.475
301.476
301.477
301.479
301.48
301.48
301.481
301.482
301.482
301.483
301.483
301.483
301.482
301.482
301.482
301.481
301.48
301.479
301.477
301.476
301.474
301.472
301.469
301.466
301.463
301.459
301.455
301.451
301.445
301.44
301.433
301.426
301.418
301.409
301.399
301.387
301.375
301.361
301.346
301.329
301.31
301.29
301.268
301.243
301.216
301.187
301.156
301.122
301.086
301.048
300.503
300.511
300.518
300.526
300.533
300.541
300.549
300.557
300.565
300.573
300.581
300.59
300.598
300.607
300.615
300.624
300.632
300.641
300.65
300.659
300.668
300.677
300.686
300.695
300.704
300.713
300.723
300.732
300.741
300.75
300.76
300.769
300.779
300.788
300.798
300.807
300.817
300.826
300.836
300.845
300.855
300.864
300.874
300.884
300.893
300.903
300.912
300.922
300.931
300.941
300.95
300.96
300.969
300.978
300.988
300.997
301.006
301.015
301.024
301.033
301.042
301.051
301.06
301.069
301.077
301.086
301.094
301.103
301.111
301.119
301.127
301.134
301.142
301.15
301.157
301.164
301.171
301.178
301.185
301.192
301.198
301.204
301.21
301.216
301.222
301.228
301.233
301.239
301.244
301.249
301.253
301.258
301.262
301.267
301.271
301.275
301.279
301.282
301.286
301.289
301.292
301.295
301.298
301.3
301.303
301.305
301.308
301.31
301.312
301.313
301.315
301.316
301.318
301.319
301.32
301.321
301.322
301.323
301.323
301.324
301.324
301.324
301.324
301.324
301.324
301.323
301.322
301.322
301.321
301.319
301.318
301.316
301.314
301.312
301.309
301.306
301.303
301.299
301.295
301.29
301.285
301.279
301.272
301.265
301.257
301.248
301.238
301.226
301.214
301.2
301.185
301.169
301.151
301.131
301.109
301.086
301.06
301.033
301.003
300.972
300.939
300.438
300.444
300.451
300.457
300.464
300.47
300.477
300.484
300.491
300.498
300.505
300.512
300.519
300.527
300.534
300.541
300.549
300.556
300.564
300.572
300.579
300.587
300.595
300.603
300.611
300.619
300.627
300.635
300.643
300.651
300.659
300.668
300.676
300.684
300.692
300.701
300.709
300.717
300.726
300.734
300.743
300.751
300.76
300.768
300.776
300.785
300.793
300.802
300.81
300.819
300.827
300.836
300.844
300.852
300.861
300.869
300.877
300.886
300.894
300.902
300.91
300.918
300.926
300.934
300.942
300.949
300.957
300.964
300.972
300.979
300.986
300.994
301.001
301.007
301.014
301.021
301.027
301.034
301.04
301.046
301.052
301.058
301.063
301.069
301.074
301.079
301.084
301.089
301.094
301.099
301.103
301.107
301.111
301.115
301.119
301.123
301.126
301.13
301.133
301.136
301.139
301.142
301.144
301.147
301.149
301.151
301.153
301.155
301.157
301.159
301.16
301.162
301.163
301.164
301.165
301.166
301.167
301.168
301.168
301.169
301.169
301.169
301.169
301.169
301.169
301.168
301.168
301.167
301.166
301.165
301.163
301.162
301.16
301.158
301.156
301.153
301.15
301.147
301.143
301.138
301.134
301.128
301.122
301.116
301.109
301.1
301.091
301.082
301.071
301.058
301.045
301.031
301.015
300.997
300.978
300.958
300.936
300.912
300.887
300.859
300.831
300.376
300.381
300.387
300.392
300.398
300.404
300.409
300.415
300.421
300.427
300.433
300.439
300.445
300.451
300.457
300.464
300.47
300.477
300.483
300.49
300.496
300.503
300.51
300.516
300.523
300.53
300.537
300.544
300.551
300.558
300.565
300.572
300.579
300.586
300.593
300.6
300.608
300.615
300.622
300.63
300.637
300.644
300.652
300.659
300.666
300.674
300.681
300.689
300.696
300.703
300.711
300.718
300.726
300.733
300.74
300.748
300.755
300.762
300.77
300.777
300.784
300.791
300.798
300.805
300.812
300.819
300.826
300.833
300.839
300.846
300.852
300.859
300.865
300.871
300.877
300.883
300.889
300.895
300.901
300.906
300.912
300.917
300.922
300.927
300.932
300.937
300.941
300.946
300.95
300.954
300.958
300.962
300.966
300.969
300.973
300.976
300.98
300.983
300.986
300.988
300.991
300.994
300.996
300.998
301.001
301.003
301.004
301.006
301.008
301.009
301.011
301.012
301.013
301.015
301.015
301.016
301.017
301.018
301.018
301.019
301.019
301.019
301.019
301.019
301.019
301.018
301.018
301.017
301.016
301.015
301.014
301.013
301.011
301.009
301.007
301.005
301.002
300.999
300.996
300.992
300.988
300.983
300.978
300.972
300.966
300.958
300.95
300.942
300.932
300.922
300.91
300.897
300.884
300.869
300.852
300.835
300.816
300.795
300.774
300.751
300.726
300.318
300.323
300.327
300.332
300.337
300.341
300.346
300.351
300.356
300.361
300.366
300.371
300.376
300.381
300.387
300.392
300.397
300.403
300.408
300.414
300.419
300.425
300.43
300.436
300.442
300.448
300.453
300.459
300.465
300.471
300.477
300.483
300.489
300.495
300.501
300.507
300.514
300.52
300.526
300.532
300.539
300.545
300.551
300.557
300.564
300.57
300.577
300.583
300.589
300.596
300.602
300.609
300.615
300.621
300.628
300.634
300.641
300.647
300.653
300.66
300.666
300.672
300.678
300.685
300.691
300.697
300.703
300.709
300.715
300.72
300.726
300.732
300.737
300.743
300.748
300.754
300.759
300.764
300.769
300.774
300.779
300.783
300.788
300.792
300.797
300.801
300.805
300.809
300.813
300.817
300.821
300.824
300.828
300.831
300.834
300.837
300.84
300.843
300.845
300.848
300.85
300.853
300.855
300.857
300.859
300.861
300.863
300.864
300.866
300.867
300.868
300.87
300.871
300.872
300.873
300.873
300.874
300.875
300.875
300.876
300.876
300.876
300.876
300.876
300.876
300.875
300.875
300.874
300.874
300.873
300.872
300.871
300.869
300.868
300.866
300.864
300.861
300.859
300.856
300.852
300.849
300.845
300.84
300.835
300.829
300.823
300.816
300.809
300.8
300.791
300.782
300.771
300.759
300.746
300.732
300.717
300.701
300.684
300.666
300.646
300.626
300.266
300.269
300.273
300.277
300.281
300.284
300.288
300.292
300.296
300.301
300.305
300.309
300.313
300.317
300.322
300.326
300.331
300.335
300.34
300.344
300.349
300.353
300.358
300.363
300.368
300.372
300.377
300.382
300.387
300.392
300.397
300.402
300.407
300.412
300.417
300.422
300.427
300.433
300.438
300.443
300.448
300.454
300.459
300.464
300.47
300.475
300.481
300.486
300.491
300.497
300.502
300.508
300.513
300.519
300.524
300.53
300.535
300.541
300.546
300.552
300.557
300.562
300.568
300.573
300.578
300.584
300.589
300.594
300.599
300.604
300.609
300.614
300.619
300.624
300.628
300.633
300.638
300.642
300.646
300.651
300.655
300.659
300.663
300.667
300.671
300.675
300.678
300.682
300.685
300.689
300.692
300.695
300.698
300.701
300.704
300.707
300.709
300.712
300.714
300.716
300.718
300.721
300.723
300.724
300.726
300.728
300.729
300.731
300.732
300.734
300.735
300.736
300.737
300.738
300.739
300.739
300.74
300.74
300.741
300.741
300.741
300.742
300.742
300.742
300.742
300.741
300.741
300.74
300.74
300.739
300.738
300.737
300.736
300.734
300.733
300.731
300.729
300.727
300.724
300.721
300.718
300.715
300.711
300.706
300.702
300.696
300.69
300.684
300.677
300.669
300.661
300.652
300.642
300.631
300.62
300.607
300.594
300.58
300.564
300.548
300.531
300.218
300.221
300.224
300.227
300.23
300.233
300.236
300.24
300.243
300.246
300.25
300.253
300.256
300.26
300.263
300.267
300.271
300.274
300.278
300.282
300.285
300.289
300.293
300.297
300.301
300.305
300.309
300.313
300.317
300.321
300.325
300.329
300.333
300.337
300.342
300.346
300.35
300.354
300.359
300.363
300.367
300.372
300.376
300.381
300.385
300.39
300.394
300.399
300.403
300.408
300.412
300.417
300.421
300.426
300.431
300.435
300.44
300.444
300.449
300.454
300.458
300.463
300.467
300.472
300.476
300.481
300.485
300.49
300.494
300.498
300.502
300.507
300.511
300.515
300.519
300.523
300.527
300.531
300.535
300.538
300.542
300.545
300.549
300.552
300.556
300.559
300.562
300.565
300.568
300.571
300.574
300.577
300.579
300.582
300.584
300.587
300.589
300.591
300.593
300.595
300.597
300.599
300.601
300.602
300.604
300.605
300.607
300.608
300.609
300.61
300.612
300.613
300.613
300.614
300.615
300.616
300.616
300.617
300.617
300.617
300.618
300.618
300.618
300.618
300.618
300.617
300.617
300.617
300.616
300.616
300.615
300.614
300.613
300.612
300.61
300.609
300.607
300.605
300.603
300.601
300.598
300.595
300.592
300.588
300.584
300.579
300.575
300.569
300.563
300.557
300.55
300.543
300.534
300.526
300.516
300.506
300.495
300.483
300.471
300.458
300.444
300.176
300.178
300.18
300.183
300.185
300.188
300.19
300.193
300.196
300.198
300.201
300.204
300.207
300.209
300.212
300.215
300.218
300.221
300.224
300.227
300.23
300.233
300.236
300.239
300.242
300.245
300.248
300.252
300.255
300.258
300.262
300.265
300.268
300.272
300.275
300.279
300.282
300.285
300.289
300.293
300.296
300.3
300.303
300.307
300.311
300.314
300.318
300.322
300.325
300.329
300.333
300.337
300.34
300.344
300.348
300.352
300.356
300.359
300.363
300.367
300.371
300.374
300.378
300.382
300.386
300.389
300.393
300.397
300.4
300.404
300.408
300.411
300.415
300.418
300.421
300.425
300.428
300.431
300.435
300.438
300.441
300.444
300.447
300.45
300.453
300.455
300.458
300.461
300.463
300.466
300.468
300.47
300.473
300.475
300.477
300.479
300.481
300.483
300.485
300.486
300.488
300.49
300.491
300.493
300.494
300.495
300.496
300.498
300.499
300.5
300.501
300.501
300.502
300.503
300.504
300.504
300.505
300.505
300.505
300.506
300.506
300.506
300.506
300.506
300.506
300.506
300.506
300.505
300.505
300.504
300.504
300.503
300.502
300.501
300.5
300.499
300.497
300.496
300.494
300.492
300.49
300.487
300.484
300.481
300.478
300.474
300.47
300.466
300.461
300.456
300.45
300.444
300.438
300.431
300.423
300.415
300.406
300.396
300.386
300.376
300.365
300.139
300.141
300.143
300.145
300.147
300.149
300.151
300.153
300.155
300.157
300.159
300.162
300.164
300.166
300.168
300.17
300.173
300.175
300.177
300.18
300.182
300.185
300.187
300.189
300.192
300.194
300.197
300.2
300.202
300.205
300.207
300.21
300.213
300.215
300.218
300.221
300.224
300.227
300.229
300.232
300.235
300.238
300.241
300.244
300.247
300.25
300.253
300.256
300.259
300.262
300.265
300.268
300.271
300.274
300.277
300.28
300.283
300.286
300.289
300.292
300.295
300.298
300.302
300.305
300.308
300.311
300.314
300.317
300.32
300.323
300.326
300.328
300.331
300.334
300.337
300.34
300.343
300.345
300.348
300.351
300.353
300.356
300.358
300.361
300.363
300.365
300.367
300.37
300.372
300.374
300.376
300.378
300.38
300.382
300.383
300.385
300.387
300.388
300.39
300.391
300.393
300.394
300.395
300.397
300.398
300.399
300.4
300.401
300.402
300.403
300.404
300.404
300.405
300.406
300.406
300.407
300.407
300.407
300.408
300.408
300.408
300.408
300.408
300.408
300.408
300.408
300.408
300.408
300.407
300.407
300.407
300.406
300.405
300.404
300.403
300.402
300.401
300.4
300.398
300.397
300.395
300.393
300.391
300.388
300.386
300.383
300.379
300.376
300.372
300.368
300.363
300.358
300.353
300.347
300.341
300.335
300.328
300.32
300.312
300.304
300.295
300.11
300.111
300.113
300.114
300.116
300.117
300.119
300.12
300.122
300.124
300.125
300.127
300.129
300.13
300.132
300.134
300.136
300.137
300.139
300.141
300.143
300.145
300.147
300.149
300.151
300.153
300.155
300.157
300.159
300.161
300.163
300.165
300.167
300.169
300.171
300.174
300.176
300.178
300.18
300.182
300.185
300.187
300.189
300.192
300.194
300.196
300.199
300.201
300.203
300.206
300.208
300.211
300.213
300.216
300.218
300.221
300.223
300.226
300.228
300.231
300.233
300.235
300.238
300.24
300.243
300.245
300.248
300.25
300.253
300.255
300.257
300.26
300.262
300.264
300.267
300.269
300.271
300.273
300.276
300.278
300.28
300.282
300.284
300.286
300.288
300.29
300.292
300.294
300.295
300.297
300.299
300.3
300.302
300.304
300.305
300.306
300.308
300.309
300.31
300.312
300.313
300.314
300.315
300.316
300.317
300.318
300.319
300.32
300.321
300.321
300.322
300.323
300.323
300.324
300.324
300.325
300.325
300.325
300.326
300.326
300.326
300.326
300.326
300.326
300.326
300.326
300.326
300.326
300.325
300.325
300.325
300.324
300.324
300.323
300.322
300.321
300.32
300.319
300.318
300.317
300.315
300.314
300.312
300.31
300.308
300.305
300.303
300.3
300.297
300.294
300.29
300.286
300.282
300.277
300.273
300.267
300.262
300.256
300.25
300.243
300.236
300.086
300.087
300.089
300.09
300.091
300.092
300.093
300.095
300.096
300.097
300.098
300.1
300.101
300.102
300.104
300.105
300.107
300.108
300.11
300.111
300.112
300.114
300.115
300.117
300.119
300.12
300.122
300.123
300.125
300.127
300.128
300.13
300.132
300.133
300.135
300.137
300.138
300.14
300.142
300.144
300.146
300.147
300.149
300.151
300.153
300.155
300.157
300.159
300.161
300.163
300.164
300.166
300.168
300.17
300.172
300.174
300.176
300.178
300.18
300.182
300.184
300.186
300.188
300.19
300.192
300.194
300.196
300.198
300.2
300.202
300.204
300.206
300.208
300.21
300.212
300.213
300.215
300.217
300.219
300.221
300.222
300.224
300.226
300.227
300.229
300.231
300.232
300.234
300.235
300.237
300.238
300.239
300.241
300.242
300.243
300.244
300.246
300.247
300.248
300.249
300.25
300.251
300.252
300.253
300.253
300.254
300.255
300.256
300.256
300.257
300.257
300.258
300.258
300.259
300.259
300.26
300.26
300.26
300.261
300.261
300.261
300.261
300.261
300.261
300.261
300.261
300.261
300.261
300.261
300.26
300.26
300.26
300.259
300.259
300.258
300.257
300.257
300.256
300.255
300.254
300.252
300.251
300.25
300.248
300.246
300.244
300.242
300.24
300.238
300.235
300.232
300.229
300.226
300.222
300.218
300.214
300.21
300.205
300.2
300.195
300.19
300.07
300.071
300.072
300.073
300.074
300.075
300.076
300.077
300.078
300.079
300.08
300.081
300.082
300.083
300.084
300.085
300.086
300.088
300.089
300.09
300.091
300.092
300.094
300.095
300.096
300.097
300.099
300.1
300.101
300.103
300.104
300.105
300.107
300.108
300.11
300.111
300.112
300.114
300.115
300.117
300.118
300.12
300.121
300.123
300.124
300.126
300.127
300.129
300.131
300.132
300.134
300.135
300.137
300.139
300.14
300.142
300.144
300.145
300.147
300.149
300.15
300.152
300.153
300.155
300.157
300.158
300.16
300.162
300.163
300.165
300.167
300.168
300.17
300.171
300.173
300.174
300.176
300.177
300.179
300.18
300.182
300.183
300.185
300.186
300.187
300.189
300.19
300.191
300.193
300.194
300.195
300.196
300.197
300.198
300.199
300.2
300.201
300.202
300.203
300.204
300.205
300.206
300.207
300.207
300.208
300.209
300.209
300.21
300.211
300.211
300.212
300.212
300.213
300.213
300.213
300.214
300.214
300.214
300.215
300.215
300.215
300.215
300.215
300.215
300.215
300.215
300.215
300.215
300.215
300.214
300.214
300.214
300.213
300.213
300.212
300.212
300.211
300.211
300.21
300.209
300.208
300.207
300.206
300.204
300.203
300.201
300.2
300.198
300.196
300.193
300.191
300.189
300.186
300.183
300.18
300.177
300.173
300.169
300.165
300.161
300.157
300.061
300.062
300.063
300.064
300.065
300.065
300.066
300.067
300.068
300.069
300.07
300.071
300.072
300.073
300.074
300.075
300.076
300.077
300.078
300.079
300.08
300.081
300.082
300.083
300.084
300.085
300.086
300.088
300.089
300.09
300.091
300.092
300.094
300.095
300.096
300.097
300.099
300.1
300.101
300.102
300.104
300.105
300.106
300.108
300.109
300.11
300.112
300.113
300.115
300.116
300.117
300.119
300.12
300.122
300.123
300.125
300.126
300.128
300.129
300.131
300.132
300.133
300.135
300.136
300.138
300.139
300.141
300.142
300.144
300.145
300.146
300.148
300.149
300.151
300.152
300.153
300.155
300.156
300.158
300.159
300.16
300.161
300.163
300.164
300.165
300.166
300.167
300.169
300.17
300.171
300.172
300.173
300.174
300.175
300.176
300.177
300.178
300.179
300.179
300.18
300.181
300.182
300.183
300.183
300.184
300.184
300.185
300.186
300.186
300.187
300.187
300.188
300.188
300.188
300.189
300.189
300.189
300.19
300.19
300.19
300.19
300.19
300.19
300.19
300.19
300.19
300.19
300.19
300.19
300.19
300.189
300.189
300.189
300.188
300.188
300.187
300.187
300.186
300.186
300.185
300.184
300.183
300.182
300.181
300.179
300.178
300.176
300.175
300.173
300.171
300.169
300.167
300.164
300.162
300.159
300.156
300.153
300.15
300.146
300.143
300.139
302.453
301.81
301.376
301.052
300.804
300.61
300.459
300.341
300.251
300.182
300.13
300.091
300.063
300.043
300.029
300.019
300.012
300.008
300.005
300.003
300.002
300.001
300
300
300
300
300
300
300
300
300
300
300
300
300
300
300
300
300
300
300
300
300
300
300
300
300
300
300
300
300
302.451
301.809
301.375
301.052
300.804
300.61
300.459
300.341
300.251
300.182
300.13
300.091
300.063
300.043
300.029
300.019
300.012
300.008
300.005
300.003
300.002
300.001
300
300
300
300
300
300
300
300
300
300
300
300
300
300
300
300
300
300
300
300
300
300
300
300
300
300
300
300
300
302.445
301.808
301.375
301.052
300.804
300.61
300.459
300.341
300.251
300.182
300.13
300.091
300.063
300.043
300.029
300.019
300.012
300.008
300.005
300.003
300.002
300.001
300
300
300
300
300
300
300
300
300
300
300
300
300
300
300
300
300
300
300
300
300
300
300
300
300
300
300
300
300
302.436
301.806
301.374
301.052
300.803
300.61
300.459
300.341
300.251
300.182
300.13
300.092
300.063
300.043
300.029
300.019
300.012
300.008
300.005
300.003
300.002
300.001
300
300
300
300
300
300
300
300
300
300
300
300
300
300
300
300
300
300
300
300
300
300
300
300
300
300
300
300
300
302.424
301.803
301.373
301.051
300.803
300.61
300.459
300.341
300.251
300.182
300.13
300.092
300.063
300.043
300.029
300.019
300.012
300.008
300.005
300.003
300.002
300.001
300
300
300
300
300
300
300
300
300
300
300
300
300
300
300
300
300
300
300
300
300
300
300
300
300
300
300
300
300
302.408
301.799
301.371
301.051
300.803
300.61
300.459
300.341
300.251
300.182
300.13
300.092
300.064
300.043
300.029
300.019
300.012
300.008
300.005
300.003
300.002
300.001
300
300
300
300
300
300
300
300
300
300
300
300
300
300
300
300
300
300
300
300
300
300
300
300
300
300
300
300
300
302.389
301.793
301.369
301.049
300.802
300.609
300.458
300.341
300.251
300.182
300.13
300.092
300.064
300.043
300.029
300.019
300.012
300.008
300.005
300.003
300.002
300.001
300
300
300
300
300
300
300
300
300
300
300
300
300
300
300
300
300
300
300
300
300
300
300
300
300
300
300
300
300
302.366
301.786
301.366
301.048
300.802
300.609
300.458
300.341
300.251
300.182
300.13
300.092
300.064
300.043
300.029
300.019
300.012
300.008
300.005
300.003
300.002
300.001
300
300
300
300
300
300
300
300
300
300
300
300
300
300
300
300
300
300
300
300
300
300
300
300
300
300
300
300
300
302.34
301.777
301.362
301.046
300.8
300.608
300.458
300.341
300.251
300.182
300.13
300.092
300.064
300.043
300.029
300.019
300.012
300.008
300.005
300.003
300.002
300.001
300
300
300
300
300
300
300
300
300
300
300
300
300
300
300
300
300
300
300
300
300
300
300
300
300
300
300
300
300
302.31
301.765
301.356
301.043
300.799
300.607
300.458
300.341
300.251
300.182
300.13
300.092
300.064
300.043
300.029
300.019
300.012
300.008
300.005
300.003
300.002
300.001
300
300
300
300
300
300
300
300
300
300
300
300
300
300
300
300
300
300
300
300
300
300
300
300
300
300
300
300
300
302.276
301.751
301.35
301.039
300.797
300.606
300.457
300.34
300.251
300.182
300.13
300.092
300.064
300.044
300.029
300.019
300.012
300.008
300.005
300.003
300.002
300.001
300
300
300
300
300
300
300
300
300
300
300
300
300
300
300
300
300
300
300
300
300
300
300
300
300
300
300
300
300
302.237
301.734
301.341
301.035
300.794
300.605
300.456
300.34
300.25
300.182
300.13
300.092
300.064
300.044
300.029
300.019
300.012
300.008
300.005
300.003
300.002
300.001
300
300
300
300
300
300
300
300
300
300
300
300
300
300
300
300
300
300
300
300
300
300
300
300
300
300
300
300
300
302.195
301.714
301.331
301.029
300.79
300.602
300.454
300.339
300.25
300.181
300.13
300.092
300.064
300.044
300.029
300.019
300.012
300.008
300.005
300.003
300.002
300.001
300
300
300
300
300
300
300
300
300
300
300
300
300
300
300
300
300
300
300
300
300
300
300
300
300
300
300
300
300
302.148
301.691
301.318
301.021
300.786
300.599
300.453
300.338
300.249
300.181
300.13
300.092
300.064
300.043
300.029
300.019
300.012
300.008
300.005
300.003
300.002
300.001
300
300
300
300
300
300
300
300
300
300
300
300
300
300
300
300
300
300
300
300
300
300
300
300
300
300
300
300
300
302.097
301.664
301.303
301.012
300.78
300.596
300.45
300.336
300.248
300.18
300.129
300.091
300.063
300.043
300.029
300.019
300.012
300.008
300.005
300.003
300.002
300.001
300
300
300
300
300
300
300
300
300
300
300
300
300
300
300
300
300
300
300
300
300
300
300
300
300
300
300
300
300
302.042
301.632
301.284
301.001
300.773
300.591
300.447
300.334
300.247
300.179
300.129
300.091
300.063
300.043
300.029
300.019
300.012
300.008
300.005
300.003
300.002
300.001
300
300
300
300
300
300
300
300
300
300
300
300
300
300
300
300
300
300
300
300
300
300
300
300
300
300
300
300
300
301.982
301.597
301.263
300.987
300.764
300.585
300.443
300.332
300.245
300.178
300.128
300.09
300.063
300.043
300.029
300.019
300.012
300.008
300.005
300.003
300.002
300.001
300
300
300
300
300
300
300
300
300
300
300
300
300
300
300
300
300
300
300
300
300
300
300
300
300
300
300
300
300
301.918
301.557
301.238
300.971
300.754
300.578
300.438
300.328
300.243
300.177
300.127
300.09
300.063
300.043
300.029
300.019
300.012
300.008
300.005
300.003
300.002
300.001
300
300
300
300
300
300
300
300
300
300
300
300
300
300
300
300
300
300
300
300
300
300
300
300
300
300
300
300
300
301.85
301.513
301.209
300.953
300.741
300.57
300.433
300.324
300.24
300.175
300.126
300.089
300.062
300.042
300.029
300.019
300.012
300.008
300.005
300.003
300.002
300.001
300
300
300
300
300
300
300
300
300
300
300
300
300
300
300
300
300
300
300
300
300
300
300
300
300
300
300
300
300
301.777
301.464
301.177
300.931
300.727
300.56
300.426
300.32
300.237
300.173
300.124
300.088
300.061
300.042
300.028
300.019
300.012
300.008
300.005
300.003
300.002
300.001
300
300
300
300
300
300
300
300
300
300
300
300
300
300
300
300
300
300
300
300
300
300
300
300
300
300
300
300
300
301.7
301.41
301.141
300.906
300.71
300.548
300.418
300.314
300.233
300.17
300.122
300.087
300.061
300.041
300.028
300.018
300.012
300.008
300.005
300.003
300.002
300.001
300
300
300
300
300
300
300
300
300
300
300
300
300
300
300
300
300
300
300
300
300
300
300
300
300
300
300
300
300
301.619
301.352
301.1
300.878
300.69
300.534
300.408
300.307
300.228
300.167
300.12
300.085
300.06
300.041
300.028
300.018
300.012
300.007
300.005
300.003
300.002
300.001
300
300
300
300
300
300
300
300
300
300
300
300
300
300
300
300
300
300
300
300
300
300
300
300
300
300
300
300
300
301.534
301.289
301.055
300.847
300.668
300.519
300.397
300.3
300.223
300.163
300.118
300.084
300.058
300.04
300.027
300.018
300.012
300.007
300.005
300.003
300.001
300.001
300
300
300
300
300
300
300
300
300
300
300
300
300
300
300
300
300
300
300
300
300
300
300
300
300
300
300
300
300
301.446
301.222
301.007
300.812
300.643
300.501
300.385
300.291
300.217
300.159
300.115
300.081
300.057
300.039
300.026
300.017
300.011
300.007
300.004
300.003
300.001
300.001
300
300
300
300
300
300
300
300
300
300
300
300
300
300
300
300
300
300
300
300
300
300
300
300
300
300
300
300
300
301.354
301.151
300.954
300.773
300.615
300.481
300.37
300.28
300.209
300.154
300.111
300.079
300.055
300.038
300.026
300.017
300.011
300.007
300.004
300.003
300.001
300.001
300
300
300
300
300
300
300
300
300
300
300
300
300
300
300
300
300
300
300
300
300
300
300
300
300
300
300
300
300
301.259
301.077
300.897
300.731
300.584
300.458
300.354
300.269
300.201
300.148
300.107
300.076
300.053
300.037
300.025
300.016
300.011
300.007
300.004
300.002
300.001
300.001
300
300
300
300
300
300
300
300
300
300
300
300
300
300
300
300
300
300
300
300
300
300
300
300
300
300
300
300
300
301.163
300.999
300.837
300.686
300.55
300.434
300.336
300.256
300.192
300.141
300.103
300.073
300.051
300.035
300.024
300.016
300.01
300.007
300.004
300.002
300.001
300.001
300
300
300
300
300
300
300
300
300
300
300
300
300
300
300
300
300
300
300
300
300
300
300
300
300
300
300
300
300
301.064
300.919
300.774
300.638
300.514
300.407
300.316
300.242
300.182
300.134
300.098
300.07
300.049
300.034
300.023
300.015
300.01
300.006
300.004
300.002
300.001
300.001
300
300
300
300
300
300
300
300
300
300
300
300
300
300
300
300
300
300
300
300
300
300
300
300
300
300
300
300
300
300.965
300.838
300.709
300.587
300.476
300.378
300.295
300.226
300.17
300.126
300.092
300.066
300.046
300.032
300.022
300.014
300.009
300.006
300.004
300.002
300.001
300.001
300
300
300
300
300
300
300
300
300
300
300
300
300
300
300
300
300
300
300
300
300
300
300
300
300
300
300
300
300
300.866
300.755
300.643
300.535
300.435
300.348
300.272
300.209
300.158
300.118
300.086
300.061
300.043
300.03
300.02
300.013
300.009
300.006
300.003
300.002
300.001
300
300
300
300
300
300
300
300
300
300
300
300
300
300
300
300
300
300
300
300
300
300
300
300
300
300
300
300
300
300
300.769
300.673
300.575
300.481
300.394
300.316
300.248
300.192
300.145
300.108
300.079
300.057
300.04
300.028
300.019
300.013
300.008
300.005
300.003
300.002
300.001
300
300
300
300
300
300
300
300
300
300
300
300
300
300
300
300
300
300
300
300
300
300
300
300
300
300
300
300
300
300
300.673
300.592
300.508
300.427
300.351
300.283
300.223
300.173
300.132
300.098
300.072
300.052
300.037
300.025
300.017
300.011
300.007
300.005
300.003
300.002
300.001
300
300
300
300
300
300
300
300
300
300
300
300
300
300
300
300
300
300
300
300
300
300
300
300
300
300
300
300
300
300
300.581
300.513
300.443
300.373
300.309
300.25
300.198
300.154
300.118
300.088
300.065
300.047
300.033
300.023
300.016
300.01
300.007
300.004
300.003
300.001
300.001
300
300
300
300
300
300
300
300
300
300
299.999
299.999
299.999
299.999
299.999
299.999
299.999
299.999
299.999
299.999
299.999
299.999
299.999
299.999
299.999
299.999
299.999
299.999
299.999
299.999
300.495
300.438
300.379
300.322
300.267
300.217
300.173
300.135
300.104
300.078
300.057
300.042
300.029
300.021
300.014
300.009
300.006
300.004
300.002
300.001
300.001
300
300
300
300
300
300
300
299.999
299.999
299.999
299.999
299.999
299.999
299.999
299.999
299.999
299.999
299.999
299.999
299.999
299.999
299.999
299.999
299.999
299.999
299.999
299.999
299.999
299.999
299.999
300.414
300.368
300.32
300.272
300.227
300.185
300.148
300.116
300.09
300.068
300.05
300.036
300.026
300.018
300.012
300.008
300.005
300.003
300.002
300.001
300
300
300
300
300
300
300
299.999
299.999
299.999
299.999
299.999
299.999
299.999
299.999
299.999
299.999
299.999
299.999
299.999
299.999
299.999
299.999
299.999
299.999
299.999
299.999
299.999
299.999
299.999
299.999
300.341
300.303
300.265
300.227
300.19
300.156
300.125
300.099
300.076
300.058
300.043
300.031
300.022
300.015
300.011
300.007
300.004
300.003
300.002
300.001
300
300
300
300
300
300
299.999
299.999
299.999
299.999
299.999
299.999
299.999
299.999
299.999
299.999
299.999
299.999
299.999
299.999
299.999
299.999
299.999
299.999
299.999
299.999
299.999
299.999
299.999
299.999
299.999
300.276
300.247
300.216
300.186
300.156
300.129
300.104
300.082
300.064
300.049
300.036
300.026
300.019
300.013
300.009
300.006
300.004
300.002
300.001
300.001
300
300
300
300
300
299.999
299.999
299.999
299.999
299.999
299.999
299.999
299.999
299.999
299.999
299.999
299.999
299.999
299.999
299.999
299.999
299.999
299.999
299.999
299.999
299.999
299.999
299.999
299.999
299.999
299.999
300.222
300.199
300.175
300.151
300.127
300.105
300.086
300.068
300.053
300.04
300.03
300.022
300.016
300.011
300.008
300.005
300.003
300.002
300.001
300
300
300
300
300
299.999
299.999
299.999
299.999
299.999
299.999
299.999
299.999
299.999
299.999
299.999
299.999
299.999
299.999
299.999
299.999
299.999
299.999
299.999
299.999
299.999
299.999
299.999
299.999
299.999
299.999
299.999
300.178
300.16
300.141
300.122
300.104
300.086
300.07
300.056
300.044
300.034
300.025
300.019
300.013
300.009
300.006
300.004
300.003
300.002
300.001
300
300
300
300
300
299.999
299.999
299.999
299.999
299.999
299.999
299.999
299.999
299.999
299.999
299.999
299.999
299.999
299.999
299.999
299.999
299.999
299.999
299.999
299.999
299.999
299.999
299.999
299.999
299.999
299.999
299.999
300.147
300.133
300.117
300.102
300.087
300.073
300.059
300.048
300.037
300.029
300.022
300.016
300.011
300.008
300.005
300.004
300.002
300.001
300.001
300
300
300
300
299.999
299.999
299.999
299.999
299.999
299.999
299.999
299.999
299.999
299.999
299.999
299.999
299.999
299.999
299.999
299.999
299.999
299.999
299.999
299.999
299.999
299.999
299.999
299.999
299.999
299.999
299.999
299.999
300.131
300.118
300.105
300.091
300.078
300.065
300.053
300.043
300.034
300.026
300.02
300.014
300.01
300.007
300.005
300.003
300.002
300.001
300.001
300
300
300
300
299.999
299.999
299.999
299.999
299.999
299.999
299.999
299.999
299.999
299.999
299.999
299.999
299.999
299.999
299.999
299.999
299.999
299.999
299.999
299.999
299.999
299.999
299.999
299.999
299.999
299.999
299.999
299.999
)
;

boundaryField
{
    inlet
    {
        type            fixedValue;
        value           uniform 300;
    }
    outlet
    {
        type            zeroGradient;
    }
    top
    {
        type            zeroGradient;
    }
    slip-bottom
    {
        type            zeroGradient;
    }
    bottom
    {
        type            zeroGradient;
    }
    interface
    {
        type            fixedGradient;
        gradient        nonuniform List<scalar> 
161
(
66.6284
66.6284
45.5793
45.5793
45.5793
45.5793
34.2322
34.2322
34.2322
34.2322
29.7939
29.7939
29.7939
29.044
29.044
29.044
29.044
26.7512
26.7512
26.7512
25.9976
25.9976
25.9976
25.5754
25.5754
25.5754
25.039
25.039
25.039
24.5736
24.5736
24.5736
24.1598
24.1598
24.1598
23.768
23.768
23.768
23.4084
23.4084
23.4084
22.7101
22.7101
23.2389
23.2389
23.2389
22.5775
22.5775
22.9022
22.9022
22.9022
22.2883
22.2883
22.314
22.314
22.314
22.4261
22.4261
22.6276
22.6276
21.9554
21.9554
21.9246
21.9246
21.9796
21.9796
21.9358
21.9358
21.9358
21.8774
21.8774
21.8193
21.7595
21.7595
21.6885
21.6885
21.6293
21.6293
21.384
21.384
21.7405
21.7405
21.6201
21.6201
21.485
21.288
21.288
21.5374
21.5374
21.4497
21.2327
21.2327
21.4415
21.2665
21.2665
21.3911
21.3911
21.234
21.3398
21.3398
21.2108
21.2987
21.1884
21.1884
21.2004
21.2697
21.2697
21.1585
21.2034
21.1382
21.1382
21.1446
21.1631
21.1827
21.1827
21.134
21.1424
21.1555
21.1596
21.1596
21.1543
21.1602
21.1636
21.1628
21.1333
21.1923
21.1923
21.1973
21.1895
21.1865
21.1822
21.1763
21.1686
21.159
21.1478
21.1351
21.1213
21.1068
21.0925
21.0792
21.0682
21.0611
21.0594
21.0648
21.0791
21.1057
21.1504
21.2263
21.3636
21.4755
21.0777
21.103
21.6091
21.9584
22.4464
23.0563
25.6598
23.1898
25.9793
28.7796
39.5713
)
;
    }
    defaultFaces
    {
        type            empty;
    }
}


// ************************************************************************* //
