/*--------------------------------*- C++ -*----------------------------------*\
| =========                 |                                                 |
| \\      /  F ield         | OpenFOAM: The Open Source CFD Toolbox           |
|  \\    /   O peration     | Version:  2106                                  |
|   \\  /    A nd           | Website:  www.openfoam.com                      |
|    \\/     M anipulation  |                                                 |
\*---------------------------------------------------------------------------*/
FoamFile
{
    version     2.0;
    format      ascii;
    arch        "LSB;label=32;scalar=64";
    class       volScalarField;
    location    "1.8";
    object      T;
}
// * * * * * * * * * * * * * * * * * * * * * * * * * * * * * * * * * * * * * //

dimensions      [0 0 0 1 0 0 0];

internalField   nonuniform List<scalar> 
12013
(
300.001
300.003
300.005
300.008
300.01
300.013
300.016
300.019
300.023
300.027
300.031
300.035
300.04
300.045
300.051
300.057
300.063
300.07
300.078
300.086
300.094
300.103
300.113
300.123
300.134
300.146
300.158
300.171
300.185
300.199
300.214
300.23
300.246
300.264
300.282
300.301
300.321
300.342
300.363
300.386
300.409
300.434
300.459
300.485
300.512
300.54
300.569
300.6
300.631
300.663
300.696
300.731
300.766
300.803
300.841
300.88
300.92
300.962
301.005
301.049
301.095
301.142
301.191
301.241
301.293
301.347
301.402
301.46
301.52
301.582
301.647
301.714
301.785
301.859
301.937
302.021
302.11
302.207
302.313
302.434
302.579
300.001
300.003
300.005
300.008
300.01
300.013
300.016
300.019
300.023
300.027
300.031
300.035
300.04
300.045
300.051
300.057
300.063
300.07
300.078
300.086
300.094
300.103
300.113
300.123
300.134
300.146
300.158
300.171
300.184
300.199
300.214
300.23
300.246
300.264
300.282
300.301
300.321
300.342
300.363
300.386
300.409
300.433
300.459
300.485
300.512
300.54
300.569
300.599
300.631
300.663
300.696
300.731
300.766
300.803
300.841
300.88
300.92
300.962
301.004
301.049
301.094
301.141
301.19
301.24
301.292
301.346
301.401
301.459
301.518
301.58
301.645
301.712
301.782
301.856
301.934
302.016
302.104
302.198
302.3
302.413
302.537
300.001
300.003
300.005
300.008
300.01
300.013
300.016
300.019
300.023
300.027
300.031
300.035
300.04
300.045
300.051
300.057
300.063
300.07
300.078
300.086
300.094
300.103
300.113
300.123
300.134
300.146
300.158
300.171
300.184
300.199
300.214
300.23
300.246
300.264
300.282
300.301
300.321
300.341
300.363
300.386
300.409
300.433
300.458
300.485
300.512
300.54
300.569
300.599
300.63
300.662
300.696
300.73
300.766
300.802
300.84
300.879
300.919
300.961
301.003
301.048
301.093
301.14
301.189
301.239
301.29
301.344
301.399
301.456
301.515
301.577
301.641
301.707
301.777
301.849
301.926
302.006
302.091
302.181
302.276
302.377
302.483
300.001
300.003
300.005
300.008
300.01
300.013
300.016
300.019
300.023
300.027
300.031
300.035
300.04
300.045
300.051
300.057
300.063
300.07
300.078
300.086
300.094
300.103
300.113
300.123
300.134
300.146
300.158
300.171
300.184
300.199
300.214
300.23
300.246
300.264
300.282
300.301
300.321
300.341
300.363
300.385
300.409
300.433
300.458
300.484
300.511
300.539
300.568
300.599
300.63
300.662
300.695
300.729
300.765
300.801
300.839
300.878
300.918
300.959
301.002
301.046
301.091
301.138
301.186
301.236
301.287
301.34
301.395
301.452
301.511
301.571
301.634
301.7
301.768
301.839
301.913
301.99
302.071
302.156
302.244
302.334
302.425
300.001
300.003
300.005
300.008
300.01
300.013
300.016
300.019
300.023
300.027
300.031
300.035
300.04
300.045
300.051
300.057
300.063
300.07
300.078
300.086
300.094
300.103
300.113
300.123
300.134
300.146
300.158
300.171
300.184
300.198
300.214
300.229
300.246
300.263
300.281
300.3
300.32
300.341
300.362
300.385
300.408
300.432
300.458
300.484
300.511
300.539
300.568
300.598
300.629
300.661
300.694
300.728
300.763
300.8
300.837
300.876
300.916
300.957
301
301.043
301.088
301.135
301.183
301.232
301.283
301.336
301.39
301.446
301.504
301.563
301.625
301.689
301.756
301.824
301.896
301.969
302.046
302.124
302.205
302.286
302.366
300.001
300.003
300.005
300.008
300.01
300.013
300.016
300.019
300.023
300.027
300.031
300.035
300.04
300.045
300.051
300.057
300.063
300.07
300.078
300.086
300.094
300.103
300.113
300.123
300.134
300.145
300.158
300.17
300.184
300.198
300.213
300.229
300.246
300.263
300.281
300.3
300.32
300.34
300.362
300.384
300.408
300.432
300.457
300.483
300.51
300.538
300.567
300.597
300.627
300.659
300.692
300.726
300.762
300.798
300.835
300.874
300.913
300.954
300.997
301.04
301.085
301.131
301.178
301.227
301.277
301.329
301.383
301.438
301.494
301.553
301.613
301.675
301.74
301.806
301.874
301.943
302.015
302.087
302.161
302.234
302.306
300.001
300.003
300.005
300.008
300.01
300.013
300.016
300.019
300.023
300.027
300.031
300.035
300.04
300.045
300.051
300.057
300.063
300.07
300.077
300.085
300.094
300.103
300.113
300.123
300.134
300.145
300.157
300.17
300.184
300.198
300.213
300.229
300.245
300.262
300.281
300.299
300.319
300.34
300.361
300.384
300.407
300.431
300.456
300.482
300.509
300.536
300.565
300.595
300.626
300.658
300.69
300.724
300.759
300.795
300.832
300.871
300.91
300.951
300.992
301.035
301.08
301.125
301.172
301.22
301.27
301.321
301.373
301.427
301.482
301.539
301.598
301.658
301.719
301.783
301.847
301.913
301.979
302.046
302.114
302.18
302.246
300.001
300.003
300.005
300.008
300.01
300.013
300.016
300.019
300.023
300.027
300.031
300.035
300.04
300.045
300.051
300.057
300.063
300.07
300.077
300.085
300.094
300.103
300.112
300.123
300.133
300.145
300.157
300.17
300.183
300.198
300.212
300.228
300.245
300.262
300.28
300.299
300.318
300.339
300.36
300.383
300.406
300.43
300.454
300.48
300.507
300.535
300.563
300.593
300.624
300.655
300.688
300.721
300.756
300.792
300.829
300.867
300.906
300.946
300.987
301.03
301.073
301.118
301.164
301.212
301.26
301.31
301.361
301.414
301.468
301.523
301.579
301.637
301.696
301.756
301.816
301.878
301.94
302.002
302.064
302.125
302.184
300.001
300.003
300.005
300.008
300.01
300.013
300.016
300.019
300.023
300.027
300.031
300.035
300.04
300.045
300.05
300.056
300.063
300.07
300.077
300.085
300.094
300.103
300.112
300.122
300.133
300.144
300.157
300.169
300.183
300.197
300.212
300.228
300.244
300.261
300.279
300.298
300.317
300.338
300.359
300.381
300.404
300.428
300.453
300.479
300.505
300.533
300.561
300.591
300.621
300.652
300.685
300.718
300.752
300.788
300.824
300.862
300.9
300.94
300.981
301.022
301.065
301.109
301.155
301.201
301.248
301.297
301.347
301.398
301.45
301.503
301.557
301.612
301.668
301.725
301.782
301.839
301.897
301.954
302.011
302.067
302.122
300.001
300.003
300.005
300.008
300.01
300.013
300.016
300.019
300.023
300.027
300.031
300.035
300.04
300.045
300.05
300.056
300.063
300.07
300.077
300.085
300.093
300.102
300.112
300.122
300.133
300.144
300.156
300.169
300.182
300.196
300.211
300.227
300.243
300.26
300.278
300.297
300.316
300.337
300.358
300.38
300.403
300.426
300.451
300.476
300.503
300.53
300.558
300.587
300.618
300.649
300.681
300.714
300.748
300.783
300.819
300.856
300.893
300.932
300.973
301.014
301.056
301.099
301.143
301.188
301.234
301.282
301.33
301.379
301.429
301.48
301.532
301.584
301.637
301.69
301.744
301.798
301.851
301.904
301.957
302.008
302.059
300.001
300.003
300.005
300.008
300.01
300.013
300.016
300.019
300.023
300.026
300.03
300.035
300.04
300.045
300.05
300.056
300.063
300.069
300.077
300.085
300.093
300.102
300.111
300.121
300.132
300.144
300.156
300.168
300.182
300.196
300.21
300.226
300.242
300.259
300.277
300.295
300.315
300.335
300.356
300.378
300.4
300.424
300.448
300.474
300.5
300.527
300.555
300.584
300.613
300.644
300.676
300.708
300.742
300.776
300.812
300.848
300.885
300.924
300.963
301.003
301.044
301.086
301.129
301.173
301.218
301.263
301.31
301.357
301.405
301.454
301.503
301.552
301.602
301.652
301.703
301.753
301.802
301.852
301.9
301.948
301.995
300.001
300.003
300.005
300.008
300.01
300.013
300.016
300.019
300.023
300.026
300.03
300.035
300.039
300.045
300.05
300.056
300.062
300.069
300.076
300.084
300.093
300.101
300.111
300.121
300.132
300.143
300.155
300.167
300.181
300.195
300.209
300.225
300.241
300.258
300.275
300.294
300.313
300.333
300.354
300.375
300.398
300.421
300.445
300.47
300.496
300.523
300.551
300.579
300.609
300.639
300.67
300.702
300.735
300.769
300.804
300.839
300.876
300.913
300.951
300.991
301.031
301.071
301.113
301.156
301.199
301.243
301.287
301.332
301.378
301.424
301.471
301.517
301.564
301.611
301.658
301.705
301.751
301.797
301.842
301.886
301.93
300.001
300.003
300.005
300.008
300.01
300.013
300.016
300.019
300.023
300.026
300.03
300.035
300.039
300.044
300.05
300.056
300.062
300.069
300.076
300.084
300.092
300.101
300.11
300.12
300.131
300.142
300.154
300.166
300.18
300.193
300.208
300.223
300.239
300.256
300.274
300.292
300.311
300.331
300.351
300.373
300.395
300.418
300.442
300.467
300.492
300.518
300.546
300.574
300.603
300.632
300.663
300.695
300.727
300.76
300.794
300.829
300.864
300.901
300.938
300.976
301.015
301.054
301.095
301.135
301.177
301.219
301.261
301.304
301.348
301.392
301.435
301.48
301.524
301.568
301.611
301.655
301.698
301.74
301.782
301.823
301.863
300.001
300.003
300.005
300.008
300.01
300.013
300.016
300.019
300.022
300.026
300.03
300.034
300.039
300.044
300.05
300.055
300.062
300.068
300.076
300.083
300.092
300.1
300.11
300.12
300.13
300.141
300.153
300.165
300.178
300.192
300.207
300.222
300.237
300.254
300.271
300.289
300.308
300.328
300.348
300.369
300.391
300.414
300.438
300.462
300.487
300.513
300.54
300.567
300.596
300.625
300.655
300.686
300.717
300.75
300.783
300.817
300.851
300.887
300.923
300.96
300.997
301.035
301.074
301.113
301.152
301.192
301.233
301.274
301.315
301.356
301.397
301.439
301.48
301.521
301.562
301.602
301.642
301.682
301.721
301.759
301.796
300.001
300.003
300.005
300.008
300.01
300.013
300.016
300.019
300.022
300.026
300.03
300.034
300.039
300.044
300.049
300.055
300.061
300.068
300.075
300.083
300.091
300.1
300.109
300.119
300.129
300.14
300.152
300.164
300.177
300.19
300.205
300.22
300.235
300.252
300.269
300.287
300.305
300.325
300.345
300.365
300.387
300.409
300.433
300.456
300.481
300.507
300.533
300.56
300.588
300.616
300.645
300.675
300.706
300.738
300.77
300.803
300.836
300.87
300.905
300.941
300.977
301.013
301.05
301.087
301.125
301.163
301.201
301.24
301.279
301.318
301.356
301.395
301.434
301.472
301.51
301.548
301.585
301.621
301.657
301.693
301.728
300.001
300.003
300.005
300.008
300.01
300.013
300.016
300.019
300.022
300.026
300.03
300.034
300.038
300.043
300.049
300.055
300.061
300.067
300.074
300.082
300.09
300.099
300.108
300.118
300.128
300.139
300.15
300.162
300.175
300.189
300.203
300.217
300.233
300.249
300.266
300.283
300.302
300.321
300.34
300.361
300.382
300.404
300.427
300.45
300.474
300.499
300.525
300.551
300.578
300.606
300.635
300.664
300.694
300.724
300.755
300.787
300.819
300.852
300.885
300.919
300.954
300.989
301.024
301.059
301.095
301.131
301.167
301.204
301.24
301.276
301.313
301.349
301.385
301.42
301.456
301.491
301.525
301.559
301.593
301.626
301.658
300.001
300.003
300.005
300.008
300.01
300.013
300.016
300.019
300.022
300.026
300.029
300.034
300.038
300.043
300.048
300.054
300.06
300.067
300.074
300.081
300.089
300.098
300.107
300.116
300.126
300.137
300.149
300.16
300.173
300.186
300.2
300.215
300.23
300.246
300.262
300.28
300.298
300.316
300.336
300.356
300.376
300.398
300.42
300.443
300.466
300.491
300.516
300.541
300.568
300.594
300.622
300.65
300.679
300.708
300.738
300.769
300.8
300.831
300.863
300.896
300.928
300.962
300.995
301.028
301.062
301.096
301.13
301.164
301.198
301.233
301.266
301.3
301.334
301.367
301.4
301.432
301.464
301.496
301.527
301.557
301.587
300.001
300.003
300.005
300.007
300.01
300.013
300.015
300.018
300.022
300.025
300.029
300.033
300.038
300.043
300.048
300.053
300.059
300.066
300.073
300.08
300.088
300.096
300.105
300.115
300.125
300.135
300.147
300.158
300.171
300.184
300.197
300.212
300.226
300.242
300.258
300.275
300.293
300.311
300.33
300.349
300.37
300.391
300.412
300.434
300.457
300.481
300.505
300.53
300.555
300.581
300.608
300.635
300.663
300.691
300.72
300.749
300.779
300.809
300.839
300.87
300.901
300.932
300.964
300.995
301.027
301.059
301.091
301.123
301.155
301.186
301.218
301.249
301.28
301.311
301.342
301.372
301.401
301.431
301.459
301.488
301.515
300.001
300.003
300.005
300.007
300.01
300.012
300.015
300.018
300.021
300.025
300.029
300.033
300.037
300.042
300.047
300.053
300.059
300.065
300.072
300.079
300.087
300.095
300.104
300.113
300.123
300.133
300.144
300.156
300.168
300.181
300.194
300.208
300.223
300.238
300.254
300.27
300.287
300.305
300.323
300.342
300.362
300.382
300.403
300.425
300.447
300.47
300.493
300.517
300.542
300.567
300.592
300.618
300.645
300.672
300.699
300.727
300.755
300.783
300.812
300.841
300.871
300.9
300.93
300.959
300.989
301.019
301.049
301.079
301.108
301.138
301.167
301.196
301.225
301.254
301.282
301.31
301.337
301.364
301.391
301.417
301.443
300.001
300.003
300.005
300.007
300.01
300.012
300.015
300.018
300.021
300.025
300.028
300.032
300.037
300.041
300.046
300.052
300.058
300.064
300.071
300.078
300.085
300.093
300.102
300.111
300.121
300.131
300.142
300.153
300.165
300.177
300.19
300.204
300.218
300.233
300.248
300.264
300.281
300.298
300.316
300.334
300.354
300.373
300.393
300.414
300.436
300.457
300.48
300.503
300.526
300.55
300.575
300.599
300.625
300.65
300.676
300.703
300.729
300.756
300.783
300.811
300.838
300.866
300.893
300.921
300.949
300.977
301.005
301.032
301.06
301.087
301.114
301.141
301.168
301.194
301.22
301.246
301.271
301.296
301.321
301.345
301.369
300.001
300.003
300.005
300.007
300.009
300.012
300.015
300.018
300.021
300.024
300.028
300.032
300.036
300.041
300.046
300.051
300.057
300.063
300.069
300.076
300.084
300.092
300.1
300.109
300.118
300.128
300.139
300.15
300.161
300.173
300.186
300.199
300.213
300.227
300.242
300.258
300.274
300.291
300.308
300.326
300.344
300.363
300.382
300.402
300.423
300.444
300.465
300.487
300.509
300.532
300.555
300.579
300.603
300.627
300.651
300.676
300.701
300.727
300.752
300.778
300.803
300.829
300.855
300.881
300.907
300.933
300.958
300.984
301.009
301.035
301.06
301.085
301.109
301.133
301.157
301.181
301.205
301.228
301.25
301.273
301.294
300.001
300.003
300.005
300.007
300.009
300.012
300.014
300.017
300.02
300.024
300.027
300.031
300.035
300.04
300.045
300.05
300.055
300.061
300.068
300.075
300.082
300.09
300.098
300.106
300.115
300.125
300.135
300.146
300.157
300.169
300.181
300.194
300.207
300.221
300.235
300.25
300.266
300.282
300.298
300.315
300.333
300.351
300.37
300.389
300.408
300.428
300.449
300.469
300.491
300.512
300.534
300.556
300.579
300.602
300.625
300.648
300.671
300.695
300.719
300.743
300.766
300.79
300.814
300.838
300.862
300.886
300.91
300.934
300.957
300.98
301.003
301.026
301.049
301.071
301.093
301.115
301.137
301.158
301.179
301.199
301.219
300.001
300.003
300.005
300.007
300.009
300.011
300.014
300.017
300.02
300.023
300.027
300.03
300.034
300.039
300.044
300.049
300.054
300.06
300.066
300.073
300.08
300.087
300.095
300.103
300.112
300.122
300.131
300.142
300.153
300.164
300.176
300.188
300.201
300.214
300.228
300.242
300.257
300.272
300.288
300.304
300.321
300.338
300.356
300.374
300.393
300.411
300.431
300.45
300.47
300.491
300.511
300.532
300.553
300.574
300.596
300.618
300.639
300.661
300.683
300.706
300.728
300.75
300.772
300.794
300.816
300.838
300.86
300.882
300.903
300.925
300.946
300.967
300.988
301.008
301.028
301.048
301.068
301.087
301.106
301.125
301.144
300.001
300.003
300.005
300.007
300.009
300.011
300.014
300.016
300.019
300.022
300.026
300.03
300.034
300.038
300.042
300.047
300.053
300.058
300.064
300.071
300.077
300.085
300.092
300.1
300.109
300.118
300.127
300.137
300.147
300.158
300.169
300.181
300.193
300.206
300.219
300.233
300.247
300.262
300.277
300.292
300.308
300.324
300.341
300.358
300.375
300.393
300.411
300.43
300.448
300.467
300.486
300.506
300.526
300.545
300.565
300.585
300.606
300.626
300.646
300.667
300.687
300.708
300.728
300.748
300.768
300.789
300.809
300.828
300.848
300.868
300.887
300.906
300.925
300.944
300.962
300.981
300.998
301.016
301.034
301.051
301.068
300.001
300.003
300.004
300.006
300.009
300.011
300.013
300.016
300.019
300.022
300.025
300.029
300.032
300.037
300.041
300.046
300.051
300.056
300.062
300.068
300.075
300.082
300.089
300.097
300.105
300.113
300.122
300.132
300.142
300.152
300.163
300.174
300.186
300.198
300.21
300.223
300.236
300.25
300.264
300.279
300.294
300.309
300.325
300.341
300.357
300.373
300.39
300.407
300.425
300.442
300.46
300.478
300.496
300.515
300.533
300.552
300.57
300.589
300.608
300.626
300.645
300.664
300.682
300.701
300.719
300.738
300.756
300.774
300.792
300.81
300.827
300.845
300.862
300.879
300.896
300.912
300.929
300.945
300.961
300.976
300.991
300.001
300.003
300.004
300.006
300.008
300.01
300.013
300.015
300.018
300.021
300.024
300.028
300.031
300.035
300.039
300.044
300.049
300.054
300.06
300.065
300.072
300.078
300.085
300.093
300.1
300.108
300.117
300.126
300.135
300.145
300.155
300.166
300.177
300.188
300.2
300.212
300.225
300.238
300.251
300.264
300.278
300.293
300.307
300.322
300.337
300.353
300.368
300.384
300.4
300.416
300.433
300.449
300.466
300.483
300.5
300.517
300.534
300.551
300.568
300.585
300.602
300.619
300.636
300.653
300.669
300.686
300.703
300.719
300.735
300.751
300.767
300.783
300.799
300.814
300.829
300.844
300.859
300.873
300.888
300.902
300.916
300.001
300.002
300.004
300.006
300.008
300.01
300.012
300.015
300.017
300.02
300.023
300.026
300.03
300.034
300.038
300.042
300.047
300.052
300.057
300.062
300.068
300.075
300.081
300.088
300.096
300.103
300.111
300.12
300.129
300.138
300.147
300.157
300.167
300.178
300.189
300.2
300.212
300.224
300.236
300.249
300.262
300.275
300.289
300.302
300.316
300.33
300.345
300.359
300.374
300.389
300.404
300.419
300.434
300.45
300.465
300.48
300.496
300.511
300.527
300.542
300.558
300.573
300.588
300.603
300.619
300.634
300.649
300.663
300.678
300.692
300.707
300.721
300.735
300.749
300.762
300.776
300.789
300.802
300.815
300.828
300.84
300.001
300.002
300.004
300.006
300.008
300.01
300.012
300.014
300.017
300.019
300.022
300.025
300.028
300.032
300.036
300.04
300.044
300.049
300.054
300.059
300.065
300.071
300.077
300.083
300.09
300.097
300.105
300.113
300.121
300.13
300.139
300.148
300.157
300.167
300.177
300.188
300.199
300.21
300.221
300.233
300.245
300.257
300.269
300.282
300.294
300.307
300.32
300.334
300.347
300.361
300.374
300.388
300.402
300.415
300.429
300.443
300.457
300.471
300.485
300.499
300.513
300.527
300.54
300.554
300.568
300.581
300.594
300.608
300.621
300.634
300.646
300.659
300.672
300.684
300.696
300.708
300.72
300.732
300.743
300.755
300.766
300.001
300.002
300.004
300.005
300.007
300.009
300.011
300.013
300.016
300.018
300.021
300.024
300.027
300.03
300.034
300.038
300.042
300.046
300.051
300.056
300.061
300.066
300.072
300.078
300.085
300.091
300.098
300.106
300.113
300.121
300.129
300.138
300.147
300.156
300.165
300.175
300.185
300.195
300.205
300.216
300.226
300.237
300.249
300.26
300.272
300.283
300.295
300.307
300.319
300.331
300.344
300.356
300.368
300.381
300.393
300.406
300.418
300.431
300.443
300.455
300.468
300.48
300.492
300.504
300.516
300.528
300.54
300.552
300.564
300.575
300.587
300.598
300.609
300.62
300.631
300.642
300.652
300.662
300.673
300.683
300.693
300.001
300.002
300.004
300.005
300.007
300.009
300.01
300.012
300.015
300.017
300.02
300.022
300.025
300.028
300.032
300.035
300.039
300.043
300.047
300.052
300.057
300.062
300.067
300.073
300.079
300.085
300.091
300.098
300.105
300.112
300.12
300.127
300.135
300.144
300.152
300.161
300.17
300.179
300.188
300.198
300.208
300.218
300.228
300.238
300.248
300.259
300.269
300.28
300.291
300.302
300.313
300.324
300.335
300.346
300.357
300.368
300.379
300.39
300.401
300.412
300.423
300.434
300.445
300.455
300.466
300.476
300.487
300.497
300.508
300.518
300.528
300.538
300.548
300.557
300.567
300.576
300.585
300.595
300.604
300.612
300.621
300.001
300.002
300.003
300.005
300.006
300.008
300.01
300.012
300.014
300.016
300.018
300.021
300.023
300.026
300.029
300.033
300.036
300.04
300.044
300.048
300.052
300.057
300.062
300.067
300.072
300.078
300.084
300.09
300.096
300.103
300.11
300.117
300.124
300.131
300.139
300.147
300.155
300.163
300.171
300.18
300.189
300.197
300.206
300.216
300.225
300.234
300.243
300.253
300.263
300.272
300.282
300.291
300.301
300.311
300.321
300.33
300.34
300.35
300.359
300.369
300.379
300.388
300.398
300.407
300.416
300.426
300.435
300.444
300.453
300.462
300.47
300.479
300.488
300.496
300.504
300.513
300.521
300.529
300.537
300.544
300.552
300.001
300.002
300.003
300.004
300.006
300.007
300.009
300.011
300.013
300.015
300.017
300.019
300.022
300.024
300.027
300.03
300.033
300.037
300.04
300.044
300.048
300.052
300.056
300.061
300.066
300.071
300.076
300.082
300.087
300.093
300.099
300.106
300.112
300.119
300.125
300.132
300.139
300.147
300.154
300.162
300.169
300.177
300.185
300.193
300.201
300.209
300.218
300.226
300.234
300.243
300.251
300.26
300.268
300.277
300.285
300.293
300.302
300.31
300.319
300.327
300.335
300.344
300.352
300.36
300.368
300.376
300.384
300.392
300.4
300.407
300.415
300.422
300.43
300.437
300.444
300.452
300.459
300.465
300.472
300.479
300.486
300.001
300.002
300.003
300.004
300.005
300.007
300.008
300.01
300.011
300.013
300.015
300.017
300.02
300.022
300.024
300.027
300.03
300.033
300.036
300.04
300.043
300.047
300.051
300.055
300.059
300.064
300.069
300.073
300.078
300.084
300.089
300.094
300.1
300.106
300.112
300.118
300.124
300.131
300.137
300.144
300.15
300.157
300.164
300.171
300.178
300.185
300.192
300.199
300.207
300.214
300.221
300.229
300.236
300.243
300.25
300.258
300.265
300.272
300.279
300.287
300.294
300.301
300.308
300.315
300.322
300.329
300.336
300.342
300.349
300.356
300.362
300.368
300.375
300.381
300.387
300.393
300.399
300.405
300.411
300.417
300.423
300
300.001
300.003
300.004
300.005
300.006
300.007
300.009
300.01
300.012
300.014
300.016
300.018
300.02
300.022
300.024
300.027
300.03
300.032
300.035
300.039
300.042
300.045
300.049
300.053
300.057
300.061
300.065
300.069
300.074
300.079
300.083
300.088
300.093
300.099
300.104
300.109
300.115
300.12
300.126
300.132
300.138
300.144
300.15
300.156
300.162
300.168
300.174
300.18
300.186
300.193
300.199
300.205
300.211
300.217
300.224
300.23
300.236
300.242
300.248
300.254
300.26
300.266
300.272
300.278
300.284
300.29
300.295
300.301
300.307
300.312
300.318
300.323
300.328
300.334
300.339
300.344
300.349
300.354
300.359
300.364
300
300.001
300.002
300.003
300.004
300.005
300.007
300.008
300.009
300.011
300.012
300.014
300.016
300.017
300.019
300.022
300.024
300.026
300.029
300.031
300.034
300.037
300.04
300.043
300.046
300.05
300.053
300.057
300.061
300.065
300.069
300.073
300.077
300.081
300.086
300.09
300.095
300.1
300.104
300.109
300.114
300.119
300.124
300.129
300.134
300.139
300.145
300.15
300.155
300.16
300.166
300.171
300.176
300.181
300.186
300.192
300.197
300.202
300.207
300.212
300.217
300.223
300.228
300.233
300.237
300.242
300.247
300.252
300.257
300.261
300.266
300.271
300.275
300.28
300.284
300.288
300.293
300.297
300.301
300.305
300.309
300
300.001
300.002
300.003
300.004
300.005
300.006
300.007
300.008
300.009
300.011
300.012
300.014
300.015
300.017
300.019
300.021
300.023
300.025
300.027
300.03
300.032
300.035
300.037
300.04
300.043
300.046
300.049
300.052
300.056
300.059
300.063
300.066
300.07
300.074
300.078
300.081
300.085
300.089
300.093
300.098
300.102
300.106
300.11
300.115
300.119
300.123
300.128
300.132
300.136
300.141
300.145
300.149
300.154
300.158
300.162
300.167
300.171
300.175
300.18
300.184
300.188
300.192
300.196
300.2
300.204
300.209
300.212
300.216
300.22
300.224
300.228
300.232
300.235
300.239
300.243
300.246
300.25
300.253
300.256
300.26
300
300.001
300.002
300.002
300.003
300.004
300.005
300.006
300.007
300.008
300.009
300.011
300.012
300.013
300.015
300.016
300.018
300.02
300.022
300.024
300.026
300.028
300.03
300.032
300.035
300.037
300.04
300.042
300.045
300.048
300.051
300.054
300.057
300.06
300.063
300.066
300.069
300.073
300.076
300.079
300.083
300.086
300.09
300.093
300.097
300.1
300.104
300.107
300.111
300.115
300.118
300.122
300.126
300.129
300.133
300.136
300.14
300.143
300.147
300.151
300.154
300.157
300.161
300.164
300.168
300.171
300.174
300.178
300.181
300.184
300.187
300.19
300.193
300.196
300.199
300.202
300.205
300.208
300.211
300.214
300.217
300
300.001
300.002
300.002
300.003
300.004
300.004
300.005
300.006
300.007
300.008
300.009
300.01
300.011
300.013
300.014
300.016
300.017
300.019
300.02
300.022
300.024
300.026
300.028
300.03
300.032
300.034
300.036
300.038
300.041
300.043
300.045
300.048
300.051
300.053
300.056
300.059
300.061
300.064
300.067
300.07
300.073
300.076
300.078
300.081
300.084
300.087
300.09
300.093
300.096
300.099
300.102
300.105
300.108
300.111
300.114
300.117
300.12
300.123
300.126
300.129
300.131
300.134
300.137
300.14
300.142
300.145
300.148
300.151
300.153
300.156
300.158
300.161
300.163
300.166
300.168
300.171
300.173
300.175
300.178
300.18
300
300.001
300.001
300.002
300.003
300.003
300.004
300.005
300.005
300.006
300.007
300.008
300.009
300.01
300.011
300.012
300.013
300.015
300.016
300.017
300.019
300.02
300.022
300.024
300.025
300.027
300.029
300.031
300.033
300.035
300.037
300.039
300.041
300.043
300.045
300.048
300.05
300.052
300.055
300.057
300.059
300.062
300.064
300.066
300.069
300.071
300.074
300.076
300.079
300.081
300.084
300.086
300.089
300.091
300.094
300.096
300.099
300.101
300.103
300.106
300.108
300.11
300.113
300.115
300.117
300.12
300.122
300.124
300.126
300.129
300.131
300.133
300.135
300.137
300.139
300.141
300.143
300.145
300.147
300.149
300.151
300
300.001
300.001
300.002
300.002
300.003
300.003
300.004
300.005
300.005
300.006
300.007
300.008
300.009
300.01
300.011
300.012
300.013
300.014
300.015
300.017
300.018
300.019
300.021
300.022
300.024
300.026
300.027
300.029
300.031
300.032
300.034
300.036
300.038
300.04
300.042
300.044
300.046
300.048
300.05
300.052
300.054
300.056
300.058
300.06
300.062
300.064
300.066
300.068
300.071
300.073
300.075
300.077
300.079
300.081
300.083
300.085
300.087
300.089
300.091
300.093
300.095
300.097
300.099
300.101
300.103
300.105
300.107
300.109
300.111
300.113
300.114
300.116
300.118
300.12
300.122
300.123
300.125
300.127
300.128
300.13
300
300.001
300.001
300.002
300.002
300.003
300.003
300.004
300.004
300.005
300.006
300.007
300.007
300.008
300.009
300.01
300.011
300.012
300.013
300.014
300.016
300.017
300.018
300.019
300.021
300.022
300.024
300.025
300.027
300.028
300.03
300.031
300.033
300.035
300.037
300.038
300.04
300.042
300.044
300.046
300.047
300.049
300.051
300.053
300.055
300.057
300.059
300.061
300.063
300.065
300.067
300.069
300.07
300.072
300.074
300.076
300.078
300.08
300.082
300.084
300.085
300.087
300.089
300.091
300.093
300.094
300.096
300.098
300.1
300.101
300.103
300.105
300.106
300.108
300.109
300.111
300.112
300.114
300.116
300.117
300.118
302.77
302.895
302.97
303.04
303.101
303.15
303.183
303.221
303.258
303.293
303.322
303.354
303.386
303.418
303.449
303.479
303.507
303.532
303.558
303.585
303.61
303.637
303.663
303.688
303.713
303.738
303.762
303.785
303.809
303.831
303.854
303.876
303.898
303.919
303.94
303.961
303.981
304.001
304.021
304.04
304.059
304.077
304.097
304.117
304.137
304.155
304.172
304.19
304.209
304.227
304.244
304.26
304.277
304.293
304.31
304.327
304.345
304.361
304.378
304.393
304.406
304.42
304.434
304.449
304.463
304.478
304.492
304.505
304.519
304.532
304.545
304.558
304.57
304.582
304.593
304.605
304.616
304.627
304.637
304.648
304.66
304.671
304.681
304.69
304.699
304.707
304.716
304.726
304.734
304.742
304.748
304.756
304.764
304.771
304.778
304.786
304.793
304.798
304.805
304.81
304.815
304.82
304.825
304.829
304.834
304.839
304.843
304.846
304.849
304.852
304.855
304.858
304.861
304.864
304.866
304.868
304.869
304.871
304.872
304.873
304.874
304.874
304.875
304.874
304.874
304.873
304.872
304.87
304.868
304.865
304.862
304.857
304.853
304.847
304.841
304.833
304.825
304.816
304.806
304.795
304.782
304.769
304.754
304.737
304.719
304.699
304.676
304.652
304.624
304.593
304.554
304.514
304.474
304.429
304.378
304.319
304.254
304.143
304.039
303.905
303.726
302.67
302.78
302.866
302.939
303.001
303.054
303.098
303.139
303.179
303.215
303.249
303.283
303.316
303.349
303.38
303.411
303.44
303.468
303.495
303.522
303.549
303.575
303.602
303.628
303.653
303.678
303.703
303.727
303.75
303.774
303.797
303.819
303.841
303.863
303.884
303.905
303.926
303.946
303.966
303.986
304.005
304.024
304.044
304.064
304.083
304.102
304.12
304.138
304.156
304.174
304.192
304.208
304.225
304.242
304.259
304.276
304.293
304.309
304.326
304.341
304.355
304.369
304.384
304.398
304.413
304.427
304.441
304.455
304.469
304.482
304.495
304.508
304.52
304.532
304.544
304.555
304.566
304.578
304.588
304.599
304.611
304.622
304.632
304.641
304.65
304.658
304.667
304.677
304.685
304.693
304.7
304.708
304.716
304.723
304.73
304.737
304.744
304.75
304.756
304.762
304.767
304.772
304.777
304.781
304.786
304.791
304.795
304.798
304.802
304.805
304.808
304.811
304.814
304.816
304.818
304.82
304.822
304.824
304.825
304.826
304.827
304.827
304.827
304.827
304.826
304.826
304.824
304.823
304.82
304.817
304.814
304.81
304.805
304.799
304.793
304.786
304.778
304.769
304.759
304.747
304.735
304.721
304.706
304.69
304.671
304.651
304.629
304.604
304.576
304.544
304.506
304.467
304.426
304.379
304.327
304.266
304.197
304.089
303.98
303.84
303.644
302.588
302.685
302.768
302.841
302.905
302.96
303.009
303.054
303.096
303.135
303.172
303.208
303.243
303.276
303.309
303.34
303.37
303.399
303.428
303.456
303.483
303.51
303.537
303.564
303.59
303.615
303.64
303.665
303.689
303.712
303.735
303.758
303.781
303.803
303.825
303.846
303.867
303.887
303.908
303.928
303.948
303.967
303.987
304.007
304.026
304.045
304.063
304.082
304.1
304.118
304.136
304.153
304.17
304.187
304.204
304.221
304.238
304.254
304.27
304.286
304.3
304.315
304.33
304.344
304.359
304.373
304.388
304.401
304.415
304.428
304.442
304.454
304.467
304.479
304.491
304.502
304.514
304.525
304.536
304.547
304.558
304.569
304.579
304.589
304.598
304.607
304.616
304.625
304.633
304.641
304.649
304.657
304.664
304.672
304.679
304.686
304.693
304.699
304.705
304.711
304.716
304.721
304.726
304.731
304.735
304.74
304.744
304.747
304.751
304.754
304.757
304.76
304.763
304.765
304.768
304.77
304.771
304.773
304.774
304.775
304.776
304.776
304.777
304.776
304.776
304.775
304.774
304.772
304.77
304.767
304.763
304.759
304.754
304.749
304.743
304.735
304.727
304.718
304.708
304.697
304.685
304.671
304.656
304.639
304.621
304.601
304.578
304.553
304.525
304.493
304.455
304.416
304.374
304.327
304.273
304.211
304.137
304.032
303.918
303.772
303.565
302.515
302.6
302.678
302.748
302.812
302.869
302.92
302.968
303.012
303.053
303.092
303.129
303.165
303.2
303.233
303.266
303.297
303.327
303.357
303.386
303.414
303.442
303.469
303.496
303.522
303.548
303.574
303.599
303.623
303.647
303.671
303.694
303.717
303.739
303.761
303.783
303.804
303.825
303.846
303.866
303.886
303.906
303.926
303.946
303.966
303.985
304.003
304.022
304.04
304.059
304.076
304.094
304.111
304.128
304.145
304.162
304.179
304.196
304.212
304.227
304.243
304.257
304.272
304.287
304.302
304.316
304.33
304.344
304.358
304.372
304.385
304.398
304.41
304.422
304.435
304.446
304.458
304.469
304.48
304.491
304.503
304.513
304.523
304.533
304.542
304.551
304.56
304.569
304.578
304.586
304.594
304.602
304.609
304.617
304.624
304.631
304.638
304.644
304.65
304.656
304.661
304.667
304.672
304.676
304.681
304.685
304.69
304.693
304.697
304.7
304.703
304.706
304.709
304.711
304.714
304.716
304.717
304.719
304.72
304.721
304.722
304.723
304.723
304.722
304.722
304.721
304.72
304.718
304.716
304.713
304.709
304.705
304.701
304.695
304.689
304.682
304.674
304.665
304.655
304.643
304.631
304.617
304.602
304.586
304.567
304.547
304.524
304.499
304.471
304.439
304.401
304.362
304.319
304.271
304.216
304.152
304.075
303.972
303.854
303.703
303.49
302.445
302.521
302.593
302.66
302.722
302.779
302.831
302.88
302.925
302.968
303.009
303.047
303.085
303.12
303.155
303.188
303.22
303.252
303.282
303.312
303.341
303.369
303.397
303.424
303.451
303.478
303.504
303.529
303.554
303.578
303.602
303.626
303.649
303.672
303.694
303.716
303.738
303.759
303.78
303.801
303.822
303.842
303.862
303.882
303.901
303.921
303.94
303.959
303.977
303.995
304.013
304.031
304.049
304.066
304.083
304.1
304.117
304.134
304.15
304.166
304.181
304.196
304.211
304.226
304.241
304.255
304.27
304.284
304.298
304.311
304.324
304.337
304.35
304.363
304.375
304.387
304.398
304.41
304.421
304.432
304.443
304.454
304.464
304.474
304.483
304.493
304.502
304.511
304.519
304.528
304.536
304.543
304.551
304.559
304.566
304.573
304.58
304.586
304.592
304.598
304.604
304.609
304.614
304.619
304.623
304.628
304.632
304.636
304.639
304.642
304.646
304.649
304.651
304.654
304.656
304.658
304.66
304.662
304.663
304.664
304.665
304.665
304.665
304.665
304.665
304.664
304.663
304.661
304.658
304.656
304.652
304.648
304.643
304.638
304.632
304.625
304.617
304.608
304.598
304.586
304.574
304.56
304.545
304.529
304.51
304.49
304.467
304.442
304.413
304.381
304.344
304.304
304.261
304.212
304.155
304.09
304.011
303.908
303.787
303.633
303.418
302.377
302.446
302.512
302.575
302.635
302.691
302.743
302.792
302.838
302.882
302.923
302.963
303.001
303.038
303.073
303.107
303.14
303.172
303.204
303.234
303.264
303.293
303.321
303.349
303.377
303.403
303.43
303.456
303.481
303.506
303.53
303.554
303.578
303.601
303.624
303.646
303.668
303.69
303.711
303.732
303.753
303.773
303.794
303.814
303.833
303.853
303.872
303.891
303.91
303.928
303.947
303.964
303.982
304
304.017
304.034
304.051
304.068
304.084
304.1
304.116
304.131
304.146
304.161
304.176
304.191
304.205
304.219
304.233
304.247
304.26
304.273
304.286
304.299
304.311
304.323
304.335
304.346
304.358
304.369
304.38
304.391
304.401
304.411
304.421
304.43
304.439
304.448
304.457
304.465
304.474
304.481
304.489
304.497
304.504
304.511
304.518
304.524
304.531
304.536
304.542
304.547
304.552
304.557
304.562
304.566
304.571
304.574
304.578
304.581
304.584
304.587
304.59
304.593
304.595
304.597
304.599
304.601
304.602
304.603
304.604
304.604
304.604
304.604
304.604
304.603
304.602
304.6
304.598
304.595
304.591
304.587
304.583
304.577
304.571
304.564
304.556
304.547
304.537
304.526
304.514
304.5
304.485
304.468
304.45
304.429
304.407
304.381
304.353
304.32
304.283
304.243
304.199
304.149
304.092
304.025
303.944
303.841
303.718
303.562
303.349
302.31
302.373
302.434
302.493
302.55
302.604
302.655
302.704
302.75
302.794
302.836
302.877
302.915
302.953
302.989
303.023
303.057
303.09
303.122
303.153
303.183
303.213
303.242
303.27
303.298
303.325
303.352
303.378
303.404
303.429
303.454
303.478
303.502
303.526
303.549
303.572
303.594
303.616
303.638
303.659
303.68
303.701
303.721
303.742
303.762
303.781
303.801
303.82
303.839
303.857
303.876
303.894
303.912
303.929
303.947
303.964
303.981
303.998
304.014
304.031
304.046
304.062
304.077
304.092
304.107
304.122
304.137
304.151
304.165
304.179
304.192
304.206
304.218
304.231
304.244
304.256
304.268
304.279
304.291
304.302
304.313
304.324
304.334
304.344
304.354
304.364
304.373
304.382
304.391
304.399
304.408
304.416
304.423
304.431
304.438
304.445
304.452
304.459
304.465
304.471
304.477
304.482
304.487
304.492
304.497
304.501
304.505
304.509
304.513
304.516
304.52
304.523
304.525
304.528
304.53
304.532
304.534
304.536
304.537
304.538
304.539
304.54
304.54
304.54
304.539
304.538
304.537
304.535
304.533
304.53
304.527
304.523
304.518
304.513
304.506
304.499
304.491
304.483
304.473
304.462
304.449
304.436
304.421
304.404
304.386
304.365
304.342
304.317
304.288
304.256
304.219
304.178
304.134
304.083
304.025
303.956
303.874
303.771
303.647
303.49
303.281
302.243
302.301
302.358
302.413
302.467
302.519
302.568
302.616
302.662
302.706
302.748
302.788
302.827
302.865
302.901
302.937
302.971
303.004
303.037
303.068
303.099
303.129
303.159
303.187
303.216
303.243
303.271
303.297
303.323
303.349
303.374
303.399
303.423
303.447
303.47
303.493
303.516
303.538
303.56
303.582
303.603
303.624
303.645
303.665
303.685
303.705
303.725
303.744
303.763
303.782
303.801
303.819
303.837
303.855
303.873
303.89
303.907
303.924
303.941
303.957
303.973
303.989
304.004
304.019
304.035
304.049
304.064
304.078
304.093
304.107
304.12
304.133
304.147
304.159
304.172
304.184
304.196
304.208
304.22
304.231
304.242
304.253
304.263
304.274
304.284
304.293
304.303
304.312
304.321
304.329
304.337
304.346
304.353
304.361
304.368
304.376
304.382
304.389
304.395
304.401
304.407
304.413
304.418
304.423
304.427
304.432
304.436
304.44
304.444
304.447
304.451
304.454
304.457
304.459
304.462
304.464
304.466
304.467
304.468
304.47
304.47
304.471
304.471
304.471
304.47
304.469
304.468
304.466
304.464
304.461
304.458
304.454
304.449
304.444
304.438
304.431
304.423
304.414
304.404
304.393
304.381
304.368
304.353
304.336
304.318
304.297
304.274
304.249
304.22
304.187
304.151
304.11
304.065
304.013
303.954
303.884
303.801
303.698
303.574
303.417
303.214
302.176
302.23
302.282
302.334
302.385
302.434
302.482
302.529
302.573
302.616
302.658
302.699
302.738
302.775
302.812
302.848
302.882
302.916
302.948
302.98
303.012
303.042
303.072
303.101
303.13
303.158
303.185
303.212
303.239
303.264
303.29
303.315
303.34
303.364
303.387
303.411
303.434
303.456
303.478
303.5
303.522
303.543
303.564
303.585
303.605
303.625
303.645
303.665
303.684
303.703
303.722
303.74
303.758
303.776
303.794
303.812
303.829
303.846
303.863
303.879
303.895
303.911
303.927
303.942
303.957
303.972
303.987
304.002
304.016
304.03
304.044
304.057
304.07
304.083
304.096
304.108
304.121
304.133
304.144
304.156
304.167
304.178
304.188
304.199
304.209
304.218
304.228
304.237
304.246
304.255
304.263
304.271
304.279
304.287
304.294
304.302
304.308
304.315
304.321
304.328
304.333
304.339
304.344
304.349
304.354
304.359
304.363
304.367
304.371
304.374
304.377
304.381
304.383
304.386
304.388
304.391
304.392
304.394
304.395
304.397
304.397
304.398
304.398
304.398
304.397
304.397
304.395
304.394
304.391
304.389
304.385
304.381
304.377
304.371
304.365
304.358
304.351
304.342
304.332
304.321
304.309
304.296
304.281
304.264
304.245
304.225
304.202
304.176
304.147
304.115
304.078
304.037
303.992
303.94
303.88
303.809
303.725
303.622
303.498
303.344
303.148
302.109
302.158
302.208
302.256
302.304
302.351
302.397
302.441
302.485
302.527
302.568
302.608
302.646
302.684
302.72
302.756
302.791
302.824
302.857
302.89
302.921
302.952
302.982
303.011
303.04
303.068
303.096
303.123
303.15
303.176
303.202
303.227
303.252
303.276
303.3
303.324
303.347
303.37
303.393
303.415
303.436
303.458
303.479
303.5
303.521
303.541
303.561
303.581
303.6
303.619
303.638
303.657
303.675
303.693
303.711
303.729
303.746
303.763
303.78
303.797
303.813
303.829
303.845
303.86
303.876
303.891
303.906
303.92
303.935
303.949
303.963
303.976
303.99
304.003
304.016
304.028
304.04
304.052
304.064
304.076
304.087
304.098
304.109
304.119
304.129
304.139
304.149
304.158
304.167
304.176
304.184
304.193
304.201
304.208
304.216
304.223
304.23
304.237
304.243
304.249
304.255
304.261
304.266
304.271
304.276
304.281
304.285
304.289
304.293
304.296
304.3
304.303
304.306
304.309
304.311
304.313
304.315
304.317
304.318
304.319
304.32
304.321
304.321
304.321
304.32
304.319
304.318
304.316
304.314
304.311
304.308
304.304
304.3
304.294
304.288
304.281
304.274
304.265
304.255
304.245
304.232
304.219
304.204
304.188
304.169
304.149
304.126
304.1
304.071
304.038
304.002
303.961
303.915
303.862
303.802
303.731
303.646
303.544
303.421
303.269
303.082
302.041
302.087
302.133
302.178
302.223
302.268
302.311
302.354
302.396
302.437
302.477
302.516
302.554
302.591
302.627
302.662
302.697
302.731
302.764
302.796
302.827
302.858
302.888
302.918
302.947
302.975
303.003
303.031
303.058
303.084
303.11
303.135
303.161
303.185
303.209
303.233
303.257
303.28
303.302
303.325
303.347
303.368
303.39
303.411
303.432
303.452
303.472
303.492
303.512
303.531
303.55
303.569
303.587
303.605
303.623
303.641
303.659
303.676
303.693
303.71
303.726
303.742
303.758
303.774
303.79
303.805
303.82
303.835
303.849
303.863
303.877
303.891
303.904
303.918
303.931
303.943
303.956
303.968
303.98
303.991
304.003
304.014
304.025
304.035
304.045
304.055
304.065
304.074
304.083
304.092
304.101
304.109
304.117
304.125
304.133
304.14
304.147
304.154
304.16
304.166
304.172
304.178
304.183
304.189
304.193
304.198
304.203
304.207
304.211
304.214
304.218
304.221
304.224
304.226
304.229
304.231
304.233
304.235
304.236
304.237
304.238
304.239
304.239
304.239
304.238
304.237
304.236
304.234
304.232
304.23
304.226
304.222
304.218
304.213
304.207
304.2
304.192
304.184
304.174
304.163
304.151
304.138
304.123
304.107
304.088
304.068
304.045
304.019
303.99
303.958
303.921
303.88
303.834
303.781
303.72
303.649
303.564
303.463
303.341
303.194
303.016
301.972
302.015
302.058
302.101
302.143
302.185
302.226
302.267
302.307
302.347
302.385
302.423
302.46
302.497
302.532
302.567
302.601
302.635
302.667
302.699
302.731
302.762
302.792
302.822
302.851
302.879
302.907
302.935
302.962
302.988
303.014
303.04
303.065
303.09
303.114
303.138
303.162
303.185
303.208
303.23
303.253
303.274
303.296
303.317
303.338
303.359
303.379
303.399
303.419
303.438
303.457
303.476
303.495
303.513
303.531
303.549
303.567
303.584
303.601
303.618
303.635
303.651
303.667
303.683
303.699
303.714
303.729
303.744
303.759
303.773
303.787
303.801
303.814
303.828
303.841
303.854
303.866
303.878
303.89
303.902
303.914
303.925
303.936
303.946
303.957
303.967
303.976
303.986
303.995
304.004
304.013
304.021
304.029
304.037
304.045
304.052
304.059
304.066
304.073
304.079
304.085
304.091
304.096
304.101
304.106
304.111
304.115
304.119
304.123
304.127
304.131
304.134
304.137
304.139
304.142
304.144
304.146
304.148
304.149
304.15
304.151
304.152
304.152
304.152
304.152
304.151
304.149
304.148
304.146
304.143
304.14
304.136
304.132
304.126
304.12
304.114
304.106
304.098
304.088
304.078
304.066
304.052
304.038
304.021
304.003
303.982
303.959
303.934
303.905
303.873
303.836
303.795
303.749
303.695
303.634
303.563
303.479
303.379
303.26
303.117
302.949
301.903
301.943
301.983
302.023
302.063
302.102
302.141
302.18
302.218
302.256
302.293
302.33
302.366
302.401
302.436
302.47
302.504
302.537
302.569
302.601
302.632
302.663
302.693
302.722
302.751
302.78
302.808
302.835
302.862
302.889
302.915
302.941
302.966
302.991
303.015
303.039
303.063
303.086
303.109
303.132
303.154
303.176
303.198
303.219
303.24
303.261
303.281
303.301
303.321
303.341
303.36
303.379
303.398
303.416
303.434
303.452
303.47
303.488
303.505
303.522
303.538
303.555
303.571
303.587
303.603
303.618
303.634
303.649
303.663
303.678
303.692
303.706
303.72
303.733
303.746
303.759
303.772
303.784
303.796
303.808
303.819
303.831
303.842
303.852
303.863
303.873
303.883
303.892
303.902
303.911
303.919
303.928
303.936
303.944
303.952
303.959
303.966
303.973
303.98
303.986
303.992
303.998
304.004
304.009
304.014
304.019
304.023
304.027
304.031
304.035
304.038
304.042
304.045
304.047
304.05
304.052
304.054
304.056
304.057
304.059
304.059
304.06
304.06
304.06
304.06
304.059
304.058
304.056
304.054
304.051
304.048
304.045
304.04
304.035
304.029
304.023
304.015
304.007
303.997
303.987
303.975
303.962
303.947
303.931
303.913
303.892
303.869
303.844
303.815
303.783
303.746
303.705
303.659
303.606
303.545
303.474
303.39
303.292
303.176
303.039
302.88
301.833
301.87
301.907
301.945
301.982
302.019
302.056
302.093
302.129
302.165
302.201
302.236
302.271
302.305
302.339
302.372
302.405
302.437
302.469
302.5
302.531
302.561
302.591
302.62
302.649
302.677
302.705
302.732
302.759
302.786
302.812
302.838
302.863
302.888
302.912
302.936
302.96
302.983
303.006
303.029
303.051
303.074
303.095
303.117
303.138
303.158
303.179
303.199
303.219
303.239
303.258
303.277
303.296
303.314
303.333
303.351
303.369
303.386
303.403
303.421
303.437
303.454
303.47
303.486
303.502
303.518
303.533
303.548
303.563
303.577
303.592
303.606
303.62
303.633
303.646
303.659
303.672
303.684
303.697
303.709
303.72
303.732
303.743
303.753
303.764
303.774
303.784
303.794
303.803
303.812
303.821
303.83
303.838
303.846
303.854
303.861
303.868
303.875
303.882
303.888
303.894
303.9
303.906
303.911
303.916
303.921
303.926
303.93
303.934
303.938
303.941
303.945
303.948
303.95
303.953
303.955
303.957
303.959
303.96
303.962
303.963
303.963
303.963
303.963
303.963
303.962
303.961
303.959
303.957
303.955
303.952
303.948
303.944
303.939
303.933
303.926
303.919
303.911
303.901
303.891
303.879
303.866
303.852
303.835
303.817
303.797
303.774
303.749
303.72
303.688
303.652
303.611
303.565
303.512
303.451
303.381
303.299
303.203
303.09
302.959
302.809
301.762
301.797
301.831
301.866
301.901
301.936
301.971
302.005
302.04
302.074
302.108
302.142
302.175
302.208
302.241
302.273
302.305
302.336
302.367
302.398
302.428
302.457
302.487
302.515
302.544
302.572
302.599
302.627
302.653
302.68
302.706
302.731
302.756
302.781
302.805
302.83
302.853
302.877
302.9
302.922
302.945
302.967
302.988
303.01
303.031
303.052
303.072
303.092
303.112
303.132
303.151
303.171
303.189
303.208
303.226
303.245
303.262
303.28
303.297
303.314
303.331
303.348
303.364
303.38
303.396
303.412
303.427
303.443
303.457
303.472
303.486
303.501
303.514
303.528
303.541
303.554
303.567
303.58
303.592
303.604
303.616
303.627
303.638
303.649
303.66
303.67
303.68
303.69
303.699
303.709
303.717
303.726
303.734
303.743
303.75
303.758
303.765
303.772
303.779
303.785
303.791
303.797
303.803
303.808
303.813
303.818
303.823
303.827
303.831
303.835
303.839
303.842
303.845
303.848
303.85
303.853
303.855
303.857
303.858
303.859
303.86
303.861
303.861
303.861
303.861
303.86
303.859
303.857
303.855
303.853
303.85
303.846
303.842
303.837
303.831
303.825
303.818
303.809
303.8
303.79
303.778
303.765
303.751
303.735
303.717
303.697
303.674
303.649
303.621
303.589
303.553
303.512
303.466
303.414
303.354
303.284
303.204
303.11
303.002
302.877
302.736
301.69
301.722
301.754
301.787
301.82
301.852
301.885
301.918
301.95
301.983
302.015
302.047
302.079
302.11
302.142
302.173
302.203
302.234
302.264
302.294
302.323
302.352
302.38
302.409
302.437
302.464
302.491
302.518
302.544
302.57
302.596
302.621
302.646
302.671
302.695
302.719
302.743
302.766
302.789
302.811
302.834
302.856
302.877
302.899
302.92
302.941
302.961
302.981
303.001
303.021
303.04
303.059
303.078
303.097
303.115
303.133
303.151
303.169
303.186
303.203
303.22
303.237
303.253
303.27
303.286
303.301
303.317
303.332
303.347
303.362
303.376
303.39
303.404
303.418
303.431
303.444
303.457
303.47
303.482
303.494
303.506
303.518
303.529
303.54
303.55
303.561
303.571
303.581
303.59
303.599
303.608
303.617
303.626
303.634
303.642
303.649
303.656
303.664
303.67
303.677
303.683
303.689
303.695
303.7
303.705
303.71
303.715
303.719
303.723
303.727
303.731
303.734
303.737
303.74
303.743
303.745
303.747
303.749
303.75
303.752
303.753
303.753
303.754
303.754
303.753
303.752
303.751
303.75
303.748
303.745
303.742
303.739
303.735
303.73
303.724
303.718
303.711
303.703
303.694
303.684
303.672
303.659
303.645
303.629
303.611
303.592
303.569
303.544
303.516
303.485
303.449
303.409
303.363
303.311
303.252
303.184
303.105
303.015
302.911
302.793
302.661
301.617
301.647
301.677
301.707
301.738
301.768
301.799
301.83
301.86
301.891
301.921
301.952
301.982
302.012
302.042
302.072
302.101
302.13
302.159
302.188
302.217
302.245
302.272
302.3
302.327
302.354
302.381
302.407
302.433
302.458
302.484
302.509
302.533
302.558
302.582
302.605
302.629
302.652
302.674
302.697
302.719
302.741
302.762
302.784
302.805
302.825
302.846
302.866
302.886
302.905
302.925
302.944
302.963
302.981
303
303.018
303.035
303.053
303.07
303.088
303.105
303.121
303.138
303.154
303.17
303.186
303.201
303.216
303.231
303.246
303.261
303.275
303.289
303.302
303.316
303.329
303.342
303.355
303.367
303.379
303.391
303.403
303.414
303.425
303.436
303.446
303.456
303.466
303.476
303.485
303.494
303.503
303.511
303.519
303.527
303.535
303.542
303.549
303.556
303.563
303.569
303.575
303.581
303.586
303.591
303.596
303.601
303.605
303.609
303.613
303.617
303.62
303.624
303.626
303.629
303.631
303.634
303.635
303.637
303.638
303.639
303.64
303.64
303.64
303.64
303.639
303.638
303.637
303.635
303.632
303.629
303.626
303.622
303.617
303.612
303.606
303.598
303.591
303.582
303.572
303.56
303.548
303.534
303.518
303.501
303.481
303.459
303.434
303.406
303.375
303.34
303.3
303.255
303.204
303.146
303.08
303.004
302.917
302.818
302.706
302.582
301.543
301.571
301.599
301.627
301.655
301.684
301.712
301.741
301.77
301.799
301.827
301.856
301.885
301.913
301.942
301.97
301.998
302.026
302.054
302.082
302.109
302.136
302.163
302.19
302.216
302.242
302.268
302.294
302.319
302.344
302.369
302.393
302.418
302.441
302.465
302.488
302.511
302.534
302.557
302.579
302.601
302.622
302.644
302.665
302.685
302.706
302.726
302.746
302.766
302.785
302.805
302.824
302.842
302.861
302.879
302.897
302.915
302.933
302.95
302.967
302.984
303.001
303.017
303.033
303.049
303.065
303.08
303.096
303.111
303.125
303.14
303.154
303.168
303.182
303.195
303.209
303.222
303.234
303.247
303.259
303.271
303.282
303.294
303.305
303.315
303.326
303.336
303.346
303.356
303.365
303.374
303.383
303.391
303.4
303.407
303.415
303.423
303.43
303.436
303.443
303.449
303.455
303.461
303.467
303.472
303.477
303.482
303.486
303.49
303.494
303.498
303.501
303.504
303.507
303.51
303.512
303.514
303.516
303.518
303.519
303.52
303.521
303.521
303.521
303.521
303.52
303.519
303.518
303.516
303.514
303.511
303.507
303.503
303.499
303.493
303.487
303.481
303.473
303.464
303.454
303.443
303.431
303.417
303.401
303.384
303.365
303.343
303.319
303.291
303.261
303.226
303.187
303.143
303.093
303.036
302.972
302.899
302.815
302.721
302.616
302.5
301.468
301.494
301.52
301.546
301.572
301.599
301.626
301.652
301.679
301.706
301.733
301.76
301.787
301.814
301.841
301.868
301.895
301.921
301.948
301.974
302
302.026
302.052
302.078
302.104
302.129
302.154
302.179
302.203
302.228
302.252
302.276
302.299
302.323
302.346
302.369
302.391
302.414
302.436
302.457
302.479
302.5
302.521
302.542
302.563
302.583
302.603
302.623
302.642
302.662
302.681
302.699
302.718
302.736
302.754
302.772
302.79
302.808
302.825
302.842
302.859
302.875
302.891
302.908
302.924
302.939
302.955
302.97
302.985
303
303.014
303.028
303.042
303.056
303.07
303.083
303.096
303.108
303.121
303.133
303.145
303.157
303.168
303.179
303.19
303.2
303.21
303.22
303.23
303.239
303.248
303.257
303.266
303.274
303.282
303.29
303.297
303.304
303.311
303.318
303.324
303.33
303.336
303.341
303.347
303.352
303.356
303.361
303.365
303.369
303.373
303.376
303.379
303.382
303.385
303.387
303.389
303.391
303.393
303.394
303.395
303.396
303.396
303.397
303.396
303.396
303.395
303.393
303.392
303.389
303.387
303.383
303.379
303.375
303.37
303.364
303.357
303.349
303.341
303.331
303.32
303.308
303.295
303.279
303.262
303.243
303.222
303.198
303.171
303.141
303.107
303.069
303.026
302.978
302.923
302.86
302.79
302.711
302.622
302.523
302.415
301.393
301.416
301.44
301.465
301.489
301.514
301.539
301.563
301.589
301.614
301.639
301.664
301.689
301.715
301.74
301.765
301.791
301.816
301.841
301.866
301.891
301.916
301.941
301.965
301.99
302.014
302.038
302.062
302.086
302.109
302.133
302.156
302.179
302.202
302.224
302.246
302.268
302.29
302.312
302.333
302.354
302.375
302.396
302.416
302.436
302.456
302.476
302.496
302.515
302.534
302.553
302.571
302.59
302.608
302.626
302.643
302.661
302.678
302.695
302.712
302.729
302.745
302.761
302.777
302.793
302.809
302.824
302.839
302.854
302.869
302.883
302.898
302.911
302.925
302.939
302.952
302.965
302.977
302.99
303.002
303.014
303.026
303.037
303.048
303.059
303.069
303.079
303.089
303.099
303.108
303.117
303.126
303.135
303.143
303.151
303.159
303.166
303.173
303.18
303.187
303.193
303.199
303.205
303.211
303.216
303.221
303.226
303.23
303.234
303.238
303.242
303.245
303.249
303.252
303.254
303.257
303.259
303.261
303.262
303.264
303.265
303.266
303.266
303.266
303.266
303.265
303.264
303.263
303.261
303.259
303.256
303.253
303.249
303.245
303.24
303.234
303.228
303.22
303.212
303.202
303.192
303.18
303.167
303.152
303.135
303.117
303.096
303.072
303.046
303.017
302.984
302.947
302.905
302.858
302.805
302.745
302.678
302.603
302.519
302.427
302.326
301.316
301.338
301.36
301.383
301.405
301.428
301.451
301.474
301.498
301.521
301.544
301.568
301.592
301.615
301.639
301.663
301.687
301.71
301.734
301.758
301.781
301.805
301.829
301.852
301.875
301.898
301.922
301.944
301.967
301.99
302.012
302.035
302.057
302.079
302.101
302.122
302.144
302.165
302.186
302.206
302.227
302.247
302.268
302.287
302.307
302.327
302.346
302.365
302.384
302.403
302.421
302.439
302.457
302.475
302.493
302.51
302.528
302.545
302.562
302.578
302.595
302.611
302.627
302.643
302.659
302.674
302.689
302.704
302.719
302.734
302.748
302.762
302.776
302.789
302.803
302.816
302.829
302.841
302.854
302.866
302.878
302.889
302.901
302.912
302.922
302.933
302.943
302.953
302.963
302.972
302.981
302.99
302.998
303.007
303.015
303.022
303.03
303.037
303.044
303.05
303.057
303.063
303.069
303.074
303.079
303.084
303.089
303.094
303.098
303.102
303.106
303.109
303.112
303.115
303.118
303.12
303.123
303.124
303.126
303.128
303.129
303.129
303.13
303.13
303.13
303.129
303.128
303.127
303.126
303.123
303.121
303.118
303.114
303.11
303.105
303.099
303.093
303.086
303.077
303.068
303.058
303.046
303.033
303.019
303.003
302.984
302.964
302.941
302.916
302.887
302.855
302.819
302.779
302.734
302.683
302.626
302.562
302.491
302.413
302.327
302.234
301.239
301.259
301.28
301.301
301.321
301.342
301.364
301.385
301.407
301.428
301.45
301.472
301.494
301.516
301.538
301.56
301.583
301.605
301.627
301.649
301.672
301.694
301.716
301.738
301.76
301.782
301.804
301.826
301.848
301.869
301.891
301.912
301.933
301.954
301.975
301.996
302.017
302.037
302.058
302.078
302.098
302.117
302.137
302.156
302.175
302.194
302.213
302.232
302.25
302.268
302.286
302.304
302.322
302.339
302.357
302.374
302.391
302.408
302.424
302.441
302.457
302.473
302.489
302.504
302.52
302.535
302.55
302.565
302.579
302.594
302.608
302.622
302.636
302.649
302.662
302.675
302.688
302.701
302.713
302.725
302.737
302.748
302.759
302.77
302.781
302.792
302.802
302.812
302.821
302.83
302.84
302.848
302.857
302.865
302.873
302.881
302.888
302.895
302.902
302.909
302.915
302.921
302.927
302.932
302.938
302.943
302.947
302.952
302.956
302.96
302.964
302.967
302.97
302.973
302.976
302.979
302.981
302.983
302.984
302.986
302.987
302.988
302.988
302.988
302.988
302.988
302.987
302.986
302.984
302.982
302.98
302.977
302.973
302.969
302.964
302.959
302.952
302.945
302.938
302.929
302.919
302.907
302.895
302.881
302.865
302.847
302.828
302.805
302.781
302.753
302.722
302.688
302.649
302.606
302.557
302.503
302.443
302.376
302.303
302.223
302.138
301.162
301.18
301.199
301.218
301.237
301.257
301.276
301.296
301.316
301.336
301.356
301.376
301.396
301.417
301.437
301.458
301.479
301.499
301.52
301.541
301.562
301.583
301.603
301.624
301.645
301.666
301.687
301.707
301.728
301.748
301.769
301.789
301.809
301.829
301.849
301.869
301.889
301.908
301.928
301.947
301.966
301.985
302.004
302.023
302.041
302.06
302.078
302.096
302.114
302.132
302.149
302.167
302.184
302.201
302.218
302.234
302.251
302.267
302.283
302.3
302.315
302.331
302.347
302.362
302.377
302.392
302.407
302.421
302.436
302.45
302.464
302.478
302.491
302.505
302.518
302.53
302.543
302.555
302.568
302.58
302.591
302.603
302.614
302.624
302.635
302.645
302.655
302.665
302.675
302.684
302.693
302.702
302.71
302.718
302.726
302.734
302.741
302.748
302.755
302.762
302.768
302.774
302.78
302.785
302.79
302.795
302.8
302.805
302.809
302.813
302.817
302.82
302.823
302.826
302.829
302.831
302.834
302.835
302.837
302.839
302.84
302.841
302.841
302.841
302.841
302.841
302.84
302.839
302.837
302.835
302.833
302.83
302.827
302.823
302.818
302.813
302.807
302.8
302.792
302.784
302.774
302.763
302.751
302.737
302.722
302.705
302.686
302.665
302.641
302.615
302.585
302.552
302.515
302.474
302.428
302.377
302.32
302.258
302.19
302.117
302.038
301.084
301.101
301.118
301.136
301.153
301.171
301.189
301.207
301.225
301.243
301.262
301.281
301.299
301.318
301.337
301.356
301.375
301.395
301.414
301.433
301.452
301.472
301.491
301.511
301.53
301.55
301.569
301.588
301.608
301.627
301.646
301.665
301.685
301.704
301.723
301.741
301.76
301.779
301.797
301.816
301.834
301.852
301.87
301.888
301.906
301.924
301.941
301.959
301.976
301.993
302.01
302.027
302.043
302.06
302.076
302.092
302.108
302.124
302.14
302.156
302.171
302.186
302.201
302.216
302.231
302.246
302.26
302.275
302.289
302.303
302.316
302.33
302.343
302.356
302.369
302.382
302.394
302.406
302.418
302.43
302.441
302.453
302.464
302.474
302.485
302.495
302.505
302.515
302.524
302.533
302.542
302.551
302.559
302.567
302.575
302.582
302.59
302.597
302.603
302.61
302.616
302.622
302.628
302.633
302.639
302.643
302.648
302.653
302.657
302.661
302.664
302.668
302.671
302.674
302.677
302.679
302.681
302.683
302.685
302.686
302.688
302.688
302.689
302.689
302.689
302.689
302.688
302.687
302.686
302.684
302.681
302.679
302.675
302.672
302.667
302.662
302.656
302.65
302.642
302.634
302.625
302.614
302.603
302.589
302.575
302.558
302.54
302.52
302.497
302.472
302.443
302.412
302.377
302.338
302.295
302.247
302.195
302.137
302.074
302.006
301.934
301.007
301.022
301.038
301.054
301.069
301.086
301.102
301.118
301.135
301.152
301.169
301.186
301.203
301.22
301.238
301.255
301.273
301.29
301.308
301.326
301.344
301.362
301.38
301.398
301.416
301.434
301.452
301.47
301.488
301.506
301.524
301.542
301.56
301.578
301.596
301.614
301.631
301.649
301.666
301.684
301.701
301.719
301.736
301.753
301.77
301.787
301.803
301.82
301.836
301.853
301.869
301.885
301.901
301.917
301.933
301.948
301.964
301.979
301.994
302.009
302.024
302.039
302.054
302.068
302.083
302.097
302.111
302.125
302.139
302.152
302.166
302.179
302.192
302.205
302.217
302.229
302.242
302.254
302.265
302.277
302.288
302.299
302.31
302.32
302.331
302.341
302.35
302.36
302.369
302.378
302.387
302.395
302.404
302.412
302.419
302.427
302.434
302.441
302.447
302.454
302.46
302.466
302.472
302.477
302.482
302.487
302.492
302.496
302.5
302.504
302.508
302.511
302.514
302.517
302.52
302.522
302.525
302.527
302.528
302.53
302.531
302.532
302.532
302.533
302.533
302.532
302.532
302.531
302.529
302.528
302.525
302.523
302.52
302.516
302.512
302.507
302.501
302.495
302.488
302.48
302.471
302.461
302.45
302.437
302.423
302.408
302.39
302.371
302.349
302.325
302.298
302.269
302.236
302.199
302.159
302.114
302.066
302.013
301.955
301.893
301.826
300.929
300.943
300.957
300.972
300.986
301.001
301.016
301.031
301.046
301.061
301.076
301.092
301.107
301.123
301.139
301.155
301.171
301.187
301.204
301.22
301.236
301.253
301.269
301.286
301.303
301.319
301.336
301.353
301.37
301.386
301.403
301.42
301.436
301.453
301.47
301.486
301.503
301.519
301.536
301.552
301.569
301.585
301.601
301.617
301.633
301.649
301.665
301.681
301.696
301.712
301.727
301.743
301.758
301.773
301.788
301.803
301.818
301.833
301.847
301.862
301.876
301.891
301.905
301.919
301.933
301.946
301.96
301.973
301.987
302
302.013
302.025
302.038
302.05
302.063
302.075
302.086
302.098
302.109
302.121
302.132
302.142
302.153
302.163
302.173
302.183
302.193
302.202
302.211
302.22
302.228
302.237
302.245
302.252
302.26
302.267
302.274
302.281
302.288
302.294
302.3
302.306
302.311
302.317
302.322
302.327
302.331
302.336
302.34
302.343
302.347
302.35
302.354
302.356
302.359
302.362
302.364
302.366
302.367
302.369
302.37
302.371
302.371
302.372
302.372
302.372
302.371
302.37
302.369
302.367
302.365
302.363
302.36
302.356
302.352
302.348
302.342
302.336
302.33
302.322
302.314
302.304
302.293
302.281
302.268
302.253
302.237
302.218
302.198
302.175
302.15
302.122
302.092
302.058
302.02
301.979
301.934
301.886
301.833
301.776
301.716
300.853
300.865
300.878
300.891
300.904
300.917
300.93
300.944
300.958
300.971
300.985
300.999
301.013
301.028
301.042
301.057
301.071
301.086
301.101
301.116
301.131
301.146
301.161
301.176
301.191
301.206
301.222
301.237
301.252
301.268
301.283
301.299
301.314
301.33
301.345
301.36
301.376
301.391
301.406
301.422
301.437
301.452
301.467
301.482
301.497
301.512
301.527
301.542
301.557
301.571
301.586
301.6
301.615
301.629
301.644
301.658
301.672
301.686
301.7
301.714
301.727
301.741
301.755
301.768
301.781
301.794
301.807
301.82
301.833
301.846
301.858
301.87
301.883
301.895
301.906
301.918
301.929
301.941
301.952
301.962
301.973
301.983
301.994
302.004
302.013
302.023
302.032
302.041
302.05
302.059
302.067
302.075
302.083
302.091
302.098
302.105
302.112
302.119
302.125
302.131
302.137
302.143
302.148
302.153
302.158
302.163
302.168
302.172
302.176
302.18
302.183
302.186
302.19
302.192
302.195
302.197
302.2
302.201
302.203
302.205
302.206
302.207
302.207
302.208
302.208
302.208
302.207
302.206
302.205
302.203
302.202
302.199
302.196
302.193
302.189
302.185
302.18
302.174
302.168
302.161
302.153
302.144
302.134
302.122
302.11
302.096
302.08
302.063
302.044
302.023
301.999
301.974
301.945
301.914
301.879
301.842
301.801
301.756
301.708
301.657
301.602
300.777
300.788
300.8
300.811
300.823
300.835
300.847
300.859
300.871
300.883
300.896
300.908
300.921
300.934
300.947
300.96
300.973
300.986
301
301.013
301.027
301.04
301.054
301.068
301.082
301.095
301.109
301.123
301.137
301.151
301.166
301.18
301.194
301.208
301.222
301.236
301.25
301.265
301.279
301.293
301.307
301.321
301.335
301.349
301.363
301.377
301.391
301.404
301.418
301.432
301.446
301.459
301.473
301.486
301.5
301.513
301.526
301.539
301.553
301.566
301.579
301.592
301.604
301.617
301.63
301.642
301.655
301.667
301.679
301.691
301.703
301.715
301.726
301.738
301.749
301.76
301.771
301.782
301.793
301.803
301.813
301.823
301.833
301.843
301.852
301.861
301.87
301.879
301.888
301.896
301.904
301.912
301.919
301.927
301.934
301.941
301.948
301.954
301.96
301.966
301.972
301.977
301.983
301.988
301.993
301.997
302.002
302.006
302.01
302.013
302.017
302.02
302.023
302.026
302.028
302.031
302.033
302.035
302.036
302.038
302.039
302.04
302.041
302.041
302.041
302.041
302.041
302.04
302.039
302.037
302.036
302.033
302.031
302.028
302.024
302.02
302.015
302.01
302.004
301.997
301.99
301.981
301.972
301.961
301.95
301.937
301.922
301.906
301.888
301.869
301.847
301.823
301.797
301.768
301.737
301.702
301.665
301.625
301.582
301.536
301.487
300.702
300.712
300.723
300.733
300.743
300.754
300.764
300.775
300.786
300.797
300.808
300.819
300.831
300.842
300.854
300.865
300.877
300.889
300.901
300.913
300.925
300.938
300.95
300.962
300.975
300.987
301
301.012
301.025
301.038
301.051
301.063
301.076
301.089
301.102
301.115
301.128
301.141
301.153
301.166
301.179
301.192
301.205
301.218
301.231
301.244
301.256
301.269
301.282
301.295
301.307
301.32
301.332
301.345
301.357
301.37
301.382
301.395
301.407
301.419
301.431
301.443
301.456
301.468
301.479
301.491
301.503
301.515
301.526
301.537
301.549
301.56
301.571
301.582
301.592
301.603
301.613
301.624
301.634
301.644
301.653
301.663
301.672
301.682
301.691
301.699
301.708
301.716
301.724
301.732
301.74
301.748
301.755
301.762
301.769
301.776
301.782
301.788
301.794
301.8
301.806
301.811
301.816
301.821
301.826
301.83
301.834
301.838
301.842
301.846
301.849
301.852
301.855
301.858
301.86
301.863
301.865
301.867
301.868
301.87
301.871
301.872
301.872
301.873
301.873
301.873
301.873
301.872
301.871
301.87
301.868
301.866
301.864
301.861
301.857
301.854
301.849
301.844
301.839
301.832
301.825
301.817
301.809
301.799
301.788
301.776
301.763
301.748
301.731
301.713
301.694
301.672
301.648
301.622
301.593
301.562
301.529
301.493
301.454
301.413
301.369
300.63
300.639
300.648
300.657
300.666
300.675
300.685
300.694
300.704
300.713
300.723
300.733
300.743
300.753
300.764
300.774
300.784
300.795
300.806
300.816
300.827
300.838
300.849
300.86
300.871
300.882
300.893
300.905
300.916
300.928
300.939
300.95
300.962
300.974
300.985
300.997
301.008
301.02
301.032
301.043
301.055
301.067
301.078
301.09
301.102
301.114
301.125
301.137
301.149
301.16
301.172
301.183
301.195
301.207
301.218
301.23
301.241
301.252
301.264
301.275
301.287
301.298
301.309
301.32
301.331
301.342
301.353
301.364
301.375
301.385
301.396
301.406
301.417
301.427
301.437
301.447
301.457
301.467
301.476
301.485
301.495
301.504
301.513
301.521
301.53
301.538
301.546
301.554
301.562
301.57
301.577
301.584
301.591
301.598
301.605
301.611
301.617
301.623
301.629
301.634
301.64
301.645
301.65
301.654
301.659
301.663
301.667
301.671
301.675
301.678
301.681
301.684
301.687
301.69
301.692
301.694
301.696
301.698
301.7
301.701
301.702
301.703
301.704
301.704
301.705
301.705
301.704
301.704
301.703
301.702
301.7
301.698
301.696
301.693
301.69
301.687
301.683
301.678
301.673
301.667
301.661
301.654
301.646
301.637
301.627
301.615
301.603
301.59
301.575
301.558
301.54
301.521
301.499
301.476
301.45
301.422
301.392
301.36
301.326
301.289
301.25
300.56
300.567
300.575
300.583
300.591
300.599
300.607
300.616
300.624
300.633
300.641
300.65
300.659
300.668
300.677
300.686
300.695
300.704
300.714
300.723
300.733
300.742
300.752
300.762
300.771
300.781
300.791
300.801
300.811
300.821
300.832
300.842
300.852
300.862
300.873
300.883
300.893
300.904
300.914
300.925
300.935
300.946
300.956
300.967
300.977
300.988
300.998
301.009
301.02
301.03
301.041
301.051
301.062
301.072
301.083
301.093
301.104
301.114
301.125
301.135
301.145
301.156
301.166
301.176
301.186
301.197
301.207
301.217
301.227
301.237
301.246
301.256
301.266
301.275
301.285
301.294
301.303
301.312
301.321
301.33
301.338
301.347
301.355
301.363
301.371
301.379
301.387
301.394
301.402
301.409
301.416
301.423
301.429
301.436
301.442
301.448
301.454
301.459
301.465
301.47
301.475
301.48
301.485
301.489
301.493
301.497
301.501
301.505
301.508
301.512
301.515
301.518
301.52
301.523
301.525
301.527
301.529
301.531
301.533
301.534
301.535
301.536
301.537
301.537
301.537
301.537
301.537
301.537
301.536
301.535
301.533
301.532
301.53
301.527
301.525
301.521
301.518
301.514
301.509
301.504
301.498
301.491
301.484
301.475
301.466
301.456
301.445
301.433
301.42
301.405
301.389
301.371
301.352
301.331
301.308
301.284
301.257
301.229
301.198
301.166
301.132
300.492
300.499
300.506
300.512
300.519
300.526
300.534
300.541
300.548
300.556
300.563
300.571
300.578
300.586
300.594
300.602
300.61
300.618
300.626
300.634
300.642
300.651
300.659
300.668
300.676
300.685
300.694
300.702
300.711
300.72
300.729
300.738
300.747
300.756
300.765
300.774
300.784
300.793
300.802
300.811
300.821
300.83
300.839
300.849
300.858
300.867
300.877
300.886
300.896
300.905
300.915
300.924
300.934
300.943
300.953
300.962
300.972
300.981
300.99
301
301.009
301.019
301.028
301.037
301.047
301.056
301.065
301.074
301.083
301.092
301.101
301.11
301.119
301.128
301.137
301.145
301.154
301.162
301.17
301.178
301.186
301.194
301.202
301.209
301.217
301.224
301.231
301.238
301.245
301.252
301.258
301.265
301.271
301.277
301.283
301.288
301.294
301.299
301.304
301.309
301.314
301.318
301.323
301.327
301.331
301.335
301.338
301.342
301.345
301.348
301.351
301.354
301.357
301.359
301.361
301.363
301.365
301.367
301.368
301.37
301.371
301.371
301.372
301.373
301.373
301.373
301.373
301.372
301.372
301.371
301.37
301.368
301.366
301.364
301.362
301.359
301.355
301.352
301.347
301.343
301.337
301.331
301.325
301.317
301.309
301.3
301.29
301.279
301.267
301.254
301.24
301.224
301.207
301.189
301.169
301.147
301.124
301.099
301.073
301.045
301.015
300.428
300.434
300.44
300.446
300.452
300.458
300.464
300.47
300.476
300.483
300.489
300.496
300.502
300.509
300.515
300.522
300.529
300.536
300.543
300.55
300.557
300.565
300.572
300.579
300.587
300.594
300.602
300.609
300.617
300.625
300.632
300.64
300.648
300.656
300.664
300.672
300.68
300.688
300.696
300.704
300.712
300.721
300.729
300.737
300.745
300.754
300.762
300.77
300.779
300.787
300.795
300.804
300.812
300.821
300.829
300.837
300.846
300.854
300.863
300.871
300.88
300.888
300.896
300.905
300.913
300.921
300.93
300.938
300.946
300.954
300.963
300.971
300.979
300.987
300.994
301.002
301.01
301.018
301.025
301.032
301.04
301.047
301.054
301.061
301.068
301.075
301.081
301.088
301.094
301.1
301.106
301.112
301.117
301.123
301.128
301.134
301.139
301.144
301.148
301.153
301.157
301.162
301.166
301.17
301.173
301.177
301.18
301.184
301.187
301.19
301.192
301.195
301.197
301.2
301.202
301.204
301.205
301.207
301.208
301.21
301.211
301.212
301.212
301.213
301.213
301.213
301.213
301.213
301.212
301.211
301.21
301.209
301.207
301.205
301.203
301.201
301.198
301.194
301.19
301.186
301.181
301.176
301.17
301.164
301.156
301.148
301.14
301.13
301.119
301.108
301.095
301.081
301.067
301.05
301.033
301.014
300.994
300.973
300.95
300.926
300.9
300.368
300.373
300.378
300.383
300.388
300.393
300.398
300.404
300.409
300.414
300.42
300.425
300.431
300.437
300.442
300.448
300.454
300.46
300.466
300.472
300.478
300.484
300.491
300.497
300.503
300.51
300.516
300.523
300.529
300.536
300.542
300.549
300.556
300.563
300.569
300.576
300.583
300.59
300.597
300.604
300.611
300.618
300.626
300.633
300.64
300.647
300.654
300.662
300.669
300.676
300.684
300.691
300.698
300.706
300.713
300.72
300.728
300.735
300.743
300.75
300.758
300.765
300.773
300.78
300.787
300.795
300.802
300.81
300.817
300.824
300.832
300.839
300.846
300.853
300.86
300.867
300.874
300.881
300.888
300.894
300.901
300.907
300.914
300.92
300.926
300.932
300.938
300.944
300.95
300.955
300.961
300.966
300.971
300.976
300.981
300.986
300.991
300.995
301
301.004
301.008
301.012
301.016
301.019
301.023
301.026
301.029
301.032
301.035
301.038
301.04
301.043
301.045
301.047
301.049
301.051
301.052
301.054
301.055
301.056
301.057
301.058
301.059
301.059
301.06
301.06
301.06
301.06
301.059
301.058
301.057
301.056
301.055
301.053
301.051
301.049
301.046
301.043
301.04
301.036
301.032
301.027
301.022
301.016
301.01
301.003
300.995
300.987
300.978
300.968
300.957
300.945
300.932
300.918
300.903
300.887
300.87
300.852
300.832
300.811
300.79
300.313
300.317
300.321
300.325
300.33
300.334
300.338
300.343
300.347
300.352
300.356
300.361
300.366
300.371
300.375
300.38
300.385
300.39
300.395
300.4
300.405
300.411
300.416
300.421
300.427
300.432
300.437
300.443
300.449
300.454
300.46
300.465
300.471
300.477
300.483
300.489
300.495
300.501
300.506
300.513
300.519
300.525
300.531
300.537
300.543
300.549
300.555
300.562
300.568
300.574
300.581
300.587
300.593
300.6
300.606
300.613
300.619
300.626
300.632
300.639
300.645
300.652
300.658
300.665
300.671
300.678
300.684
300.691
300.697
300.703
300.71
300.716
300.723
300.729
300.735
300.741
300.747
300.753
300.759
300.765
300.771
300.777
300.783
300.788
300.794
300.799
300.805
300.81
300.815
300.82
300.825
300.83
300.834
300.839
300.843
300.848
300.852
300.856
300.86
300.864
300.868
300.871
300.875
300.878
300.881
300.884
300.887
300.89
300.892
300.895
300.897
300.899
300.901
300.903
300.905
300.907
300.908
300.91
300.911
300.912
300.913
300.914
300.914
300.915
300.915
300.915
300.915
300.915
300.915
300.914
300.913
300.912
300.911
300.91
300.908
300.906
300.904
300.901
300.898
300.895
300.891
300.887
300.883
300.878
300.872
300.866
300.86
300.852
300.844
300.836
300.826
300.816
300.805
300.794
300.781
300.767
300.753
300.737
300.721
300.703
300.685
300.263
300.267
300.27
300.273
300.277
300.281
300.284
300.288
300.292
300.295
300.299
300.303
300.307
300.311
300.315
300.319
300.323
300.327
300.331
300.336
300.34
300.344
300.349
300.353
300.358
300.362
300.367
300.371
300.376
300.381
300.386
300.39
300.395
300.4
300.405
300.41
300.415
300.42
300.425
300.43
300.435
300.44
300.445
300.451
300.456
300.461
300.466
300.472
300.477
300.483
300.488
300.493
300.499
300.504
300.51
300.515
300.521
300.526
300.532
300.538
300.543
300.549
300.554
300.56
300.566
300.571
300.577
300.583
300.588
300.594
300.599
300.605
300.61
300.616
300.621
300.627
300.632
300.637
300.643
300.648
300.653
300.658
300.663
300.668
300.673
300.678
300.682
300.687
300.692
300.696
300.7
300.705
300.709
300.713
300.717
300.721
300.725
300.728
300.732
300.735
300.738
300.742
300.745
300.748
300.751
300.753
300.756
300.758
300.761
300.763
300.765
300.767
300.769
300.771
300.772
300.774
300.775
300.777
300.778
300.779
300.78
300.78
300.781
300.782
300.782
300.782
300.782
300.782
300.782
300.781
300.78
300.78
300.779
300.777
300.776
300.774
300.772
300.77
300.768
300.765
300.762
300.758
300.754
300.75
300.745
300.74
300.734
300.728
300.721
300.714
300.706
300.698
300.688
300.679
300.668
300.656
300.644
300.631
300.617
300.603
300.588
300.219
300.222
300.225
300.228
300.231
300.234
300.237
300.24
300.243
300.246
300.249
300.252
300.255
300.259
300.262
300.265
300.269
300.272
300.276
300.279
300.283
300.286
300.29
300.294
300.297
300.301
300.305
300.309
300.313
300.317
300.321
300.325
300.329
300.333
300.337
300.341
300.345
300.349
300.353
300.358
300.362
300.366
300.371
300.375
300.38
300.384
300.388
300.393
300.397
300.402
300.407
300.411
300.416
300.42
300.425
300.43
300.435
300.439
300.444
300.449
300.454
300.458
300.463
300.468
300.473
300.478
300.482
300.487
300.492
300.497
300.502
300.506
300.511
300.516
300.521
300.525
300.53
300.535
300.539
300.544
300.548
300.553
300.557
300.561
300.565
300.57
300.574
300.578
300.582
300.586
300.59
300.593
300.597
300.601
300.604
300.607
300.611
300.614
300.617
300.62
300.623
300.626
300.629
300.631
300.634
300.636
300.639
300.641
300.643
300.645
300.647
300.649
300.65
300.652
300.654
300.655
300.656
300.657
300.658
300.659
300.66
300.661
300.661
300.662
300.662
300.662
300.662
300.662
300.662
300.662
300.661
300.661
300.66
300.659
300.657
300.656
300.654
300.652
300.65
300.648
300.645
300.642
300.639
300.635
300.631
300.627
300.622
300.617
300.611
300.605
300.599
300.591
300.584
300.575
300.566
300.557
300.547
300.536
300.525
300.513
300.5
300.182
300.184
300.187
300.189
300.191
300.194
300.196
300.199
300.201
300.204
300.207
300.209
300.212
300.215
300.217
300.22
300.223
300.226
300.229
300.231
300.234
300.237
300.24
300.243
300.247
300.25
300.253
300.256
300.259
300.262
300.266
300.269
300.272
300.276
300.279
300.283
300.286
300.29
300.293
300.297
300.3
300.304
300.308
300.311
300.315
300.319
300.323
300.326
300.33
300.334
300.338
300.342
300.346
300.35
300.354
300.358
300.362
300.366
300.37
300.374
300.378
300.382
300.386
300.39
300.394
300.398
300.402
300.406
300.41
300.415
300.419
300.423
300.427
300.431
300.435
300.439
300.443
300.447
300.451
300.455
300.459
300.462
300.466
300.47
300.474
300.477
300.481
300.484
300.488
300.491
300.495
300.498
300.501
300.504
300.507
300.51
300.513
300.516
300.519
300.521
300.524
300.526
300.529
300.531
300.534
300.536
300.538
300.54
300.542
300.543
300.545
300.547
300.548
300.55
300.551
300.552
300.554
300.555
300.556
300.556
300.557
300.558
300.558
300.559
300.559
300.559
300.559
300.559
300.559
300.559
300.558
300.558
300.557
300.556
300.555
300.554
300.553
300.551
300.549
300.547
300.545
300.542
300.54
300.537
300.533
300.53
300.526
300.521
300.516
300.511
300.506
300.5
300.493
300.486
300.479
300.471
300.463
300.454
300.444
300.434
300.424
300.153
300.154
300.156
300.158
300.16
300.162
300.164
300.166
300.168
300.171
300.173
300.175
300.177
300.179
300.182
300.184
300.186
300.189
300.191
300.194
300.196
300.198
300.201
300.204
300.206
300.209
300.211
300.214
300.217
300.219
300.222
300.225
300.228
300.231
300.234
300.236
300.239
300.242
300.245
300.248
300.251
300.254
300.258
300.261
300.264
300.267
300.27
300.273
300.277
300.28
300.283
300.287
300.29
300.293
300.297
300.3
300.303
300.307
300.31
300.314
300.317
300.321
300.324
300.328
300.331
300.335
300.338
300.342
300.345
300.349
300.352
300.356
300.359
300.363
300.366
300.37
300.373
300.377
300.38
300.383
300.387
300.39
300.393
300.397
300.4
300.403
300.406
300.409
300.412
300.415
300.418
300.421
300.424
300.426
300.429
300.432
300.434
300.437
300.439
300.442
300.444
300.446
300.448
300.45
300.452
300.454
300.456
300.458
300.46
300.461
300.463
300.464
300.466
300.467
300.468
300.469
300.47
300.471
300.472
300.473
300.474
300.474
300.475
300.475
300.476
300.476
300.476
300.476
300.476
300.476
300.475
300.475
300.474
300.473
300.473
300.472
300.47
300.469
300.467
300.466
300.464
300.462
300.459
300.457
300.454
300.451
300.447
300.444
300.44
300.435
300.431
300.426
300.42
300.414
300.408
300.402
300.395
300.387
300.379
300.371
300.362
300.131
300.133
300.135
300.136
300.138
300.14
300.141
300.143
300.145
300.147
300.149
300.151
300.152
300.154
300.156
300.158
300.16
300.162
300.164
300.166
300.169
300.171
300.173
300.175
300.177
300.18
300.182
300.184
300.186
300.189
300.191
300.194
300.196
300.198
300.201
300.204
300.206
300.209
300.211
300.214
300.216
300.219
300.222
300.225
300.227
300.23
300.233
300.236
300.238
300.241
300.244
300.247
300.25
300.253
300.256
300.259
300.262
300.265
300.268
300.271
300.274
300.277
300.28
300.283
300.286
300.289
300.292
300.296
300.299
300.302
300.305
300.308
300.311
300.314
300.317
300.32
300.323
300.326
300.329
300.332
300.335
300.338
300.341
300.344
300.347
300.349
300.352
300.355
300.358
300.36
300.363
300.365
300.368
300.37
300.373
300.375
300.378
300.38
300.382
300.384
300.386
300.388
300.39
300.392
300.394
300.396
300.397
300.399
300.401
300.402
300.403
300.405
300.406
300.407
300.408
300.409
300.41
300.411
300.412
300.413
300.413
300.414
300.414
300.415
300.415
300.415
300.416
300.416
300.415
300.415
300.415
300.415
300.414
300.414
300.413
300.412
300.411
300.41
300.408
300.407
300.405
300.403
300.401
300.399
300.396
300.394
300.391
300.388
300.384
300.38
300.376
300.372
300.367
300.362
300.357
300.351
300.345
300.339
300.332
300.325
300.318
300.12
300.121
300.123
300.124
300.126
300.127
300.129
300.131
300.132
300.134
300.136
300.137
300.139
300.141
300.143
300.144
300.146
300.148
300.15
300.152
300.154
300.156
300.158
300.16
300.162
300.164
300.166
300.168
300.17
300.172
300.174
300.177
300.179
300.181
300.183
300.186
300.188
300.19
300.193
300.195
300.198
300.2
300.203
300.205
300.208
300.21
300.213
300.215
300.218
300.221
300.223
300.226
300.229
300.231
300.234
300.237
300.239
300.242
300.245
300.248
300.251
300.253
300.256
300.259
300.262
300.265
300.268
300.271
300.273
300.276
300.279
300.282
300.285
300.288
300.29
300.293
300.296
300.299
300.302
300.304
300.307
300.31
300.313
300.315
300.318
300.32
300.323
300.326
300.328
300.331
300.333
300.335
300.338
300.34
300.342
300.344
300.347
300.349
300.351
300.353
300.355
300.357
300.358
300.36
300.362
300.364
300.365
300.367
300.368
300.37
300.371
300.372
300.373
300.375
300.376
300.377
300.378
300.378
300.379
300.38
300.381
300.381
300.382
300.382
300.382
300.382
300.383
300.383
300.383
300.382
300.382
300.382
300.381
300.381
300.38
300.379
300.378
300.377
300.376
300.375
300.373
300.371
300.369
300.367
300.365
300.363
300.36
300.357
300.354
300.35
300.347
300.343
300.338
300.334
300.329
300.324
300.318
300.313
300.306
300.3
300.293
302.759
302.109
301.661
301.319
301.049
300.831
300.655
300.513
300.398
300.306
300.233
300.175
300.13
300.096
300.07
300.05
300.035
300.025
300.017
300.011
300.007
300.005
300.003
300.002
300.001
300.001
300
300
300
300
300
300
300
300
300
300
300
300
300
300
300
300
300
300
300
300
300
300
300
300
300
302.756
302.108
301.66
301.319
301.049
300.831
300.655
300.513
300.398
300.306
300.233
300.175
300.13
300.096
300.07
300.05
300.035
300.025
300.017
300.011
300.008
300.005
300.003
300.002
300.001
300.001
300
300
300
300
300
300
300
300
300
300
300
300
300
300
300
300
300
300
300
300
300
300
300
300
300
302.751
302.107
301.66
301.319
301.049
300.831
300.655
300.513
300.398
300.306
300.233
300.175
300.13
300.096
300.07
300.05
300.035
300.025
300.017
300.011
300.008
300.005
300.003
300.002
300.001
300.001
300
300
300
300
300
300
300
300
300
300
300
300
300
300
300
300
300
300
300
300
300
300
300
300
300
302.742
302.105
301.659
301.318
301.048
300.831
300.655
300.513
300.398
300.306
300.233
300.175
300.13
300.096
300.07
300.05
300.035
300.025
300.017
300.011
300.008
300.005
300.003
300.002
300.001
300.001
300
300
300
300
300
300
300
300
300
300
300
300
300
300
300
300
300
300
300
300
300
300
300
300
300
302.73
302.102
301.658
301.318
301.048
300.831
300.655
300.513
300.398
300.306
300.233
300.175
300.13
300.096
300.07
300.05
300.035
300.025
300.017
300.011
300.008
300.005
300.003
300.002
300.001
300.001
300
300
300
300
300
300
300
300
300
300
300
300
300
300
300
300
300
300
300
300
300
300
300
300
300
302.715
302.098
301.656
301.317
301.048
300.831
300.655
300.513
300.398
300.306
300.233
300.175
300.131
300.096
300.07
300.05
300.035
300.025
300.017
300.011
300.008
300.005
300.003
300.002
300.001
300.001
300
300
300
300
300
300
300
300
300
300
300
300
300
300
300
300
300
300
300
300
300
300
300
300
300
302.697
302.092
301.654
301.316
301.047
300.831
300.655
300.513
300.398
300.306
300.233
300.176
300.131
300.096
300.07
300.05
300.035
300.025
300.017
300.011
300.008
300.005
300.003
300.002
300.001
300.001
300
300
300
300
300
300
300
300
300
300
300
300
300
300
300
300
300
300
300
300
300
300
300
300
300
302.675
302.085
301.651
301.315
301.047
300.83
300.655
300.513
300.398
300.306
300.233
300.176
300.131
300.096
300.07
300.05
300.035
300.025
300.017
300.011
300.008
300.005
300.003
300.002
300.001
300.001
300
300
300
300
300
300
300
300
300
300
300
300
300
300
300
300
300
300
300
300
300
300
300
300
300
302.649
302.077
301.647
301.313
301.045
300.83
300.655
300.513
300.398
300.306
300.233
300.176
300.131
300.096
300.07
300.05
300.035
300.025
300.017
300.011
300.008
300.005
300.003
300.002
300.001
300.001
300
300
300
300
300
300
300
300
300
300
300
300
300
300
300
300
300
300
300
300
300
300
300
300
300
302.62
302.066
301.642
301.31
301.044
300.829
300.654
300.513
300.398
300.306
300.233
300.176
300.131
300.096
300.07
300.05
300.035
300.025
300.017
300.011
300.008
300.005
300.003
300.002
300.001
300.001
300
300
300
300
300
300
300
300
300
300
300
300
300
300
300
300
300
300
300
300
300
300
300
300
300
302.588
302.053
301.636
301.307
301.042
300.828
300.654
300.512
300.398
300.306
300.233
300.176
300.131
300.096
300.07
300.05
300.036
300.025
300.017
300.011
300.008
300.005
300.003
300.002
300.001
300.001
300
300
300
300
300
300
300
300
300
300
300
300
300
300
300
300
300
300
300
300
300
300
300
300
300
302.551
302.037
301.628
301.302
301.039
300.826
300.653
300.512
300.398
300.306
300.233
300.176
300.131
300.096
300.07
300.05
300.036
300.025
300.017
300.011
300.008
300.005
300.003
300.002
300.001
300.001
300
300
300
300
300
300
300
300
300
300
300
300
300
300
300
300
300
300
300
300
300
300
300
300
300
302.51
302.018
301.618
301.296
301.036
300.824
300.651
300.511
300.397
300.306
300.233
300.176
300.131
300.096
300.07
300.05
300.036
300.025
300.017
300.012
300.008
300.005
300.003
300.002
300.001
300.001
300
300
300
300
300
300
300
300
300
300
300
300
300
300
300
300
300
300
300
300
300
300
300
300
300
302.466
301.995
301.606
301.289
301.032
300.821
300.649
300.51
300.396
300.305
300.233
300.176
300.131
300.096
300.07
300.05
300.036
300.025
300.017
300.012
300.008
300.005
300.003
300.002
300.001
300.001
300
300
300
300
300
300
300
300
300
300
300
300
300
300
300
300
300
300
300
300
300
300
300
300
300
302.417
301.969
301.591
301.28
301.026
300.818
300.647
300.508
300.395
300.305
300.232
300.175
300.131
300.096
300.07
300.05
300.036
300.025
300.017
300.012
300.008
300.005
300.003
300.002
300.001
300.001
300
300
300
300
300
300
300
300
300
300
300
300
300
300
300
300
300
300
300
300
300
300
300
300
300
302.363
301.939
301.574
301.27
301.019
300.813
300.644
300.506
300.394
300.304
300.232
300.175
300.13
300.096
300.07
300.05
300.036
300.025
300.017
300.012
300.008
300.005
300.003
300.002
300.001
300.001
300
300
300
300
300
300
300
300
300
300
300
300
300
300
300
300
300
300
300
300
300
300
300
300
300
302.306
301.905
301.553
301.257
301.01
300.807
300.64
300.503
300.392
300.302
300.231
300.174
300.13
300.096
300.07
300.05
300.036
300.025
300.017
300.012
300.008
300.005
300.003
300.002
300.001
300.001
300
300
300
300
300
300
300
300
300
300
300
300
300
300
300
300
300
300
300
300
300
300
300
300
300
302.244
301.866
301.529
301.241
301
300.8
300.635
300.5
300.39
300.301
300.23
300.173
300.129
300.095
300.07
300.05
300.035
300.025
300.017
300.012
300.008
300.005
300.003
300.002
300.001
300.001
300
300
300
300
300
300
300
300
300
300
300
300
300
300
300
300
300
300
300
300
300
300
300
300
300
302.177
301.823
301.501
301.222
300.987
300.791
300.629
300.495
300.386
300.299
300.228
300.172
300.129
300.095
300.069
300.05
300.035
300.025
300.017
300.011
300.008
300.005
300.003
300.002
300.001
300.001
300
300
300
300
300
300
300
300
300
300
300
300
300
300
300
300
300
300
300
300
300
300
300
300
300
302.106
301.775
301.469
301.201
300.972
300.781
300.621
300.49
300.383
300.296
300.226
300.171
300.128
300.094
300.069
300.049
300.035
300.025
300.017
300.011
300.008
300.005
300.003
300.002
300.001
300.001
300
300
300
300
300
300
300
300
300
300
300
300
300
300
300
300
300
300
300
300
300
300
300
300
300
302.03
301.722
301.432
301.176
300.955
300.768
300.612
300.484
300.378
300.292
300.224
300.169
300.127
300.093
300.068
300.049
300.035
300.024
300.017
300.011
300.008
300.005
300.003
300.002
300.001
300.001
300
300
300
300
300
300
300
300
300
300
300
300
300
300
300
300
300
300
300
300
300
300
300
300
300
301.949
301.664
301.391
301.147
300.934
300.754
300.602
300.476
300.372
300.288
300.221
300.167
300.125
300.092
300.067
300.049
300.034
300.024
300.017
300.011
300.007
300.005
300.003
300.002
300.001
300
300
300
300
300
300
300
300
300
300
300
300
300
300
300
300
300
300
300
300
300
300
300
300
300
300
301.864
301.6
301.346
301.114
300.911
300.737
300.589
300.467
300.366
300.284
300.217
300.165
300.123
300.091
300.067
300.048
300.034
300.024
300.016
300.011
300.007
300.005
300.003
300.002
300.001
300
300
300
300
300
300
300
300
300
300
300
300
300
300
300
300
300
300
300
300
300
300
300
300
300
300
301.775
301.532
301.295
301.077
300.884
300.717
300.575
300.456
300.358
300.278
300.213
300.162
300.121
300.09
300.065
300.047
300.034
300.023
300.016
300.011
300.007
300.005
300.003
300.002
300.001
300
300
300
300
300
300
300
300
300
300
300
300
300
300
300
300
300
300
300
300
300
300
300
300
300
300
301.682
301.459
301.24
301.036
300.854
300.694
300.558
300.444
300.349
300.271
300.208
300.158
300.119
300.088
300.064
300.046
300.033
300.023
300.016
300.011
300.007
300.005
300.003
300.002
300.001
300
300
300
300
300
300
300
300
300
300
300
300
300
300
300
300
300
300
300
300
300
300
300
300
300
300
301.584
301.382
301.181
300.991
300.82
300.669
300.539
300.43
300.339
300.264
300.203
300.154
300.116
300.086
300.063
300.045
300.032
300.023
300.016
300.011
300.007
300.005
300.003
300.002
300.001
300
300
300
300
300
300
300
300
300
300
300
300
300
300
300
300
300
300
300
300
300
300
300
300
300
300
301.483
301.3
301.117
300.942
300.782
300.641
300.518
300.414
300.327
300.255
300.196
300.149
300.112
300.083
300.061
300.044
300.031
300.022
300.015
300.01
300.007
300.004
300.003
300.002
300.001
300
300
300
300
300
300
300
300
300
300
300
300
300
300
300
300
300
300
300
300
300
300
300
300
300
300
301.38
301.215
301.049
300.889
300.741
300.609
300.494
300.396
300.313
300.245
300.189
300.144
300.108
300.08
300.059
300.043
300.03
300.021
300.015
300.01
300.007
300.004
300.003
300.002
300.001
300
300
300
300
300
300
300
300
300
300
300
300
300
300
300
300
300
300
300
300
300
300
300
300
300
300
301.274
301.127
300.977
300.832
300.697
300.575
300.468
300.376
300.298
300.233
300.18
300.138
300.104
300.077
300.057
300.041
300.029
300.02
300.014
300.01
300.006
300.004
300.003
300.002
300.001
300
300
300
300
300
300
300
300
300
300
300
300
300
300
300
300
300
300
300
300
300
300
300
300
300
300
301.166
301.036
300.902
300.772
300.65
300.538
300.44
300.354
300.282
300.221
300.171
300.131
300.099
300.074
300.054
300.039
300.028
300.02
300.014
300.009
300.006
300.004
300.002
300.001
300.001
300
300
300
300
300
300
300
300
300
300
300
300
300
300
300
300
300
300
300
300
300
300
300
300
300
300
301.058
300.943
300.825
300.709
300.6
300.499
300.409
300.331
300.264
300.207
300.161
300.123
300.093
300.07
300.051
300.037
300.026
300.019
300.013
300.009
300.006
300.004
300.002
300.001
300.001
300
300
300
300
300
300
300
300
300
300
300
300
300
300
300
300
300
300
300
300
300
300
300
300
300
300
300.95
300.851
300.748
300.645
300.548
300.458
300.377
300.306
300.245
300.193
300.15
300.115
300.087
300.065
300.048
300.035
300.025
300.018
300.012
300.008
300.005
300.003
300.002
300.001
300.001
300
300
300
300
300
300
300
300
300
300
300
300
300
300
300
300
300
300
300
300
300
300
300
300
300
300
300.845
300.759
300.669
300.581
300.495
300.416
300.343
300.28
300.224
300.178
300.139
300.107
300.081
300.061
300.045
300.032
300.023
300.016
300.011
300.008
300.005
300.003
300.002
300.001
300.001
300
300
300
300
300
300
300
300
300
300
300
300
300
300
300
300
299.999
299.999
299.999
299.999
299.999
299.999
299.999
299.999
299.999
299.999
300.742
300.669
300.593
300.516
300.442
300.373
300.309
300.253
300.204
300.162
300.126
300.098
300.074
300.056
300.041
300.03
300.021
300.015
300.01
300.007
300.005
300.003
300.002
300.001
300
300
300
300
300
300
300
300
300
299.999
299.999
299.999
299.999
299.999
299.999
299.999
299.999
299.999
299.999
299.999
299.999
299.999
299.999
299.999
299.999
299.999
299.999
300.645
300.583
300.519
300.454
300.39
300.33
300.275
300.226
300.183
300.146
300.114
300.088
300.067
300.051
300.037
300.027
300.02
300.014
300.01
300.006
300.004
300.003
300.002
300.001
300
300
300
300
300
300
300
300
299.999
299.999
299.999
299.999
299.999
299.999
299.999
299.999
299.999
299.999
299.999
299.999
299.999
299.999
299.999
299.999
299.999
299.999
299.999
300.554
300.503
300.449
300.394
300.34
300.29
300.242
300.2
300.162
300.13
300.102
300.079
300.061
300.046
300.034
300.025
300.018
300.012
300.009
300.006
300.004
300.002
300.001
300.001
300
300
300
300
300
300
300
299.999
299.999
299.999
299.999
299.999
299.999
299.999
299.999
299.999
299.999
299.999
299.999
299.999
299.999
299.999
299.999
299.999
299.999
299.999
299.999
300.472
300.43
300.385
300.339
300.295
300.252
300.211
300.175
300.143
300.114
300.09
300.07
300.054
300.041
300.03
300.022
300.016
300.011
300.008
300.005
300.003
300.002
300.001
300.001
300
300
300
300
300
300
299.999
299.999
299.999
299.999
299.999
299.999
299.999
299.999
299.999
299.999
299.999
299.999
299.999
299.999
299.999
299.999
299.999
299.999
299.999
299.999
299.999
300.401
300.366
300.329
300.291
300.254
300.218
300.184
300.153
300.125
300.101
300.08
300.062
300.048
300.036
300.027
300.02
300.014
300.01
300.007
300.005
300.003
300.002
300.001
300.001
300
300
300
300
300
300
299.999
299.999
299.999
299.999
299.999
299.999
299.999
299.999
299.999
299.999
299.999
299.999
299.999
299.999
299.999
299.999
299.999
299.999
299.999
299.999
299.999
300.343
300.314
300.283
300.252
300.22
300.19
300.161
300.134
300.11
300.089
300.071
300.056
300.043
300.033
300.024
300.018
300.013
300.009
300.006
300.004
300.003
300.002
300.001
300
300
300
300
300
300
299.999
299.999
299.999
299.999
299.999
299.999
299.999
299.999
299.999
299.999
299.999
299.999
299.999
299.999
299.999
299.999
299.999
299.999
299.999
299.999
299.999
299.999
300.301
300.276
300.25
300.223
300.195
300.169
300.144
300.12
300.099
300.08
300.064
300.05
300.039
300.03
300.022
300.016
300.012
300.008
300.006
300.004
300.002
300.001
300.001
300
300
300
300
300
300
299.999
299.999
299.999
299.999
299.999
299.999
299.999
299.999
299.999
299.999
299.999
299.999
299.999
299.999
299.999
299.999
299.999
299.999
299.999
299.999
299.999
299.999
300.278
300.256
300.232
300.207
300.182
300.157
300.134
300.113
300.093
300.076
300.06
300.048
300.037
300.028
300.021
300.015
300.011
300.008
300.005
300.004
300.002
300.001
300.001
300
300
300
300
300
300
299.999
299.999
299.999
299.999
299.999
299.999
299.999
299.999
299.999
299.999
299.999
299.999
299.999
299.999
299.999
299.999
299.999
299.999
299.999
299.999
299.999
299.999
)
;

boundaryField
{
    inlet
    {
        type            fixedValue;
        value           uniform 300;
    }
    outlet
    {
        type            zeroGradient;
    }
    top
    {
        type            zeroGradient;
    }
    slip-bottom
    {
        type            zeroGradient;
    }
    bottom
    {
        type            zeroGradient;
    }
    interface
    {
        type            fixedGradient;
        gradient        nonuniform List<scalar> 
161
(
66.8879
66.8879
45.6255
45.6255
45.6255
45.6255
34.106
34.106
34.106
34.106
29.5449
29.5449
29.5449
28.7714
28.7714
28.7714
28.7714
26.3793
26.3793
26.3793
25.5842
25.5842
25.5842
25.1302
25.1302
25.1302
24.5535
24.5535
24.5535
24.0471
24.0471
24.0471
23.5918
23.5918
23.5918
23.1574
23.1574
23.1574
22.756
22.756
22.756
21.9814
21.9814
22.5524
22.5524
22.5524
21.8145
21.8145
22.1676
22.1676
22.1676
21.4762
21.4762
21.4968
21.4968
21.4968
21.6146
21.6146
21.8395
21.8395
21.0681
21.0681
21.0239
21.0239
21.0768
21.0768
21.0158
21.0158
21.0158
20.9369
20.9369
20.8594
20.7792
20.7792
20.6835
20.6835
20.6013
20.6013
20.2849
20.2849
20.7195
20.7195
20.5616
20.5616
20.385
20.121
20.121
20.4385
20.4385
20.3179
20.0202
20.0202
20.2949
20.047
20.047
20.2141
20.2141
19.9858
20.1334
20.1334
19.941
20.0701
19.9004
19.9004
19.9171
20.0263
20.0263
19.8489
19.9239
19.8113
19.8113
19.82
19.8497
19.8863
19.8863
19.7888
19.8006
19.8227
19.8373
19.8373
19.799
19.8074
19.817
19.8169
19.7916
19.8377
19.8377
19.844
19.8394
19.8377
19.8347
19.8303
19.8243
19.8169
19.8081
19.7983
19.7879
19.7775
19.7678
19.7598
19.7549
19.7546
19.7607
19.7748
19.799
19.8368
19.8941
19.9848
20.1402
20.2687
19.8618
19.9012
20.4462
20.8222
21.3397
21.9797
24.6443
22.1461
24.9803
27.8056
38.5051
)
;
    }
    defaultFaces
    {
        type            empty;
    }
}


// ************************************************************************* //
