/*--------------------------------*- C++ -*----------------------------------*\
| =========                 |                                                 |
| \\      /  F ield         | OpenFOAM: The Open Source CFD Toolbox           |
|  \\    /   O peration     | Version:  2106                                  |
|   \\  /    A nd           | Website:  www.openfoam.com                      |
|    \\/     M anipulation  |                                                 |
\*---------------------------------------------------------------------------*/
FoamFile
{
    version     2.0;
    format      ascii;
    arch        "LSB;label=32;scalar=64";
    class       volScalarField;
    location    "4.4";
    object      T;
}
// * * * * * * * * * * * * * * * * * * * * * * * * * * * * * * * * * * * * * //

dimensions      [0 0 0 1 0 0 0];

internalField   nonuniform List<scalar> 
12013
(
300.003
300.009
300.015
300.021
300.028
300.035
300.043
300.05
300.058
300.067
300.076
300.085
300.094
300.104
300.115
300.126
300.137
300.149
300.161
300.174
300.187
300.201
300.216
300.231
300.246
300.262
300.279
300.296
300.314
300.333
300.352
300.372
300.392
300.413
300.435
300.458
300.481
300.505
300.53
300.556
300.582
300.609
300.637
300.666
300.696
300.726
300.758
300.79
300.824
300.858
300.893
300.93
300.967
301.005
301.045
301.086
301.127
301.171
301.215
301.261
301.308
301.356
301.406
301.458
301.511
301.566
301.623
301.682
301.743
301.807
301.873
301.942
302.014
302.09
302.171
302.256
302.347
302.446
302.556
302.679
302.827
300.003
300.009
300.015
300.021
300.028
300.035
300.043
300.05
300.058
300.067
300.076
300.085
300.094
300.104
300.115
300.126
300.137
300.149
300.161
300.174
300.187
300.201
300.216
300.231
300.246
300.262
300.279
300.296
300.314
300.333
300.352
300.372
300.392
300.413
300.435
300.458
300.481
300.505
300.53
300.556
300.582
300.609
300.637
300.666
300.696
300.726
300.758
300.79
300.824
300.858
300.893
300.929
300.967
301.005
301.045
301.085
301.127
301.17
301.215
301.26
301.307
301.356
301.406
301.457
301.51
301.565
301.622
301.681
301.742
301.805
301.871
301.94
302.012
302.088
302.167
302.251
302.341
302.438
302.543
302.658
302.785
300.003
300.009
300.015
300.021
300.028
300.035
300.043
300.05
300.058
300.067
300.076
300.085
300.094
300.104
300.115
300.126
300.137
300.149
300.161
300.174
300.187
300.201
300.216
300.23
300.246
300.262
300.279
300.296
300.314
300.333
300.352
300.372
300.392
300.413
300.435
300.458
300.481
300.505
300.53
300.556
300.582
300.609
300.637
300.666
300.696
300.726
300.758
300.79
300.823
300.858
300.893
300.929
300.966
301.005
301.044
301.085
301.127
301.169
301.214
301.259
301.306
301.354
301.404
301.456
301.509
301.563
301.62
301.679
301.739
301.802
301.868
301.936
302.007
302.081
302.159
302.241
302.328
302.421
302.519
302.622
302.73
300.003
300.009
300.015
300.021
300.028
300.035
300.043
300.05
300.058
300.067
300.076
300.085
300.094
300.104
300.115
300.126
300.137
300.149
300.161
300.174
300.187
300.201
300.216
300.23
300.246
300.262
300.279
300.296
300.314
300.332
300.352
300.371
300.392
300.413
300.435
300.458
300.481
300.505
300.53
300.555
300.582
300.609
300.637
300.666
300.695
300.726
300.757
300.789
300.823
300.857
300.892
300.928
300.966
301.004
301.043
301.084
301.125
301.168
301.212
301.258
301.304
301.353
301.402
301.453
301.506
301.56
301.617
301.675
301.735
301.797
301.862
301.929
301.998
302.071
302.147
302.226
302.309
302.396
302.486
302.579
302.673
300.003
300.009
300.015
300.021
300.028
300.035
300.043
300.05
300.058
300.067
300.076
300.085
300.094
300.104
300.115
300.126
300.137
300.149
300.161
300.174
300.187
300.201
300.215
300.23
300.246
300.262
300.279
300.296
300.314
300.332
300.351
300.371
300.392
300.413
300.435
300.457
300.481
300.505
300.529
300.555
300.581
300.608
300.636
300.665
300.695
300.725
300.757
300.789
300.822
300.856
300.891
300.927
300.964
301.003
301.042
301.082
301.124
301.166
301.21
301.256
301.302
301.35
301.399
301.45
301.502
301.556
301.612
301.669
301.728
301.789
301.853
301.918
301.986
302.057
302.13
302.206
302.284
302.364
302.447
302.531
302.613
300.003
300.009
300.015
300.021
300.028
300.035
300.043
300.05
300.058
300.067
300.076
300.085
300.094
300.104
300.115
300.126
300.137
300.149
300.161
300.174
300.187
300.201
300.215
300.23
300.246
300.262
300.278
300.296
300.314
300.332
300.351
300.371
300.391
300.413
300.434
300.457
300.48
300.504
300.529
300.554
300.581
300.608
300.636
300.664
300.694
300.724
300.756
300.788
300.821
300.855
300.89
300.926
300.963
301.001
301.04
301.08
301.122
301.164
301.208
301.252
301.299
301.346
301.395
301.445
301.497
301.55
301.605
301.661
301.719
301.779
301.841
301.905
301.971
302.039
302.108
302.18
302.253
302.328
302.404
302.479
302.554
300.003
300.009
300.015
300.021
300.028
300.035
300.043
300.05
300.058
300.067
300.075
300.085
300.094
300.104
300.115
300.126
300.137
300.149
300.161
300.174
300.187
300.201
300.215
300.23
300.246
300.262
300.278
300.296
300.313
300.332
300.351
300.371
300.391
300.412
300.434
300.457
300.48
300.504
300.528
300.554
300.58
300.607
300.635
300.664
300.693
300.723
300.755
300.787
300.82
300.853
300.888
300.924
300.961
300.999
301.038
301.078
301.119
301.161
301.204
301.248
301.294
301.341
301.389
301.439
301.49
301.542
301.596
301.651
301.708
301.767
301.827
301.888
301.952
302.016
302.083
302.15
302.219
302.288
302.357
302.426
302.494
300.003
300.009
300.015
300.021
300.028
300.035
300.043
300.05
300.058
300.067
300.075
300.085
300.094
300.104
300.115
300.125
300.137
300.149
300.161
300.174
300.187
300.201
300.215
300.23
300.245
300.261
300.278
300.295
300.313
300.332
300.351
300.37
300.391
300.412
300.434
300.456
300.479
300.503
300.528
300.553
300.579
300.606
300.634
300.662
300.692
300.722
300.753
300.785
300.818
300.852
300.886
300.922
300.958
300.996
301.034
301.074
301.115
301.156
301.199
301.243
301.288
301.335
301.382
301.431
301.481
301.532
301.585
301.639
301.694
301.751
301.809
301.868
301.929
301.99
302.053
302.116
302.18
302.244
302.308
302.371
302.433
300.003
300.009
300.015
300.021
300.028
300.035
300.043
300.05
300.058
300.067
300.075
300.085
300.094
300.104
300.114
300.125
300.137
300.148
300.161
300.173
300.187
300.2
300.215
300.23
300.245
300.261
300.278
300.295
300.313
300.331
300.35
300.37
300.39
300.411
300.433
300.455
300.478
300.502
300.527
300.552
300.578
300.605
300.633
300.661
300.69
300.72
300.751
300.783
300.816
300.849
300.883
300.919
300.955
300.992
301.031
301.07
301.11
301.151
301.194
301.237
301.281
301.327
301.374
301.421
301.47
301.52
301.572
301.624
301.678
301.732
301.788
301.845
301.902
301.961
302.02
302.079
302.139
302.198
302.257
302.315
302.372
300.003
300.009
300.015
300.021
300.028
300.035
300.042
300.05
300.058
300.067
300.075
300.084
300.094
300.104
300.114
300.125
300.136
300.148
300.16
300.173
300.186
300.2
300.215
300.229
300.245
300.261
300.277
300.294
300.312
300.331
300.35
300.369
300.39
300.41
300.432
300.454
300.477
300.501
300.526
300.551
300.577
300.603
300.631
300.659
300.688
300.718
300.749
300.78
300.813
300.846
300.88
300.915
300.951
300.988
301.026
301.064
301.104
301.145
301.186
301.229
301.273
301.317
301.363
301.41
301.458
301.506
301.556
301.607
301.658
301.711
301.764
301.818
301.873
301.928
301.983
302.039
302.094
302.15
302.204
302.258
302.31
300.003
300.009
300.015
300.021
300.028
300.035
300.042
300.05
300.058
300.066
300.075
300.084
300.094
300.104
300.114
300.125
300.136
300.148
300.16
300.173
300.186
300.2
300.214
300.229
300.244
300.26
300.277
300.294
300.312
300.33
300.349
300.368
300.389
300.41
300.431
300.453
300.476
300.5
300.524
300.549
300.575
300.602
300.629
300.657
300.686
300.716
300.746
300.777
300.809
300.842
300.876
300.911
300.946
300.983
301.02
301.058
301.097
301.137
301.178
301.22
301.263
301.306
301.351
301.396
301.443
301.49
301.538
301.586
301.636
301.686
301.737
301.788
301.84
301.892
301.944
301.996
302.048
302.099
302.15
302.199
302.248
300.003
300.009
300.015
300.021
300.028
300.035
300.042
300.05
300.058
300.066
300.075
300.084
300.094
300.104
300.114
300.125
300.136
300.148
300.16
300.173
300.186
300.2
300.214
300.229
300.244
300.26
300.276
300.293
300.311
300.329
300.348
300.368
300.388
300.408
300.43
300.452
300.475
300.498
300.523
300.547
300.573
300.599
300.627
300.654
300.683
300.712
300.743
300.774
300.805
300.838
300.871
300.905
300.94
300.976
301.013
301.05
301.089
301.128
301.168
301.209
301.251
301.293
301.336
301.38
301.425
301.471
301.517
301.564
301.611
301.659
301.707
301.756
301.804
301.853
301.902
301.951
301.999
302.047
302.094
302.14
302.185
300.003
300.009
300.015
300.021
300.028
300.035
300.042
300.05
300.058
300.066
300.075
300.084
300.094
300.103
300.114
300.125
300.136
300.147
300.16
300.172
300.185
300.199
300.213
300.228
300.243
300.259
300.276
300.292
300.31
300.328
300.347
300.366
300.386
300.407
300.428
300.45
300.473
300.496
300.52
300.545
300.571
300.597
300.624
300.651
300.68
300.709
300.739
300.769
300.8
300.833
300.865
300.899
300.934
300.969
301.005
301.041
301.079
301.117
301.156
301.196
301.237
301.278
301.32
301.362
301.405
301.449
301.493
301.538
301.583
301.629
301.674
301.72
301.766
301.812
301.858
301.903
301.948
301.993
302.037
302.08
302.122
300.003
300.009
300.015
300.021
300.028
300.035
300.042
300.05
300.058
300.066
300.075
300.084
300.093
300.103
300.114
300.124
300.135
300.147
300.159
300.172
300.185
300.199
300.213
300.227
300.243
300.258
300.275
300.292
300.309
300.327
300.346
300.365
300.385
300.406
300.427
300.449
300.471
300.494
300.518
300.543
300.568
300.594
300.62
300.648
300.676
300.704
300.734
300.764
300.795
300.826
300.859
300.892
300.925
300.96
300.995
301.031
301.068
301.105
301.143
301.182
301.221
301.261
301.301
301.342
301.383
301.425
301.468
301.51
301.553
301.596
301.639
301.682
301.726
301.769
301.811
301.854
301.896
301.937
301.978
302.018
302.058
300.003
300.009
300.015
300.021
300.028
300.035
300.042
300.05
300.058
300.066
300.075
300.084
300.093
300.103
300.113
300.124
300.135
300.147
300.159
300.171
300.184
300.198
300.212
300.227
300.242
300.257
300.274
300.29
300.308
300.326
300.344
300.363
300.383
300.404
300.425
300.446
300.469
300.492
300.515
300.539
300.564
300.59
300.616
300.643
300.671
300.699
300.728
300.758
300.788
300.819
300.851
300.883
300.916
300.95
300.984
301.019
301.055
301.091
301.128
301.165
301.203
301.241
301.28
301.319
301.359
301.399
301.439
301.48
301.52
301.561
301.602
301.642
301.683
301.723
301.763
301.803
301.842
301.881
301.919
301.956
301.993
300.003
300.009
300.015
300.021
300.028
300.035
300.042
300.05
300.057
300.066
300.074
300.083
300.093
300.103
300.113
300.123
300.135
300.146
300.158
300.171
300.184
300.197
300.211
300.226
300.241
300.256
300.272
300.289
300.306
300.324
300.343
300.362
300.381
300.401
300.422
300.444
300.466
300.488
300.512
300.536
300.56
300.586
300.611
300.638
300.665
300.693
300.721
300.75
300.78
300.811
300.842
300.873
300.905
300.938
300.972
301.006
301.04
301.075
301.11
301.146
301.183
301.22
301.257
301.294
301.332
301.37
301.408
301.447
301.485
301.523
301.562
301.6
301.638
301.676
301.713
301.75
301.787
301.823
301.859
301.894
301.928
300.003
300.009
300.015
300.021
300.028
300.035
300.042
300.049
300.057
300.065
300.074
300.083
300.092
300.102
300.112
300.123
300.134
300.146
300.157
300.17
300.183
300.196
300.21
300.225
300.239
300.255
300.271
300.288
300.305
300.322
300.341
300.359
300.379
300.399
300.419
300.441
300.462
300.485
300.508
300.531
300.556
300.58
300.606
300.632
300.659
300.686
300.714
300.742
300.771
300.801
300.831
300.862
300.893
300.925
300.957
300.99
301.023
301.057
301.091
301.126
301.161
301.196
301.231
301.267
301.303
301.339
301.375
301.411
301.448
301.484
301.52
301.556
301.591
301.627
301.662
301.696
301.73
301.764
301.798
301.83
301.862
300.003
300.009
300.015
300.021
300.028
300.034
300.042
300.049
300.057
300.065
300.074
300.083
300.092
300.102
300.112
300.122
300.133
300.145
300.157
300.169
300.182
300.195
300.209
300.223
300.238
300.253
300.269
300.286
300.303
300.32
300.338
300.357
300.376
300.396
300.416
300.437
300.458
300.48
300.503
300.526
300.55
300.575
300.599
300.625
300.651
300.678
300.705
300.733
300.761
300.79
300.819
300.849
300.879
300.91
300.941
300.973
301.005
301.038
301.07
301.103
301.137
301.17
301.204
301.238
301.272
301.306
301.34
301.374
301.408
301.442
301.476
301.51
301.543
301.576
301.609
301.641
301.673
301.705
301.736
301.766
301.796
300.003
300.009
300.015
300.021
300.027
300.034
300.041
300.049
300.057
300.065
300.073
300.082
300.091
300.101
300.111
300.122
300.133
300.144
300.156
300.168
300.181
300.194
300.208
300.222
300.236
300.252
300.267
300.284
300.3
300.318
300.335
300.354
300.373
300.392
300.412
300.433
300.454
300.476
300.498
300.521
300.544
300.568
300.592
300.617
300.643
300.669
300.695
300.722
300.75
300.778
300.806
300.835
300.864
300.894
300.924
300.954
300.985
301.016
301.047
301.079
301.111
301.142
301.174
301.207
301.239
301.271
301.303
301.335
301.367
301.399
301.431
301.462
301.493
301.524
301.555
301.585
301.615
301.644
301.673
301.702
301.73
300.003
300.009
300.015
300.021
300.027
300.034
300.041
300.049
300.056
300.064
300.073
300.082
300.091
300.1
300.11
300.121
300.132
300.143
300.155
300.167
300.179
300.192
300.206
300.22
300.235
300.25
300.265
300.281
300.298
300.315
300.332
300.35
300.369
300.388
300.408
300.428
300.449
300.47
300.492
300.514
300.537
300.56
300.584
300.608
300.633
300.658
300.684
300.71
300.737
300.764
300.791
300.819
300.847
300.876
300.905
300.934
300.963
300.993
301.022
301.052
301.082
301.113
301.143
301.173
301.204
301.234
301.264
301.294
301.324
301.354
301.384
301.413
301.442
301.471
301.5
301.528
301.556
301.583
301.61
301.637
301.663
300.003
300.008
300.014
300.021
300.027
300.034
300.041
300.048
300.056
300.064
300.072
300.081
300.09
300.1
300.11
300.12
300.131
300.142
300.153
300.165
300.178
300.191
300.204
300.218
300.232
300.247
300.262
300.278
300.295
300.311
300.329
300.346
300.365
300.383
300.403
300.423
300.443
300.464
300.485
300.507
300.529
300.552
300.575
300.598
300.622
300.647
300.672
300.697
300.723
300.749
300.775
300.802
300.829
300.856
300.883
300.911
300.939
300.967
300.996
301.024
301.053
301.081
301.11
301.138
301.167
301.195
301.224
301.252
301.28
301.308
301.336
301.363
301.39
301.417
301.444
301.47
301.496
301.522
301.547
301.572
301.596
300.003
300.008
300.014
300.02
300.027
300.034
300.041
300.048
300.056
300.063
300.072
300.08
300.089
300.099
300.109
300.119
300.129
300.14
300.152
300.164
300.176
300.189
300.202
300.216
300.23
300.244
300.259
300.275
300.291
300.307
300.324
300.342
300.36
300.378
300.397
300.416
300.436
300.456
300.477
300.498
300.52
300.542
300.564
300.587
300.61
300.634
300.658
300.682
300.707
300.732
300.757
300.783
300.809
300.835
300.861
300.887
300.914
300.94
300.967
300.994
301.021
301.048
301.075
301.102
301.128
301.155
301.182
301.208
301.234
301.26
301.286
301.312
301.337
301.362
301.387
301.412
301.436
301.46
301.483
301.506
301.529
300.003
300.008
300.014
300.02
300.027
300.033
300.04
300.047
300.055
300.063
300.071
300.08
300.089
300.098
300.108
300.118
300.128
300.139
300.15
300.162
300.174
300.187
300.2
300.213
300.227
300.241
300.256
300.271
300.287
300.303
300.32
300.337
300.354
300.372
300.391
300.409
300.429
300.448
300.468
300.489
300.51
300.531
300.553
300.575
300.597
300.62
300.643
300.666
300.69
300.714
300.738
300.762
300.787
300.812
300.836
300.861
300.887
300.912
300.937
300.962
300.988
301.013
301.038
301.063
301.089
301.114
301.138
301.163
301.188
301.212
301.236
301.26
301.284
301.307
301.33
301.353
301.375
301.398
301.42
301.441
301.462
300.003
300.008
300.014
300.02
300.026
300.033
300.04
300.047
300.054
300.062
300.07
300.079
300.088
300.097
300.106
300.116
300.127
300.137
300.148
300.16
300.172
300.184
300.197
300.21
300.224
300.238
300.252
300.267
300.282
300.298
300.314
300.331
300.348
300.366
300.383
300.402
300.42
300.439
300.459
300.479
300.499
300.519
300.54
300.561
300.583
300.605
300.627
300.649
300.672
300.694
300.717
300.74
300.764
300.787
300.811
300.834
300.858
300.882
300.906
300.929
300.953
300.977
301
301.024
301.048
301.071
301.094
301.117
301.14
301.163
301.185
301.207
301.229
301.251
301.273
301.294
301.315
301.335
301.356
301.376
301.396
300.003
300.008
300.014
300.02
300.026
300.033
300.039
300.046
300.054
300.061
300.069
300.078
300.086
300.095
300.105
300.115
300.125
300.135
300.146
300.157
300.169
300.181
300.194
300.207
300.22
300.234
300.248
300.262
300.277
300.293
300.308
300.325
300.341
300.358
300.375
300.393
300.411
300.43
300.448
300.467
300.487
300.506
300.526
300.547
300.567
300.588
300.609
300.63
300.652
300.673
300.695
300.717
300.739
300.761
300.784
300.806
300.828
300.85
300.873
300.895
300.917
300.939
300.962
300.984
301.006
301.027
301.049
301.07
301.092
301.113
301.134
301.154
301.175
301.195
301.215
301.235
301.254
301.273
301.292
301.311
301.329
300.003
300.008
300.014
300.02
300.026
300.032
300.039
300.046
300.053
300.06
300.068
300.077
300.085
300.094
300.103
300.113
300.123
300.133
300.144
300.155
300.166
300.178
300.19
300.203
300.216
300.229
300.243
300.257
300.272
300.287
300.302
300.318
300.334
300.35
300.367
300.384
300.401
300.419
300.437
300.455
300.474
300.493
300.512
300.531
300.551
300.57
300.59
300.611
300.631
300.651
300.672
300.693
300.713
300.734
300.755
300.776
300.797
300.818
300.839
300.86
300.88
300.901
300.922
300.942
300.963
300.983
301.003
301.023
301.043
301.062
301.082
301.101
301.12
301.139
301.157
301.176
301.194
301.212
301.229
301.246
301.263
300.003
300.008
300.013
300.019
300.025
300.032
300.038
300.045
300.052
300.059
300.067
300.075
300.084
300.092
300.101
300.111
300.121
300.131
300.141
300.152
300.163
300.175
300.186
300.199
300.211
300.224
300.238
300.251
300.266
300.28
300.295
300.31
300.325
300.341
300.357
300.373
300.39
300.407
300.424
300.442
300.46
300.478
300.496
300.514
300.533
300.552
300.57
300.59
300.609
300.628
300.647
300.667
300.686
300.706
300.726
300.745
300.765
300.784
300.804
300.823
300.843
300.862
300.881
300.9
300.919
300.938
300.957
300.975
300.994
301.012
301.03
301.048
301.065
301.083
301.1
301.117
301.134
301.15
301.166
301.183
301.198
300.003
300.008
300.013
300.019
300.025
300.031
300.037
300.044
300.051
300.058
300.066
300.074
300.082
300.091
300.099
300.109
300.118
300.128
300.138
300.149
300.159
300.171
300.182
300.194
300.206
300.219
300.232
300.245
300.259
300.273
300.287
300.301
300.316
300.331
300.347
300.362
300.378
300.395
300.411
300.428
300.445
300.462
300.479
300.496
300.514
300.532
300.55
300.568
300.586
300.604
300.622
300.64
300.659
300.677
300.695
300.714
300.732
300.75
300.768
300.786
300.804
300.822
300.84
300.858
300.876
300.893
300.91
300.928
300.945
300.962
300.978
300.995
301.011
301.027
301.043
301.059
301.074
301.089
301.105
301.119
301.134
300.003
300.008
300.013
300.019
300.024
300.03
300.037
300.043
300.05
300.057
300.065
300.072
300.08
300.089
300.097
300.106
300.115
300.125
300.135
300.145
300.156
300.166
300.178
300.189
300.201
300.213
300.226
300.238
300.251
300.265
300.278
300.292
300.307
300.321
300.336
300.351
300.366
300.381
300.397
300.413
300.429
300.445
300.461
300.478
300.494
300.511
300.528
300.545
300.562
300.579
300.596
300.613
300.63
300.647
300.664
300.681
300.698
300.715
300.732
300.749
300.766
300.782
300.799
300.816
300.832
300.848
300.864
300.88
300.896
300.911
300.927
300.942
300.957
300.972
300.987
301.001
301.015
301.03
301.044
301.057
301.071
300.002
300.007
300.013
300.018
300.024
300.03
300.036
300.042
300.049
300.056
300.063
300.071
300.078
300.086
300.095
300.103
300.112
300.122
300.131
300.141
300.151
300.162
300.173
300.184
300.195
300.207
300.219
300.231
300.244
300.256
300.269
300.283
300.296
300.31
300.324
300.338
300.353
300.367
300.382
300.397
300.412
300.427
300.443
300.458
300.474
300.49
300.505
300.521
300.537
300.553
300.569
300.585
300.601
300.617
300.633
300.649
300.664
300.68
300.696
300.712
300.727
300.743
300.758
300.773
300.788
300.803
300.818
300.833
300.847
300.862
300.876
300.89
300.904
300.918
300.931
300.945
300.958
300.971
300.984
300.996
301.009
300.002
300.007
300.012
300.018
300.023
300.029
300.035
300.041
300.048
300.054
300.061
300.069
300.076
300.084
300.092
300.101
300.109
300.118
300.127
300.137
300.147
300.157
300.167
300.178
300.189
300.2
300.212
300.223
300.235
300.247
300.26
300.273
300.285
300.298
300.312
300.325
300.339
300.353
300.367
300.381
300.395
300.409
300.424
300.438
300.453
300.468
300.482
300.497
300.512
300.527
300.542
300.557
300.571
300.586
300.601
300.616
300.631
300.645
300.66
300.674
300.689
300.703
300.717
300.731
300.745
300.759
300.773
300.786
300.8
300.813
300.826
300.839
300.852
300.864
300.877
300.889
300.902
300.914
300.925
300.937
300.949
300.002
300.007
300.012
300.017
300.023
300.028
300.034
300.04
300.046
300.053
300.06
300.067
300.074
300.082
300.089
300.097
300.106
300.115
300.123
300.133
300.142
300.152
300.162
300.172
300.182
300.193
300.204
300.215
300.227
300.238
300.25
300.262
300.274
300.287
300.299
300.312
300.325
300.338
300.351
300.364
300.377
300.391
300.404
300.418
300.432
300.445
300.459
300.473
300.487
300.501
300.515
300.528
300.542
300.556
300.57
300.583
300.597
300.61
300.624
300.637
300.65
300.664
300.677
300.69
300.703
300.715
300.728
300.741
300.753
300.765
300.777
300.789
300.801
300.813
300.824
300.836
300.847
300.858
300.869
300.88
300.89
300.002
300.007
300.012
300.017
300.022
300.027
300.033
300.039
300.045
300.051
300.058
300.065
300.072
300.079
300.086
300.094
300.102
300.111
300.119
300.128
300.137
300.146
300.156
300.166
300.176
300.186
300.196
300.207
300.218
300.229
300.24
300.251
300.263
300.274
300.286
300.298
300.31
300.322
300.335
300.347
300.36
300.372
300.385
300.398
300.411
300.423
300.436
300.449
300.462
300.475
300.488
300.5
300.513
300.526
300.539
300.551
300.564
300.576
300.589
300.601
300.613
300.625
300.638
300.65
300.661
300.673
300.685
300.696
300.708
300.719
300.73
300.741
300.752
300.763
300.773
300.784
300.794
300.804
300.814
300.824
300.834
300.002
300.007
300.011
300.016
300.021
300.026
300.032
300.038
300.043
300.049
300.056
300.062
300.069
300.076
300.083
300.091
300.099
300.107
300.115
300.123
300.132
300.141
300.15
300.159
300.169
300.178
300.188
300.198
300.208
300.219
300.229
300.24
300.251
300.262
300.273
300.284
300.296
300.307
300.319
300.331
300.342
300.354
300.366
300.378
300.39
300.401
300.413
300.425
300.437
300.449
300.461
300.473
300.485
300.497
300.508
300.52
300.532
300.543
300.555
300.566
300.577
300.589
300.6
300.611
300.622
300.633
300.643
300.654
300.664
300.675
300.685
300.695
300.705
300.715
300.725
300.734
300.744
300.753
300.762
300.772
300.781
300.002
300.006
300.011
300.016
300.02
300.025
300.031
300.036
300.042
300.048
300.054
300.06
300.067
300.073
300.08
300.088
300.095
300.103
300.11
300.118
300.127
300.135
300.144
300.153
300.162
300.171
300.18
300.19
300.199
300.209
300.219
300.229
300.24
300.25
300.26
300.271
300.282
300.292
300.303
300.314
300.325
300.336
300.347
300.358
300.369
300.38
300.391
300.403
300.414
300.425
300.436
300.447
300.458
300.469
300.479
300.49
300.501
300.512
300.522
300.533
300.543
300.554
300.564
300.574
300.584
300.594
300.604
300.614
300.623
300.633
300.642
300.652
300.661
300.67
300.679
300.688
300.697
300.705
300.714
300.722
300.73
300.002
300.006
300.011
300.015
300.02
300.025
300.03
300.035
300.04
300.046
300.052
300.058
300.064
300.071
300.077
300.084
300.091
300.099
300.106
300.114
300.122
300.13
300.138
300.146
300.155
300.164
300.172
300.181
300.191
300.2
300.209
300.219
300.229
300.238
300.248
300.258
300.268
300.278
300.288
300.299
300.309
300.319
300.329
300.34
300.35
300.36
300.371
300.381
300.391
300.402
300.412
300.422
300.432
300.442
300.452
300.462
300.472
300.482
300.492
300.502
300.511
300.521
300.53
300.54
300.549
300.558
300.567
300.576
300.585
300.594
300.603
300.611
300.62
300.628
300.637
300.645
300.653
300.661
300.669
300.676
300.684
300.002
300.006
300.01
300.015
300.019
300.024
300.029
300.034
300.039
300.044
300.05
300.056
300.062
300.068
300.075
300.081
300.088
300.095
300.102
300.109
300.117
300.125
300.132
300.14
300.148
300.157
300.165
300.174
300.182
300.191
300.2
300.209
300.218
300.227
300.237
300.246
300.256
300.265
300.275
300.284
300.294
300.303
300.313
300.323
300.332
300.342
300.352
300.361
300.371
300.38
300.39
300.399
300.409
300.418
300.428
300.437
300.446
300.455
300.464
300.473
300.482
300.491
300.5
300.509
300.517
300.526
300.534
300.543
300.551
300.559
300.567
300.575
300.583
300.591
300.598
300.606
300.613
300.621
300.628
300.635
300.642
300.002
300.006
300.01
300.014
300.018
300.023
300.028
300.033
300.038
300.043
300.048
300.054
300.06
300.066
300.072
300.078
300.085
300.091
300.098
300.105
300.113
300.12
300.127
300.135
300.143
300.151
300.159
300.167
300.175
300.183
300.192
300.2
300.209
300.218
300.227
300.235
300.244
300.253
300.262
300.271
300.28
300.289
300.298
300.307
300.317
300.326
300.335
300.344
300.353
300.362
300.371
300.38
300.388
300.397
300.406
300.415
300.423
300.432
300.44
300.449
300.457
300.465
300.474
300.482
300.49
300.498
300.506
300.513
300.521
300.529
300.536
300.544
300.551
300.558
300.565
300.572
300.579
300.586
300.593
300.599
300.606
300.002
300.006
300.01
300.014
300.018
300.022
300.027
300.032
300.037
300.042
300.047
300.052
300.058
300.064
300.07
300.076
300.082
300.089
300.095
300.102
300.109
300.116
300.123
300.13
300.138
300.145
300.153
300.161
300.169
300.177
300.185
300.193
300.201
300.21
300.218
300.227
300.235
300.243
300.252
300.261
300.269
300.278
300.286
300.295
300.304
300.312
300.321
300.329
300.338
300.346
300.355
300.363
300.372
300.38
300.388
300.396
300.405
300.413
300.421
300.429
300.436
300.444
300.452
300.46
300.467
300.475
300.482
300.489
300.497
300.504
300.511
300.518
300.525
300.532
300.538
300.545
300.551
300.558
300.564
300.57
300.577
300.002
300.005
300.009
300.013
300.017
300.022
300.026
300.031
300.036
300.041
300.046
300.051
300.057
300.062
300.068
300.074
300.08
300.086
300.093
300.099
300.106
300.113
300.12
300.127
300.134
300.142
300.149
300.157
300.164
300.172
300.18
300.188
300.196
300.204
300.212
300.22
300.228
300.236
300.245
300.253
300.261
300.269
300.278
300.286
300.294
300.302
300.311
300.319
300.327
300.335
300.343
300.351
300.359
300.367
300.375
300.383
300.391
300.399
300.406
300.414
300.421
300.429
300.436
300.444
300.451
300.458
300.465
300.472
300.479
300.486
300.493
300.499
300.506
300.512
300.519
300.525
300.531
300.537
300.543
300.549
300.555
300.002
300.005
300.009
300.013
300.017
300.022
300.026
300.031
300.035
300.04
300.045
300.051
300.056
300.061
300.067
300.073
300.079
300.085
300.092
300.098
300.105
300.111
300.118
300.125
300.132
300.14
300.147
300.154
300.162
300.169
300.177
300.185
300.193
300.2
300.208
300.216
300.224
300.232
300.24
300.248
300.257
300.265
300.273
300.281
300.289
300.297
300.305
300.313
300.321
300.329
300.337
300.345
300.353
300.36
300.368
300.376
300.383
300.391
300.398
300.406
300.413
300.42
300.428
300.435
300.442
300.449
300.456
300.463
300.469
300.476
300.483
300.489
300.495
300.502
300.508
300.514
300.52
300.526
300.532
300.538
300.544
303.022
303.152
303.229
303.302
303.365
303.417
303.452
303.491
303.531
303.568
303.6
303.634
303.669
303.703
303.737
303.77
303.801
303.828
303.858
303.887
303.916
303.946
303.975
304.004
304.033
304.062
304.089
304.117
304.145
304.171
304.198
304.225
304.251
304.277
304.303
304.328
304.353
304.378
304.402
304.427
304.451
304.474
304.499
304.526
304.552
304.576
304.599
304.623
304.648
304.673
304.696
304.718
304.741
304.765
304.789
304.814
304.838
304.863
304.887
304.909
304.928
304.95
304.972
304.994
305.017
305.04
305.062
305.084
305.106
305.128
305.149
305.17
305.191
305.212
305.232
305.252
305.272
305.292
305.311
305.332
305.355
305.376
305.395
305.413
305.43
305.447
305.466
305.487
305.505
305.522
305.537
305.555
305.574
305.59
305.608
305.627
305.644
305.658
305.675
305.691
305.704
305.72
305.733
305.748
305.763
305.779
305.793
305.804
305.817
305.828
305.84
305.853
305.866
305.879
305.89
305.899
305.909
305.92
305.93
305.939
305.946
305.954
305.962
305.969
305.976
305.98
305.985
305.989
305.993
305.996
305.998
306
306
305.998
305.996
305.993
305.988
305.981
305.974
305.965
305.954
305.941
305.927
305.911
305.893
305.872
305.85
305.824
305.795
305.761
305.72
305.679
305.637
305.589
305.536
305.475
305.409
305.298
305.196
305.068
304.901
302.921
303.035
303.123
303.199
303.264
303.319
303.366
303.409
303.451
303.491
303.527
303.563
303.599
303.634
303.669
303.702
303.734
303.765
303.795
303.826
303.856
303.886
303.916
303.945
303.974
304.003
304.032
304.06
304.088
304.115
304.142
304.169
304.196
304.222
304.248
304.274
304.3
304.325
304.35
304.375
304.4
304.424
304.449
304.475
304.501
304.525
304.549
304.574
304.599
304.623
304.647
304.67
304.693
304.717
304.742
304.766
304.79
304.815
304.838
304.861
304.882
304.904
304.926
304.949
304.971
304.994
305.017
305.039
305.061
305.083
305.105
305.126
305.147
305.168
305.188
305.209
305.229
305.249
305.269
305.29
305.312
305.333
305.352
305.371
305.389
305.406
305.425
305.445
305.464
305.481
305.497
305.515
305.533
305.55
305.568
305.586
305.603
305.619
305.635
305.651
305.665
305.681
305.694
305.709
305.724
305.74
305.754
305.766
305.779
305.79
305.802
305.815
305.828
305.841
305.852
305.862
305.872
305.883
305.893
305.902
305.909
305.917
305.925
305.932
305.939
305.944
305.949
305.953
305.957
305.96
305.962
305.963
305.964
305.962
305.96
305.957
305.952
305.946
305.938
305.929
305.918
305.906
305.892
305.875
305.857
305.837
305.813
305.787
305.758
305.724
305.684
305.642
305.599
305.55
305.495
305.433
305.362
305.255
305.148
305.013
304.83
302.839
302.939
303.025
303.1
303.167
303.225
303.277
303.324
303.369
303.41
303.45
303.488
303.526
303.562
303.597
303.632
303.665
303.697
303.729
303.76
303.791
303.822
303.852
303.882
303.912
303.941
303.97
303.999
304.027
304.055
304.083
304.11
304.137
304.164
304.191
304.217
304.243
304.269
304.294
304.32
304.345
304.37
304.395
304.421
304.446
304.472
304.496
304.521
304.546
304.57
304.595
304.618
304.642
304.666
304.691
304.715
304.739
304.764
304.787
304.81
304.832
304.855
304.877
304.9
304.923
304.945
304.968
304.991
305.013
305.035
305.057
305.078
305.099
305.121
305.141
305.162
305.183
305.203
305.223
305.244
305.266
305.287
305.306
305.326
305.344
305.362
305.381
305.401
305.419
305.437
305.454
305.472
305.49
305.507
305.525
305.543
305.56
305.576
305.593
305.609
305.624
305.639
305.653
305.668
305.683
305.698
305.712
305.725
305.738
305.75
305.762
305.775
305.788
305.801
305.812
305.822
305.833
305.843
305.853
305.862
305.87
305.878
305.886
305.893
305.9
305.905
305.91
305.915
305.919
305.922
305.924
305.925
305.925
305.924
305.922
305.919
305.914
305.908
305.9
305.891
305.88
305.868
305.854
305.837
305.819
305.798
305.775
305.749
305.719
305.685
305.645
305.603
305.559
305.509
305.453
305.389
305.314
305.208
305.097
304.956
304.762
302.765
302.853
302.934
303.007
303.073
303.133
303.187
303.237
303.284
303.328
303.369
303.41
303.448
303.486
303.523
303.558
303.592
303.626
303.659
303.691
303.723
303.754
303.785
303.816
303.846
303.876
303.905
303.935
303.963
303.992
304.02
304.048
304.075
304.103
304.13
304.156
304.183
304.209
304.235
304.261
304.286
304.312
304.338
304.363
304.389
304.414
304.439
304.465
304.49
304.514
304.539
304.563
304.587
304.612
304.636
304.661
304.685
304.71
304.733
304.757
304.779
304.802
304.825
304.848
304.871
304.894
304.917
304.939
304.962
304.984
305.006
305.028
305.049
305.071
305.092
305.113
305.133
305.154
305.175
305.196
305.217
305.238
305.258
305.277
305.296
305.315
305.334
305.353
305.372
305.39
305.408
305.426
305.444
305.462
305.479
305.497
305.515
305.531
305.548
305.564
305.579
305.594
305.609
305.624
305.639
305.654
305.668
305.681
305.694
305.707
305.72
305.732
305.745
305.758
305.769
305.78
305.79
305.801
305.811
305.82
305.828
305.837
305.844
305.852
305.858
305.864
305.869
305.874
305.878
305.881
305.883
305.884
305.884
305.883
305.881
305.878
305.873
305.867
305.86
305.851
305.84
305.828
305.813
305.797
305.779
305.758
305.734
305.708
305.678
305.643
305.604
305.561
305.516
305.465
305.408
305.341
305.263
305.159
305.044
304.898
304.698
302.695
302.774
302.849
302.918
302.983
303.042
303.098
303.149
303.197
303.243
303.286
303.328
303.368
303.407
303.444
303.481
303.516
303.551
303.585
303.618
303.65
303.683
303.714
303.745
303.776
303.807
303.837
303.867
303.896
303.925
303.953
303.982
304.01
304.037
304.065
304.092
304.119
304.145
304.172
304.198
304.224
304.25
304.276
304.302
304.328
304.354
304.379
304.405
304.43
304.455
304.48
304.504
304.529
304.554
304.578
304.603
304.628
304.652
304.676
304.7
304.723
304.746
304.769
304.792
304.815
304.839
304.862
304.884
304.907
304.93
304.952
304.974
304.996
305.017
305.039
305.06
305.081
305.102
305.123
305.144
305.165
305.186
305.206
305.226
305.245
305.265
305.284
305.303
305.322
305.34
305.359
305.377
305.395
305.413
305.431
305.449
305.466
305.483
305.5
305.516
305.531
305.547
305.562
305.577
305.592
305.607
305.622
305.635
305.648
305.661
305.674
305.687
305.7
305.712
305.724
305.735
305.745
305.756
305.766
305.775
305.784
305.792
305.8
305.807
305.814
305.82
305.825
305.83
305.834
305.837
305.839
305.841
305.841
305.84
305.838
305.835
305.83
305.824
305.817
305.808
305.797
305.785
305.77
305.754
305.735
305.715
305.691
305.664
305.634
305.599
305.56
305.517
305.471
305.419
305.36
305.292
305.211
305.108
304.988
304.84
304.637
302.627
302.699
302.768
302.833
302.896
302.954
303.009
303.061
303.11
303.157
303.201
303.244
303.285
303.325
303.363
303.401
303.437
303.472
303.507
303.541
303.574
303.607
303.64
303.671
303.703
303.734
303.764
303.795
303.824
303.854
303.883
303.912
303.94
303.968
303.996
304.024
304.051
304.078
304.105
304.132
304.158
304.185
304.211
304.237
304.263
304.289
304.315
304.341
304.366
304.392
304.417
304.442
304.467
304.492
304.517
304.542
304.566
304.591
304.615
304.639
304.663
304.686
304.71
304.733
304.757
304.78
304.803
304.826
304.849
304.872
304.894
304.917
304.939
304.961
304.982
305.004
305.025
305.046
305.068
305.089
305.11
305.131
305.152
305.172
305.191
305.211
305.23
305.25
305.269
305.288
305.306
305.324
305.343
305.361
305.379
305.397
305.414
305.432
305.448
305.465
305.481
305.496
305.512
305.527
305.542
305.557
305.572
305.586
305.599
305.612
305.625
305.638
305.651
305.664
305.675
305.687
305.697
305.708
305.718
305.728
305.737
305.745
305.753
305.76
305.767
305.773
305.778
305.783
305.787
305.791
305.793
305.794
305.795
305.794
305.792
305.789
305.784
305.778
305.771
305.762
305.751
305.739
305.725
305.708
305.69
305.669
305.645
305.618
305.587
305.553
305.513
305.47
305.423
305.37
305.31
305.24
305.157
305.053
304.932
304.78
304.578
302.56
302.626
302.69
302.752
302.811
302.868
302.922
302.973
303.022
303.069
303.114
303.158
303.199
303.24
303.279
303.317
303.355
303.391
303.426
303.461
303.495
303.528
303.561
303.594
303.626
303.657
303.688
303.719
303.749
303.779
303.809
303.838
303.867
303.895
303.924
303.952
303.98
304.007
304.034
304.062
304.089
304.115
304.142
304.169
304.195
304.221
304.247
304.273
304.299
304.325
304.35
304.376
304.401
304.426
304.451
304.476
304.501
304.526
304.551
304.575
304.599
304.623
304.647
304.67
304.694
304.718
304.741
304.764
304.787
304.81
304.833
304.856
304.878
304.9
304.922
304.944
304.966
304.987
305.009
305.03
305.052
305.073
305.093
305.114
305.134
305.154
305.173
305.193
305.212
305.231
305.25
305.269
305.287
305.306
305.324
305.342
305.359
305.377
305.394
305.41
305.427
305.443
305.458
305.474
305.489
305.504
305.519
305.533
305.547
305.56
305.573
305.586
305.599
305.612
305.624
305.635
305.646
305.657
305.667
305.677
305.686
305.695
305.703
305.71
305.717
305.723
305.729
305.734
305.738
305.741
305.744
305.745
305.745
305.745
305.743
305.74
305.735
305.729
305.722
305.713
305.703
305.69
305.676
305.66
305.641
305.62
305.596
305.569
305.538
305.503
305.464
305.42
305.372
305.318
305.257
305.185
305.101
304.997
304.873
304.72
304.521
302.494
302.554
302.614
302.672
302.728
302.783
302.835
302.886
302.934
302.981
303.026
303.07
303.112
303.153
303.193
303.232
303.269
303.306
303.342
303.377
303.412
303.446
303.48
303.513
303.545
303.577
303.609
303.64
303.67
303.701
303.731
303.76
303.79
303.819
303.848
303.876
303.904
303.932
303.96
303.987
304.015
304.042
304.069
304.096
304.123
304.149
304.176
304.202
304.228
304.254
304.28
304.306
304.331
304.357
304.382
304.407
304.433
304.458
304.482
304.507
304.531
304.556
304.58
304.604
304.628
304.651
304.675
304.699
304.722
304.745
304.768
304.791
304.814
304.836
304.859
304.881
304.903
304.925
304.946
304.968
304.989
305.011
305.032
305.052
305.073
305.093
305.113
305.133
305.152
305.171
305.19
305.209
305.228
305.247
305.265
305.283
305.301
305.319
305.336
305.353
305.369
305.385
305.401
305.417
305.433
305.448
305.463
305.477
305.491
305.505
305.518
305.531
305.544
305.557
305.569
305.581
305.592
305.603
305.613
305.623
305.632
305.641
305.649
305.657
305.664
305.67
305.676
305.681
305.685
305.689
305.691
305.693
305.693
305.693
305.691
305.688
305.683
305.678
305.67
305.662
305.651
305.639
305.625
305.608
305.59
305.568
305.544
305.517
305.486
305.451
305.412
305.368
305.319
305.264
305.201
305.129
305.042
304.938
304.813
304.66
304.466
302.428
302.484
302.54
302.594
302.647
302.699
302.75
302.799
302.847
302.893
302.938
302.981
303.023
303.065
303.105
303.144
303.182
303.219
303.255
303.291
303.326
303.361
303.395
303.428
303.461
303.493
303.525
303.557
303.588
303.619
303.649
303.679
303.709
303.738
303.767
303.796
303.825
303.853
303.881
303.909
303.937
303.965
303.992
304.019
304.046
304.073
304.1
304.127
304.153
304.179
304.205
304.232
304.257
304.283
304.309
304.334
304.36
304.385
304.41
304.435
304.46
304.484
304.509
304.533
304.557
304.581
304.605
304.629
304.653
304.676
304.7
304.723
304.746
304.768
304.791
304.813
304.836
304.858
304.88
304.902
304.923
304.945
304.966
304.987
305.008
305.028
305.048
305.068
305.088
305.108
305.127
305.146
305.165
305.184
305.203
305.221
305.239
305.257
305.274
305.291
305.308
305.325
305.341
305.357
305.372
305.388
305.403
305.417
305.432
305.445
305.459
305.473
305.486
305.498
305.511
305.523
305.534
305.545
305.556
305.566
305.575
305.584
305.592
305.6
305.607
305.614
305.62
305.625
305.629
305.633
305.635
305.637
305.638
305.637
305.635
305.633
305.628
305.623
305.616
305.607
305.596
305.584
305.57
305.554
305.535
305.514
305.489
305.462
305.431
305.396
305.356
305.312
305.263
305.207
305.143
305.069
304.982
304.877
304.752
304.6
304.411
302.363
302.414
302.466
302.517
302.568
302.617
302.666
302.713
302.759
302.805
302.849
302.892
302.934
302.974
303.014
303.053
303.092
303.129
303.166
303.202
303.237
303.272
303.306
303.34
303.373
303.406
303.438
303.47
303.502
303.533
303.564
303.594
303.624
303.654
303.684
303.713
303.742
303.77
303.799
303.827
303.855
303.883
303.911
303.939
303.966
303.993
304.02
304.047
304.074
304.1
304.127
304.153
304.179
304.206
304.231
304.257
304.283
304.308
304.334
304.359
304.384
304.409
304.434
304.458
304.483
304.507
304.531
304.555
304.579
304.603
304.627
304.65
304.673
304.696
304.719
304.742
304.765
304.787
304.809
304.831
304.853
304.875
304.897
304.918
304.939
304.959
304.98
305
305.02
305.04
305.06
305.079
305.099
305.118
305.136
305.155
305.173
305.191
305.209
305.226
305.243
305.26
305.276
305.292
305.308
305.324
305.339
305.354
305.368
305.383
305.397
305.41
305.423
305.436
305.449
305.461
305.473
305.484
305.495
305.505
305.514
305.523
305.532
305.54
305.547
305.554
305.56
305.565
305.57
305.573
305.576
305.578
305.579
305.578
305.577
305.574
305.57
305.564
305.557
305.549
305.538
305.526
305.512
305.496
305.477
305.456
305.431
305.404
305.373
305.338
305.298
305.253
305.203
305.147
305.082
305.007
304.919
304.814
304.69
304.54
304.358
302.297
302.345
302.393
302.441
302.489
302.536
302.582
302.628
302.672
302.716
302.759
302.802
302.843
302.883
302.923
302.962
303
303.037
303.074
303.11
303.146
303.181
303.215
303.249
303.283
303.316
303.348
303.38
303.412
303.444
303.475
303.505
303.536
303.566
303.596
303.625
303.655
303.684
303.713
303.741
303.77
303.798
303.826
303.854
303.881
303.909
303.936
303.964
303.991
304.018
304.044
304.071
304.097
304.124
304.15
304.176
304.202
304.228
304.253
304.279
304.304
304.329
304.354
304.379
304.404
304.429
304.453
304.478
304.502
304.526
304.55
304.573
304.597
304.62
304.644
304.667
304.689
304.712
304.735
304.757
304.779
304.801
304.823
304.844
304.866
304.887
304.908
304.928
304.949
304.969
304.989
305.008
305.028
305.047
305.066
305.085
305.103
305.122
305.139
305.157
305.174
305.191
305.208
305.224
305.24
305.256
305.272
305.287
305.302
305.316
305.33
305.344
305.357
305.371
305.383
305.395
305.407
305.419
305.43
305.44
305.45
305.459
305.468
305.476
305.483
305.49
305.496
305.502
305.506
305.51
305.513
305.515
305.516
305.516
305.514
305.512
305.508
305.502
305.495
305.487
305.477
305.465
305.451
305.434
305.416
305.394
305.37
305.342
305.311
305.276
305.236
305.191
305.141
305.084
305.018
304.943
304.854
304.75
304.626
304.48
304.305
302.23
302.276
302.321
302.366
302.411
302.455
302.499
302.543
302.586
302.628
302.67
302.711
302.752
302.791
302.831
302.869
302.907
302.944
302.981
303.017
303.052
303.087
303.121
303.156
303.189
303.222
303.255
303.287
303.319
303.351
303.382
303.413
303.444
303.474
303.504
303.534
303.564
303.593
303.622
303.651
303.68
303.709
303.737
303.765
303.793
303.821
303.848
303.876
303.903
303.93
303.957
303.984
304.011
304.038
304.064
304.091
304.117
304.143
304.169
304.194
304.22
304.246
304.271
304.296
304.321
304.346
304.371
304.395
304.42
304.444
304.468
304.492
304.516
304.54
304.563
304.587
304.61
304.633
304.656
304.678
304.701
304.723
304.745
304.767
304.788
304.81
304.831
304.852
304.872
304.893
304.913
304.933
304.953
304.972
304.992
305.011
305.029
305.048
305.066
305.084
305.101
305.119
305.135
305.152
305.168
305.184
305.2
305.216
305.231
305.245
305.26
305.274
305.287
305.301
305.313
305.326
305.338
305.35
305.361
305.371
305.381
305.391
305.4
305.408
305.416
305.423
305.429
305.435
305.439
305.443
305.446
305.448
305.449
305.449
305.448
305.446
305.442
305.437
305.43
305.422
305.411
305.399
305.385
305.369
305.351
305.329
305.305
305.277
305.246
305.211
305.171
305.126
305.075
305.018
304.952
304.876
304.787
304.684
304.562
304.419
304.253
302.164
302.206
302.248
302.291
302.333
302.375
302.417
302.459
302.5
302.541
302.581
302.621
302.66
302.699
302.737
302.775
302.812
302.849
302.885
302.921
302.956
302.991
303.025
303.059
303.093
303.126
303.159
303.191
303.224
303.255
303.287
303.318
303.349
303.379
303.41
303.44
303.47
303.499
303.528
303.558
303.587
303.615
303.644
303.672
303.7
303.729
303.756
303.784
303.812
303.839
303.866
303.894
303.921
303.947
303.974
304.001
304.027
304.054
304.08
304.106
304.132
304.157
304.183
304.209
304.234
304.259
304.284
304.309
304.334
304.358
304.383
304.407
304.431
304.455
304.479
304.503
304.526
304.549
304.572
304.595
304.618
304.641
304.663
304.685
304.707
304.728
304.75
304.771
304.792
304.813
304.833
304.853
304.873
304.893
304.913
304.932
304.951
304.97
304.988
305.006
305.024
305.041
305.059
305.076
305.092
305.108
305.124
305.14
305.155
305.17
305.185
305.199
305.213
305.226
305.24
305.252
305.264
305.276
305.288
305.298
305.309
305.318
305.327
305.336
305.344
305.351
305.357
305.363
305.368
305.372
305.375
305.378
305.379
305.379
305.378
305.376
305.372
305.367
305.36
305.352
305.342
305.33
305.317
305.3
305.282
305.261
305.236
305.209
305.178
305.142
305.102
305.057
305.006
304.948
304.882
304.806
304.718
304.616
304.496
304.358
304.199
302.097
302.137
302.176
302.216
302.256
302.296
302.335
302.375
302.414
302.453
302.492
302.53
302.568
302.606
302.643
302.68
302.717
302.753
302.789
302.824
302.859
302.893
302.927
302.961
302.995
303.028
303.06
303.093
303.125
303.157
303.188
303.219
303.25
303.281
303.311
303.342
303.372
303.401
303.431
303.46
303.489
303.518
303.547
303.576
303.604
303.632
303.66
303.688
303.716
303.744
303.771
303.799
303.826
303.853
303.88
303.907
303.934
303.96
303.987
304.013
304.039
304.065
304.091
304.117
304.142
304.168
304.193
304.218
304.243
304.268
304.293
304.317
304.342
304.366
304.39
304.414
304.438
304.461
304.485
304.508
304.531
304.554
304.576
304.599
304.621
304.643
304.664
304.686
304.707
304.728
304.749
304.769
304.79
304.81
304.829
304.849
304.868
304.887
304.906
304.924
304.942
304.96
304.977
304.995
305.011
305.028
305.044
305.06
305.075
305.091
305.105
305.12
305.134
305.148
305.161
305.174
305.187
305.199
305.21
305.221
305.232
305.241
305.251
305.26
305.268
305.275
305.282
305.288
305.293
305.297
305.3
305.303
305.304
305.305
305.304
305.302
305.298
305.293
305.287
305.279
305.269
305.257
305.244
305.228
305.209
305.188
305.164
305.137
305.105
305.07
305.03
304.985
304.934
304.876
304.81
304.734
304.647
304.546
304.43
304.296
304.145
302.03
302.067
302.104
302.141
302.179
302.216
302.254
302.291
302.329
302.366
302.403
302.44
302.477
302.513
302.549
302.585
302.621
302.656
302.691
302.726
302.76
302.794
302.828
302.861
302.894
302.927
302.96
302.992
303.024
303.055
303.087
303.118
303.149
303.18
303.21
303.24
303.27
303.3
303.33
303.359
303.389
303.418
303.447
303.475
303.504
303.532
303.561
303.589
303.617
303.645
303.672
303.7
303.727
303.755
303.782
303.809
303.836
303.862
303.889
303.916
303.942
303.968
303.994
304.02
304.046
304.072
304.097
304.123
304.148
304.173
304.198
304.223
304.248
304.272
304.297
304.321
304.345
304.369
304.392
304.416
304.439
304.462
304.485
304.508
304.53
304.552
304.574
304.596
304.617
304.639
304.66
304.681
304.701
304.721
304.741
304.761
304.781
304.8
304.819
304.837
304.856
304.874
304.892
304.909
304.926
304.943
304.959
304.975
304.991
305.007
305.022
305.036
305.051
305.065
305.078
305.091
305.104
305.116
305.128
305.139
305.15
305.16
305.17
305.179
305.187
305.195
305.201
305.208
305.213
305.217
305.221
305.224
305.225
305.226
305.225
305.223
305.22
305.215
305.209
305.201
305.192
305.18
305.167
305.151
305.133
305.112
305.088
305.06
305.029
304.994
304.954
304.909
304.858
304.801
304.735
304.66
304.574
304.475
304.362
304.234
304.09
301.962
301.997
302.032
302.067
302.102
302.137
302.173
302.208
302.244
302.279
302.315
302.35
302.385
302.42
302.455
302.49
302.524
302.559
302.593
302.627
302.66
302.694
302.727
302.76
302.792
302.825
302.857
302.889
302.92
302.952
302.983
303.014
303.045
303.076
303.106
303.136
303.166
303.196
303.226
303.255
303.285
303.314
303.343
303.371
303.4
303.429
303.457
303.485
303.513
303.541
303.569
303.597
303.625
303.652
303.679
303.707
303.734
303.761
303.787
303.814
303.841
303.867
303.894
303.92
303.946
303.972
303.998
304.023
304.049
304.074
304.099
304.124
304.149
304.174
304.199
304.223
304.247
304.271
304.295
304.319
304.343
304.366
304.389
304.412
304.435
304.457
304.479
304.501
304.523
304.545
304.566
304.587
304.608
304.629
304.649
304.669
304.689
304.708
304.727
304.746
304.765
304.783
304.801
304.819
304.836
304.853
304.87
304.886
304.902
304.918
304.933
304.948
304.963
304.977
304.991
305.004
305.017
305.029
305.041
305.053
305.064
305.074
305.084
305.093
305.102
305.11
305.117
305.123
305.129
305.133
305.137
305.14
305.142
305.142
305.142
305.14
305.137
305.133
305.127
305.119
305.11
305.099
305.085
305.07
305.051
305.031
305.007
304.98
304.949
304.914
304.875
304.83
304.779
304.722
304.657
304.583
304.498
304.402
304.293
304.17
304.034
301.894
301.927
301.959
301.992
302.025
302.058
302.092
302.125
302.159
302.193
302.226
302.26
302.294
302.327
302.361
302.394
302.428
302.461
302.494
302.527
302.56
302.592
302.625
302.657
302.689
302.721
302.753
302.784
302.815
302.846
302.877
302.908
302.939
302.969
302.999
303.029
303.059
303.089
303.119
303.148
303.177
303.206
303.235
303.264
303.293
303.322
303.35
303.378
303.406
303.435
303.462
303.49
303.518
303.546
303.573
303.6
303.628
303.655
303.682
303.709
303.735
303.762
303.788
303.815
303.841
303.867
303.893
303.919
303.945
303.97
303.996
304.021
304.046
304.071
304.096
304.121
304.145
304.17
304.194
304.218
304.241
304.265
304.288
304.312
304.335
304.357
304.38
304.402
304.424
304.446
304.468
304.489
304.51
304.531
304.551
304.572
304.592
304.611
304.631
304.65
304.669
304.687
304.705
304.723
304.741
304.758
304.775
304.792
304.808
304.824
304.84
304.855
304.87
304.884
304.898
304.912
304.925
304.938
304.95
304.962
304.973
304.983
304.993
305.003
305.012
305.02
305.027
305.034
305.039
305.044
305.048
305.051
305.053
305.054
305.054
305.053
305.05
305.046
305.04
305.032
305.023
305.012
304.999
304.984
304.966
304.945
304.922
304.895
304.865
304.83
304.791
304.747
304.697
304.64
304.576
304.503
304.42
304.327
304.222
304.104
303.975
301.826
301.856
301.887
301.918
301.949
301.98
302.011
302.043
302.075
302.107
302.139
302.171
302.203
302.235
302.267
302.299
302.331
302.363
302.395
302.427
302.459
302.49
302.522
302.553
302.585
302.616
302.647
302.678
302.709
302.739
302.77
302.8
302.83
302.86
302.89
302.92
302.95
302.979
303.009
303.038
303.067
303.096
303.125
303.154
303.183
303.211
303.24
303.268
303.296
303.324
303.352
303.38
303.408
303.435
303.463
303.49
303.518
303.545
303.572
303.599
303.626
303.653
303.679
303.706
303.732
303.758
303.785
303.811
303.837
303.862
303.888
303.913
303.939
303.964
303.989
304.014
304.039
304.063
304.087
304.112
304.136
304.159
304.183
304.206
304.23
304.253
304.275
304.298
304.32
304.342
304.364
304.386
304.407
304.428
304.449
304.469
304.49
304.509
304.529
304.549
304.568
304.586
304.605
304.623
304.641
304.658
304.676
304.692
304.709
304.725
304.741
304.756
304.771
304.786
304.8
304.814
304.828
304.841
304.853
304.865
304.877
304.887
304.898
304.907
304.916
304.925
304.932
304.939
304.945
304.95
304.954
304.958
304.96
304.961
304.961
304.96
304.957
304.954
304.948
304.941
304.932
304.921
304.909
304.893
304.876
304.856
304.833
304.806
304.776
304.742
304.703
304.66
304.61
304.554
304.491
304.42
304.34
304.25
304.149
304.037
303.915
301.758
301.786
301.815
301.843
301.873
301.902
301.931
301.961
301.991
302.021
302.052
302.082
302.112
302.143
302.174
302.204
302.235
302.266
302.296
302.327
302.358
302.388
302.419
302.449
302.48
302.51
302.541
302.571
302.601
302.631
302.661
302.691
302.72
302.75
302.78
302.809
302.838
302.868
302.897
302.926
302.955
302.984
303.012
303.041
303.069
303.098
303.126
303.154
303.182
303.211
303.238
303.266
303.294
303.322
303.349
303.377
303.404
303.431
303.458
303.485
303.512
303.539
303.566
303.593
303.619
303.645
303.672
303.698
303.724
303.75
303.776
303.801
303.827
303.852
303.877
303.902
303.927
303.952
303.977
304.001
304.025
304.049
304.073
304.097
304.12
304.143
304.166
304.189
304.211
304.234
304.256
304.278
304.299
304.32
304.341
304.362
304.383
304.403
304.423
304.442
304.462
304.481
304.499
304.518
304.536
304.553
304.571
304.588
304.605
304.621
304.637
304.653
304.668
304.683
304.698
304.712
304.725
304.739
304.751
304.764
304.775
304.786
304.797
304.807
304.816
304.825
304.832
304.839
304.846
304.851
304.856
304.859
304.862
304.863
304.863
304.862
304.86
304.856
304.851
304.844
304.836
304.825
304.813
304.798
304.781
304.761
304.738
304.712
304.683
304.649
304.611
304.568
304.52
304.465
304.404
304.335
304.257
304.17
304.074
303.967
303.852
301.689
301.716
301.742
301.769
301.797
301.824
301.852
301.88
301.908
301.936
301.965
301.994
302.023
302.052
302.081
302.11
302.139
302.169
302.198
302.227
302.257
302.286
302.316
302.345
302.375
302.404
302.434
302.463
302.492
302.522
302.551
302.58
302.609
302.638
302.667
302.696
302.725
302.754
302.783
302.811
302.84
302.869
302.897
302.925
302.954
302.982
303.01
303.038
303.066
303.094
303.122
303.149
303.177
303.205
303.232
303.26
303.287
303.314
303.341
303.368
303.395
303.422
303.449
303.476
303.502
303.529
303.555
303.581
303.607
303.633
303.659
303.685
303.71
303.736
303.761
303.786
303.812
303.836
303.861
303.886
303.91
303.934
303.958
303.982
304.006
304.029
304.052
304.075
304.098
304.12
304.142
304.164
304.186
304.208
304.229
304.25
304.27
304.291
304.311
304.331
304.35
304.37
304.388
304.407
304.425
304.443
304.461
304.478
304.495
304.512
304.528
304.544
304.56
304.575
304.59
304.604
304.618
304.631
304.644
304.657
304.669
304.68
304.691
304.701
304.71
304.719
304.727
304.734
304.741
304.747
304.751
304.755
304.758
304.76
304.76
304.76
304.758
304.754
304.749
304.743
304.735
304.725
304.712
304.698
304.681
304.662
304.64
304.614
304.585
304.552
304.515
304.473
304.426
304.373
304.313
304.246
304.171
304.088
303.996
303.895
303.787
301.621
301.645
301.67
301.695
301.721
301.747
301.773
301.799
301.826
301.852
301.879
301.906
301.934
301.961
301.989
302.016
302.044
302.072
302.1
302.128
302.157
302.185
302.213
302.242
302.27
302.298
302.327
302.355
302.384
302.412
302.441
302.469
302.497
302.526
302.554
302.583
302.611
302.639
302.667
302.696
302.724
302.752
302.78
302.808
302.836
302.864
302.892
302.919
302.947
302.975
303.002
303.03
303.057
303.085
303.112
303.139
303.167
303.194
303.221
303.248
303.275
303.301
303.328
303.355
303.381
303.408
303.434
303.46
303.487
303.513
303.539
303.564
303.59
303.616
303.641
303.666
303.691
303.716
303.741
303.766
303.79
303.815
303.839
303.863
303.886
303.91
303.933
303.956
303.979
304.002
304.024
304.046
304.068
304.09
304.111
304.132
304.153
304.174
304.194
304.214
304.234
304.253
304.272
304.291
304.31
304.328
304.346
304.363
304.38
304.397
304.414
304.43
304.446
304.461
304.476
304.491
304.505
304.518
304.532
304.544
304.556
304.568
304.579
304.589
304.599
304.608
304.617
304.624
304.631
304.637
304.642
304.646
304.649
304.651
304.652
304.651
304.65
304.647
304.642
304.636
304.628
304.618
304.607
304.593
304.576
304.558
304.536
304.511
304.483
304.451
304.414
304.373
304.328
304.276
304.218
304.154
304.082
304.003
303.915
303.821
303.718
301.552
301.575
301.598
301.622
301.646
301.67
301.694
301.719
301.744
301.769
301.794
301.82
301.845
301.871
301.897
301.924
301.95
301.976
302.003
302.03
302.057
302.084
302.111
302.138
302.165
302.193
302.22
302.248
302.275
302.303
302.33
302.358
302.385
302.413
302.44
302.468
302.496
302.523
302.551
302.578
302.606
302.634
302.661
302.689
302.716
302.744
302.771
302.799
302.826
302.853
302.881
302.908
302.935
302.962
302.989
303.016
303.043
303.07
303.097
303.124
303.151
303.178
303.204
303.231
303.257
303.284
303.31
303.336
303.362
303.388
303.414
303.44
303.466
303.491
303.517
303.542
303.567
303.592
303.617
303.642
303.666
303.691
303.715
303.739
303.763
303.786
303.81
303.833
303.856
303.879
303.901
303.924
303.946
303.967
303.989
304.01
304.031
304.052
304.072
304.092
304.112
304.132
304.151
304.17
304.189
304.207
304.225
304.243
304.26
304.277
304.294
304.31
304.326
304.342
304.357
304.372
304.386
304.4
304.414
304.426
304.439
304.451
304.462
304.472
304.482
304.492
304.5
304.508
304.515
304.521
304.527
304.531
304.534
304.537
304.538
304.538
304.536
304.534
304.529
304.524
304.516
304.507
304.496
304.482
304.466
304.448
304.427
304.403
304.375
304.344
304.309
304.27
304.225
304.175
304.12
304.058
303.99
303.914
303.832
303.742
303.646
301.484
301.505
301.527
301.549
301.571
301.593
301.616
301.639
301.663
301.686
301.71
301.734
301.758
301.782
301.807
301.832
301.857
301.882
301.907
301.933
301.958
301.984
302.01
302.036
302.062
302.088
302.114
302.14
302.167
302.193
302.22
302.246
302.273
302.3
302.326
302.353
302.38
302.407
302.434
302.461
302.488
302.515
302.542
302.568
302.595
302.622
302.649
302.676
302.703
302.73
302.757
302.784
302.811
302.838
302.864
302.891
302.918
302.945
302.971
302.998
303.024
303.051
303.077
303.104
303.13
303.156
303.182
303.208
303.234
303.26
303.286
303.312
303.338
303.363
303.388
303.414
303.439
303.464
303.489
303.513
303.538
303.562
303.587
303.611
303.635
303.658
303.682
303.705
303.728
303.751
303.774
303.796
303.818
303.84
303.862
303.883
303.904
303.925
303.945
303.966
303.986
304.005
304.025
304.044
304.063
304.081
304.099
304.117
304.135
304.152
304.169
304.185
304.201
304.217
304.233
304.248
304.262
304.276
304.29
304.303
304.316
304.328
304.339
304.35
304.36
304.37
304.379
304.387
304.394
304.4
304.406
304.41
304.414
304.417
304.418
304.418
304.417
304.415
304.411
304.406
304.399
304.39
304.379
304.366
304.351
304.333
304.313
304.29
304.263
304.233
304.199
304.161
304.118
304.071
304.018
303.959
303.894
303.822
303.745
303.661
303.57
301.415
301.435
301.456
301.476
301.497
301.518
301.539
301.561
301.582
301.604
301.627
301.649
301.672
301.695
301.718
301.741
301.765
301.788
301.812
301.836
301.86
301.885
301.909
301.934
301.959
301.984
302.009
302.034
302.059
302.085
302.11
302.136
302.161
302.187
302.213
302.239
302.265
302.291
302.317
302.343
302.369
302.395
302.421
302.448
302.474
302.5
302.527
302.553
302.579
302.606
302.632
302.658
302.685
302.711
302.738
302.764
302.79
302.817
302.843
302.869
302.895
302.922
302.948
302.974
303
303.026
303.052
303.078
303.104
303.129
303.155
303.181
303.206
303.232
303.257
303.282
303.307
303.332
303.357
303.381
303.406
303.43
303.454
303.478
303.502
303.526
303.549
303.573
303.596
303.619
303.641
303.664
303.686
303.708
303.729
303.751
303.772
303.793
303.813
303.834
303.854
303.874
303.893
303.912
303.931
303.95
303.968
303.986
304.004
304.021
304.038
304.055
304.071
304.087
304.103
304.118
304.133
304.147
304.161
304.174
304.187
304.199
304.211
304.222
304.232
304.242
304.251
304.259
304.267
304.274
304.279
304.284
304.288
304.291
304.293
304.293
304.293
304.291
304.287
304.282
304.276
304.267
304.257
304.245
304.23
304.213
304.194
304.171
304.146
304.117
304.085
304.048
304.007
303.962
303.911
303.855
303.794
303.727
303.654
303.575
303.491
301.348
301.366
301.385
301.404
301.423
301.443
301.463
301.483
301.503
301.524
301.545
301.566
301.587
301.608
301.63
301.652
301.674
301.696
301.719
301.741
301.764
301.787
301.81
301.834
301.857
301.881
301.905
301.929
301.953
301.977
302.001
302.026
302.05
302.075
302.1
302.125
302.15
302.175
302.2
302.225
302.25
302.276
302.301
302.327
302.352
302.378
302.403
302.429
302.455
302.481
302.506
302.532
302.558
302.584
302.61
302.635
302.661
302.687
302.713
302.739
302.765
302.791
302.816
302.842
302.868
302.893
302.919
302.945
302.97
302.996
303.021
303.046
303.072
303.097
303.122
303.147
303.172
303.197
303.221
303.246
303.27
303.294
303.318
303.342
303.366
303.39
303.413
303.436
303.459
303.482
303.505
303.527
303.549
303.571
303.593
303.614
303.635
303.656
303.677
303.697
303.717
303.737
303.757
303.776
303.795
303.814
303.832
303.85
303.868
303.885
303.902
303.919
303.936
303.952
303.967
303.983
303.998
304.012
304.026
304.04
304.052
304.065
304.077
304.088
304.099
304.109
304.118
304.127
304.134
304.141
304.147
304.152
304.157
304.16
304.162
304.163
304.162
304.161
304.158
304.153
304.147
304.139
304.13
304.118
304.104
304.088
304.07
304.048
304.024
303.996
303.965
303.931
303.892
303.849
303.801
303.748
303.69
303.627
303.559
303.485
303.407
301.28
301.298
301.315
301.333
301.351
301.369
301.388
301.406
301.425
301.444
301.464
301.483
301.503
301.523
301.544
301.564
301.585
301.606
301.627
301.648
301.67
301.691
301.713
301.735
301.757
301.78
301.802
301.825
301.848
301.871
301.894
301.917
301.941
301.964
301.988
302.012
302.036
302.06
302.084
302.108
302.133
302.157
302.182
302.206
302.231
302.256
302.28
302.305
302.33
302.355
302.38
302.405
302.431
302.456
302.481
302.506
302.531
302.557
302.582
302.607
302.633
302.658
302.683
302.709
302.734
302.759
302.784
302.81
302.835
302.86
302.885
302.91
302.935
302.96
302.984
303.009
303.034
303.058
303.083
303.107
303.131
303.155
303.179
303.203
303.226
303.25
303.273
303.296
303.319
303.341
303.364
303.386
303.408
303.43
303.452
303.473
303.494
303.515
303.535
303.556
303.576
303.596
303.615
303.635
303.654
303.672
303.691
303.709
303.727
303.744
303.762
303.778
303.795
303.811
303.827
303.842
303.857
303.872
303.886
303.9
303.913
303.925
303.937
303.949
303.96
303.97
303.979
303.988
303.996
304.003
304.01
304.015
304.02
304.023
304.025
304.027
304.027
304.025
304.023
304.019
304.013
304.006
303.997
303.986
303.973
303.958
303.94
303.92
303.897
303.871
303.841
303.808
303.772
303.731
303.686
303.637
303.582
303.523
303.46
303.391
303.318
301.214
301.23
301.246
301.263
301.279
301.296
301.314
301.331
301.349
301.366
301.384
301.403
301.421
301.44
301.459
301.478
301.497
301.517
301.537
301.557
301.577
301.597
301.618
301.638
301.659
301.68
301.702
301.723
301.745
301.767
301.789
301.811
301.833
301.855
301.878
301.901
301.923
301.946
301.969
301.993
302.016
302.039
302.063
302.087
302.11
302.134
302.158
302.182
302.206
302.23
302.254
302.279
302.303
302.328
302.352
302.377
302.401
302.426
302.45
302.475
302.5
302.525
302.549
302.574
302.599
302.623
302.648
302.673
302.698
302.722
302.747
302.771
302.796
302.82
302.845
302.869
302.893
302.917
302.941
302.965
302.989
303.013
303.037
303.06
303.083
303.106
303.129
303.152
303.175
303.197
303.22
303.242
303.264
303.285
303.307
303.328
303.349
303.37
303.39
303.41
303.43
303.45
303.47
303.489
303.508
303.527
303.545
303.563
303.581
303.599
303.616
303.633
303.649
303.666
303.681
303.697
303.712
303.727
303.741
303.755
303.768
303.781
303.793
303.804
303.815
303.826
303.835
303.844
303.853
303.86
303.867
303.872
303.877
303.881
303.884
303.885
303.886
303.885
303.883
303.879
303.874
303.867
303.859
303.849
303.837
303.822
303.806
303.787
303.765
303.74
303.713
303.682
303.647
303.609
303.567
303.521
303.47
303.415
303.356
303.293
303.225
301.149
301.163
301.179
301.194
301.209
301.225
301.241
301.257
301.273
301.29
301.307
301.324
301.341
301.358
301.376
301.394
301.412
301.43
301.448
301.467
301.486
301.505
301.524
301.544
301.563
301.583
301.603
301.623
301.644
301.664
301.685
301.706
301.727
301.748
301.77
301.791
301.813
301.835
301.857
301.879
301.901
301.923
301.946
301.968
301.991
302.014
302.037
302.06
302.083
302.106
302.13
302.153
302.176
302.2
302.224
302.247
302.271
302.295
302.319
302.343
302.367
302.391
302.415
302.439
302.463
302.487
302.511
302.535
302.559
302.584
302.608
302.632
302.656
302.68
302.703
302.727
302.751
302.775
302.798
302.822
302.845
302.869
302.892
302.915
302.938
302.961
302.983
303.006
303.028
303.05
303.072
303.094
303.116
303.137
303.158
303.179
303.2
303.221
303.241
303.261
303.281
303.301
303.32
303.339
303.358
303.377
303.395
303.413
303.431
303.448
303.466
303.483
303.499
303.516
303.531
303.547
303.562
303.577
303.591
303.605
303.618
303.631
303.643
303.655
303.666
303.677
303.687
303.696
303.704
303.712
303.719
303.724
303.729
303.734
303.737
303.739
303.739
303.739
303.737
303.734
303.73
303.724
303.716
303.707
303.695
303.682
303.667
303.649
303.628
303.605
303.579
303.55
303.518
303.483
303.444
303.401
303.354
303.303
303.249
303.19
303.127
301.084
301.098
301.112
301.126
301.14
301.155
301.17
301.185
301.2
301.215
301.231
301.246
301.262
301.279
301.295
301.312
301.328
301.345
301.362
301.38
301.397
301.415
301.433
301.451
301.47
301.488
301.507
301.526
301.545
301.564
301.584
301.604
301.623
301.643
301.664
301.684
301.704
301.725
301.746
301.767
301.788
301.809
301.831
301.852
301.874
301.895
301.917
301.939
301.961
301.984
302.006
302.029
302.051
302.074
302.096
302.119
302.142
302.165
302.188
302.211
302.234
302.258
302.281
302.304
302.328
302.351
302.374
302.398
302.421
302.444
302.468
302.491
302.515
302.538
302.561
302.585
302.608
302.631
302.654
302.677
302.7
302.723
302.745
302.768
302.79
302.813
302.835
302.857
302.879
302.901
302.922
302.944
302.965
302.986
303.007
303.028
303.048
303.069
303.089
303.109
303.128
303.148
303.167
303.186
303.205
303.223
303.241
303.259
303.277
303.295
303.312
303.329
303.345
303.361
303.377
303.393
303.408
303.423
303.437
303.451
303.464
303.477
303.49
303.501
303.513
303.523
303.533
303.542
303.551
303.559
303.566
303.572
303.577
303.582
303.585
303.587
303.588
303.588
303.587
303.585
303.581
303.576
303.569
303.56
303.55
303.537
303.523
303.506
303.487
303.466
303.442
303.415
303.385
303.352
303.316
303.277
303.234
303.187
303.136
303.082
303.025
301.021
301.034
301.047
301.06
301.073
301.087
301.1
301.114
301.128
301.142
301.157
301.171
301.186
301.201
301.216
301.232
301.247
301.263
301.279
301.295
301.311
301.328
301.345
301.362
301.379
301.396
301.414
301.431
301.449
301.467
301.486
301.504
301.523
301.541
301.56
301.579
301.599
301.618
301.638
301.658
301.678
301.698
301.718
301.738
301.759
301.779
301.8
301.821
301.842
301.863
301.885
301.906
301.928
301.949
301.971
301.993
302.015
302.037
302.059
302.081
302.103
302.126
302.148
302.17
302.193
302.215
302.238
302.261
302.283
302.306
302.329
302.351
302.374
302.396
302.419
302.442
302.464
302.487
302.509
302.531
302.554
302.576
302.598
302.62
302.642
302.664
302.686
302.707
302.729
302.75
302.771
302.792
302.813
302.834
302.854
302.874
302.895
302.915
302.934
302.954
302.973
302.992
303.011
303.03
303.049
303.067
303.085
303.103
303.12
303.138
303.155
303.172
303.188
303.204
303.22
303.235
303.251
303.265
303.28
303.293
303.307
303.32
303.332
303.344
303.355
303.366
303.376
303.385
303.394
303.402
303.409
303.415
303.421
303.426
303.429
303.432
303.433
303.434
303.433
303.431
303.428
303.423
303.417
303.409
303.4
303.389
303.375
303.36
303.343
303.323
303.301
303.276
303.249
303.219
303.185
303.149
303.109
303.067
303.02
302.971
302.918
300.96
300.972
300.984
300.996
301.008
301.02
301.033
301.046
301.059
301.072
301.085
301.098
301.112
301.126
301.14
301.154
301.169
301.183
301.198
301.213
301.228
301.244
301.259
301.275
301.291
301.307
301.323
301.34
301.357
301.373
301.39
301.408
301.425
301.443
301.46
301.478
301.496
301.515
301.533
301.552
301.57
301.589
301.608
301.628
301.647
301.666
301.686
301.706
301.726
301.746
301.766
301.786
301.807
301.827
301.848
301.869
301.89
301.911
301.932
301.953
301.974
301.996
302.017
302.039
302.06
302.082
302.103
302.125
302.147
302.169
302.19
302.212
302.234
302.256
302.278
302.299
302.321
302.343
302.365
302.386
302.408
302.429
302.451
302.472
302.493
302.515
302.536
302.557
302.578
302.598
302.619
302.639
302.66
302.68
302.7
302.72
302.74
302.759
302.779
302.798
302.817
302.836
302.854
302.873
302.891
302.909
302.927
302.944
302.962
302.979
302.996
303.012
303.029
303.045
303.06
303.076
303.091
303.105
303.119
303.133
303.146
303.159
303.172
303.183
303.195
303.205
303.216
303.225
303.234
303.242
303.249
303.256
303.261
303.266
303.27
303.273
303.275
303.276
303.276
303.274
303.272
303.268
303.262
303.256
303.247
303.237
303.225
303.211
303.195
303.177
303.157
303.134
303.109
303.082
303.051
303.018
302.982
302.943
302.901
302.856
302.808
300.901
300.912
300.922
300.934
300.945
300.956
300.968
300.98
300.991
301.004
301.016
301.028
301.041
301.054
301.067
301.08
301.093
301.107
301.12
301.134
301.148
301.163
301.177
301.192
301.206
301.221
301.236
301.252
301.267
301.283
301.299
301.315
301.331
301.347
301.364
301.381
301.398
301.415
301.432
301.449
301.467
301.485
301.502
301.52
301.539
301.557
301.576
301.594
301.613
301.632
301.651
301.67
301.689
301.709
301.728
301.748
301.768
301.788
301.808
301.828
301.848
301.869
301.889
301.909
301.93
301.951
301.971
301.992
302.013
302.034
302.054
302.075
302.096
302.117
302.138
302.159
302.18
302.201
302.222
302.242
302.263
302.284
302.305
302.325
302.346
302.366
302.387
302.407
302.427
302.447
302.467
302.487
302.507
302.527
302.546
302.565
302.585
302.604
302.623
302.641
302.66
302.678
302.697
302.715
302.733
302.75
302.768
302.785
302.802
302.819
302.836
302.852
302.868
302.884
302.899
302.914
302.929
302.944
302.958
302.971
302.985
302.997
303.01
303.021
303.033
303.043
303.053
303.063
303.072
303.08
303.087
303.094
303.1
303.105
303.109
303.112
303.115
303.116
303.116
303.116
303.113
303.11
303.106
303.1
303.092
303.083
303.072
303.06
303.045
303.029
303.011
302.99
302.968
302.942
302.915
302.885
302.852
302.817
302.779
302.738
302.694
300.844
300.854
300.864
300.874
300.884
300.895
300.905
300.916
300.927
300.938
300.95
300.961
300.973
300.985
300.997
301.009
301.021
301.033
301.046
301.059
301.072
301.085
301.098
301.112
301.126
301.139
301.153
301.168
301.182
301.196
301.211
301.226
301.241
301.256
301.272
301.287
301.303
301.319
301.335
301.351
301.368
301.384
301.401
301.418
301.435
301.452
301.469
301.487
301.504
301.522
301.54
301.558
301.576
301.595
301.613
301.632
301.65
301.669
301.688
301.707
301.726
301.745
301.765
301.784
301.804
301.823
301.843
301.862
301.882
301.902
301.922
301.942
301.962
301.982
302.002
302.022
302.042
302.062
302.082
302.102
302.121
302.141
302.161
302.181
302.201
302.22
302.24
302.26
302.279
302.299
302.318
302.337
302.356
302.375
302.394
302.413
302.431
302.45
302.468
302.486
302.505
302.523
302.54
302.558
302.575
302.593
302.61
302.627
302.643
302.66
302.676
302.692
302.708
302.723
302.739
302.754
302.768
302.782
302.796
302.81
302.823
302.835
302.847
302.859
302.87
302.881
302.891
302.9
302.909
302.917
302.925
302.932
302.938
302.943
302.947
302.951
302.954
302.955
302.956
302.956
302.954
302.952
302.948
302.943
302.936
302.928
302.919
302.908
302.895
302.88
302.864
302.845
302.825
302.802
302.777
302.75
302.721
302.689
302.655
302.618
302.578
300.79
300.799
300.808
300.817
300.827
300.836
300.846
300.856
300.866
300.877
300.887
300.897
300.908
300.919
300.93
300.941
300.953
300.964
300.976
300.988
301
301.012
301.024
301.036
301.049
301.062
301.075
301.088
301.101
301.115
301.128
301.142
301.156
301.17
301.184
301.199
301.213
301.228
301.243
301.258
301.273
301.289
301.304
301.32
301.336
301.352
301.368
301.385
301.401
301.418
301.434
301.451
301.468
301.486
301.503
301.52
301.538
301.555
301.573
301.591
301.609
301.627
301.645
301.664
301.682
301.701
301.719
301.738
301.757
301.775
301.794
301.813
301.832
301.851
301.87
301.889
301.908
301.927
301.946
301.965
301.984
302.003
302.022
302.041
302.06
302.079
302.097
302.116
302.135
302.153
302.172
302.19
302.209
302.227
302.245
302.263
302.281
302.299
302.317
302.335
302.352
302.37
302.387
302.404
302.421
302.438
302.455
302.471
302.487
302.503
302.519
302.535
302.55
302.565
302.58
302.595
302.609
302.623
302.637
302.65
302.663
302.675
302.687
302.698
302.709
302.72
302.73
302.739
302.748
302.756
302.764
302.771
302.777
302.782
302.787
302.791
302.794
302.796
302.797
302.797
302.796
302.794
302.791
302.787
302.781
302.774
302.766
302.756
302.745
302.732
302.717
302.701
302.683
302.662
302.64
302.616
302.589
302.561
302.53
302.497
302.462
300.739
300.747
300.755
300.764
300.773
300.782
300.791
300.8
300.809
300.819
300.828
300.838
300.848
300.858
300.868
300.878
300.889
300.899
300.91
300.921
300.932
300.943
300.954
300.966
300.978
300.989
301.001
301.013
301.026
301.038
301.051
301.064
301.076
301.089
301.103
301.116
301.13
301.143
301.157
301.171
301.185
301.2
301.214
301.229
301.243
301.258
301.273
301.289
301.304
301.319
301.335
301.351
301.367
301.383
301.399
301.415
301.432
301.448
301.465
301.482
301.499
301.516
301.533
301.55
301.567
301.585
301.602
301.62
301.637
301.655
301.673
301.691
301.708
301.726
301.744
301.762
301.78
301.798
301.816
301.834
301.853
301.871
301.889
301.907
301.925
301.943
301.961
301.979
301.996
302.014
302.032
302.05
302.067
302.085
302.102
302.12
302.137
302.154
302.171
302.189
302.205
302.222
302.239
302.256
302.272
302.288
302.304
302.32
302.336
302.352
302.367
302.382
302.397
302.412
302.427
302.441
302.455
302.468
302.481
302.494
302.507
302.519
302.531
302.542
302.553
302.563
302.573
302.582
302.591
302.599
302.607
302.614
302.62
302.625
302.63
302.634
302.637
302.64
302.641
302.642
302.642
302.64
302.638
302.634
302.63
302.624
302.617
302.608
302.598
302.587
302.574
302.559
302.543
302.525
302.505
302.484
302.46
302.435
302.407
302.378
302.346
300.692
300.699
300.707
300.715
300.723
300.731
300.74
300.748
300.757
300.765
300.774
300.783
300.792
300.801
300.811
300.82
300.83
300.84
300.849
300.86
300.87
300.88
300.89
300.901
300.912
300.923
300.934
300.945
300.956
300.968
300.979
300.991
301.003
301.015
301.028
301.04
301.052
301.065
301.078
301.091
301.104
301.117
301.131
301.144
301.158
301.172
301.186
301.2
301.214
301.229
301.243
301.258
301.273
301.288
301.303
301.318
301.334
301.349
301.365
301.38
301.396
301.412
301.428
301.444
301.46
301.477
301.493
301.51
301.526
301.543
301.56
301.576
301.593
301.61
301.627
301.644
301.661
301.678
301.695
301.712
301.729
301.747
301.764
301.781
301.798
301.815
301.832
301.849
301.866
301.883
301.9
301.917
301.934
301.951
301.968
301.984
302.001
302.017
302.034
302.05
302.067
302.083
302.099
302.115
302.131
302.146
302.162
302.178
302.193
302.208
302.223
302.237
302.252
302.266
302.28
302.294
302.307
302.321
302.333
302.346
302.358
302.37
302.381
302.392
302.403
302.413
302.423
302.432
302.44
302.449
302.456
302.463
302.469
302.475
302.48
302.484
302.488
302.49
302.492
302.493
302.493
302.493
302.491
302.488
302.484
302.479
302.473
302.466
302.457
302.447
302.436
302.423
302.409
302.393
302.375
302.356
302.335
302.313
302.288
302.262
302.234
300.649
300.656
300.664
300.671
300.678
300.686
300.694
300.701
300.709
300.717
300.726
300.734
300.742
300.751
300.759
300.768
300.777
300.786
300.795
300.805
300.814
300.823
300.833
300.843
300.853
300.863
300.873
300.884
300.894
300.905
300.916
300.927
300.938
300.949
300.96
300.972
300.983
300.995
301.007
301.019
301.031
301.044
301.056
301.069
301.081
301.094
301.107
301.12
301.134
301.147
301.161
301.174
301.188
301.202
301.216
301.231
301.245
301.259
301.274
301.289
301.303
301.318
301.333
301.348
301.364
301.379
301.394
301.41
301.425
301.441
301.457
301.473
301.489
301.504
301.52
301.536
301.553
301.569
301.585
301.601
301.617
301.633
301.65
301.666
301.682
301.698
301.715
301.731
301.747
301.763
301.78
301.796
301.812
301.828
301.844
301.86
301.876
301.892
301.908
301.923
301.939
301.955
301.97
301.985
302.001
302.016
302.031
302.046
302.06
302.075
302.089
302.104
302.118
302.131
302.145
302.158
302.171
302.184
302.196
302.209
302.22
302.232
302.243
302.254
302.264
302.274
302.283
302.292
302.301
302.309
302.316
302.323
302.329
302.335
302.34
302.344
302.348
302.351
302.353
302.354
302.355
302.355
302.354
302.352
302.348
302.344
302.339
302.333
302.325
302.317
302.307
302.296
302.283
302.269
302.254
302.237
302.218
302.198
302.176
302.153
302.128
300.613
300.619
300.626
300.633
300.64
300.647
300.654
300.661
300.668
300.676
300.684
300.691
300.699
300.707
300.715
300.723
300.731
300.74
300.748
300.757
300.766
300.775
300.784
300.793
300.802
300.811
300.821
300.831
300.84
300.85
300.86
300.871
300.881
300.891
300.902
300.913
300.923
300.934
300.945
300.957
300.968
300.98
300.991
301.003
301.015
301.027
301.039
301.051
301.064
301.076
301.089
301.102
301.115
301.128
301.141
301.155
301.168
301.182
301.195
301.209
301.223
301.237
301.251
301.265
301.279
301.294
301.308
301.323
301.338
301.352
301.367
301.382
301.397
301.412
301.427
301.442
301.458
301.473
301.488
301.504
301.519
301.534
301.55
301.565
301.581
301.596
301.612
301.627
301.643
301.658
301.674
301.689
301.704
301.72
301.735
301.751
301.766
301.781
301.796
301.811
301.826
301.841
301.856
301.871
301.886
301.9
301.915
301.929
301.943
301.957
301.971
301.985
301.998
302.012
302.025
302.037
302.05
302.062
302.074
302.086
302.098
302.109
302.119
302.13
302.14
302.149
302.159
302.167
302.176
302.183
302.191
302.198
302.204
302.21
302.215
302.219
302.223
302.226
302.229
302.23
302.231
302.231
302.231
302.229
302.227
302.223
302.219
302.214
302.207
302.2
302.191
302.181
302.17
302.158
302.144
302.129
302.113
302.095
302.075
302.055
302.032
300.583
300.589
300.595
300.602
300.608
300.615
300.621
300.628
300.635
300.642
300.649
300.657
300.664
300.671
300.679
300.687
300.694
300.702
300.71
300.718
300.727
300.735
300.743
300.752
300.761
300.77
300.779
300.788
300.797
300.806
300.816
300.825
300.835
300.845
300.855
300.865
300.875
300.885
300.896
300.906
300.917
300.928
300.939
300.95
300.961
300.972
300.984
300.995
301.007
301.019
301.031
301.043
301.055
301.067
301.08
301.092
301.105
301.118
301.131
301.144
301.157
301.17
301.184
301.197
301.211
301.224
301.238
301.252
301.266
301.28
301.294
301.308
301.322
301.336
301.351
301.365
301.38
301.394
301.409
301.423
301.438
301.453
301.468
301.482
301.497
301.512
301.527
301.542
301.557
301.571
301.586
301.601
301.616
301.631
301.645
301.66
301.675
301.69
301.704
301.719
301.733
301.748
301.762
301.776
301.79
301.805
301.818
301.832
301.846
301.86
301.873
301.886
301.899
301.912
301.925
301.937
301.949
301.961
301.973
301.984
301.995
302.006
302.016
302.026
302.036
302.045
302.054
302.063
302.071
302.079
302.086
302.093
302.099
302.105
302.11
302.114
302.118
302.121
302.124
302.126
302.127
302.128
302.128
302.127
302.125
302.122
302.118
302.114
302.108
302.102
302.094
302.085
302.075
302.064
302.052
302.039
302.024
302.008
301.99
301.971
301.951
300.561
300.567
300.573
300.579
300.585
300.592
300.598
300.605
300.611
300.618
300.625
300.632
300.639
300.646
300.653
300.66
300.668
300.675
300.683
300.69
300.698
300.706
300.714
300.723
300.731
300.739
300.748
300.756
300.765
300.774
300.783
300.792
300.801
300.811
300.82
300.83
300.84
300.849
300.859
300.869
300.88
300.89
300.9
300.911
300.922
300.933
300.944
300.955
300.966
300.977
300.988
301
301.012
301.023
301.035
301.047
301.06
301.072
301.084
301.097
301.109
301.122
301.135
301.147
301.16
301.173
301.187
301.2
301.213
301.227
301.24
301.254
301.267
301.281
301.295
301.309
301.323
301.337
301.351
301.365
301.379
301.393
301.408
301.422
301.436
301.45
301.465
301.479
301.493
301.508
301.522
301.537
301.551
301.565
301.58
301.594
301.608
301.622
301.637
301.651
301.665
301.679
301.693
301.707
301.72
301.734
301.748
301.761
301.774
301.787
301.8
301.813
301.826
301.838
301.851
301.863
301.874
301.886
301.897
301.908
301.919
301.93
301.94
301.95
301.959
301.968
301.977
301.985
301.993
302.001
302.008
302.015
302.021
302.026
302.032
302.036
302.04
302.044
302.046
302.048
302.05
302.051
302.051
302.05
302.049
302.046
302.043
302.039
302.034
302.028
302.021
302.013
302.004
301.994
301.983
301.971
301.957
301.942
301.926
301.909
301.89
300.549
300.555
300.561
300.567
300.573
300.579
300.585
300.592
300.598
300.605
300.611
300.618
300.625
300.632
300.639
300.646
300.653
300.66
300.668
300.675
300.683
300.691
300.698
300.706
300.715
300.723
300.731
300.739
300.748
300.757
300.765
300.774
300.783
300.792
300.802
300.811
300.82
300.83
300.84
300.849
300.859
300.869
300.88
300.89
300.9
300.911
300.922
300.932
300.943
300.954
300.965
300.977
300.988
300.999
301.011
301.023
301.035
301.047
301.059
301.071
301.083
301.095
301.108
301.12
301.133
301.146
301.159
301.172
301.185
301.198
301.211
301.224
301.237
301.251
301.264
301.278
301.292
301.305
301.319
301.333
301.347
301.361
301.374
301.388
301.402
301.416
301.431
301.445
301.459
301.473
301.487
301.501
301.515
301.529
301.543
301.557
301.571
301.585
301.599
301.613
301.627
301.641
301.654
301.668
301.682
301.695
301.708
301.721
301.735
301.747
301.76
301.773
301.785
301.797
301.809
301.821
301.833
301.844
301.855
301.866
301.877
301.887
301.897
301.907
301.916
301.925
301.934
301.942
301.95
301.958
301.965
301.971
301.977
301.983
301.988
301.993
301.997
302
302.003
302.005
302.007
302.008
302.008
302.007
302.006
302.004
302.001
301.997
301.993
301.987
301.981
301.973
301.965
301.955
301.945
301.933
301.92
301.906
301.891
301.874
301.856
304.03
303.398
302.938
302.567
302.254
301.985
301.75
301.543
301.36
301.197
301.052
300.922
300.807
300.704
300.612
300.531
300.458
300.394
300.337
300.288
300.244
300.206
300.173
300.145
300.12
300.099
300.081
300.066
300.054
300.043
300.035
300.028
300.022
300.017
300.013
300.01
300.008
300.006
300.004
300.003
300.002
300.002
300.001
300.001
300
300
300
300
300
300
300
304.027
303.398
302.938
302.567
302.254
301.985
301.75
301.543
301.36
301.197
301.052
300.922
300.807
300.704
300.612
300.531
300.458
300.394
300.337
300.288
300.244
300.206
300.173
300.145
300.12
300.099
300.081
300.066
300.054
300.043
300.035
300.028
300.022
300.017
300.013
300.01
300.008
300.006
300.004
300.003
300.002
300.002
300.001
300.001
300
300
300
300
300
300
300
304.022
303.397
302.937
302.566
302.254
301.985
301.75
301.543
301.36
301.197
301.052
300.922
300.807
300.704
300.612
300.531
300.458
300.394
300.338
300.288
300.244
300.206
300.173
300.145
300.12
300.099
300.081
300.066
300.054
300.043
300.035
300.028
300.022
300.017
300.013
300.01
300.008
300.006
300.004
300.003
300.002
300.002
300.001
300.001
300
300
300
300
300
300
300
304.015
303.395
302.937
302.566
302.254
301.985
301.75
301.543
301.36
301.197
301.052
300.922
300.807
300.704
300.612
300.531
300.458
300.394
300.338
300.288
300.244
300.206
300.173
300.145
300.12
300.099
300.082
300.067
300.054
300.043
300.035
300.028
300.022
300.017
300.013
300.01
300.008
300.006
300.004
300.003
300.002
300.002
300.001
300.001
300
300
300
300
300
300
300
304.005
303.392
302.936
302.566
302.254
301.985
301.75
301.543
301.36
301.197
301.052
300.923
300.807
300.704
300.613
300.531
300.459
300.394
300.338
300.288
300.244
300.206
300.173
300.145
300.12
300.099
300.082
300.067
300.054
300.044
300.035
300.028
300.022
300.017
300.013
300.01
300.008
300.006
300.004
300.003
300.002
300.002
300.001
300.001
300
300
300
300
300
300
300
303.993
303.389
302.934
302.565
302.254
301.985
301.751
301.544
301.36
301.198
301.052
300.923
300.807
300.705
300.613
300.531
300.459
300.395
300.338
300.288
300.245
300.206
300.173
300.145
300.12
300.099
300.082
300.067
300.054
300.044
300.035
300.028
300.022
300.017
300.013
300.01
300.008
300.006
300.004
300.003
300.002
300.002
300.001
300.001
300
300
300
300
300
300
300
303.978
303.385
302.933
302.565
302.254
301.985
301.751
301.544
301.361
301.198
301.053
300.923
300.808
300.705
300.613
300.532
300.459
300.395
300.338
300.288
300.245
300.207
300.174
300.145
300.12
300.1
300.082
300.067
300.054
300.044
300.035
300.028
300.022
300.017
300.013
300.01
300.008
300.006
300.004
300.003
300.002
300.002
300.001
300.001
300
300
300
300
300
300
300
303.96
303.379
302.931
302.564
302.253
301.985
301.751
301.544
301.361
301.198
301.053
300.924
300.808
300.705
300.614
300.532
300.459
300.395
300.339
300.289
300.245
300.207
300.174
300.145
300.121
300.1
300.082
300.067
300.054
300.044
300.035
300.028
300.022
300.017
300.013
300.01
300.008
300.006
300.004
300.003
300.002
300.002
300.001
300.001
300
300
300
300
300
300
300
303.941
303.373
302.928
302.563
302.253
301.986
301.752
301.545
301.362
301.199
301.054
300.924
300.809
300.706
300.614
300.532
300.46
300.396
300.339
300.289
300.245
300.207
300.174
300.145
300.121
300.1
300.082
300.067
300.054
300.044
300.035
300.028
300.022
300.017
300.013
300.01
300.008
300.006
300.004
300.003
300.002
300.002
300.001
300.001
300
300
300
300
300
300
300
303.918
303.365
302.925
302.562
302.253
301.986
301.752
301.546
301.363
301.2
301.055
300.925
300.81
300.707
300.615
300.533
300.46
300.396
300.339
300.289
300.246
300.207
300.174
300.146
300.121
300.1
300.082
300.067
300.054
300.044
300.035
300.028
300.022
300.017
300.013
300.01
300.008
300.006
300.004
300.003
300.002
300.002
300.001
300.001
300
300
300
300
300
300
300
303.893
303.356
302.922
302.561
302.253
301.986
301.753
301.547
301.364
301.201
301.056
300.926
300.811
300.707
300.616
300.534
300.461
300.397
300.34
300.29
300.246
300.208
300.175
300.146
300.121
300.1
300.082
300.067
300.055
300.044
300.035
300.028
300.022
300.017
300.014
300.01
300.008
300.006
300.004
300.003
300.002
300.002
300.001
300.001
300
300
300
300
300
300
300
303.866
303.346
302.917
302.559
302.253
301.987
301.754
301.548
301.365
301.202
301.057
300.927
300.812
300.708
300.617
300.535
300.462
300.397
300.341
300.29
300.247
300.208
300.175
300.146
300.122
300.1
300.083
300.067
300.055
300.044
300.035
300.028
300.022
300.017
300.014
300.01
300.008
300.006
300.005
300.003
300.002
300.002
300.001
300.001
300
300
300
300
300
300
300
303.836
303.334
302.912
302.557
302.252
301.987
301.754
301.549
301.366
301.203
301.058
300.929
300.813
300.71
300.618
300.536
300.463
300.398
300.341
300.291
300.247
300.209
300.175
300.147
300.122
300.101
300.083
300.068
300.055
300.044
300.035
300.028
300.022
300.017
300.014
300.011
300.008
300.006
300.005
300.003
300.002
300.002
300.001
300.001
300
300
300
300
300
300
300
303.804
303.32
302.906
302.555
302.252
301.988
301.755
301.55
301.367
301.205
301.06
300.93
300.814
300.711
300.619
300.537
300.464
300.399
300.342
300.292
300.248
300.209
300.176
300.147
300.122
300.101
300.083
300.068
300.055
300.044
300.036
300.028
300.022
300.018
300.014
300.011
300.008
300.006
300.005
300.003
300.002
300.002
300.001
300.001
300
300
300
300
300
300
300
303.769
303.304
302.899
302.552
302.251
301.988
301.757
301.551
301.369
301.206
301.061
300.932
300.816
300.712
300.62
300.538
300.465
300.4
300.343
300.293
300.248
300.21
300.176
300.148
300.123
300.101
300.083
300.068
300.055
300.045
300.036
300.028
300.022
300.018
300.014
300.011
300.008
300.006
300.005
300.003
300.002
300.002
300.001
300.001
300
300
300
300
300
300
300
303.731
303.285
302.891
302.548
302.25
301.989
301.758
301.553
301.371
301.208
301.063
300.933
300.817
300.714
300.622
300.539
300.466
300.401
300.344
300.293
300.249
300.211
300.177
300.148
300.123
300.102
300.084
300.068
300.055
300.045
300.036
300.029
300.023
300.018
300.014
300.011
300.008
300.006
300.005
300.003
300.002
300.002
300.001
300.001
300
300
300
300
300
300
300
303.69
303.264
302.881
302.544
302.249
301.989
301.759
301.555
301.373
301.21
301.065
300.935
300.819
300.716
300.623
300.541
300.467
300.402
300.345
300.294
300.25
300.211
300.178
300.149
300.124
300.102
300.084
300.069
300.056
300.045
300.036
300.029
300.023
300.018
300.014
300.011
300.008
300.006
300.005
300.003
300.002
300.002
300.001
300.001
300
300
300
300
300
300
300
303.646
303.241
302.868
302.538
302.246
301.988
301.76
301.556
301.375
301.212
301.067
300.937
300.821
300.717
300.625
300.542
300.469
300.404
300.346
300.295
300.251
300.212
300.178
300.149
300.124
300.103
300.084
300.069
300.056
300.045
300.036
300.029
300.023
300.018
300.014
300.011
300.008
300.006
300.005
300.003
300.002
300.002
300.001
300.001
300
300
300
300
300
300
300
303.599
303.214
302.854
302.531
302.243
301.988
301.76
301.558
301.376
301.214
301.069
300.94
300.823
300.719
300.627
300.544
300.47
300.405
300.347
300.296
300.252
300.213
300.179
300.15
300.125
300.103
300.085
300.069
300.056
300.045
300.036
300.029
300.023
300.018
300.014
300.011
300.008
300.006
300.005
300.003
300.003
300.002
300.001
300.001
300
300
300
300
300
300
300
303.548
303.183
302.836
302.521
302.239
301.986
301.76
301.559
301.378
301.217
301.072
300.942
300.825
300.721
300.628
300.546
300.472
300.406
300.348
300.298
300.253
300.214
300.18
300.15
300.125
300.103
300.085
300.07
300.057
300.046
300.037
300.029
300.023
300.018
300.014
300.011
300.008
300.006
300.005
300.003
300.003
300.002
300.001
300.001
300
300
300
300
300
300
300
303.494
303.149
302.816
302.51
302.232
301.983
301.76
301.56
301.38
301.219
301.074
300.944
300.828
300.724
300.63
300.547
300.473
300.408
300.35
300.299
300.254
300.215
300.18
300.151
300.126
300.104
300.086
300.07
300.057
300.046
300.037
300.029
300.023
300.018
300.014
300.011
300.008
300.006
300.005
300.004
300.003
300.002
300.001
300.001
300
300
300
300
300
300
300
303.436
303.11
302.792
302.495
302.224
301.979
301.758
301.56
301.381
301.22
301.076
300.946
300.83
300.726
300.632
300.549
300.475
300.409
300.351
300.3
300.255
300.215
300.181
300.152
300.126
300.104
300.086
300.07
300.057
300.046
300.037
300.03
300.023
300.018
300.014
300.011
300.008
300.006
300.005
300.004
300.003
300.002
300.001
300.001
300
300
300
300
300
300
300
303.373
303.067
302.764
302.478
302.214
301.973
301.756
301.559
301.382
301.222
301.078
300.948
300.832
300.728
300.634
300.551
300.477
300.411
300.352
300.301
300.256
300.216
300.182
300.152
300.127
300.105
300.086
300.071
300.057
300.046
300.037
300.03
300.023
300.018
300.014
300.011
300.009
300.006
300.005
300.004
300.003
300.002
300.001
300.001
300
300
300
300
300
300
300
303.306
303.019
302.731
302.456
302.201
301.966
301.752
301.557
301.381
301.223
301.079
300.95
300.834
300.73
300.636
300.553
300.479
300.412
300.354
300.302
300.257
300.217
300.183
300.153
300.127
300.105
300.087
300.071
300.058
300.047
300.037
300.03
300.024
300.019
300.014
300.011
300.009
300.007
300.005
300.004
300.003
300.002
300.001
300.001
300
300
300
300
300
300
300
303.235
302.966
302.694
302.431
302.184
301.955
301.745
301.554
301.38
301.223
301.08
300.952
300.836
300.732
300.638
300.555
300.48
300.414
300.355
300.303
300.258
300.218
300.184
300.154
300.128
300.106
300.087
300.071
300.058
300.047
300.038
300.03
300.024
300.019
300.015
300.011
300.009
300.007
300.005
300.004
300.003
300.002
300.001
300.001
300
300
300
300
300
300
300
303.158
302.908
302.652
302.402
302.164
301.942
301.737
301.549
301.378
301.222
301.081
300.953
300.837
300.733
300.64
300.556
300.482
300.415
300.357
300.305
300.259
300.219
300.184
300.154
300.128
300.106
300.088
300.072
300.058
300.047
300.038
300.03
300.024
300.019
300.015
300.011
300.009
300.007
300.005
300.004
300.003
300.002
300.001
300.001
300
300
300
300
300
300
300
303.077
302.844
302.604
302.367
302.14
301.925
301.726
301.543
301.374
301.22
301.08
300.953
300.838
300.735
300.642
300.558
300.483
300.417
300.358
300.306
300.26
300.22
300.185
300.155
300.129
300.107
300.088
300.072
300.058
300.047
300.038
300.03
300.024
300.019
300.015
300.011
300.009
300.007
300.005
300.004
300.003
300.002
300.001
300.001
300
300
300
300
300
300
300
302.99
302.775
302.551
302.328
302.111
301.905
301.712
301.534
301.369
301.217
301.079
300.953
300.839
300.736
300.643
300.559
300.485
300.418
300.359
300.307
300.261
300.221
300.186
300.156
300.13
300.107
300.088
300.072
300.059
300.047
300.038
300.03
300.024
300.019
300.015
300.011
300.009
300.007
300.005
300.004
300.003
300.002
300.001
300.001
300.001
300
300
300
300
300
300
302.899
302.701
302.493
302.283
302.078
301.881
301.695
301.522
301.361
301.212
301.076
300.952
300.839
300.736
300.644
300.56
300.486
300.419
300.36
300.308
300.262
300.221
300.186
300.156
300.13
300.108
300.089
300.072
300.059
300.048
300.038
300.031
300.024
300.019
300.015
300.012
300.009
300.007
300.005
300.004
300.003
300.002
300.001
300.001
300.001
300
300
300
300
300
300
302.803
302.621
302.429
302.233
302.04
301.853
301.675
301.507
301.351
301.206
301.072
300.949
300.838
300.736
300.644
300.561
300.486
300.42
300.361
300.309
300.262
300.222
300.187
300.157
300.13
300.108
300.089
300.073
300.059
300.048
300.038
300.031
300.024
300.019
300.015
300.012
300.009
300.007
300.005
300.004
300.003
300.002
300.001
300.001
300.001
300
300
300
300
300
300
302.703
302.537
302.36
302.178
301.997
301.82
301.65
301.489
301.338
301.197
301.066
300.946
300.836
300.735
300.644
300.561
300.487
300.421
300.361
300.309
300.263
300.223
300.187
300.157
300.131
300.108
300.089
300.073
300.059
300.048
300.039
300.031
300.024
300.019
300.015
300.012
300.009
300.007
300.005
300.004
300.003
300.002
300.001
300.001
300.001
300
300
300
300
300
300
302.599
302.448
302.286
302.118
301.949
301.783
301.622
301.468
301.323
301.186
301.059
300.941
300.832
300.733
300.643
300.561
300.487
300.421
300.362
300.31
300.264
300.223
300.188
300.157
300.131
300.108
300.089
300.073
300.059
300.048
300.039
300.031
300.024
300.019
300.015
300.012
300.009
300.007
300.005
300.004
300.003
300.002
300.001
300.001
300.001
300
300
300
300
300
300
302.492
302.355
302.208
302.054
301.897
301.742
301.59
301.444
301.305
301.173
301.049
300.934
300.828
300.73
300.641
300.56
300.487
300.421
300.362
300.31
300.264
300.223
300.188
300.158
300.131
300.109
300.089
300.073
300.06
300.048
300.039
300.031
300.024
300.019
300.015
300.012
300.009
300.007
300.005
300.004
300.003
300.002
300.001
300.001
300.001
300
300
300
300
300
300
302.384
302.261
302.127
301.986
301.842
301.698
301.555
301.417
301.284
301.157
301.038
300.926
300.822
300.727
300.639
300.559
300.486
300.42
300.362
300.31
300.264
300.224
300.188
300.158
300.131
300.109
300.09
300.073
300.06
300.048
300.039
300.031
300.024
300.019
300.015
300.012
300.009
300.007
300.005
300.004
300.003
300.002
300.001
300.001
300.001
300
300
300
300
300
300
302.277
302.166
302.045
301.917
301.785
301.651
301.518
301.388
301.261
301.14
301.025
300.917
300.816
300.722
300.636
300.557
300.485
300.42
300.362
300.31
300.264
300.224
300.188
300.158
300.131
300.109
300.09
300.073
300.06
300.048
300.039
300.031
300.024
300.019
300.015
300.012
300.009
300.007
300.005
300.004
300.003
300.002
300.001
300.001
300.001
300
300
300
300
300
300
302.172
302.073
301.964
301.847
301.726
301.603
301.479
301.357
301.237
301.122
301.011
300.907
300.808
300.717
300.632
300.554
300.483
300.419
300.361
300.309
300.264
300.224
300.188
300.158
300.131
300.109
300.09
300.073
300.06
300.048
300.039
300.031
300.024
300.019
300.015
300.012
300.009
300.007
300.005
300.004
300.003
300.002
300.001
300.001
300.001
300
300
300
300
300
300
302.073
301.984
301.886
301.78
301.669
301.556
301.44
301.326
301.213
301.103
300.997
300.896
300.801
300.711
300.628
300.551
300.481
300.418
300.36
300.309
300.263
300.223
300.188
300.158
300.131
300.109
300.09
300.073
300.06
300.048
300.039
300.031
300.024
300.019
300.015
300.012
300.009
300.007
300.005
300.004
300.003
300.002
300.001
300.001
300.001
300
300
300
300
300
300
301.983
301.903
301.814
301.718
301.616
301.511
301.404
301.296
301.189
301.084
300.983
300.885
300.793
300.705
300.624
300.549
300.479
300.416
300.359
300.308
300.263
300.223
300.188
300.158
300.131
300.109
300.09
300.073
300.06
300.048
300.039
300.031
300.024
300.019
300.015
300.012
300.009
300.007
300.005
300.004
300.003
300.002
300.001
300.001
300.001
300
300
300
300
300
300
301.906
301.834
301.753
301.664
301.571
301.473
301.372
301.27
301.168
301.068
300.97
300.876
300.786
300.7
300.62
300.546
300.478
300.415
300.359
300.308
300.263
300.223
300.188
300.157
300.131
300.109
300.089
300.073
300.06
300.048
300.039
300.031
300.024
300.019
300.015
300.012
300.009
300.007
300.005
300.004
300.003
300.002
300.001
300.001
300.001
300
300
300
300
300
300
301.849
301.782
301.706
301.624
301.536
301.443
301.347
301.25
301.152
301.055
300.96
300.868
300.78
300.696
300.617
300.544
300.476
300.414
300.358
300.308
300.263
300.223
300.188
300.157
300.131
300.109
300.089
300.073
300.059
300.048
300.039
300.031
300.024
300.019
300.015
300.012
300.009
300.007
300.005
300.004
300.003
300.002
300.001
300.001
300.001
300
300
300
300
300
300
301.817
301.753
301.68
301.601
301.516
301.427
301.334
301.239
301.143
301.048
300.955
300.864
300.777
300.694
300.616
300.543
300.475
300.414
300.358
300.307
300.262
300.223
300.188
300.157
300.131
300.109
300.089
300.073
300.059
300.048
300.039
300.031
300.024
300.019
300.015
300.012
300.009
300.007
300.005
300.004
300.003
300.002
300.001
300.001
300.001
300
300
300
300
300
300
)
;

boundaryField
{
    inlet
    {
        type            fixedValue;
        value           uniform 300;
    }
    outlet
    {
        type            zeroGradient;
    }
    top
    {
        type            zeroGradient;
    }
    slip-bottom
    {
        type            zeroGradient;
    }
    bottom
    {
        type            zeroGradient;
    }
    interface
    {
        type            fixedGradient;
        gradient        nonuniform List<scalar> 
161
(
67.9894
67.9894
46.1655
46.1655
46.1655
46.1655
34.2292
34.2292
34.2292
34.2292
29.3921
29.3921
29.3921
28.5844
28.5844
28.5844
28.5844
25.9692
25.9692
25.9692
25.0922
25.0922
25.0922
24.5787
24.5787
24.5787
23.9187
23.9187
23.9187
23.323
23.323
23.323
22.7703
22.7703
22.7703
22.2262
22.2262
22.2262
21.7075
21.7075
21.7075
20.6802
20.6802
21.4003
21.4003
21.4003
20.3812
20.3812
20.8359
20.8359
20.8359
19.8349
19.8349
19.8219
19.8219
19.8219
19.9475
19.9475
20.2599
20.2599
19.0722
19.0722
18.9642
18.9642
19.0022
19.0022
18.8657
18.8657
18.8657
18.6992
18.6992
18.5384
18.3718
18.3718
18.1706
18.1706
17.99
17.99
17.3528
17.3528
18.1476
18.1476
17.8223
17.8223
17.4579
16.8698
16.8698
17.5215
17.5215
17.2444
16.5363
16.5363
17.1529
16.5172
16.5172
16.9171
16.9171
16.2925
16.6797
16.6797
16.1137
16.4915
15.9487
15.9487
15.9887
16.357
16.357
15.7312
16.0186
15.5459
15.5459
15.5607
15.6645
15.8444
15.8444
15.3176
15.3473
15.4383
15.5681
15.5681
15.1512
15.1703
15.2372
15.2372
15.3141
15.0539
15.0539
15.0422
15.0658
15.0539
15.0373
15.0177
14.9962
14.9739
14.9514
14.9294
14.9086
14.8899
14.8741
14.8626
14.857
14.8591
14.8707
14.894
14.9313
14.9864
15.0657
15.1836
15.3732
15.5383
15.1559
15.231
15.8435
16.2776
16.8568
17.5581
20.2767
17.8356
20.6883
23.4355
33.3666
)
;
    }
    defaultFaces
    {
        type            empty;
    }
}


// ************************************************************************* //
