/*--------------------------------*- C++ -*----------------------------------*\
| =========                 |                                                 |
| \\      /  F ield         | OpenFOAM: The Open Source CFD Toolbox           |
|  \\    /   O peration     | Version:  2106                                  |
|   \\  /    A nd           | Website:  www.openfoam.com                      |
|    \\/     M anipulation  |                                                 |
\*---------------------------------------------------------------------------*/
FoamFile
{
    version     2.0;
    format      ascii;
    arch        "LSB;label=32;scalar=64";
    class       volScalarField;
    location    "6.4";
    object      T;
}
// * * * * * * * * * * * * * * * * * * * * * * * * * * * * * * * * * * * * * //

dimensions      [0 0 0 1 0 0 0];

internalField   nonuniform List<scalar> 
12013
(
300.003
300.01
300.017
300.025
300.033
300.041
300.049
300.058
300.067
300.077
300.086
300.097
300.107
300.118
300.13
300.142
300.154
300.167
300.18
300.194
300.208
300.222
300.237
300.253
300.269
300.286
300.303
300.321
300.339
300.358
300.378
300.398
300.419
300.44
300.462
300.485
300.508
300.532
300.557
300.583
300.609
300.636
300.664
300.692
300.722
300.752
300.783
300.815
300.848
300.882
300.917
300.952
300.989
301.027
301.066
301.106
301.147
301.189
301.233
301.278
301.324
301.372
301.422
301.472
301.525
301.579
301.636
301.694
301.755
301.817
301.883
301.952
302.023
302.099
302.179
302.263
302.354
302.453
302.562
302.686
302.833
300.003
300.01
300.017
300.025
300.033
300.041
300.049
300.058
300.067
300.077
300.086
300.097
300.107
300.118
300.13
300.142
300.154
300.167
300.18
300.194
300.208
300.222
300.237
300.253
300.269
300.286
300.303
300.321
300.339
300.358
300.378
300.398
300.419
300.44
300.462
300.485
300.508
300.532
300.557
300.583
300.609
300.636
300.664
300.692
300.722
300.752
300.783
300.815
300.848
300.882
300.916
300.952
300.989
301.027
301.066
301.106
301.147
301.189
301.233
301.278
301.324
301.372
301.421
301.472
301.524
301.579
301.635
301.693
301.753
301.816
301.881
301.95
302.021
302.096
302.175
302.259
302.348
302.444
302.549
302.664
302.791
300.003
300.01
300.017
300.025
300.033
300.041
300.049
300.058
300.067
300.077
300.086
300.097
300.107
300.118
300.13
300.142
300.154
300.167
300.18
300.194
300.208
300.222
300.237
300.253
300.269
300.286
300.303
300.321
300.339
300.358
300.378
300.398
300.419
300.44
300.462
300.485
300.508
300.532
300.557
300.583
300.609
300.636
300.664
300.692
300.721
300.752
300.783
300.815
300.848
300.881
300.916
300.952
300.988
301.026
301.065
301.105
301.146
301.188
301.232
301.277
301.323
301.371
301.42
301.47
301.523
301.577
301.633
301.691
301.751
301.813
301.878
301.945
302.016
302.09
302.167
302.249
302.335
302.427
302.525
302.629
302.736
300.003
300.01
300.017
300.025
300.033
300.041
300.049
300.058
300.067
300.077
300.086
300.097
300.107
300.118
300.13
300.142
300.154
300.167
300.18
300.193
300.208
300.222
300.237
300.253
300.269
300.286
300.303
300.321
300.339
300.358
300.378
300.398
300.419
300.44
300.462
300.485
300.508
300.532
300.557
300.582
300.609
300.636
300.663
300.692
300.721
300.751
300.782
300.814
300.847
300.881
300.915
300.951
300.988
301.025
301.064
301.104
301.145
301.187
301.231
301.275
301.321
301.369
301.418
301.468
301.52
301.574
301.629
301.687
301.746
301.808
301.872
301.938
302.007
302.079
302.155
302.234
302.316
302.402
302.492
302.585
302.679
300.003
300.01
300.017
300.025
300.033
300.041
300.049
300.058
300.067
300.077
300.086
300.097
300.107
300.118
300.13
300.142
300.154
300.167
300.18
300.193
300.208
300.222
300.237
300.253
300.269
300.286
300.303
300.321
300.339
300.358
300.378
300.398
300.418
300.44
300.462
300.484
300.508
300.532
300.557
300.582
300.608
300.635
300.663
300.691
300.721
300.751
300.782
300.814
300.846
300.88
300.915
300.95
300.987
301.024
301.063
301.103
301.144
301.186
301.229
301.273
301.319
301.366
301.415
301.465
301.516
301.569
301.624
301.681
301.74
301.8
301.863
301.928
301.996
302.065
302.138
302.213
302.291
302.371
302.454
302.537
302.62
300.003
300.01
300.017
300.025
300.033
300.041
300.049
300.058
300.067
300.077
300.086
300.097
300.107
300.118
300.13
300.142
300.154
300.167
300.18
300.193
300.208
300.222
300.237
300.253
300.269
300.286
300.303
300.321
300.339
300.358
300.377
300.397
300.418
300.44
300.462
300.484
300.508
300.532
300.556
300.582
300.608
300.635
300.662
300.691
300.72
300.75
300.781
300.813
300.845
300.879
300.913
300.949
300.985
301.023
301.061
301.101
301.141
301.183
301.226
301.27
301.316
301.362
301.411
301.46
301.511
301.564
301.618
301.674
301.731
301.79
301.852
301.915
301.98
302.047
302.117
302.188
302.261
302.335
302.411
302.486
302.56
300.003
300.01
300.017
300.025
300.033
300.041
300.049
300.058
300.067
300.077
300.086
300.097
300.107
300.118
300.13
300.141
300.154
300.167
300.18
300.193
300.207
300.222
300.237
300.253
300.269
300.286
300.303
300.32
300.339
300.358
300.377
300.397
300.418
300.439
300.461
300.484
300.507
300.531
300.556
300.581
300.607
300.634
300.662
300.69
300.719
300.749
300.78
300.812
300.844
300.878
300.912
300.947
300.983
301.021
301.059
301.098
301.139
301.18
301.223
301.266
301.311
301.358
301.405
301.454
301.504
301.556
301.609
301.664
301.72
301.778
301.837
301.898
301.961
302.025
302.091
302.158
302.226
302.295
302.364
302.433
302.5
300.003
300.01
300.017
300.025
300.033
300.041
300.049
300.058
300.067
300.076
300.086
300.097
300.107
300.118
300.13
300.141
300.154
300.166
300.18
300.193
300.207
300.222
300.237
300.253
300.269
300.285
300.303
300.32
300.339
300.357
300.377
300.397
300.418
300.439
300.461
300.483
300.507
300.531
300.555
300.58
300.606
300.633
300.661
300.689
300.718
300.748
300.779
300.81
300.843
300.876
300.91
300.945
300.981
301.018
301.056
301.095
301.135
301.176
301.218
301.262
301.306
301.352
301.398
301.447
301.496
301.547
301.599
301.652
301.707
301.763
301.82
301.879
301.939
302
302.062
302.125
302.188
302.252
302.316
302.378
302.44
300.003
300.01
300.017
300.025
300.033
300.041
300.049
300.058
300.067
300.076
300.086
300.096
300.107
300.118
300.13
300.141
300.154
300.166
300.179
300.193
300.207
300.222
300.237
300.252
300.269
300.285
300.302
300.32
300.338
300.357
300.377
300.397
300.417
300.438
300.46
300.483
300.506
300.53
300.554
300.58
300.606
300.632
300.66
300.688
300.717
300.746
300.777
300.808
300.841
300.874
300.907
300.942
300.978
301.015
301.052
301.091
301.13
301.171
301.213
301.255
301.299
301.344
301.39
301.437
301.486
301.535
301.586
301.637
301.69
301.744
301.799
301.856
301.913
301.971
302.029
302.088
302.147
302.206
302.265
302.323
302.379
300.003
300.01
300.017
300.025
300.033
300.041
300.049
300.058
300.067
300.076
300.086
300.096
300.107
300.118
300.129
300.141
300.154
300.166
300.179
300.193
300.207
300.222
300.237
300.252
300.268
300.285
300.302
300.32
300.338
300.357
300.376
300.396
300.417
300.438
300.46
300.482
300.505
300.529
300.553
300.579
300.604
300.631
300.658
300.686
300.715
300.745
300.775
300.806
300.838
300.871
300.904
300.939
300.974
301.011
301.048
301.086
301.125
301.165
301.206
301.248
301.291
301.335
301.38
301.426
301.473
301.521
301.57
301.62
301.671
301.723
301.776
301.829
301.884
301.938
301.993
302.048
302.103
302.158
302.212
302.266
302.318
300.003
300.01
300.017
300.025
300.033
300.041
300.049
300.058
300.067
300.076
300.086
300.096
300.107
300.118
300.129
300.141
300.153
300.166
300.179
300.193
300.207
300.221
300.236
300.252
300.268
300.285
300.302
300.319
300.337
300.356
300.376
300.395
300.416
300.437
300.459
300.481
300.504
300.528
300.552
300.577
300.603
300.629
300.656
300.684
300.713
300.742
300.772
300.803
300.835
300.867
300.901
300.935
300.97
301.006
301.042
301.08
301.118
301.158
301.198
301.239
301.281
301.324
301.368
301.413
301.459
301.505
301.553
301.601
301.65
301.699
301.75
301.8
301.851
301.903
301.954
302.006
302.057
302.108
302.158
302.208
302.257
300.003
300.01
300.017
300.025
300.033
300.041
300.049
300.058
300.067
300.076
300.086
300.096
300.107
300.118
300.129
300.141
300.153
300.166
300.179
300.193
300.207
300.221
300.236
300.252
300.268
300.284
300.301
300.319
300.337
300.356
300.375
300.395
300.415
300.436
300.458
300.48
300.503
300.527
300.551
300.576
300.601
300.627
300.654
300.682
300.71
300.739
300.769
300.8
300.831
300.863
300.896
300.93
300.964
301
301.036
301.073
301.111
301.149
301.189
301.229
301.27
301.312
301.354
301.398
301.442
301.487
301.532
301.579
301.625
301.673
301.72
301.768
301.817
301.865
301.913
301.961
302.009
302.057
302.103
302.149
302.194
300.003
300.01
300.017
300.025
300.033
300.041
300.049
300.058
300.067
300.076
300.086
300.096
300.107
300.118
300.129
300.141
300.153
300.166
300.179
300.192
300.206
300.221
300.236
300.251
300.267
300.284
300.301
300.318
300.336
300.355
300.374
300.394
300.414
300.435
300.457
300.479
300.502
300.525
300.549
300.574
300.599
300.625
300.652
300.679
300.707
300.736
300.766
300.796
300.827
300.858
300.891
300.924
300.958
300.993
301.028
301.064
301.101
301.139
301.178
301.217
301.257
301.297
301.338
301.38
301.423
301.466
301.51
301.554
301.598
301.643
301.688
301.734
301.779
301.825
301.87
301.915
301.959
302.004
302.047
302.09
302.132
300.003
300.01
300.017
300.025
300.032
300.041
300.049
300.058
300.067
300.076
300.086
300.096
300.107
300.118
300.129
300.141
300.153
300.165
300.178
300.192
300.206
300.22
300.235
300.251
300.267
300.283
300.3
300.317
300.335
300.354
300.373
300.393
300.413
300.434
300.455
300.477
300.5
300.523
300.547
300.571
300.597
300.622
300.649
300.676
300.704
300.732
300.761
300.791
300.822
300.853
300.885
300.917
300.951
300.985
301.019
301.055
301.091
301.127
301.165
301.203
301.242
301.281
301.321
301.361
301.402
301.443
301.485
301.527
301.569
301.612
301.654
301.697
301.74
301.782
301.825
301.867
301.908
301.949
301.99
302.03
302.069
300.003
300.01
300.017
300.025
300.032
300.04
300.049
300.058
300.067
300.076
300.086
300.096
300.106
300.117
300.129
300.14
300.153
300.165
300.178
300.192
300.206
300.22
300.235
300.25
300.266
300.282
300.299
300.317
300.334
300.353
300.372
300.391
300.412
300.432
300.454
300.475
300.498
300.521
300.544
300.569
300.594
300.619
300.645
300.672
300.699
300.727
300.756
300.786
300.816
300.846
300.877
300.909
300.942
300.975
301.009
301.044
301.079
301.114
301.151
301.187
301.225
301.262
301.301
301.339
301.378
301.418
301.457
301.497
301.537
301.578
301.618
301.658
301.698
301.738
301.777
301.817
301.856
301.894
301.932
301.969
302.006
300.003
300.01
300.017
300.025
300.032
300.04
300.049
300.057
300.066
300.076
300.086
300.096
300.106
300.117
300.128
300.14
300.152
300.165
300.178
300.191
300.205
300.219
300.234
300.249
300.265
300.281
300.298
300.316
300.333
300.352
300.371
300.39
300.41
300.43
300.452
300.473
300.495
300.518
300.542
300.566
300.59
300.615
300.641
300.667
300.694
300.722
300.75
300.779
300.809
300.839
300.869
300.9
300.932
300.965
300.997
301.031
301.065
301.099
301.134
301.17
301.206
301.242
301.279
301.316
301.353
301.39
301.428
301.466
301.504
301.542
301.579
301.617
301.655
301.692
301.729
301.766
301.802
301.838
301.873
301.908
301.942
300.003
300.01
300.017
300.025
300.032
300.04
300.049
300.057
300.066
300.076
300.085
300.095
300.106
300.117
300.128
300.14
300.152
300.164
300.177
300.191
300.204
300.219
300.233
300.249
300.264
300.28
300.297
300.314
300.332
300.35
300.369
300.388
300.408
300.428
300.449
300.471
300.493
300.515
300.538
300.562
300.586
300.611
300.636
300.662
300.689
300.716
300.744
300.772
300.801
300.83
300.86
300.89
300.921
300.952
300.984
301.017
301.05
301.083
301.117
301.151
301.185
301.22
301.255
301.29
301.325
301.361
301.396
301.432
301.468
301.504
301.539
301.575
301.61
301.645
301.679
301.714
301.747
301.781
301.814
301.846
301.878
300.003
300.01
300.017
300.025
300.032
300.04
300.049
300.057
300.066
300.075
300.085
300.095
300.106
300.116
300.128
300.139
300.151
300.164
300.177
300.19
300.204
300.218
300.233
300.248
300.263
300.279
300.296
300.313
300.33
300.348
300.367
300.386
300.406
300.426
300.446
300.468
300.489
300.512
300.534
300.558
300.582
300.606
300.631
300.656
300.682
300.709
300.736
300.763
300.791
300.82
300.849
300.879
300.909
300.939
300.97
301.001
301.033
301.065
301.097
301.13
301.162
301.196
301.229
301.262
301.296
301.329
301.363
301.397
301.43
301.464
301.497
301.53
301.563
301.596
301.628
301.66
301.692
301.723
301.754
301.784
301.814
300.003
300.01
300.017
300.024
300.032
300.04
300.048
300.057
300.066
300.075
300.085
300.095
300.105
300.116
300.127
300.139
300.151
300.163
300.176
300.189
300.203
300.217
300.232
300.247
300.262
300.278
300.294
300.311
300.329
300.347
300.365
300.384
300.403
300.423
300.443
300.464
300.486
300.507
300.53
300.553
300.576
300.6
300.625
300.649
300.675
300.701
300.727
300.754
300.781
300.809
300.837
300.866
300.895
300.924
300.954
300.984
301.014
301.045
301.076
301.107
301.138
301.17
301.201
301.233
301.265
301.296
301.328
301.36
301.391
301.423
301.454
301.485
301.516
301.547
301.577
301.607
301.636
301.665
301.694
301.722
301.75
300.003
300.01
300.017
300.024
300.032
300.04
300.048
300.057
300.066
300.075
300.085
300.095
300.105
300.116
300.127
300.138
300.15
300.162
300.175
300.188
300.202
300.216
300.23
300.245
300.261
300.276
300.293
300.309
300.327
300.344
300.362
300.381
300.4
300.42
300.44
300.46
300.481
300.503
300.525
300.547
300.57
300.594
300.617
300.642
300.667
300.692
300.717
300.743
300.77
300.797
300.824
300.852
300.879
300.908
300.936
300.965
300.994
301.023
301.053
301.082
301.112
301.142
301.172
301.202
301.232
301.262
301.292
301.321
301.351
301.381
301.41
301.439
301.468
301.496
301.524
301.552
301.58
301.607
301.634
301.66
301.686
300.003
300.01
300.017
300.024
300.032
300.04
300.048
300.057
300.065
300.075
300.084
300.094
300.104
300.115
300.126
300.138
300.149
300.162
300.174
300.187
300.201
300.215
300.229
300.244
300.259
300.275
300.291
300.307
300.324
300.342
300.359
300.378
300.397
300.416
300.436
300.456
300.476
300.498
300.519
300.541
300.563
300.586
300.61
300.633
300.657
300.682
300.707
300.732
300.757
300.783
300.81
300.836
300.863
300.89
300.917
300.945
300.972
301
301.028
301.056
301.085
301.113
301.141
301.169
301.198
301.226
301.254
301.282
301.31
301.337
301.365
301.392
301.419
301.445
301.472
301.498
301.524
301.549
301.574
301.599
301.623
300.003
300.01
300.017
300.024
300.032
300.04
300.048
300.056
300.065
300.074
300.084
300.094
300.104
300.114
300.125
300.137
300.149
300.161
300.173
300.186
300.199
300.213
300.227
300.242
300.257
300.272
300.288
300.305
300.321
300.339
300.356
300.374
300.393
300.412
300.431
300.451
300.471
300.492
300.513
300.534
300.556
300.578
300.601
300.624
300.647
300.671
300.695
300.719
300.744
300.769
300.794
300.819
300.845
300.871
300.897
300.923
300.949
300.976
301.002
301.029
301.056
301.082
301.109
301.136
301.162
301.189
301.215
301.241
301.267
301.293
301.319
301.344
301.369
301.394
301.419
301.443
301.467
301.491
301.514
301.537
301.56
300.003
300.01
300.017
300.024
300.032
300.039
300.048
300.056
300.065
300.074
300.083
300.093
300.103
300.114
300.125
300.136
300.148
300.16
300.172
300.185
300.198
300.212
300.226
300.24
300.255
300.27
300.286
300.302
300.318
300.335
300.353
300.37
300.388
300.407
300.426
300.445
300.465
300.485
300.506
300.526
300.548
300.569
300.591
300.613
300.636
300.659
300.682
300.705
300.729
300.753
300.777
300.801
300.826
300.851
300.875
300.9
300.925
300.95
300.975
301.001
301.026
301.051
301.076
301.101
301.126
301.151
301.175
301.2
301.224
301.248
301.272
301.296
301.32
301.343
301.366
301.389
301.411
301.433
301.455
301.476
301.497
300.003
300.01
300.017
300.024
300.031
300.039
300.047
300.056
300.064
300.073
300.083
300.092
300.103
300.113
300.124
300.135
300.146
300.158
300.171
300.183
300.196
300.21
300.224
300.238
300.252
300.267
300.283
300.299
300.315
300.331
300.348
300.366
300.383
300.402
300.42
300.439
300.458
300.478
300.498
300.518
300.538
300.559
300.581
300.602
300.624
300.646
300.668
300.69
300.713
300.736
300.759
300.782
300.806
300.829
300.853
300.876
300.9
300.924
300.947
300.971
300.995
301.018
301.042
301.066
301.089
301.112
301.135
301.158
301.181
301.204
301.226
301.248
301.27
301.292
301.313
301.334
301.355
301.376
301.396
301.416
301.436
300.003
300.01
300.017
300.024
300.031
300.039
300.047
300.055
300.064
300.073
300.082
300.092
300.102
300.112
300.123
300.134
300.145
300.157
300.169
300.182
300.194
300.208
300.221
300.235
300.25
300.264
300.28
300.295
300.311
300.327
300.344
300.361
300.378
300.396
300.414
300.432
300.451
300.47
300.489
300.509
300.529
300.549
300.569
300.59
300.611
300.632
300.653
300.675
300.696
300.718
300.74
300.762
300.784
300.807
300.829
300.851
300.874
300.896
300.918
300.941
300.963
300.985
301.007
301.029
301.051
301.073
301.095
301.116
301.138
301.159
301.18
301.2
301.221
301.241
301.261
301.281
301.3
301.319
301.338
301.357
301.375
300.003
300.01
300.017
300.024
300.031
300.039
300.047
300.055
300.063
300.072
300.081
300.091
300.101
300.111
300.122
300.133
300.144
300.155
300.167
300.18
300.192
300.205
300.219
300.233
300.247
300.261
300.276
300.291
300.307
300.323
300.339
300.355
300.372
300.389
300.407
300.425
300.443
300.461
300.48
300.499
300.518
300.537
300.557
300.577
300.597
300.617
300.637
300.658
300.679
300.699
300.72
300.741
300.762
300.783
300.805
300.826
300.847
300.868
300.889
300.91
300.931
300.952
300.973
300.993
301.014
301.034
301.054
301.074
301.094
301.114
301.133
301.153
301.172
301.191
301.209
301.228
301.246
301.264
301.281
301.299
301.316
300.003
300.01
300.016
300.023
300.031
300.038
300.046
300.054
300.063
300.072
300.081
300.09
300.1
300.11
300.12
300.131
300.142
300.154
300.165
300.178
300.19
300.203
300.216
300.23
300.243
300.258
300.272
300.287
300.302
300.318
300.333
300.349
300.366
300.382
300.399
300.417
300.434
300.452
300.47
300.488
300.507
300.525
300.544
300.563
300.582
300.602
300.621
300.641
300.66
300.68
300.7
300.72
300.74
300.76
300.78
300.799
300.819
300.839
300.859
300.879
300.898
300.918
300.938
300.957
300.976
300.995
301.014
301.033
301.051
301.07
301.088
301.106
301.124
301.141
301.159
301.176
301.193
301.21
301.226
301.242
301.258
300.003
300.01
300.016
300.023
300.03
300.038
300.046
300.054
300.062
300.071
300.08
300.089
300.099
300.109
300.119
300.13
300.14
300.152
300.163
300.175
300.187
300.2
300.213
300.226
300.24
300.254
300.268
300.282
300.297
300.312
300.327
300.343
300.359
300.375
300.391
300.408
300.425
300.442
300.459
300.477
300.495
300.513
300.531
300.549
300.567
300.586
300.604
300.623
300.641
300.66
300.679
300.698
300.717
300.735
300.754
300.773
300.792
300.81
300.829
300.848
300.866
300.884
300.903
300.921
300.939
300.957
300.974
300.992
301.009
301.026
301.043
301.06
301.077
301.093
301.109
301.125
301.141
301.157
301.172
301.187
301.202
300.003
300.009
300.016
300.023
300.03
300.037
300.045
300.053
300.061
300.07
300.079
300.088
300.097
300.107
300.117
300.128
300.139
300.15
300.161
300.173
300.185
300.197
300.21
300.223
300.236
300.249
300.263
300.277
300.292
300.306
300.321
300.336
300.352
300.367
300.383
300.399
300.415
300.432
300.449
300.465
300.482
300.499
300.517
300.534
300.551
300.569
300.587
300.604
300.622
300.64
300.658
300.675
300.693
300.711
300.729
300.746
300.764
300.782
300.799
300.817
300.834
300.851
300.868
300.885
300.902
300.919
300.935
300.952
300.968
300.984
301
301.016
301.031
301.046
301.062
301.076
301.091
301.106
301.12
301.134
301.148
300.003
300.009
300.016
300.023
300.03
300.037
300.045
300.052
300.061
300.069
300.078
300.087
300.096
300.106
300.116
300.126
300.137
300.147
300.159
300.17
300.182
300.194
300.206
300.219
300.232
300.245
300.258
300.272
300.286
300.3
300.314
300.329
300.344
300.359
300.374
300.39
300.405
300.421
300.437
300.453
300.47
300.486
300.502
300.519
300.536
300.552
300.569
300.586
300.603
300.619
300.636
300.653
300.67
300.687
300.703
300.72
300.737
300.753
300.77
300.786
300.802
300.818
300.835
300.85
300.866
300.882
300.897
300.913
300.928
300.943
300.958
300.972
300.987
301.001
301.015
301.029
301.043
301.057
301.07
301.083
301.097
300.003
300.009
300.016
300.022
300.029
300.036
300.044
300.052
300.06
300.068
300.077
300.086
300.095
300.104
300.114
300.124
300.134
300.145
300.156
300.167
300.179
300.19
300.202
300.215
300.227
300.24
300.253
300.266
300.28
300.294
300.308
300.322
300.336
300.351
300.365
300.38
300.395
300.41
300.426
300.441
300.457
300.472
300.488
300.504
300.52
300.535
300.551
300.567
300.583
300.599
300.615
300.631
300.647
300.663
300.678
300.694
300.71
300.725
300.741
300.756
300.772
300.787
300.802
300.817
300.832
300.846
300.861
300.875
300.889
300.903
300.917
300.931
300.945
300.958
300.971
300.985
300.997
301.01
301.023
301.035
301.047
300.003
300.009
300.015
300.022
300.029
300.036
300.043
300.051
300.059
300.067
300.075
300.084
300.093
300.103
300.112
300.122
300.132
300.143
300.153
300.164
300.175
300.187
300.198
300.21
300.223
300.235
300.248
300.261
300.274
300.287
300.3
300.314
300.328
300.342
300.356
300.37
300.385
300.399
300.414
300.429
300.444
300.459
300.474
300.489
300.504
300.519
300.534
300.549
300.564
300.579
300.594
300.609
300.624
300.639
300.654
300.669
300.684
300.699
300.713
300.728
300.742
300.756
300.771
300.785
300.798
300.812
300.826
300.839
300.853
300.866
300.879
300.892
300.905
300.917
300.93
300.942
300.954
300.966
300.978
300.989
301.001
300.003
300.009
300.015
300.022
300.028
300.035
300.043
300.05
300.058
300.066
300.074
300.083
300.092
300.101
300.11
300.12
300.13
300.14
300.15
300.161
300.172
300.183
300.195
300.206
300.218
300.23
300.242
300.255
300.268
300.28
300.293
300.307
300.32
300.333
300.347
300.361
300.375
300.389
300.403
300.417
300.431
300.445
300.459
300.474
300.488
300.503
300.517
300.531
300.546
300.56
300.574
300.589
300.603
300.617
300.631
300.645
300.659
300.673
300.687
300.7
300.714
300.727
300.741
300.754
300.767
300.78
300.793
300.806
300.818
300.831
300.843
300.855
300.867
300.879
300.891
300.902
300.914
300.925
300.936
300.947
300.958
300.003
300.009
300.015
300.021
300.028
300.035
300.042
300.049
300.057
300.065
300.073
300.081
300.09
300.099
300.108
300.118
300.127
300.137
300.147
300.158
300.169
300.179
300.191
300.202
300.213
300.225
300.237
300.249
300.261
300.274
300.286
300.299
300.312
300.325
300.338
300.351
300.365
300.378
300.391
300.405
300.419
300.432
300.446
300.46
300.473
300.487
300.501
300.514
300.528
300.542
300.555
300.569
300.582
300.596
300.609
300.623
300.636
300.649
300.662
300.675
300.688
300.7
300.713
300.726
300.738
300.75
300.762
300.774
300.786
300.798
300.81
300.821
300.832
300.843
300.855
300.865
300.876
300.887
300.897
300.908
300.918
300.003
300.009
300.015
300.021
300.027
300.034
300.041
300.048
300.056
300.064
300.072
300.08
300.088
300.097
300.106
300.115
300.125
300.135
300.145
300.155
300.165
300.176
300.187
300.198
300.209
300.22
300.232
300.243
300.255
300.267
300.28
300.292
300.304
300.317
300.329
300.342
300.355
300.368
300.381
300.394
300.407
300.42
300.433
300.446
300.459
300.472
300.485
300.499
300.512
300.525
300.538
300.551
300.563
300.576
300.589
300.602
300.614
300.627
300.639
300.651
300.663
300.676
300.688
300.699
300.711
300.723
300.734
300.746
300.757
300.768
300.779
300.79
300.801
300.811
300.822
300.832
300.842
300.852
300.862
300.872
300.881
300.003
300.008
300.014
300.021
300.027
300.034
300.041
300.048
300.055
300.063
300.07
300.079
300.087
300.095
300.104
300.113
300.123
300.132
300.142
300.152
300.162
300.172
300.183
300.194
300.204
300.216
300.227
300.238
300.25
300.261
300.273
300.285
300.297
300.309
300.321
300.334
300.346
300.359
300.371
300.384
300.396
300.409
300.421
300.434
300.446
300.459
300.472
300.484
300.497
300.509
300.522
300.534
300.546
300.558
300.571
300.583
300.595
300.607
300.618
300.63
300.642
300.653
300.665
300.676
300.687
300.698
300.709
300.72
300.731
300.741
300.752
300.762
300.772
300.782
300.792
300.802
300.812
300.821
300.831
300.84
300.849
300.003
300.008
300.014
300.02
300.027
300.033
300.04
300.047
300.054
300.062
300.069
300.077
300.085
300.094
300.103
300.111
300.12
300.13
300.139
300.149
300.159
300.169
300.179
300.19
300.2
300.211
300.222
300.233
300.245
300.256
300.267
300.279
300.291
300.302
300.314
300.326
300.338
300.35
300.362
300.374
300.386
300.399
300.411
300.423
300.435
300.447
300.459
300.471
300.483
300.495
300.507
300.519
300.531
300.543
300.554
300.566
300.578
300.589
300.6
300.612
300.623
300.634
300.645
300.656
300.666
300.677
300.687
300.698
300.708
300.718
300.728
300.738
300.748
300.758
300.767
300.776
300.786
300.795
300.804
300.813
300.822
300.003
300.008
300.014
300.02
300.026
300.033
300.039
300.046
300.053
300.061
300.068
300.076
300.084
300.092
300.101
300.11
300.119
300.128
300.137
300.147
300.156
300.166
300.176
300.187
300.197
300.208
300.218
300.229
300.24
300.251
300.262
300.274
300.285
300.296
300.308
300.32
300.331
300.343
300.355
300.366
300.378
300.39
300.402
300.414
300.425
300.437
300.449
300.461
300.472
300.484
300.495
300.507
300.518
300.53
300.541
300.552
300.563
300.574
300.585
300.596
300.607
300.618
300.628
300.639
300.649
300.659
300.669
300.679
300.689
300.699
300.709
300.718
300.728
300.737
300.746
300.755
300.764
300.773
300.782
300.79
300.799
300.003
300.008
300.014
300.02
300.026
300.032
300.039
300.046
300.053
300.06
300.067
300.075
300.083
300.091
300.1
300.108
300.117
300.126
300.135
300.145
300.154
300.164
300.174
300.184
300.194
300.205
300.215
300.226
300.236
300.247
300.258
300.269
300.281
300.292
300.303
300.314
300.326
300.337
300.349
300.36
300.372
300.383
300.395
300.406
300.418
300.429
300.441
300.452
300.463
300.475
300.486
300.497
300.508
300.519
300.53
300.541
300.552
300.563
300.574
300.584
300.595
300.605
300.615
300.625
300.635
300.645
300.655
300.665
300.675
300.684
300.693
300.703
300.712
300.721
300.73
300.739
300.747
300.756
300.764
300.773
300.781
300.003
300.008
300.014
300.02
300.026
300.032
300.038
300.045
300.052
300.059
300.067
300.074
300.082
300.09
300.099
300.107
300.116
300.125
300.134
300.143
300.153
300.162
300.172
300.182
300.192
300.202
300.213
300.223
300.234
300.245
300.255
300.266
300.277
300.288
300.3
300.311
300.322
300.333
300.345
300.356
300.367
300.378
300.39
300.401
300.412
300.424
300.435
300.446
300.457
300.468
300.48
300.491
300.501
300.512
300.523
300.534
300.544
300.555
300.565
300.576
300.586
300.596
300.606
300.616
300.626
300.636
300.646
300.655
300.665
300.674
300.683
300.692
300.701
300.71
300.719
300.727
300.736
300.744
300.752
300.76
300.769
300.003
300.008
300.014
300.019
300.025
300.032
300.038
300.045
300.052
300.059
300.066
300.074
300.082
300.09
300.098
300.107
300.115
300.124
300.133
300.142
300.152
300.161
300.171
300.181
300.191
300.201
300.212
300.222
300.233
300.243
300.254
300.265
300.276
300.287
300.298
300.309
300.32
300.331
300.342
300.354
300.365
300.376
300.387
300.398
300.41
300.421
300.432
300.443
300.454
300.465
300.476
300.487
300.498
300.509
300.519
300.53
300.54
300.551
300.561
300.572
300.582
300.592
300.602
300.612
300.621
300.631
300.641
300.65
300.659
300.669
300.678
300.687
300.695
300.704
300.713
300.721
300.73
300.738
300.746
300.754
300.762
303.029
303.158
303.235
303.308
303.371
303.423
303.458
303.498
303.538
303.575
303.606
303.641
303.676
303.71
303.744
303.777
303.808
303.836
303.865
303.895
303.924
303.954
303.984
304.013
304.042
304.071
304.099
304.127
304.155
304.182
304.209
304.236
304.262
304.289
304.315
304.34
304.366
304.392
304.416
304.442
304.467
304.49
304.516
304.543
304.57
304.595
304.618
304.644
304.67
304.695
304.72
304.742
304.767
304.792
304.817
304.843
304.869
304.894
304.92
304.944
304.965
304.988
305.011
305.036
305.06
305.085
305.109
305.134
305.158
305.182
305.206
305.229
305.252
305.276
305.299
305.322
305.345
305.368
305.389
305.414
305.441
305.466
305.489
305.511
305.532
305.552
305.576
305.602
305.625
305.646
305.666
305.688
305.713
305.735
305.758
305.783
305.807
305.827
305.851
305.872
305.892
305.914
305.933
305.954
305.977
306.002
306.023
306.04
306.06
306.077
306.097
306.118
306.14
306.162
306.181
306.196
306.214
306.234
306.254
306.27
306.283
306.299
306.315
306.331
306.346
306.357
306.369
306.382
306.394
306.406
306.416
306.425
306.433
306.44
306.445
306.449
306.452
306.453
306.452
306.45
306.446
306.44
306.432
306.422
306.41
306.395
306.378
306.357
306.333
306.305
306.27
306.233
306.195
306.152
306.102
306.046
305.985
305.882
305.787
305.669
305.515
302.927
303.041
303.129
303.205
303.27
303.326
303.372
303.416
303.458
303.497
303.534
303.57
303.606
303.641
303.676
303.709
303.742
303.772
303.803
303.833
303.863
303.894
303.924
303.954
303.983
304.012
304.041
304.069
304.098
304.125
304.153
304.18
304.207
304.234
304.26
304.286
304.313
304.338
304.364
304.389
304.415
304.44
304.466
304.492
304.518
304.544
304.569
304.594
304.62
304.645
304.67
304.694
304.719
304.744
304.769
304.795
304.821
304.846
304.872
304.896
304.918
304.942
304.965
304.99
305.014
305.039
305.064
305.088
305.113
305.137
305.161
305.185
305.208
305.232
305.255
305.278
305.302
305.325
305.348
305.372
305.398
305.423
305.446
305.469
305.491
305.512
305.535
305.56
305.584
305.606
305.626
305.649
305.673
305.696
305.719
305.744
305.767
305.789
305.812
305.834
305.854
305.876
305.896
305.918
305.941
305.964
305.985
306.004
306.024
306.042
306.062
306.083
306.105
306.126
306.146
306.162
306.181
306.2
306.219
306.236
306.25
306.266
306.282
306.298
306.313
306.325
306.337
306.35
306.362
306.374
306.384
306.393
306.402
306.408
306.414
306.418
306.421
306.422
306.422
306.419
306.415
306.41
306.402
306.392
306.379
306.364
306.347
306.326
306.302
306.273
306.239
306.201
306.163
306.118
306.068
306.01
305.944
305.844
305.744
305.62
305.451
302.845
302.944
303.031
303.106
303.173
303.231
303.283
303.33
303.375
303.417
303.456
303.495
303.532
303.569
303.604
303.639
303.672
303.704
303.736
303.768
303.799
303.83
303.86
303.89
303.92
303.95
303.979
304.008
304.037
304.065
304.093
304.121
304.148
304.176
304.202
304.229
304.256
304.282
304.308
304.334
304.36
304.385
304.411
304.438
304.464
304.49
304.515
304.541
304.567
304.592
304.617
304.642
304.667
304.692
304.718
304.744
304.77
304.795
304.82
304.845
304.868
304.892
304.916
304.941
304.966
304.99
305.015
305.04
305.064
305.089
305.113
305.137
305.161
305.185
305.208
305.232
305.256
305.279
305.303
305.327
305.353
305.377
305.401
305.424
305.446
305.469
305.492
305.517
305.54
305.563
305.584
305.607
305.631
305.654
305.678
305.702
305.725
305.747
305.77
305.793
305.814
305.836
305.857
305.879
305.901
305.924
305.946
305.965
305.985
306.005
306.025
306.046
306.067
306.089
306.108
306.126
306.144
306.163
306.182
306.2
306.215
306.231
306.247
306.263
306.278
306.29
306.303
306.316
306.328
306.34
306.35
306.36
306.368
306.375
306.381
306.385
306.388
306.389
306.389
306.387
306.383
306.377
306.369
306.359
306.347
306.332
306.314
306.293
306.269
306.24
306.206
306.168
306.128
306.083
306.031
305.972
305.902
305.804
305.7
305.57
305.391
302.771
302.859
302.94
303.013
303.079
303.139
303.193
303.243
303.29
303.334
303.376
303.416
303.455
303.492
303.529
303.565
303.599
303.633
303.666
303.698
303.73
303.762
303.793
303.824
303.854
303.884
303.914
303.944
303.973
304.001
304.03
304.058
304.086
304.114
304.141
304.168
304.195
304.222
304.248
304.275
304.301
304.327
304.353
304.38
304.406
304.432
304.458
304.484
304.51
304.536
304.561
304.587
304.612
304.638
304.663
304.689
304.715
304.741
304.766
304.791
304.815
304.839
304.864
304.889
304.914
304.938
304.963
304.988
305.013
305.038
305.062
305.086
305.111
305.135
305.159
305.183
305.207
305.23
305.254
305.279
305.304
305.329
305.353
305.376
305.399
305.422
305.446
305.47
305.494
305.517
305.539
305.562
305.586
305.609
305.633
305.657
305.681
305.704
305.727
305.749
305.771
305.793
305.814
305.837
305.859
305.882
305.904
305.924
305.944
305.964
305.985
306.006
306.027
306.048
306.068
306.087
306.105
306.125
306.143
306.161
306.177
306.193
306.209
306.225
306.24
306.253
306.266
306.279
306.292
306.303
306.314
306.324
306.332
306.339
306.345
306.35
306.353
306.354
306.354
306.352
306.348
306.342
306.335
306.325
306.312
306.297
306.28
306.259
306.234
306.205
306.171
306.133
306.092
306.046
305.992
305.931
305.858
305.761
305.653
305.518
305.333
302.701
302.78
302.854
302.924
302.989
303.048
303.103
303.155
303.203
303.249
303.292
303.334
303.374
303.413
303.451
303.487
303.523
303.557
303.591
303.625
303.657
303.69
303.722
303.753
303.784
303.815
303.845
303.875
303.905
303.934
303.963
303.992
304.02
304.048
304.076
304.103
304.131
304.158
304.185
304.212
304.238
304.265
304.292
304.318
304.345
304.371
304.398
304.424
304.45
304.476
304.502
304.528
304.553
304.579
304.605
304.631
304.657
304.683
304.708
304.733
304.758
304.783
304.808
304.833
304.858
304.883
304.908
304.933
304.958
304.983
305.008
305.032
305.057
305.081
305.106
305.13
305.154
305.178
305.203
305.228
305.253
305.277
305.302
305.325
305.349
305.372
305.396
305.42
305.444
305.468
305.491
305.514
305.538
305.562
305.586
305.61
305.633
305.657
305.68
305.703
305.725
305.747
305.769
305.792
305.814
305.837
305.859
305.88
305.901
305.921
305.942
305.963
305.985
306.006
306.026
306.045
306.064
306.083
306.102
306.12
306.136
306.153
306.169
306.185
306.2
306.214
306.227
306.24
306.253
306.265
306.276
306.285
306.294
306.301
306.307
306.312
306.315
306.317
306.317
306.315
306.311
306.306
306.298
306.288
306.276
306.261
306.243
306.222
306.197
306.167
306.133
306.095
306.053
306.006
305.952
305.888
305.813
305.716
305.605
305.466
305.279
302.633
302.705
302.774
302.839
302.901
302.96
303.015
303.067
303.116
303.162
303.207
303.25
303.291
303.331
303.369
303.407
303.443
303.479
303.514
303.548
303.581
303.614
303.647
303.679
303.71
303.742
303.773
303.803
303.833
303.863
303.892
303.921
303.95
303.979
304.007
304.035
304.063
304.09
304.118
304.145
304.172
304.199
304.226
304.253
304.28
304.307
304.333
304.36
304.386
304.413
304.439
304.465
304.491
304.517
304.543
304.569
304.595
304.621
304.647
304.673
304.698
304.723
304.748
304.774
304.799
304.824
304.85
304.875
304.9
304.925
304.95
304.975
305
305.025
305.049
305.074
305.098
305.123
305.148
305.173
305.198
305.223
305.247
305.271
305.295
305.319
305.343
305.367
305.392
305.415
305.439
305.463
305.487
305.511
305.535
305.559
305.583
305.607
305.63
305.653
305.676
305.699
305.721
305.744
305.767
305.789
305.811
305.833
305.854
305.875
305.896
305.918
305.939
305.96
305.981
306
306.02
306.039
306.058
306.076
306.093
306.11
306.126
306.142
306.158
306.172
306.186
306.199
306.212
306.224
306.235
306.245
306.253
306.261
306.267
306.272
306.275
306.277
306.277
306.276
306.272
306.267
306.259
306.249
306.237
306.222
306.204
306.182
306.157
306.128
306.094
306.055
306.013
305.964
305.909
305.844
305.766
305.669
305.555
305.414
305.226
302.567
302.632
302.696
302.757
302.817
302.873
302.927
302.979
303.028
303.075
303.12
303.163
303.205
303.246
303.285
303.323
303.361
303.397
303.433
303.467
303.502
303.535
303.568
303.601
303.633
303.665
303.696
303.727
303.758
303.788
303.818
303.847
303.877
303.906
303.934
303.963
303.991
304.019
304.047
304.075
304.102
304.13
304.157
304.184
304.211
304.238
304.265
304.292
304.319
304.346
304.372
304.398
304.425
304.451
304.478
304.504
304.53
304.556
304.582
304.608
304.634
304.659
304.685
304.711
304.736
304.762
304.787
304.813
304.838
304.864
304.889
304.914
304.939
304.964
304.989
305.014
305.039
305.064
305.089
305.114
305.139
305.164
305.189
305.214
305.238
305.262
305.287
305.311
305.336
305.36
305.384
305.408
305.432
305.457
305.481
305.505
305.529
305.553
305.577
305.6
305.624
305.647
305.67
305.693
305.716
305.739
305.761
305.783
305.805
305.826
305.848
305.869
305.891
305.912
305.933
305.953
305.972
305.992
306.011
306.029
306.047
306.064
306.081
306.097
306.113
306.127
306.141
306.155
306.168
306.18
306.191
306.201
306.21
306.218
306.224
306.229
306.233
306.235
306.235
306.234
306.231
306.225
306.218
306.208
306.196
306.181
306.162
306.141
306.116
306.086
306.052
306.013
305.97
305.92
305.863
305.797
305.717
305.62
305.504
305.361
305.176
302.501
302.561
302.62
302.678
302.734
302.789
302.841
302.892
302.94
302.987
303.032
303.076
303.118
303.159
303.199
303.238
303.275
303.312
303.348
303.384
303.419
303.453
303.486
303.519
303.552
303.584
303.616
303.648
303.679
303.709
303.74
303.77
303.799
303.829
303.858
303.887
303.915
303.944
303.972
304
304.028
304.056
304.084
304.111
304.139
304.166
304.193
304.22
304.247
304.274
304.301
304.328
304.355
304.381
304.408
304.435
304.461
304.488
304.514
304.54
304.566
304.592
304.618
304.644
304.67
304.695
304.721
304.747
304.773
304.798
304.824
304.85
304.875
304.9
304.926
304.951
304.976
305.001
305.027
305.052
305.077
305.103
305.128
305.153
305.177
305.202
305.227
305.252
305.276
305.301
305.325
305.35
305.374
305.399
305.424
305.448
305.472
305.497
305.521
305.545
305.568
305.592
305.615
305.638
305.661
305.685
305.707
305.73
305.752
305.774
305.796
305.817
305.839
305.861
305.881
305.902
305.922
305.942
305.961
305.98
305.998
306.015
306.032
306.049
306.065
306.08
306.094
306.108
306.121
306.133
306.145
306.155
306.164
306.172
306.179
306.184
306.188
306.19
306.191
306.19
306.186
306.181
306.174
306.164
306.152
306.137
306.119
306.097
306.072
306.042
306.008
305.969
305.925
305.874
305.816
305.748
305.667
305.569
305.452
305.309
305.127
302.435
302.491
302.546
302.6
302.654
302.705
302.756
302.805
302.853
302.899
302.944
302.987
303.029
303.07
303.11
303.149
303.188
303.225
303.261
303.297
303.333
303.367
303.401
303.435
303.468
303.5
303.533
303.564
303.596
303.627
303.658
303.688
303.718
303.748
303.778
303.807
303.836
303.865
303.893
303.922
303.95
303.978
304.006
304.034
304.062
304.09
304.117
304.145
304.172
304.199
304.227
304.254
304.281
304.308
304.335
304.361
304.388
304.415
304.441
304.468
304.494
304.52
304.547
304.573
304.599
304.625
304.651
304.677
304.703
304.729
304.755
304.781
304.807
304.832
304.858
304.884
304.909
304.935
304.96
304.986
305.012
305.037
305.063
305.088
305.113
305.138
305.163
305.188
305.213
305.238
305.263
305.288
305.313
305.338
305.363
305.387
305.412
305.437
305.461
305.485
305.509
305.533
305.557
305.58
305.604
305.627
305.65
305.673
305.696
305.718
305.74
305.762
305.784
305.806
305.827
305.848
305.868
305.888
305.908
305.927
305.946
305.963
305.981
305.998
306.014
306.029
306.044
306.058
306.071
306.084
306.096
306.106
306.116
306.124
306.131
306.136
306.14
306.143
306.143
306.142
306.14
306.135
306.127
306.118
306.105
306.09
306.072
306.051
306.025
305.995
305.961
305.922
305.877
305.826
305.766
305.697
305.615
305.517
305.399
305.257
305.08
302.37
302.422
302.473
302.524
302.574
302.624
302.672
302.719
302.766
302.811
302.855
302.898
302.94
302.98
303.02
303.06
303.098
303.135
303.172
303.208
303.244
303.279
303.313
303.347
303.38
303.413
303.446
303.478
303.51
303.541
303.572
303.603
303.633
303.664
303.693
303.723
303.753
303.782
303.811
303.84
303.868
303.897
303.925
303.953
303.982
304.01
304.037
304.065
304.093
304.12
304.148
304.175
304.203
304.23
304.257
304.284
304.311
304.338
304.365
304.392
304.418
304.445
304.472
304.498
304.525
304.551
304.577
304.604
304.63
304.656
304.682
304.709
304.735
304.761
304.787
304.813
304.839
304.864
304.89
304.916
304.942
304.968
304.994
305.019
305.045
305.07
305.096
305.121
305.146
305.172
305.197
305.222
305.247
305.273
305.298
305.323
305.348
305.373
305.398
305.422
305.446
305.471
305.495
305.519
305.543
305.566
305.59
305.613
305.636
305.659
305.681
305.704
305.726
305.748
305.77
305.791
305.812
305.832
305.852
305.871
305.89
305.908
305.926
305.943
305.96
305.975
305.991
306.005
306.019
306.031
306.043
306.054
306.064
306.072
306.079
306.085
306.09
306.092
306.093
306.093
306.09
306.085
306.078
306.069
306.056
306.041
306.023
306.002
305.976
305.946
305.912
305.872
305.827
305.775
305.715
305.644
305.562
305.463
305.345
305.204
305.034
302.305
302.353
302.401
302.449
302.496
302.543
302.589
302.634
302.679
302.723
302.766
302.808
302.849
302.89
302.929
302.968
303.006
303.044
303.081
303.117
303.152
303.187
303.222
303.256
303.29
303.323
303.356
303.388
303.42
303.452
303.483
303.514
303.545
303.576
303.606
303.636
303.666
303.695
303.724
303.754
303.783
303.811
303.84
303.869
303.897
303.925
303.954
303.982
304.01
304.037
304.065
304.093
304.12
304.148
304.175
304.203
304.23
304.257
304.284
304.312
304.339
304.365
304.392
304.419
304.446
304.473
304.499
304.526
304.553
304.579
304.606
304.632
304.659
304.685
304.711
304.737
304.764
304.79
304.816
304.842
304.869
304.895
304.921
304.947
304.973
304.998
305.024
305.05
305.076
305.101
305.127
305.153
305.178
305.204
305.229
305.255
305.28
305.305
305.33
305.355
305.38
305.405
305.429
305.454
305.478
305.502
305.526
305.549
305.573
305.596
305.619
305.642
305.664
305.687
305.708
305.73
305.751
305.772
305.792
305.812
305.831
305.85
305.868
305.885
305.902
305.918
305.934
305.949
305.963
305.976
305.988
305.999
306.009
306.018
306.025
306.031
306.036
306.039
306.04
306.04
306.037
306.033
306.026
306.016
306.004
305.99
305.972
305.95
305.924
305.894
305.86
305.82
305.774
305.722
305.661
305.59
305.506
305.408
305.291
305.153
304.988
302.239
302.284
302.329
302.374
302.418
302.463
302.507
302.55
302.593
302.635
302.677
302.718
302.758
302.798
302.837
302.876
302.913
302.951
302.987
303.023
303.059
303.094
303.129
303.163
303.197
303.23
303.263
303.295
303.328
303.36
303.391
303.422
303.453
303.484
303.515
303.545
303.575
303.605
303.634
303.664
303.693
303.722
303.751
303.78
303.809
303.837
303.866
303.894
303.922
303.95
303.978
304.006
304.034
304.062
304.09
304.117
304.145
304.173
304.2
304.227
304.255
304.282
304.309
304.336
304.363
304.39
304.417
304.444
304.471
304.498
304.525
304.552
304.578
304.605
304.632
304.658
304.685
304.711
304.738
304.764
304.791
304.817
304.844
304.87
304.896
304.923
304.949
304.975
305.001
305.027
305.053
305.079
305.105
305.131
305.157
305.182
305.208
305.234
305.259
305.285
305.31
305.335
305.36
305.384
305.409
305.434
305.458
305.482
305.506
305.529
305.553
305.576
305.599
305.621
305.644
305.666
305.687
305.708
305.729
305.749
305.769
305.788
305.806
305.824
305.841
305.858
305.874
305.889
305.903
305.916
305.929
305.94
305.951
305.96
305.968
305.974
305.979
305.982
305.984
305.984
305.981
305.977
305.97
305.961
305.95
305.935
305.917
305.895
305.87
305.84
305.805
305.765
305.719
305.666
305.605
305.533
305.45
305.352
305.236
305.101
304.944
302.174
302.215
302.257
302.3
302.342
302.384
302.425
302.467
302.508
302.548
302.589
302.628
302.668
302.706
302.745
302.782
302.82
302.856
302.893
302.928
302.964
302.999
303.033
303.067
303.101
303.134
303.167
303.2
303.232
303.264
303.296
303.327
303.359
303.389
303.42
303.451
303.481
303.511
303.541
303.57
303.6
303.629
303.659
303.688
303.717
303.745
303.774
303.803
303.831
303.859
303.888
303.916
303.944
303.972
304
304.028
304.056
304.084
304.111
304.139
304.167
304.194
304.222
304.249
304.276
304.304
304.331
304.358
304.386
304.413
304.44
304.467
304.494
304.521
304.548
304.575
304.602
304.629
304.656
304.682
304.709
304.736
304.763
304.789
304.816
304.843
304.869
304.896
304.922
304.949
304.975
305.001
305.028
305.054
305.08
305.106
305.132
305.158
305.184
305.21
305.235
305.261
305.286
305.311
305.336
305.361
305.386
305.41
305.435
305.459
305.482
305.506
305.529
305.552
305.575
305.597
305.619
305.641
305.662
305.682
305.702
305.722
305.741
305.759
305.777
305.794
305.81
305.825
305.84
305.854
305.867
305.878
305.889
305.898
305.907
305.913
305.919
305.922
305.924
305.924
305.922
305.918
305.912
305.903
305.892
305.877
305.859
305.838
305.812
305.783
305.748
305.708
305.662
305.608
305.547
305.475
305.392
305.295
305.181
305.05
304.899
302.108
302.147
302.186
302.226
302.265
302.305
302.344
302.384
302.423
302.462
302.5
302.539
302.577
302.614
302.652
302.688
302.725
302.761
302.797
302.832
302.867
302.902
302.936
302.97
303.003
303.036
303.069
303.102
303.134
303.166
303.198
303.229
303.261
303.292
303.323
303.353
303.384
303.414
303.444
303.474
303.503
303.533
303.562
303.592
303.621
303.65
303.679
303.707
303.736
303.765
303.793
303.822
303.85
303.878
303.907
303.935
303.963
303.991
304.019
304.047
304.075
304.102
304.13
304.158
304.186
304.213
304.241
304.268
304.296
304.323
304.351
304.378
304.405
304.433
304.46
304.487
304.515
304.542
304.569
304.596
304.623
304.651
304.678
304.705
304.732
304.759
304.786
304.812
304.839
304.866
304.893
304.919
304.946
304.973
304.999
305.026
305.052
305.079
305.105
305.131
305.157
305.183
305.209
305.234
305.26
305.285
305.31
305.335
305.36
305.384
305.408
305.432
305.456
305.479
305.503
305.525
305.548
305.57
305.591
305.612
305.632
305.652
305.672
305.69
305.708
305.726
305.742
305.758
305.773
305.787
305.801
305.813
305.824
305.834
305.842
305.849
305.855
305.859
305.861
305.862
305.86
305.856
305.85
305.842
305.83
305.816
305.798
305.777
305.752
305.722
305.688
305.648
305.601
305.548
305.486
305.415
305.332
305.237
305.126
304.999
304.855
302.042
302.078
302.115
302.152
302.19
302.227
302.264
302.301
302.339
302.376
302.413
302.45
302.486
302.523
302.559
302.594
302.63
302.665
302.7
302.735
302.769
302.803
302.837
302.871
302.904
302.937
302.969
303.002
303.034
303.066
303.098
303.129
303.16
303.191
303.222
303.253
303.283
303.314
303.344
303.374
303.403
303.433
303.463
303.492
303.521
303.551
303.58
303.609
303.638
303.666
303.695
303.724
303.752
303.781
303.809
303.838
303.866
303.894
303.922
303.951
303.979
304.007
304.035
304.063
304.091
304.119
304.146
304.174
304.202
304.23
304.257
304.285
304.313
304.34
304.368
304.396
304.423
304.451
304.478
304.506
304.533
304.561
304.588
304.616
304.643
304.67
304.698
304.725
304.752
304.779
304.806
304.833
304.86
304.887
304.914
304.941
304.968
304.995
305.022
305.048
305.074
305.101
305.127
305.153
305.179
305.204
305.23
305.255
305.28
305.305
305.33
305.354
305.379
305.402
305.426
305.449
305.472
305.494
305.516
305.537
305.558
305.579
305.598
305.618
305.636
305.654
305.671
305.687
305.703
305.717
305.731
305.743
305.755
305.765
305.774
305.781
305.787
305.792
305.794
305.795
305.794
305.791
305.785
305.777
305.766
305.752
305.734
305.713
305.688
305.659
305.625
305.585
305.539
305.485
305.424
305.353
305.272
305.178
305.07
304.947
304.811
301.976
302.01
302.045
302.079
302.114
302.149
302.185
302.22
302.255
302.291
302.326
302.361
302.396
302.431
302.466
302.5
302.535
302.569
302.603
302.637
302.671
302.704
302.737
302.77
302.803
302.836
302.868
302.9
302.932
302.964
302.995
303.026
303.057
303.088
303.119
303.15
303.18
303.211
303.241
303.271
303.301
303.33
303.36
303.389
303.419
303.448
303.477
303.506
303.535
303.564
303.593
303.622
303.651
303.68
303.708
303.737
303.765
303.794
303.822
303.851
303.879
303.907
303.935
303.964
303.992
304.02
304.048
304.076
304.104
304.132
304.16
304.188
304.216
304.244
304.272
304.3
304.328
304.356
304.383
304.411
304.439
304.467
304.495
304.522
304.55
304.578
304.605
304.633
304.661
304.688
304.716
304.743
304.771
304.798
304.825
304.853
304.88
304.907
304.934
304.961
304.988
305.014
305.041
305.067
305.094
305.12
305.146
305.172
305.197
305.222
305.247
305.272
305.297
305.321
305.345
305.369
305.392
305.415
305.437
305.459
305.48
305.501
305.521
305.541
305.56
305.578
305.595
305.612
305.628
305.643
305.657
305.67
305.682
305.692
305.702
305.71
305.716
305.721
305.724
305.725
305.724
305.722
305.716
305.708
305.698
305.684
305.667
305.646
305.622
305.593
305.559
305.519
305.473
305.42
305.36
305.29
305.21
305.118
305.013
304.896
304.766
301.91
301.942
301.974
302.007
302.039
302.072
302.106
302.139
302.172
302.206
302.239
302.273
302.307
302.34
302.373
302.407
302.44
302.473
302.506
302.539
302.572
302.605
302.637
302.669
302.701
302.733
302.765
302.797
302.828
302.86
302.891
302.922
302.953
302.984
303.014
303.045
303.075
303.105
303.135
303.165
303.195
303.225
303.254
303.284
303.313
303.343
303.372
303.401
303.43
303.459
303.488
303.517
303.546
303.575
303.604
303.632
303.661
303.69
303.718
303.747
303.775
303.804
303.832
303.861
303.889
303.917
303.946
303.974
304.002
304.031
304.059
304.087
304.115
304.144
304.172
304.2
304.228
304.256
304.285
304.313
304.341
304.369
304.397
304.425
304.453
304.481
304.509
304.537
304.565
304.593
304.621
304.649
304.676
304.704
304.732
304.76
304.787
304.815
304.842
304.869
304.897
304.924
304.951
304.978
305.004
305.031
305.057
305.083
305.109
305.135
305.161
305.186
305.211
305.236
305.26
305.284
305.308
305.331
305.354
305.376
305.398
305.419
305.44
305.46
305.479
305.498
305.516
305.533
305.549
305.565
305.579
305.592
305.605
305.616
305.626
305.634
305.641
305.646
305.65
305.651
305.651
305.649
305.644
305.636
305.626
305.613
305.596
305.576
305.552
305.523
305.489
305.45
305.405
305.353
305.293
305.225
305.146
305.057
304.956
304.844
304.72
301.844
301.874
301.904
301.934
301.965
301.996
302.027
302.059
302.09
302.122
302.154
302.186
302.218
302.25
302.282
302.314
302.346
302.378
302.41
302.441
302.473
302.505
302.537
302.568
302.599
302.631
302.662
302.693
302.724
302.755
302.786
302.816
302.847
302.877
302.907
302.938
302.968
302.998
303.028
303.057
303.087
303.117
303.146
303.176
303.205
303.234
303.264
303.293
303.322
303.351
303.38
303.409
303.438
303.467
303.496
303.525
303.553
303.582
303.611
303.64
303.668
303.697
303.726
303.754
303.783
303.811
303.84
303.868
303.897
303.925
303.954
303.982
304.011
304.039
304.068
304.096
304.125
304.153
304.182
304.21
304.238
304.267
304.295
304.324
304.352
304.38
304.409
304.437
304.465
304.494
304.522
304.55
304.578
304.606
304.634
304.662
304.69
304.718
304.746
304.774
304.801
304.829
304.856
304.884
304.911
304.938
304.964
304.991
305.017
305.044
305.07
305.095
305.121
305.146
305.171
305.195
305.219
305.243
305.266
305.289
305.311
305.333
305.354
305.374
305.394
305.413
305.432
305.449
305.466
305.482
305.497
305.511
305.524
305.535
305.545
305.554
305.561
305.567
305.571
305.573
305.574
305.572
305.567
305.56
305.551
305.538
305.522
305.502
305.478
305.45
305.417
305.379
305.334
305.283
305.225
305.157
305.081
304.995
304.898
304.791
304.673
301.778
301.806
301.834
301.863
301.892
301.921
301.95
301.98
302.009
302.039
302.07
302.1
302.13
302.161
302.191
302.222
302.252
302.283
302.314
302.344
302.375
302.406
302.436
302.467
302.497
302.528
302.558
302.589
302.619
302.649
302.679
302.709
302.74
302.769
302.799
302.829
302.859
302.889
302.918
302.948
302.977
303.007
303.036
303.066
303.095
303.124
303.153
303.182
303.211
303.24
303.269
303.298
303.327
303.356
303.385
303.414
303.443
303.472
303.5
303.529
303.558
303.587
303.616
303.644
303.673
303.702
303.73
303.759
303.788
303.817
303.845
303.874
303.903
303.931
303.96
303.989
304.018
304.046
304.075
304.104
304.132
304.161
304.19
304.218
304.247
304.276
304.304
304.333
304.362
304.39
304.419
304.447
304.476
304.504
304.533
304.561
304.589
304.618
304.646
304.674
304.702
304.73
304.758
304.785
304.813
304.84
304.867
304.894
304.921
304.948
304.974
305
305.026
305.052
305.077
305.102
305.126
305.151
305.174
305.197
305.22
305.242
305.264
305.285
305.305
305.325
305.344
305.362
305.379
305.395
305.411
305.425
305.438
305.45
305.461
305.47
305.478
305.484
305.489
305.491
305.492
305.491
305.487
305.48
305.471
305.459
305.444
305.425
305.401
305.374
305.342
305.304
305.261
305.211
305.154
305.089
305.015
304.932
304.839
304.737
304.626
301.712
301.738
301.765
301.792
301.819
301.846
301.874
301.901
301.929
301.958
301.986
302.015
302.043
302.072
302.101
302.131
302.16
302.189
302.218
302.248
302.277
302.307
302.336
302.366
302.396
302.425
302.455
302.484
302.514
302.543
302.573
302.602
302.632
302.661
302.691
302.72
302.749
302.779
302.808
302.837
302.866
302.895
302.924
302.954
302.983
303.012
303.041
303.07
303.099
303.128
303.156
303.185
303.214
303.243
303.272
303.301
303.33
303.358
303.387
303.416
303.445
303.474
303.503
303.531
303.56
303.589
303.618
303.647
303.676
303.704
303.733
303.762
303.791
303.82
303.849
303.878
303.907
303.936
303.965
303.993
304.022
304.051
304.08
304.109
304.138
304.167
304.196
304.225
304.254
304.283
304.312
304.34
304.369
304.398
304.427
304.456
304.484
304.513
304.541
304.57
304.598
304.626
304.655
304.683
304.711
304.738
304.766
304.793
304.821
304.848
304.874
304.901
304.927
304.953
304.979
305.004
305.029
305.054
305.078
305.102
305.125
305.147
305.169
305.191
305.211
305.232
305.251
305.269
305.287
305.304
305.32
305.334
305.348
305.361
305.372
305.382
305.39
305.397
305.402
305.405
305.406
305.405
305.402
305.396
305.388
305.376
305.362
305.343
305.321
305.294
305.263
305.227
305.184
305.136
305.08
305.017
304.946
304.867
304.778
304.681
304.576
301.647
301.671
301.696
301.721
301.747
301.772
301.798
301.824
301.851
301.877
301.904
301.931
301.958
301.986
302.013
302.041
302.069
302.096
302.125
302.153
302.181
302.209
302.238
302.266
302.295
302.323
302.352
302.381
302.409
302.438
302.467
302.495
302.524
302.553
302.582
302.61
302.639
302.668
302.697
302.725
302.754
302.783
302.812
302.84
302.869
302.898
302.927
302.955
302.984
303.013
303.042
303.07
303.099
303.128
303.157
303.185
303.214
303.243
303.272
303.301
303.329
303.358
303.387
303.416
303.445
303.474
303.502
303.531
303.56
303.589
303.618
303.647
303.676
303.705
303.734
303.763
303.793
303.822
303.851
303.88
303.909
303.938
303.967
303.997
304.026
304.055
304.084
304.113
304.142
304.172
304.201
304.23
304.259
304.288
304.317
304.346
304.375
304.404
304.433
304.462
304.491
304.519
304.548
304.576
304.604
304.632
304.66
304.688
304.716
304.743
304.77
304.797
304.824
304.85
304.877
304.902
304.928
304.953
304.977
305.001
305.025
305.048
305.07
305.092
305.113
305.134
305.154
305.173
305.191
305.208
305.224
305.239
305.254
305.267
305.278
305.289
305.297
305.305
305.31
305.314
305.316
305.316
305.313
305.308
305.3
305.289
305.275
305.258
305.237
305.211
305.181
305.146
305.105
305.058
305.005
304.944
304.876
304.8
304.716
304.624
304.525
301.582
301.605
301.628
301.652
301.675
301.699
301.724
301.748
301.773
301.798
301.823
301.849
301.874
301.9
301.926
301.952
301.979
302.005
302.032
302.059
302.086
302.113
302.14
302.168
302.195
302.222
302.25
302.278
302.305
302.333
302.361
302.389
302.417
302.445
302.473
302.501
302.529
302.557
302.585
302.614
302.642
302.67
302.698
302.727
302.755
302.783
302.812
302.84
302.869
302.897
302.926
302.954
302.983
303.011
303.04
303.068
303.097
303.126
303.154
303.183
303.212
303.24
303.269
303.298
303.327
303.356
303.385
303.414
303.443
303.472
303.501
303.53
303.559
303.588
303.617
303.646
303.675
303.705
303.734
303.763
303.793
303.822
303.851
303.881
303.91
303.939
303.969
303.998
304.028
304.057
304.086
304.116
304.145
304.175
304.204
304.233
304.262
304.292
304.321
304.35
304.379
304.408
304.437
304.465
304.494
304.523
304.551
304.579
304.607
304.635
304.662
304.69
304.717
304.743
304.77
304.796
304.822
304.847
304.872
304.896
304.92
304.944
304.967
304.989
305.011
305.032
305.052
305.071
305.09
305.107
305.124
305.14
305.154
305.168
305.18
305.191
305.2
305.208
305.214
305.219
305.221
305.222
305.22
305.215
305.208
305.198
305.185
305.169
305.148
305.124
305.095
305.061
305.022
304.977
304.926
304.868
304.803
304.731
304.652
304.565
304.472
301.518
301.54
301.561
301.583
301.605
301.628
301.651
301.674
301.697
301.72
301.744
301.768
301.792
301.817
301.841
301.866
301.891
301.916
301.941
301.967
301.993
302.018
302.044
302.071
302.097
302.123
302.15
302.176
302.203
302.23
302.257
302.284
302.311
302.338
302.365
302.392
302.42
302.447
302.475
302.502
302.53
302.558
302.585
302.613
302.641
302.669
302.697
302.725
302.753
302.781
302.809
302.837
302.865
302.894
302.922
302.95
302.979
303.007
303.035
303.064
303.093
303.121
303.15
303.179
303.207
303.236
303.265
303.294
303.323
303.352
303.381
303.41
303.439
303.468
303.497
303.527
303.556
303.585
303.615
303.644
303.673
303.703
303.732
303.762
303.791
303.821
303.851
303.88
303.91
303.939
303.969
303.999
304.028
304.058
304.087
304.117
304.146
304.176
304.205
304.234
304.264
304.293
304.322
304.351
304.38
304.409
304.437
304.466
304.494
304.522
304.55
304.578
304.605
304.632
304.659
304.685
304.711
304.737
304.762
304.787
304.812
304.835
304.859
304.881
304.903
304.925
304.945
304.965
304.984
305.002
305.019
305.036
305.051
305.065
305.077
305.089
305.099
305.107
305.114
305.119
305.122
305.123
305.122
305.118
305.112
305.103
305.091
305.075
305.056
305.033
305.005
304.973
304.936
304.893
304.844
304.79
304.728
304.66
304.585
304.504
304.416
301.455
301.475
301.496
301.516
301.537
301.558
301.579
301.601
301.622
301.644
301.667
301.689
301.712
301.735
301.758
301.781
301.805
301.829
301.853
301.877
301.901
301.926
301.951
301.976
302.001
302.026
302.051
302.077
302.102
302.128
302.154
302.18
302.206
302.232
302.259
302.285
302.312
302.338
302.365
302.392
302.419
302.446
302.473
302.5
302.527
302.554
302.582
302.609
302.637
302.664
302.692
302.72
302.748
302.776
302.804
302.832
302.86
302.888
302.916
302.944
302.973
303.001
303.029
303.058
303.087
303.115
303.144
303.173
303.201
303.23
303.259
303.288
303.317
303.347
303.376
303.405
303.434
303.464
303.493
303.522
303.552
303.581
303.611
303.641
303.67
303.7
303.73
303.759
303.789
303.819
303.848
303.878
303.908
303.938
303.967
303.997
304.027
304.057
304.086
304.116
304.145
304.175
304.204
304.233
304.262
304.291
304.32
304.349
304.377
304.406
304.434
304.462
304.49
304.517
304.544
304.571
304.597
304.623
304.649
304.674
304.699
304.723
304.746
304.769
304.792
304.813
304.834
304.855
304.874
304.893
304.91
304.927
304.942
304.957
304.97
304.982
304.992
305.001
305.008
305.014
305.018
305.02
305.019
305.016
305.011
305.003
304.991
304.977
304.959
304.937
304.911
304.881
304.846
304.805
304.759
304.708
304.65
304.586
304.516
304.439
304.357
301.394
301.412
301.431
301.45
301.47
301.489
301.509
301.529
301.55
301.57
301.591
301.612
301.634
301.655
301.677
301.699
301.721
301.744
301.766
301.789
301.812
301.836
301.859
301.883
301.907
301.931
301.955
301.979
302.004
302.028
302.053
302.078
302.103
302.129
302.154
302.179
302.205
302.231
302.257
302.283
302.309
302.335
302.361
302.388
302.415
302.441
302.468
302.495
302.522
302.549
302.576
302.603
302.631
302.658
302.685
302.713
302.741
302.769
302.796
302.824
302.852
302.88
302.909
302.937
302.965
302.994
303.022
303.051
303.079
303.108
303.137
303.166
303.195
303.224
303.253
303.282
303.311
303.34
303.37
303.399
303.429
303.458
303.488
303.517
303.547
303.577
303.606
303.636
303.666
303.696
303.726
303.755
303.785
303.815
303.845
303.875
303.905
303.935
303.964
303.994
304.024
304.053
304.083
304.112
304.141
304.171
304.2
304.229
304.257
304.286
304.314
304.342
304.37
304.398
304.425
304.452
304.479
304.505
304.531
304.556
304.581
304.606
304.63
304.653
304.676
304.698
304.719
304.74
304.759
304.778
304.796
304.813
304.829
304.844
304.858
304.87
304.881
304.89
304.898
304.905
304.909
304.911
304.912
304.91
304.905
304.898
304.888
304.875
304.858
304.838
304.814
304.785
304.752
304.714
304.671
304.623
304.568
304.509
304.443
304.372
304.295
301.333
301.35
301.368
301.386
301.404
301.422
301.441
301.46
301.479
301.498
301.518
301.538
301.558
301.578
301.598
301.619
301.64
301.661
301.683
301.704
301.726
301.748
301.77
301.793
301.816
301.838
301.861
301.885
301.908
301.931
301.955
301.979
302.003
302.027
302.052
302.076
302.101
302.126
302.151
302.176
302.201
302.227
302.252
302.278
302.304
302.33
302.356
302.382
302.408
302.435
302.461
302.488
302.515
302.541
302.568
302.595
302.623
302.65
302.677
302.705
302.733
302.76
302.788
302.816
302.844
302.872
302.9
302.929
302.957
302.985
303.014
303.043
303.071
303.1
303.129
303.158
303.187
303.216
303.246
303.275
303.304
303.334
303.363
303.393
303.422
303.452
303.482
303.511
303.541
303.571
303.601
303.631
303.661
303.691
303.72
303.75
303.78
303.81
303.84
303.87
303.899
303.929
303.959
303.988
304.018
304.047
304.076
304.105
304.134
304.163
304.191
304.22
304.248
304.275
304.303
304.33
304.357
304.383
304.409
304.435
304.46
304.485
304.509
304.532
304.555
304.578
304.599
304.62
304.64
304.659
304.678
304.695
304.711
304.727
304.741
304.754
304.765
304.775
304.784
304.79
304.795
304.799
304.8
304.798
304.795
304.789
304.78
304.768
304.753
304.734
304.711
304.685
304.654
304.619
304.579
304.534
304.483
304.428
304.367
304.3
304.229
301.274
301.29
301.307
301.324
301.34
301.358
301.375
301.393
301.41
301.429
301.447
301.465
301.484
301.503
301.523
301.542
301.562
301.582
301.602
301.622
301.643
301.664
301.685
301.706
301.727
301.749
301.771
301.793
301.815
301.838
301.86
301.883
301.906
301.929
301.953
301.976
302
302.024
302.048
302.072
302.096
302.121
302.145
302.17
302.195
302.22
302.246
302.271
302.297
302.322
302.348
302.374
302.4
302.427
302.453
302.479
302.506
302.533
302.56
302.587
302.614
302.641
302.669
302.696
302.724
302.751
302.779
302.807
302.835
302.863
302.891
302.92
302.948
302.977
303.005
303.034
303.063
303.092
303.121
303.15
303.179
303.209
303.238
303.267
303.297
303.326
303.356
303.386
303.415
303.445
303.475
303.505
303.535
303.564
303.594
303.624
303.654
303.684
303.714
303.743
303.773
303.803
303.833
303.862
303.892
303.921
303.95
303.979
304.008
304.037
304.065
304.094
304.122
304.15
304.177
304.205
304.231
304.258
304.284
304.31
304.335
304.36
304.384
304.408
304.431
304.454
304.476
304.497
304.517
304.536
304.555
304.573
304.589
304.605
304.619
304.633
304.644
304.655
304.664
304.671
304.677
304.681
304.683
304.682
304.68
304.675
304.667
304.656
304.643
304.626
304.605
304.581
304.552
304.52
304.482
304.441
304.394
304.343
304.286
304.225
304.159
301.217
301.232
301.248
301.263
301.279
301.295
301.311
301.328
301.345
301.361
301.379
301.396
301.414
301.431
301.45
301.468
301.486
301.505
301.524
301.543
301.563
301.582
301.602
301.622
301.643
301.663
301.684
301.705
301.726
301.747
301.769
301.79
301.812
301.834
301.857
301.879
301.902
301.925
301.948
301.971
301.995
302.018
302.042
302.066
302.09
302.114
302.139
302.163
302.188
302.213
302.238
302.263
302.289
302.314
302.34
302.366
302.392
302.418
302.444
302.471
302.497
302.524
302.551
302.578
302.605
302.632
302.659
302.687
302.715
302.742
302.77
302.798
302.826
302.854
302.883
302.911
302.94
302.968
302.997
303.026
303.055
303.084
303.113
303.142
303.171
303.201
303.23
303.26
303.289
303.319
303.348
303.378
303.408
303.437
303.467
303.497
303.527
303.556
303.586
303.616
303.645
303.675
303.705
303.734
303.764
303.793
303.822
303.851
303.88
303.909
303.937
303.965
303.994
304.021
304.049
304.076
304.103
304.13
304.156
304.182
304.207
304.232
304.256
304.28
304.303
304.326
304.348
304.369
304.39
304.409
304.428
304.446
304.463
304.479
304.494
304.507
304.519
304.53
304.54
304.548
304.554
304.559
304.561
304.562
304.56
304.556
304.55
304.54
304.528
304.513
304.494
304.472
304.446
304.416
304.382
304.344
304.301
304.254
304.202
304.145
304.084
301.162
301.176
301.191
301.205
301.22
301.235
301.25
301.266
301.281
301.297
301.313
301.33
301.346
301.363
301.38
301.397
301.414
301.432
301.45
301.468
301.486
301.505
301.523
301.542
301.562
301.581
301.601
301.62
301.64
301.661
301.681
301.702
301.723
301.744
301.765
301.786
301.808
301.83
301.852
301.874
301.897
301.919
301.942
301.965
301.988
302.012
302.035
302.059
302.083
302.107
302.131
302.156
302.18
302.205
302.23
302.255
302.281
302.306
302.332
302.357
302.383
302.409
302.436
302.462
302.489
302.515
302.542
302.569
302.596
302.623
302.651
302.678
302.706
302.734
302.761
302.789
302.818
302.846
302.874
302.903
302.931
302.96
302.989
303.017
303.046
303.075
303.105
303.134
303.163
303.192
303.222
303.251
303.281
303.31
303.34
303.369
303.399
303.428
303.458
303.487
303.517
303.546
303.576
303.605
303.634
303.663
303.692
303.721
303.75
303.779
303.807
303.835
303.863
303.891
303.918
303.945
303.972
303.999
304.025
304.051
304.076
304.101
304.125
304.149
304.172
304.195
304.217
304.238
304.259
304.278
304.297
304.315
304.333
304.349
304.364
304.378
304.39
304.402
304.412
304.42
304.427
304.432
304.436
304.437
304.436
304.433
304.428
304.42
304.409
304.396
304.379
304.359
304.336
304.308
304.277
304.242
304.203
304.16
304.113
304.061
304.005
301.11
301.123
301.136
301.15
301.164
301.178
301.192
301.206
301.221
301.236
301.251
301.266
301.282
301.297
301.313
301.329
301.346
301.362
301.379
301.396
301.413
301.431
301.449
301.466
301.485
301.503
301.521
301.54
301.559
301.578
301.598
301.617
301.637
301.657
301.677
301.698
301.718
301.739
301.76
301.782
301.803
301.825
301.847
301.869
301.891
301.913
301.936
301.959
301.982
302.005
302.029
302.052
302.076
302.1
302.124
302.149
302.173
302.198
302.223
302.248
302.273
302.298
302.324
302.35
302.375
302.402
302.428
302.454
302.481
302.507
302.534
302.561
302.588
302.615
302.643
302.67
302.698
302.726
302.753
302.781
302.81
302.838
302.866
302.895
302.923
302.952
302.981
303.009
303.038
303.067
303.096
303.125
303.154
303.184
303.213
303.242
303.271
303.301
303.33
303.359
303.388
303.417
303.446
303.475
303.504
303.533
303.562
303.591
303.619
303.648
303.676
303.704
303.731
303.759
303.786
303.813
303.84
303.866
303.892
303.917
303.943
303.967
303.991
304.015
304.038
304.061
304.083
304.104
304.125
304.145
304.164
304.182
304.199
304.215
304.23
304.245
304.258
304.269
304.28
304.289
304.296
304.302
304.306
304.308
304.309
304.307
304.302
304.296
304.287
304.275
304.26
304.242
304.221
304.197
304.169
304.137
304.102
304.062
304.019
303.972
303.921
301.06
301.072
301.084
301.097
301.11
301.123
301.137
301.15
301.164
301.178
301.192
301.206
301.221
301.236
301.251
301.266
301.281
301.297
301.313
301.329
301.345
301.361
301.378
301.395
301.412
301.429
301.447
301.464
301.482
301.5
301.519
301.537
301.556
301.575
301.594
301.614
301.634
301.653
301.674
301.694
301.714
301.735
301.756
301.777
301.798
301.82
301.842
301.864
301.886
301.908
301.931
301.953
301.976
302
302.023
302.046
302.07
302.094
302.118
302.142
302.167
302.192
302.216
302.241
302.266
302.292
302.317
302.343
302.369
302.395
302.421
302.447
302.474
302.5
302.527
302.554
302.581
302.608
302.636
302.663
302.691
302.718
302.746
302.774
302.802
302.83
302.859
302.887
302.915
302.944
302.973
303.001
303.03
303.059
303.087
303.116
303.145
303.174
303.203
303.232
303.26
303.289
303.318
303.346
303.375
303.403
303.432
303.46
303.488
303.516
303.544
303.572
303.599
303.626
303.653
303.68
303.706
303.732
303.758
303.783
303.808
303.832
303.856
303.88
303.903
303.925
303.947
303.968
303.988
304.008
304.027
304.045
304.063
304.079
304.094
304.109
304.122
304.134
304.145
304.154
304.162
304.168
304.173
304.176
304.177
304.176
304.173
304.168
304.16
304.15
304.137
304.122
304.103
304.081
304.056
304.028
303.996
303.96
303.922
303.879
303.833
301.012
301.024
301.036
301.048
301.06
301.072
301.085
301.097
301.11
301.123
301.137
301.15
301.164
301.178
301.192
301.206
301.221
301.235
301.25
301.265
301.281
301.296
301.312
301.328
301.344
301.36
301.377
301.393
301.41
301.428
301.445
301.463
301.481
301.499
301.517
301.535
301.554
301.573
301.592
301.611
301.631
301.651
301.671
301.691
301.711
301.732
301.753
301.774
301.795
301.817
301.838
301.86
301.882
301.904
301.927
301.95
301.972
301.995
302.019
302.042
302.066
302.09
302.114
302.138
302.162
302.187
302.212
302.237
302.262
302.287
302.313
302.338
302.364
302.39
302.416
302.442
302.469
302.495
302.522
302.549
302.576
302.603
302.63
302.657
302.685
302.712
302.74
302.768
302.796
302.824
302.852
302.88
302.908
302.936
302.964
302.993
303.021
303.049
303.078
303.106
303.134
303.162
303.191
303.219
303.247
303.275
303.303
303.33
303.358
303.385
303.413
303.44
303.467
303.493
303.52
303.546
303.572
303.598
303.623
303.648
303.672
303.696
303.72
303.743
303.766
303.788
303.809
303.83
303.851
303.87
303.889
303.907
303.924
303.941
303.956
303.971
303.984
303.996
304.007
304.017
304.025
304.032
304.038
304.041
304.043
304.043
304.041
304.037
304.031
304.023
304.012
303.998
303.982
303.962
303.94
303.915
303.887
303.855
303.82
303.782
303.74
300.968
300.979
300.99
301.002
301.013
301.025
301.036
301.048
301.061
301.073
301.085
301.098
301.111
301.124
301.137
301.151
301.164
301.178
301.192
301.206
301.221
301.236
301.25
301.265
301.281
301.296
301.312
301.328
301.344
301.36
301.377
301.393
301.41
301.427
301.445
301.462
301.48
301.498
301.516
301.535
301.553
301.572
301.591
301.611
301.63
301.65
301.67
301.69
301.71
301.731
301.752
301.773
301.794
301.815
301.837
301.859
301.881
301.903
301.925
301.948
301.971
301.994
302.017
302.04
302.064
302.088
302.112
302.136
302.16
302.185
302.21
302.234
302.259
302.285
302.31
302.336
302.361
302.387
302.413
302.439
302.466
302.492
302.518
302.545
302.572
302.599
302.626
302.653
302.68
302.707
302.735
302.762
302.79
302.817
302.845
302.872
302.9
302.928
302.955
302.983
303.011
303.038
303.066
303.093
303.121
303.148
303.176
303.203
303.23
303.257
303.283
303.31
303.336
303.362
303.388
303.414
303.439
303.464
303.489
303.513
303.537
303.561
303.584
303.607
303.629
303.651
303.672
303.693
303.713
303.732
303.75
303.768
303.786
303.802
303.817
303.832
303.845
303.857
303.869
303.879
303.887
303.895
303.901
303.905
303.908
303.909
303.908
303.905
303.9
303.893
303.884
303.872
303.858
303.841
303.822
303.8
303.775
303.747
303.716
303.682
303.645
300.928
300.938
300.949
300.959
300.97
300.981
300.992
301.003
301.015
301.026
301.038
301.05
301.062
301.075
301.087
301.1
301.113
301.126
301.139
301.153
301.166
301.18
301.194
301.208
301.223
301.238
301.252
301.267
301.283
301.298
301.314
301.33
301.346
301.362
301.379
301.395
301.412
301.429
301.447
301.464
301.482
301.5
301.518
301.537
301.555
301.574
301.593
301.612
301.632
301.652
301.672
301.692
301.712
301.733
301.753
301.774
301.795
301.817
301.838
301.86
301.882
301.904
301.927
301.949
301.972
301.995
302.018
302.042
302.065
302.089
302.113
302.137
302.161
302.186
302.21
302.235
302.26
302.285
302.31
302.336
302.361
302.387
302.413
302.438
302.464
302.491
302.517
302.543
302.57
302.596
302.623
302.65
302.676
302.703
302.73
302.757
302.784
302.811
302.838
302.865
302.892
302.918
302.945
302.972
302.999
303.025
303.052
303.078
303.105
303.131
303.157
303.183
303.208
303.234
303.259
303.284
303.309
303.333
303.357
303.381
303.404
303.427
303.45
303.472
303.494
303.515
303.536
303.556
303.576
303.595
303.613
303.631
303.648
303.664
303.679
303.693
303.707
303.719
303.731
303.741
303.75
303.757
303.764
303.769
303.772
303.774
303.774
303.772
303.769
303.763
303.756
303.746
303.734
303.72
303.703
303.683
303.661
303.637
303.609
303.579
303.546
300.891
300.901
300.911
300.921
300.931
300.941
300.952
300.963
300.973
300.984
300.996
301.007
301.018
301.03
301.042
301.054
301.066
301.079
301.091
301.104
301.117
301.13
301.144
301.157
301.171
301.185
301.199
301.213
301.228
301.242
301.257
301.272
301.288
301.303
301.319
301.335
301.351
301.367
301.384
301.401
301.418
301.435
301.452
301.47
301.487
301.506
301.524
301.542
301.561
301.58
301.599
301.618
301.638
301.657
301.677
301.697
301.718
301.738
301.759
301.78
301.801
301.823
301.844
301.866
301.888
301.91
301.932
301.955
301.978
302
302.024
302.047
302.07
302.094
302.118
302.142
302.166
302.19
302.214
302.239
302.264
302.289
302.314
302.339
302.364
302.389
302.415
302.44
302.466
302.492
302.517
302.543
302.569
302.595
302.621
302.647
302.673
302.7
302.726
302.752
302.778
302.804
302.83
302.856
302.882
302.908
302.934
302.959
302.985
303.01
303.035
303.06
303.085
303.11
303.134
303.159
303.182
303.206
303.23
303.253
303.275
303.298
303.32
303.341
303.363
303.383
303.404
303.423
303.442
303.461
303.479
303.496
303.513
303.529
303.544
303.558
303.571
303.583
303.595
303.605
303.614
303.622
303.629
303.634
303.639
303.641
303.642
303.641
303.639
303.635
303.629
303.621
303.611
303.598
303.584
303.567
303.548
303.527
303.503
303.476
303.447
300.858
300.868
300.877
300.887
300.896
300.906
300.916
300.926
300.937
300.947
300.958
300.969
300.98
300.991
301.002
301.014
301.025
301.037
301.049
301.061
301.073
301.086
301.099
301.112
301.125
301.138
301.151
301.165
301.179
301.193
301.207
301.222
301.236
301.251
301.266
301.281
301.297
301.312
301.328
301.344
301.36
301.377
301.393
301.41
301.427
301.444
301.462
301.48
301.498
301.516
301.534
301.552
301.571
301.59
301.609
301.629
301.648
301.668
301.688
301.708
301.728
301.749
301.77
301.791
301.812
301.833
301.855
301.876
301.898
301.92
301.943
301.965
301.988
302.011
302.034
302.057
302.08
302.103
302.127
302.151
302.175
302.199
302.223
302.247
302.271
302.296
302.32
302.345
302.37
302.395
302.42
302.445
302.47
302.495
302.52
302.546
302.571
302.596
302.621
302.647
302.672
302.697
302.722
302.747
302.772
302.797
302.822
302.847
302.872
302.896
302.921
302.945
302.969
302.993
303.016
303.04
303.063
303.086
303.108
303.131
303.153
303.175
303.196
303.217
303.237
303.257
303.277
303.296
303.315
303.333
303.35
303.367
303.383
303.399
303.414
303.428
303.441
303.453
303.464
303.475
303.484
303.492
303.499
303.505
303.509
303.512
303.514
303.514
303.513
303.51
303.505
303.499
303.491
303.48
303.468
303.454
303.437
303.419
303.398
303.375
303.349
300.83
300.839
300.848
300.857
300.867
300.876
300.886
300.895
300.905
300.915
300.925
300.936
300.946
300.957
300.968
300.979
300.99
301.001
301.013
301.024
301.036
301.048
301.06
301.072
301.085
301.098
301.111
301.124
301.137
301.15
301.164
301.178
301.192
301.206
301.22
301.235
301.25
301.265
301.28
301.295
301.311
301.327
301.343
301.359
301.375
301.392
301.408
301.425
301.443
301.46
301.478
301.495
301.513
301.532
301.55
301.569
301.587
301.607
301.626
301.645
301.665
301.685
301.705
301.725
301.745
301.766
301.787
301.807
301.829
301.85
301.871
301.893
301.915
301.937
301.959
301.981
302.004
302.026
302.049
302.072
302.095
302.118
302.142
302.165
302.189
302.212
302.236
302.26
302.284
302.308
302.332
302.356
302.38
302.405
302.429
302.453
302.478
302.502
302.527
302.551
302.575
302.6
302.624
302.648
302.672
302.696
302.72
302.744
302.768
302.792
302.815
302.839
302.862
302.885
302.908
302.93
302.953
302.975
302.997
303.018
303.04
303.06
303.081
303.101
303.121
303.141
303.16
303.178
303.196
303.214
303.231
303.247
303.263
303.278
303.292
303.306
303.319
303.331
303.342
303.352
303.361
303.37
303.377
303.383
303.388
303.391
303.394
303.395
303.394
303.392
303.389
303.384
303.377
303.368
303.358
303.346
303.332
303.316
303.298
303.278
303.256
300.807
300.815
300.824
300.833
300.842
300.851
300.86
300.87
300.879
300.889
300.899
300.909
300.919
300.929
300.939
300.95
300.961
300.971
300.982
300.994
301.005
301.017
301.028
301.04
301.052
301.064
301.077
301.089
301.102
301.115
301.128
301.142
301.155
301.169
301.183
301.197
301.211
301.225
301.24
301.255
301.27
301.285
301.3
301.316
301.332
301.348
301.364
301.38
301.397
301.414
301.431
301.448
301.465
301.483
301.501
301.519
301.537
301.555
301.574
301.592
301.611
301.631
301.65
301.669
301.689
301.709
301.729
301.749
301.77
301.79
301.811
301.832
301.853
301.874
301.896
301.917
301.939
301.961
301.983
302.005
302.027
302.05
302.072
302.095
302.118
302.141
302.164
302.187
302.21
302.233
302.256
302.28
302.303
302.326
302.35
302.373
302.397
302.42
302.444
302.468
302.491
302.514
302.538
302.561
302.585
302.608
302.631
302.654
302.677
302.7
302.723
302.745
302.768
302.79
302.812
302.834
302.855
302.877
302.898
302.918
302.939
302.959
302.979
302.999
303.018
303.037
303.055
303.073
303.09
303.107
303.124
303.139
303.155
303.169
303.183
303.197
303.209
303.221
303.232
303.242
303.251
303.259
303.267
303.273
303.278
303.282
303.285
303.286
303.287
303.286
303.283
303.279
303.274
303.267
303.258
303.248
303.236
303.222
303.206
303.189
303.169
300.789
300.797
300.806
300.814
300.823
300.832
300.841
300.85
300.859
300.868
300.878
300.887
300.897
300.907
300.917
300.928
300.938
300.949
300.959
300.97
300.981
300.992
301.004
301.015
301.027
301.039
301.051
301.063
301.075
301.088
301.101
301.114
301.127
301.14
301.153
301.167
301.181
301.195
301.209
301.223
301.238
301.253
301.268
301.283
301.298
301.314
301.329
301.345
301.361
301.378
301.394
301.411
301.428
301.445
301.462
301.479
301.497
301.515
301.533
301.551
301.569
301.588
301.607
301.626
301.645
301.664
301.684
301.703
301.723
301.743
301.763
301.783
301.804
301.825
301.845
301.866
301.887
301.909
301.93
301.951
301.973
301.995
302.016
302.038
302.06
302.083
302.105
302.127
302.15
302.172
302.195
302.217
302.24
302.263
302.285
302.308
302.331
302.354
302.376
302.399
302.422
302.445
302.467
302.49
302.513
302.535
302.558
302.58
302.602
302.624
302.646
302.668
302.69
302.711
302.732
302.753
302.774
302.795
302.815
302.836
302.855
302.875
302.894
302.913
302.932
302.95
302.968
302.985
303.002
303.018
303.034
303.049
303.064
303.078
303.092
303.105
303.117
303.128
303.139
303.149
303.158
303.166
303.174
303.18
303.185
303.19
303.193
303.195
303.196
303.195
303.194
303.191
303.186
303.18
303.173
303.164
303.154
303.142
303.128
303.113
303.096
300.777
300.785
300.793
300.801
300.81
300.818
300.827
300.836
300.845
300.854
300.864
300.873
300.883
300.892
300.902
300.912
300.922
300.933
300.943
300.954
300.965
300.976
300.987
300.998
301.009
301.021
301.033
301.045
301.057
301.069
301.082
301.094
301.107
301.12
301.133
301.147
301.16
301.174
301.188
301.202
301.216
301.23
301.245
301.26
301.275
301.29
301.305
301.321
301.337
301.353
301.369
301.385
301.401
301.418
301.435
301.452
301.469
301.487
301.504
301.522
301.54
301.558
301.577
301.595
301.614
301.633
301.652
301.671
301.69
301.71
301.729
301.749
301.769
301.789
301.81
301.83
301.851
301.871
301.892
301.913
301.934
301.955
301.977
301.998
302.02
302.041
302.063
302.085
302.106
302.128
302.15
302.172
302.195
302.217
302.239
302.261
302.283
302.305
302.328
302.35
302.372
302.394
302.416
302.438
302.46
302.482
302.504
302.526
302.547
302.569
302.59
302.611
302.632
302.653
302.674
302.695
302.715
302.735
302.755
302.774
302.794
302.813
302.831
302.85
302.868
302.885
302.903
302.92
302.936
302.952
302.967
302.982
302.997
303.01
303.024
303.036
303.048
303.059
303.07
303.08
303.088
303.097
303.104
303.11
303.116
303.12
303.123
303.126
303.127
303.127
303.126
303.124
303.12
303.115
303.109
303.101
303.092
303.081
303.069
303.055
303.04
300.77
300.778
300.786
300.795
300.803
300.812
300.82
300.829
300.838
300.847
300.856
300.866
300.875
300.885
300.894
300.904
300.914
300.925
300.935
300.946
300.956
300.967
300.978
300.989
301
301.012
301.024
301.035
301.047
301.059
301.072
301.084
301.097
301.11
301.123
301.136
301.149
301.163
301.177
301.19
301.204
301.219
301.233
301.248
301.263
301.278
301.293
301.308
301.324
301.339
301.355
301.371
301.388
301.404
301.421
301.438
301.455
301.472
301.489
301.507
301.525
301.543
301.561
301.579
301.597
301.616
301.635
301.654
301.673
301.692
301.711
301.731
301.751
301.771
301.791
301.811
301.831
301.851
301.872
301.893
301.913
301.934
301.955
301.976
301.998
302.019
302.04
302.062
302.083
302.105
302.126
302.148
302.17
302.192
302.214
302.235
302.257
302.279
302.301
302.323
302.345
302.366
302.388
302.41
302.431
302.453
302.475
302.496
302.517
302.538
302.559
302.58
302.601
302.622
302.642
302.662
302.682
302.702
302.721
302.741
302.76
302.778
302.797
302.815
302.833
302.85
302.867
302.883
302.899
302.915
302.93
302.945
302.959
302.972
302.985
302.998
303.01
303.021
303.031
303.041
303.049
303.058
303.065
303.071
303.077
303.081
303.085
303.087
303.089
303.089
303.088
303.086
303.083
303.078
303.073
303.065
303.057
303.047
303.035
303.022
303.008
304.722
304.128
303.685
303.32
303.008
302.734
302.491
302.272
302.074
301.894
301.729
301.577
301.437
301.309
301.19
301.08
300.978
300.884
300.798
300.718
300.644
300.577
300.515
300.458
300.406
300.359
300.316
300.278
300.243
300.212
300.184
300.159
300.136
300.117
300.1
300.085
300.072
300.06
300.051
300.042
300.035
300.029
300.024
300.02
300.016
300.013
300.011
300.009
300.007
300.006
300.006
304.72
304.128
303.685
303.32
303.008
302.734
302.491
302.272
302.074
301.894
301.729
301.577
301.437
301.309
301.19
301.08
300.978
300.884
300.798
300.718
300.644
300.577
300.515
300.458
300.406
300.359
300.317
300.278
300.243
300.212
300.184
300.159
300.136
300.117
300.1
300.085
300.072
300.06
300.051
300.042
300.035
300.029
300.024
300.02
300.016
300.013
300.011
300.009
300.007
300.006
300.006
304.715
304.127
303.684
303.32
303.008
302.734
302.491
302.272
302.074
301.894
301.729
301.577
301.438
301.309
301.19
301.08
300.978
300.884
300.798
300.718
300.644
300.577
300.515
300.458
300.407
300.359
300.317
300.278
300.243
300.212
300.184
300.159
300.137
300.117
300.1
300.085
300.072
300.06
300.051
300.042
300.035
300.029
300.024
300.02
300.016
300.013
300.011
300.009
300.007
300.006
300.006
304.709
304.125
303.684
303.32
303.008
302.734
302.491
302.273
302.075
301.894
301.729
301.577
301.438
301.309
301.19
301.08
300.978
300.885
300.798
300.718
300.645
300.577
300.515
300.458
300.407
300.359
300.317
300.278
300.243
300.212
300.184
300.159
300.137
300.117
300.1
300.085
300.072
300.06
300.051
300.042
300.035
300.029
300.024
300.02
300.016
300.013
300.011
300.009
300.007
300.007
300.006
304.7
304.123
303.683
303.319
303.008
302.735
302.491
302.273
302.075
301.895
301.729
301.578
301.438
301.309
301.19
301.08
300.979
300.885
300.798
300.718
300.645
300.577
300.515
300.459
300.407
300.36
300.317
300.278
300.243
300.212
300.184
300.159
300.137
300.117
300.1
300.085
300.072
300.06
300.051
300.042
300.035
300.029
300.024
300.02
300.016
300.013
300.011
300.009
300.007
300.007
300.006
304.689
304.12
303.682
303.319
303.008
302.735
302.492
302.273
302.075
301.895
301.73
301.578
301.439
301.31
301.191
301.081
300.979
300.885
300.799
300.719
300.645
300.578
300.516
300.459
300.407
300.36
300.317
300.278
300.243
300.212
300.184
300.159
300.137
300.117
300.1
300.085
300.072
300.06
300.051
300.042
300.035
300.029
300.024
300.02
300.016
300.013
300.011
300.009
300.007
300.007
300.006
304.676
304.117
303.681
303.319
303.008
302.735
302.492
302.274
302.076
301.896
301.731
301.579
301.439
301.31
301.191
301.081
300.98
300.886
300.799
300.719
300.646
300.578
300.516
300.459
300.407
300.36
300.317
300.279
300.244
300.212
300.184
300.159
300.137
300.117
300.1
300.085
300.072
300.061
300.051
300.042
300.035
300.029
300.024
300.02
300.016
300.013
300.011
300.009
300.007
300.007
300.006
304.661
304.112
303.679
303.318
303.008
302.736
302.493
302.275
302.077
301.897
301.732
301.58
301.44
301.311
301.192
301.082
300.981
300.887
300.8
300.72
300.646
300.579
300.517
300.46
300.408
300.361
300.318
300.279
300.244
300.212
300.184
300.159
300.137
300.117
300.1
300.085
300.072
300.061
300.051
300.042
300.035
300.029
300.024
300.02
300.016
300.013
300.011
300.009
300.007
300.007
300.006
304.644
304.107
303.677
303.318
303.009
302.736
302.494
302.276
302.078
301.898
301.733
301.581
301.441
301.312
301.193
301.083
300.981
300.888
300.801
300.721
300.647
300.579
300.517
300.46
300.408
300.361
300.318
300.279
300.244
300.213
300.185
300.16
300.137
300.118
300.1
300.085
300.072
300.061
300.051
300.043
300.035
300.029
300.024
300.02
300.016
300.013
300.011
300.009
300.007
300.007
300.006
304.625
304.101
303.675
303.318
303.009
302.738
302.495
302.277
302.08
301.899
301.734
301.583
301.443
301.314
301.195
301.085
300.983
300.889
300.802
300.722
300.648
300.58
300.518
300.461
300.409
300.362
300.319
300.28
300.245
300.213
300.185
300.16
300.138
300.118
300.101
300.085
300.072
300.061
300.051
300.043
300.035
300.029
300.024
300.02
300.016
300.013
300.011
300.009
300.008
300.007
300.006
304.604
304.094
303.673
303.318
303.01
302.739
302.497
302.279
302.082
301.901
301.736
301.585
301.445
301.316
301.196
301.086
300.984
300.89
300.803
300.723
300.649
300.581
300.519
300.462
300.41
300.362
300.319
300.28
300.245
300.214
300.185
300.16
300.138
300.118
300.101
300.086
300.073
300.061
300.051
300.043
300.035
300.029
300.024
300.02
300.016
300.013
300.011
300.009
300.008
300.007
300.006
304.582
304.086
303.671
303.318
303.011
302.741
302.499
302.282
302.084
301.904
301.739
301.587
301.447
301.318
301.198
301.088
300.986
300.892
300.805
300.724
300.65
300.582
300.52
300.463
300.411
300.363
300.32
300.281
300.246
300.214
300.186
300.161
300.138
300.119
300.101
300.086
300.073
300.061
300.051
300.043
300.036
300.029
300.024
300.02
300.016
300.013
300.011
300.009
300.008
300.007
300.006
304.558
304.077
303.668
303.318
303.013
302.743
302.502
302.285
302.087
301.907
301.742
301.59
301.45
301.32
301.201
301.09
300.988
300.894
300.807
300.726
300.652
300.584
300.521
300.464
300.412
300.364
300.321
300.282
300.247
300.215
300.186
300.161
300.139
300.119
300.101
300.086
300.073
300.061
300.052
300.043
300.036
300.03
300.024
300.02
300.016
300.013
300.011
300.009
300.008
300.007
300.006
304.533
304.068
303.666
303.319
303.015
302.746
302.506
302.289
302.091
301.911
301.745
301.593
301.453
301.323
301.204
301.093
300.991
300.896
300.809
300.728
300.654
300.586
300.523
300.466
300.413
300.365
300.322
300.283
300.247
300.216
300.187
300.162
300.139
300.119
300.102
300.087
300.073
300.062
300.052
300.043
300.036
300.03
300.024
300.02
300.016
300.013
300.011
300.009
300.008
300.007
300.006
304.506
304.057
303.663
303.319
303.018
302.75
302.51
302.293
302.095
301.915
301.75
301.597
301.457
301.327
301.207
301.096
300.994
300.899
300.811
300.731
300.656
300.588
300.525
300.467
300.415
300.367
300.323
300.284
300.248
300.216
300.188
300.162
300.14
300.12
300.102
300.087
300.074
300.062
300.052
300.043
300.036
300.03
300.025
300.02
300.016
300.013
300.011
300.009
300.008
300.007
300.006
304.477
304.045
303.66
303.32
303.021
302.754
302.515
302.298
302.101
301.92
301.755
301.602
301.461
301.331
301.211
301.1
300.997
300.902
300.814
300.733
300.659
300.59
300.527
300.469
300.416
300.368
300.325
300.285
300.249
300.217
300.189
300.163
300.14
300.12
300.103
300.087
300.074
300.062
300.052
300.044
300.036
300.03
300.025
300.02
300.017
300.014
300.011
300.009
300.008
300.007
300.006
304.447
304.033
303.656
303.322
303.025
302.76
302.521
302.304
302.107
301.926
301.76
301.608
301.467
301.337
301.216
301.105
301.001
300.906
300.818
300.737
300.662
300.593
300.529
300.471
300.418
300.37
300.326
300.286
300.251
300.218
300.19
300.164
300.141
300.121
300.103
300.088
300.074
300.063
300.053
300.044
300.036
300.03
300.025
300.02
300.017
300.014
300.011
300.009
300.008
300.007
300.006
304.415
304.019
303.652
303.323
303.029
302.765
302.527
302.311
302.114
301.933
301.767
301.614
301.473
301.342
301.222
301.11
301.006
300.911
300.822
300.74
300.665
300.596
300.532
300.474
300.421
300.372
300.328
300.288
300.252
300.22
300.191
300.165
300.142
300.122
300.104
300.088
300.075
300.063
300.053
300.044
300.037
300.03
300.025
300.021
300.017
300.014
300.011
300.009
300.008
300.007
300.006
304.381
304.003
303.647
303.324
303.034
302.772
302.535
302.319
302.122
301.941
301.775
301.622
301.48
301.349
301.228
301.116
301.012
300.916
300.827
300.745
300.669
300.599
300.535
300.477
300.423
300.374
300.33
300.29
300.254
300.221
300.192
300.166
300.143
300.122
300.105
300.089
300.075
300.063
300.053
300.044
300.037
300.031
300.025
300.021
300.017
300.014
300.011
300.009
300.008
300.007
300.006
304.345
303.985
303.641
303.325
303.039
302.779
302.543
302.328
302.131
301.95
301.784
301.63
301.488
301.357
301.235
301.122
301.018
300.921
300.832
300.75
300.673
300.603
300.539
300.48
300.426
300.377
300.332
300.292
300.255
300.222
300.193
300.167
300.144
300.123
300.105
300.09
300.076
300.064
300.054
300.045
300.037
300.031
300.025
300.021
300.017
300.014
300.011
300.009
300.008
300.007
300.006
304.307
303.966
303.634
303.326
303.044
302.787
302.552
302.338
302.141
301.96
301.794
301.64
301.497
301.366
301.243
301.13
301.025
300.928
300.838
300.755
300.678
300.608
300.543
300.483
300.429
300.38
300.335
300.294
300.257
300.224
300.195
300.168
300.145
300.124
300.106
300.09
300.076
300.064
300.054
300.045
300.037
300.031
300.026
300.021
300.017
300.014
300.011
300.009
300.008
300.007
300.006
304.267
303.943
303.625
303.325
303.049
302.795
302.562
302.349
302.152
301.972
301.805
301.651
301.508
301.375
301.253
301.139
301.033
300.935
300.845
300.761
300.684
300.613
300.547
300.487
300.433
300.383
300.337
300.296
300.259
300.226
300.196
300.17
300.146
300.125
300.107
300.091
300.077
300.065
300.054
300.045
300.038
300.031
300.026
300.021
300.017
300.014
300.012
300.01
300.008
300.007
300.006
304.223
303.918
303.614
303.323
303.053
302.803
302.572
302.36
302.165
301.984
301.817
301.663
301.519
301.386
301.263
301.148
301.042
300.944
300.852
300.768
300.69
300.618
300.552
300.492
300.437
300.386
300.34
300.299
300.261
300.228
300.198
300.171
300.147
300.126
300.108
300.092
300.078
300.065
300.055
300.046
300.038
300.032
300.026
300.021
300.017
300.014
300.012
300.01
300.008
300.007
300.006
304.176
303.89
303.6
303.319
303.056
302.81
302.583
302.372
302.178
301.997
301.83
301.676
301.532
301.398
301.274
301.159
301.052
300.953
300.861
300.776
300.697
300.625
300.558
300.497
300.441
300.39
300.344
300.302
300.264
300.23
300.2
300.173
300.149
300.127
300.109
300.093
300.078
300.066
300.055
300.046
300.038
300.032
300.026
300.022
300.018
300.014
300.012
300.01
300.008
300.007
300.007
304.126
303.857
303.582
303.313
303.057
302.817
302.593
302.385
302.191
302.012
301.845
301.69
301.546
301.412
301.287
301.171
301.063
300.963
300.87
300.784
300.705
300.631
300.564
300.502
300.446
300.394
300.347
300.305
300.267
300.232
300.202
300.174
300.15
300.129
300.11
300.093
300.079
300.067
300.056
300.047
300.039
300.032
300.027
300.022
300.018
300.015
300.012
300.01
300.008
300.007
300.007
304.071
303.821
303.561
303.304
303.056
302.822
302.602
302.397
302.205
302.027
301.86
301.705
301.561
301.426
301.301
301.184
301.075
300.974
300.88
300.793
300.713
300.639
300.571
300.508
300.451
300.399
300.351
300.308
300.27
300.235
300.204
300.176
300.152
300.13
300.111
300.094
300.08
300.067
300.057
300.047
300.039
300.033
300.027
300.022
300.018
300.015
300.012
300.01
300.008
300.007
300.007
304.013
303.78
303.535
303.291
303.053
302.826
302.611
302.409
302.219
302.042
301.876
301.721
301.577
301.442
301.316
301.198
301.089
300.987
300.892
300.804
300.722
300.647
300.578
300.515
300.457
300.404
300.356
300.312
300.273
300.238
300.206
300.178
300.153
300.132
300.112
300.095
300.081
300.068
300.057
300.048
300.04
300.033
300.027
300.022
300.018
300.015
300.012
300.01
300.008
300.007
300.007
303.949
303.734
303.505
303.274
303.046
302.827
302.617
302.419
302.233
302.057
301.893
301.738
301.594
301.458
301.332
301.213
301.103
301
300.904
300.815
300.733
300.656
300.586
300.522
300.463
300.409
300.361
300.316
300.277
300.241
300.209
300.181
300.155
300.133
300.114
300.097
300.082
300.069
300.058
300.048
300.04
300.033
300.027
300.022
300.018
300.015
300.012
300.01
300.008
300.007
300.007
303.881
303.682
303.47
303.252
303.035
302.825
302.622
302.429
302.246
302.073
301.91
301.756
301.612
301.476
301.349
301.23
301.118
301.014
300.917
300.827
300.744
300.666
300.595
300.53
300.47
300.415
300.366
300.321
300.28
300.244
300.212
300.183
300.157
300.135
300.115
300.098
300.083
300.07
300.058
300.049
300.041
300.034
300.028
300.023
300.019
300.015
300.012
300.01
300.009
300.007
300.007
303.808
303.626
303.429
303.225
303.02
302.819
302.624
302.436
302.257
302.087
301.926
301.774
301.63
301.494
301.367
301.247
301.135
301.03
300.932
300.84
300.755
300.677
300.605
300.538
300.477
300.422
300.371
300.326
300.285
300.248
300.215
300.185
300.159
300.137
300.116
300.099
300.084
300.07
300.059
300.049
300.041
300.034
300.028
300.023
300.019
300.015
300.013
300.01
300.009
300.008
300.007
303.73
303.564
303.383
303.193
303.001
302.81
302.623
302.442
302.267
302.101
301.942
301.792
301.649
301.513
301.386
301.265
301.152
301.046
300.947
300.854
300.768
300.689
300.615
300.547
300.485
300.429
300.377
300.331
300.289
300.251
300.218
300.188
300.162
300.138
300.118
300.1
300.085
300.071
300.06
300.05
300.042
300.034
300.028
300.023
300.019
300.016
300.013
300.01
300.009
300.008
300.007
303.648
303.497
303.331
303.156
302.976
302.796
302.618
302.444
302.275
302.113
301.958
301.809
301.667
301.532
301.405
301.284
301.17
301.063
300.963
300.869
300.782
300.701
300.626
300.557
300.494
300.436
300.384
300.336
300.294
300.255
300.221
300.191
300.164
300.14
300.12
300.102
300.086
300.072
300.061
300.051
300.042
300.035
300.029
300.023
300.019
300.016
300.013
300.011
300.009
300.008
300.007
303.562
303.426
303.275
303.114
302.947
302.778
302.609
302.443
302.281
302.124
301.972
301.825
301.685
301.552
301.424
301.303
301.189
301.081
300.979
300.884
300.796
300.713
300.637
300.567
300.503
300.444
300.39
300.342
300.299
300.26
300.225
300.194
300.166
300.142
300.121
300.103
300.087
300.073
300.061
300.051
300.042
300.035
300.029
300.024
300.019
300.016
300.013
300.011
300.009
300.008
300.007
303.473
303.351
303.214
303.067
302.913
302.756
302.597
302.439
302.284
302.132
301.984
301.841
301.703
301.57
301.443
301.323
301.208
301.099
300.997
300.9
300.811
300.727
300.649
300.578
300.512
300.452
300.398
300.348
300.304
300.264
300.228
300.197
300.169
300.145
300.123
300.104
300.088
300.074
300.062
300.052
300.043
300.036
300.029
300.024
300.02
300.016
300.013
300.011
300.009
300.008
300.007
303.382
303.273
303.151
303.017
302.876
302.73
302.581
302.432
302.284
302.138
301.994
301.855
301.719
301.588
301.462
301.342
301.227
301.117
301.014
300.917
300.825
300.74
300.662
300.589
300.522
300.46
300.405
300.354
300.309
300.268
300.232
300.2
300.172
300.147
300.125
300.106
300.089
300.075
300.063
300.052
300.044
300.036
300.03
300.024
300.02
300.016
300.013
300.011
300.009
300.008
300.007
303.292
303.196
303.086
302.965
302.836
302.701
302.563
302.422
302.282
302.141
302.003
301.867
301.734
301.605
301.48
301.36
301.245
301.135
301.031
300.933
300.84
300.754
300.674
300.6
300.531
300.469
300.412
300.361
300.314
300.273
300.236
300.203
300.174
300.149
300.127
300.107
300.09
300.076
300.064
300.053
300.044
300.036
300.03
300.025
300.02
300.016
300.013
300.011
300.009
300.008
300.007
303.205
303.12
303.022
302.913
302.795
302.671
302.542
302.411
302.277
302.143
302.009
301.877
301.748
301.621
301.497
301.378
301.263
301.153
301.048
300.949
300.855
300.767
300.686
300.61
300.541
300.477
300.419
300.367
300.32
300.277
300.24
300.206
300.177
300.151
300.128
300.109
300.092
300.077
300.064
300.054
300.044
300.037
300.03
300.025
300.02
300.017
300.014
300.011
300.009
300.008
300.007
303.125
303.05
302.962
302.863
302.756
302.642
302.522
302.398
302.271
302.143
302.014
301.886
301.759
301.634
301.512
301.393
301.279
301.169
301.063
300.963
300.869
300.78
300.697
300.621
300.55
300.485
300.426
300.373
300.325
300.281
300.243
300.209
300.179
300.153
300.13
300.11
300.093
300.078
300.065
300.054
300.045
300.037
300.03
300.025
300.02
300.017
300.014
300.011
300.009
300.008
300.007
303.057
302.989
302.909
302.82
302.721
302.615
302.502
302.385
302.265
302.142
302.017
301.893
301.768
301.646
301.525
301.407
301.293
301.183
301.077
300.976
300.881
300.791
300.708
300.63
300.558
300.492
300.432
300.378
300.329
300.285
300.246
300.212
300.181
300.154
300.131
300.111
300.093
300.078
300.066
300.055
300.045
300.037
300.031
300.025
300.021
300.017
300.014
300.011
300.009
300.008
300.007
303.004
302.942
302.869
302.786
302.694
302.594
302.487
302.375
302.259
302.14
302.02
301.898
301.776
301.654
301.535
301.418
301.304
301.193
301.088
300.986
300.89
300.8
300.716
300.637
300.564
300.498
300.437
300.382
300.332
300.288
300.249
300.214
300.183
300.156
300.132
300.112
300.094
300.079
300.066
300.055
300.046
300.038
300.031
300.025
300.021
300.017
300.014
300.011
300.009
300.008
300.008
302.975
302.916
302.846
302.767
302.678
302.582
302.478
302.37
302.256
302.14
302.021
301.9
301.78
301.66
301.541
301.424
301.31
301.2
301.094
300.992
300.896
300.805
300.72
300.641
300.568
300.501
300.44
300.384
300.334
300.29
300.25
300.215
300.184
300.157
300.133
300.112
300.095
300.079
300.066
300.055
300.046
300.038
300.031
300.025
300.021
300.017
300.014
300.011
300.009
300.008
300.008
)
;

boundaryField
{
    inlet
    {
        type            fixedValue;
        value           uniform 300;
    }
    outlet
    {
        type            zeroGradient;
    }
    top
    {
        type            zeroGradient;
    }
    slip-bottom
    {
        type            zeroGradient;
    }
    bottom
    {
        type            zeroGradient;
    }
    interface
    {
        type            fixedGradient;
        gradient        nonuniform List<scalar> 
161
(
68.0856
68.0856
46.2519
46.2519
46.2519
46.2519
34.3103
34.3103
34.3103
34.3103
29.4711
29.4711
29.4711
28.6694
28.6694
28.6694
28.6694
26.0514
26.0514
26.0514
25.1777
25.1777
25.1777
24.6683
24.6683
24.6683
24.0112
24.0112
24.0112
23.4178
23.4178
23.4178
22.8665
22.8665
22.8665
22.322
22.322
22.322
21.8017
21.8017
21.8017
20.754
20.754
21.503
21.503
21.503
20.4555
20.4555
20.9367
20.9367
20.9367
19.8973
19.8973
19.8887
19.8887
19.8887
20.0256
20.0256
20.3683
20.3683
19.105
19.105
18.9915
18.9915
19.0333
19.0333
18.8873
18.8873
18.8873
18.707
18.707
18.5306
18.345
18.345
18.1168
18.1168
17.9097
17.9097
17.1571
17.1571
18.0926
18.0926
17.7082
17.7082
17.2731
16.5372
16.5372
17.3441
17.3441
16.9959
16.0755
16.0755
16.8724
16.0163
16.0163
16.5508
16.5508
15.6821
16.2173
16.2173
15.4027
15.9455
15.1363
15.1363
15.185
15.74
15.74
14.7712
15.2234
14.4505
14.4505
14.4623
14.6205
14.9269
14.9269
14.0098
14.0495
14.1984
14.4444
14.4444
13.6385
13.6618
13.7826
13.7794
13.9828
13.3431
13.3431
13.2984
13.347
13.3128
13.2691
13.2191
13.1654
13.11
13.0541
12.9986
12.9445
12.8929
12.8449
12.8019
12.7658
12.7384
12.7217
12.718
12.7294
12.7599
12.8156
12.9101
13.0731
13.222
12.9132
12.9832
13.5355
13.9468
14.4994
15.1714
17.723
15.497
18.1696
20.7493
29.8716
)
;
    }
    defaultFaces
    {
        type            empty;
    }
}


// ************************************************************************* //
