/*--------------------------------*- C++ -*----------------------------------*\
| =========                 |                                                 |
| \\      /  F ield         | OpenFOAM: The Open Source CFD Toolbox           |
|  \\    /   O peration     | Version:  2106                                  |
|   \\  /    A nd           | Website:  www.openfoam.com                      |
|    \\/     M anipulation  |                                                 |
\*---------------------------------------------------------------------------*/
FoamFile
{
    version     2.0;
    format      ascii;
    arch        "LSB;label=32;scalar=64";
    class       volScalarField;
    location    "8";
    object      T;
}
// * * * * * * * * * * * * * * * * * * * * * * * * * * * * * * * * * * * * * //

dimensions      [0 0 0 1 0 0 0];

internalField   nonuniform List<scalar> 
12013
(
300.004
300.011
300.018
300.026
300.034
300.043
300.052
300.061
300.07
300.08
300.091
300.101
300.112
300.124
300.135
300.148
300.16
300.173
300.187
300.201
300.215
300.23
300.246
300.262
300.278
300.295
300.312
300.33
300.349
300.368
300.387
300.408
300.428
300.45
300.472
300.495
300.518
300.542
300.567
300.592
300.618
300.645
300.673
300.701
300.73
300.76
300.791
300.823
300.856
300.889
300.924
300.959
300.996
301.033
301.072
301.111
301.152
301.194
301.238
301.282
301.328
301.376
301.424
301.475
301.527
301.581
301.637
301.695
301.755
301.818
301.883
301.951
302.022
302.097
302.177
302.261
302.352
302.45
302.559
302.682
302.83
300.004
300.011
300.018
300.026
300.034
300.043
300.052
300.061
300.07
300.08
300.091
300.101
300.112
300.124
300.135
300.148
300.16
300.173
300.187
300.201
300.215
300.23
300.246
300.262
300.278
300.295
300.312
300.33
300.349
300.368
300.387
300.408
300.428
300.45
300.472
300.495
300.518
300.542
300.567
300.592
300.618
300.645
300.673
300.701
300.73
300.76
300.791
300.823
300.856
300.889
300.924
300.959
300.995
301.033
301.071
301.111
301.152
301.194
301.237
301.282
301.328
301.375
301.424
301.474
301.526
301.58
301.636
301.694
301.754
301.816
301.881
301.949
302.02
302.095
302.173
302.257
302.346
302.442
302.546
302.661
302.787
300.004
300.011
300.018
300.026
300.034
300.043
300.052
300.061
300.07
300.08
300.091
300.101
300.112
300.124
300.135
300.148
300.16
300.173
300.187
300.201
300.215
300.23
300.246
300.262
300.278
300.295
300.312
300.33
300.349
300.368
300.387
300.408
300.428
300.45
300.472
300.494
300.518
300.542
300.567
300.592
300.618
300.645
300.673
300.701
300.73
300.76
300.791
300.823
300.855
300.889
300.923
300.959
300.995
301.032
301.071
301.111
301.151
301.193
301.236
301.281
301.327
301.374
301.423
301.473
301.525
301.579
301.634
301.692
301.751
301.813
301.877
301.945
302.015
302.088
302.165
302.247
302.333
302.425
302.522
302.625
302.733
300.004
300.011
300.018
300.026
300.034
300.043
300.052
300.061
300.07
300.08
300.091
300.101
300.112
300.124
300.135
300.148
300.16
300.173
300.187
300.201
300.215
300.23
300.246
300.261
300.278
300.295
300.312
300.33
300.349
300.368
300.387
300.407
300.428
300.45
300.472
300.494
300.518
300.542
300.566
300.592
300.618
300.645
300.672
300.701
300.73
300.76
300.791
300.822
300.855
300.888
300.923
300.958
300.994
301.032
301.07
301.11
301.15
301.192
301.235
301.279
301.325
301.372
301.421
301.471
301.522
301.576
301.631
301.688
301.747
301.808
301.872
301.938
302.006
302.078
302.153
302.232
302.314
302.4
302.49
302.582
302.675
300.004
300.011
300.018
300.026
300.034
300.043
300.052
300.061
300.07
300.08
300.091
300.101
300.112
300.124
300.135
300.148
300.16
300.173
300.187
300.201
300.215
300.23
300.246
300.261
300.278
300.295
300.312
300.33
300.348
300.368
300.387
300.407
300.428
300.45
300.472
300.494
300.518
300.541
300.566
300.592
300.618
300.644
300.672
300.7
300.729
300.759
300.79
300.822
300.854
300.888
300.922
300.957
300.993
301.031
301.069
301.108
301.149
301.19
301.233
301.277
301.323
301.37
301.418
301.467
301.519
301.571
301.626
301.682
301.74
301.801
301.863
301.928
301.995
302.064
302.136
302.211
302.289
302.369
302.451
302.534
302.616
300.004
300.011
300.018
300.026
300.034
300.043
300.052
300.061
300.07
300.08
300.091
300.101
300.112
300.124
300.135
300.148
300.16
300.173
300.187
300.201
300.215
300.23
300.245
300.261
300.278
300.295
300.312
300.33
300.348
300.367
300.387
300.407
300.428
300.449
300.471
300.494
300.517
300.541
300.566
300.591
300.617
300.644
300.671
300.7
300.729
300.759
300.789
300.821
300.853
300.887
300.921
300.956
300.992
301.029
301.067
301.106
301.147
301.188
301.231
301.275
301.32
301.366
301.414
301.463
301.513
301.566
301.619
301.675
301.732
301.791
301.852
301.915
301.979
302.046
302.115
302.186
302.259
302.333
302.408
302.483
302.557
300.004
300.011
300.018
300.026
300.034
300.043
300.052
300.061
300.07
300.08
300.091
300.101
300.112
300.124
300.135
300.148
300.16
300.173
300.187
300.201
300.215
300.23
300.245
300.261
300.278
300.294
300.312
300.33
300.348
300.367
300.387
300.407
300.428
300.449
300.471
300.494
300.517
300.541
300.565
300.591
300.617
300.643
300.671
300.699
300.728
300.758
300.788
300.82
300.852
300.885
300.919
300.954
300.99
301.027
301.065
301.104
301.144
301.185
301.227
301.271
301.315
301.361
301.408
301.457
301.507
301.558
301.611
301.665
301.721
301.778
301.837
301.898
301.961
302.025
302.09
302.157
302.225
302.293
302.362
302.43
302.497
300.004
300.011
300.018
300.026
300.034
300.043
300.052
300.061
300.07
300.08
300.091
300.101
300.112
300.124
300.135
300.148
300.16
300.173
300.187
300.201
300.215
300.23
300.245
300.261
300.277
300.294
300.312
300.33
300.348
300.367
300.387
300.407
300.427
300.449
300.471
300.493
300.516
300.54
300.565
300.59
300.616
300.643
300.67
300.698
300.727
300.757
300.787
300.818
300.85
300.883
300.917
300.952
300.988
301.025
301.062
301.101
301.14
301.181
301.223
301.266
301.31
301.355
301.402
301.449
301.498
301.549
301.6
301.653
301.708
301.763
301.82
301.879
301.938
301.999
302.061
302.123
302.187
302.25
302.313
302.376
302.437
300.004
300.011
300.018
300.026
300.034
300.043
300.052
300.061
300.07
300.08
300.09
300.101
300.112
300.123
300.135
300.147
300.16
300.173
300.187
300.201
300.215
300.23
300.245
300.261
300.277
300.294
300.311
300.329
300.348
300.367
300.386
300.406
300.427
300.448
300.47
300.493
300.516
300.54
300.564
300.589
300.615
300.642
300.669
300.697
300.726
300.755
300.785
300.817
300.849
300.881
300.915
300.95
300.985
301.021
301.059
301.097
301.136
301.176
301.218
301.26
301.303
301.348
301.394
301.44
301.488
301.537
301.588
301.639
301.691
301.745
301.8
301.856
301.912
301.97
302.028
302.087
302.146
302.204
302.263
302.32
302.377
300.004
300.011
300.018
300.026
300.034
300.043
300.052
300.061
300.07
300.08
300.09
300.101
300.112
300.123
300.135
300.147
300.16
300.173
300.187
300.2
300.215
300.23
300.245
300.261
300.277
300.294
300.311
300.329
300.347
300.366
300.386
300.406
300.427
300.448
300.47
300.492
300.515
300.539
300.563
300.588
300.614
300.64
300.668
300.695
300.724
300.753
300.784
300.814
300.846
300.879
300.912
300.946
300.981
301.017
301.054
301.092
301.131
301.17
301.211
301.253
301.295
301.339
301.384
301.429
301.476
301.524
301.572
301.622
301.673
301.724
301.777
301.83
301.884
301.938
301.993
302.047
302.102
302.157
302.211
302.264
302.316
300.004
300.011
300.018
300.026
300.034
300.043
300.052
300.061
300.07
300.08
300.09
300.101
300.112
300.123
300.135
300.147
300.16
300.173
300.186
300.2
300.215
300.23
300.245
300.261
300.277
300.294
300.311
300.329
300.347
300.366
300.385
300.405
300.426
300.447
300.469
300.491
300.514
300.538
300.562
300.587
300.613
300.639
300.666
300.694
300.722
300.751
300.781
300.812
300.843
300.875
300.908
300.942
300.977
301.013
301.049
301.086
301.124
301.163
301.203
301.244
301.286
301.328
301.372
301.416
301.462
301.508
301.555
301.603
301.651
301.701
301.75
301.801
301.852
301.903
301.954
302.005
302.056
302.107
302.157
302.206
302.255
300.004
300.011
300.018
300.026
300.034
300.043
300.052
300.061
300.07
300.08
300.09
300.101
300.112
300.123
300.135
300.147
300.16
300.173
300.186
300.2
300.214
300.229
300.245
300.26
300.277
300.293
300.311
300.328
300.347
300.365
300.385
300.405
300.425
300.446
300.468
300.49
300.513
300.537
300.561
300.586
300.611
300.637
300.664
300.691
300.72
300.749
300.778
300.809
300.84
300.872
300.904
300.938
300.972
301.007
301.043
301.079
301.117
301.155
301.194
301.234
301.275
301.316
301.358
301.401
301.445
301.49
301.535
301.581
301.627
301.674
301.722
301.769
301.817
301.865
301.913
301.961
302.009
302.056
302.102
302.148
302.193
300.004
300.011
300.018
300.026
300.034
300.043
300.052
300.061
300.07
300.08
300.09
300.101
300.112
300.123
300.135
300.147
300.16
300.173
300.186
300.2
300.214
300.229
300.244
300.26
300.276
300.293
300.31
300.328
300.346
300.365
300.384
300.404
300.424
300.445
300.467
300.489
300.512
300.535
300.559
300.584
300.609
300.635
300.662
300.689
300.717
300.745
300.775
300.805
300.835
300.867
300.899
300.932
300.966
301
301.035
301.071
301.108
301.145
301.183
301.222
301.262
301.302
301.343
301.385
301.427
301.469
301.513
301.557
301.601
301.645
301.69
301.735
301.78
301.825
301.87
301.915
301.959
302.003
302.046
302.089
302.131
300.004
300.011
300.018
300.026
300.034
300.043
300.052
300.061
300.07
300.08
300.09
300.101
300.112
300.123
300.135
300.147
300.159
300.172
300.186
300.2
300.214
300.229
300.244
300.26
300.276
300.292
300.31
300.327
300.345
300.364
300.383
300.403
300.423
300.444
300.466
300.488
300.51
300.534
300.557
300.582
300.607
300.632
300.659
300.686
300.713
300.742
300.771
300.8
300.831
300.862
300.893
300.926
300.959
300.992
301.027
301.062
301.098
301.134
301.171
301.209
301.247
301.286
301.325
301.365
301.406
301.447
301.488
301.53
301.572
301.614
301.656
301.699
301.741
301.783
301.825
301.867
301.909
301.949
301.99
302.029
302.068
300.004
300.011
300.018
300.026
300.034
300.043
300.051
300.061
300.07
300.08
300.09
300.101
300.112
300.123
300.135
300.147
300.159
300.172
300.186
300.199
300.214
300.228
300.243
300.259
300.275
300.292
300.309
300.326
300.345
300.363
300.382
300.402
300.422
300.443
300.464
300.486
300.508
300.531
300.555
300.579
300.604
300.63
300.656
300.682
300.709
300.737
300.766
300.795
300.825
300.855
300.886
300.918
300.95
300.983
301.017
301.051
301.086
301.121
301.157
301.194
301.231
301.268
301.306
301.344
301.383
301.422
301.461
301.501
301.541
301.581
301.621
301.66
301.7
301.74
301.779
301.818
301.857
301.895
301.932
301.969
302.006
300.004
300.011
300.018
300.026
300.034
300.043
300.051
300.061
300.07
300.08
300.09
300.1
300.111
300.123
300.134
300.146
300.159
300.172
300.185
300.199
300.213
300.228
300.243
300.259
300.275
300.291
300.308
300.326
300.344
300.362
300.381
300.401
300.421
300.441
300.462
300.484
300.506
300.529
300.552
300.576
300.601
300.626
300.652
300.678
300.705
300.732
300.76
300.789
300.818
300.848
300.878
300.909
300.941
300.973
301.006
301.039
301.073
301.107
301.141
301.177
301.212
301.248
301.284
301.321
301.358
301.395
301.433
301.47
301.508
301.545
301.583
301.62
301.657
301.695
301.731
301.768
301.804
301.839
301.874
301.909
301.943
300.004
300.011
300.018
300.026
300.034
300.043
300.051
300.06
300.07
300.08
300.09
300.1
300.111
300.122
300.134
300.146
300.159
300.172
300.185
300.199
300.213
300.227
300.242
300.258
300.274
300.29
300.307
300.325
300.342
300.361
300.38
300.399
300.419
300.439
300.46
300.482
300.504
300.526
300.549
300.573
300.597
300.622
300.647
300.673
300.7
300.726
300.754
300.782
300.811
300.84
300.869
300.9
300.93
300.961
300.993
301.025
301.058
301.091
301.124
301.158
301.192
301.226
301.261
301.296
301.331
301.366
301.402
301.437
301.473
301.508
301.543
301.578
301.613
301.648
301.682
301.716
301.75
301.783
301.816
301.848
301.88
300.004
300.011
300.018
300.026
300.034
300.042
300.051
300.06
300.07
300.08
300.09
300.1
300.111
300.122
300.134
300.146
300.158
300.171
300.184
300.198
300.212
300.227
300.242
300.257
300.273
300.289
300.306
300.323
300.341
300.359
300.378
300.397
300.417
300.437
300.458
300.479
300.501
300.523
300.546
300.569
300.593
300.617
300.642
300.668
300.693
300.72
300.747
300.774
300.802
300.83
300.859
300.889
300.918
300.949
300.979
301.01
301.042
301.073
301.105
301.138
301.17
301.203
301.236
301.269
301.302
301.336
301.369
301.403
301.436
301.469
301.502
301.535
301.568
301.6
301.632
301.664
301.696
301.727
301.757
301.787
301.817
300.004
300.011
300.018
300.026
300.034
300.042
300.051
300.06
300.07
300.079
300.089
300.1
300.111
300.122
300.134
300.146
300.158
300.171
300.184
300.197
300.211
300.226
300.241
300.256
300.272
300.288
300.305
300.322
300.34
300.358
300.376
300.395
300.415
300.435
300.455
300.476
300.497
300.519
300.542
300.565
300.588
300.612
300.636
300.661
300.687
300.712
300.739
300.765
300.792
300.82
300.848
300.876
300.905
300.934
300.964
300.994
301.024
301.054
301.085
301.116
301.147
301.178
301.209
301.241
301.272
301.304
301.335
301.367
301.398
301.429
301.46
301.491
301.522
301.552
301.582
301.612
301.641
301.67
301.698
301.726
301.754
300.004
300.011
300.018
300.026
300.034
300.042
300.051
300.06
300.069
300.079
300.089
300.1
300.11
300.122
300.133
300.145
300.157
300.17
300.183
300.197
300.211
300.225
300.24
300.255
300.271
300.287
300.303
300.32
300.338
300.356
300.374
300.393
300.412
300.432
300.452
300.473
300.494
300.515
300.537
300.56
300.583
300.606
300.63
300.654
300.679
300.704
300.73
300.755
300.782
300.809
300.836
300.863
300.891
300.919
300.947
300.976
301.005
301.034
301.063
301.092
301.122
301.151
301.181
301.211
301.24
301.27
301.3
301.329
301.359
301.388
301.417
301.446
301.474
301.503
301.531
301.559
301.586
301.613
301.639
301.666
301.691
300.003
300.011
300.018
300.026
300.034
300.042
300.051
300.06
300.069
300.079
300.089
300.099
300.11
300.121
300.133
300.145
300.157
300.169
300.183
300.196
300.21
300.224
300.239
300.254
300.269
300.285
300.302
300.318
300.336
300.353
300.371
300.39
300.409
300.428
300.448
300.469
300.489
300.511
300.532
300.554
300.577
300.599
300.623
300.646
300.67
300.695
300.72
300.745
300.77
300.796
300.822
300.848
300.875
300.902
300.929
300.956
300.984
301.012
301.039
301.067
301.095
301.123
301.151
301.179
301.208
301.235
301.263
301.291
301.319
301.346
301.373
301.4
301.427
301.453
301.48
301.505
301.531
301.556
301.581
301.605
301.629
300.003
300.011
300.018
300.026
300.034
300.042
300.051
300.06
300.069
300.079
300.089
300.099
300.11
300.121
300.132
300.144
300.156
300.169
300.182
300.195
300.209
300.223
300.237
300.252
300.268
300.284
300.3
300.316
300.333
300.351
300.369
300.387
300.406
300.425
300.444
300.464
300.484
300.505
300.526
300.548
300.57
300.592
300.615
300.638
300.661
300.685
300.709
300.733
300.757
300.782
300.807
300.833
300.858
300.884
300.91
300.936
300.962
300.988
301.015
301.041
301.068
301.094
301.121
301.147
301.174
301.2
301.226
301.252
301.278
301.303
301.329
301.354
301.379
301.404
301.428
301.452
301.476
301.5
301.523
301.546
301.568
300.003
300.011
300.018
300.026
300.034
300.042
300.051
300.059
300.069
300.078
300.088
300.099
300.109
300.12
300.132
300.143
300.155
300.168
300.181
300.194
300.208
300.222
300.236
300.251
300.266
300.282
300.298
300.314
300.331
300.348
300.366
300.384
300.402
300.421
300.44
300.459
300.479
300.499
300.52
300.541
300.562
300.584
300.606
300.628
300.651
300.674
300.697
300.72
300.744
300.768
300.792
300.816
300.84
300.865
300.89
300.914
300.939
300.964
300.989
301.014
301.039
301.064
301.089
301.114
301.139
301.164
301.188
301.212
301.237
301.261
301.284
301.308
301.331
301.354
301.377
301.4
301.422
301.444
301.466
301.487
301.508
300.003
300.011
300.018
300.026
300.033
300.042
300.05
300.059
300.068
300.078
300.088
300.098
300.109
300.12
300.131
300.143
300.155
300.167
300.18
300.193
300.206
300.22
300.234
300.249
300.264
300.279
300.295
300.311
300.328
300.345
300.362
300.38
300.398
300.416
300.435
300.454
300.473
300.493
300.513
300.533
300.554
300.575
300.596
300.618
300.64
300.662
300.684
300.706
300.729
300.752
300.775
300.798
300.822
300.845
300.868
300.892
300.916
300.939
300.963
300.987
301.01
301.034
301.057
301.081
301.104
301.127
301.15
301.173
301.195
301.218
301.24
301.262
301.284
301.305
301.327
301.348
301.369
301.389
301.409
301.429
301.449
300.003
300.01
300.018
300.025
300.033
300.042
300.05
300.059
300.068
300.078
300.087
300.098
300.108
300.119
300.13
300.142
300.154
300.166
300.178
300.191
300.205
300.219
300.233
300.247
300.262
300.277
300.293
300.308
300.325
300.341
300.358
300.375
300.393
300.411
300.429
300.448
300.467
300.486
300.505
300.525
300.545
300.566
300.586
300.607
300.628
300.649
300.671
300.692
300.714
300.736
300.758
300.78
300.802
300.824
300.847
300.869
300.891
300.914
300.936
300.958
300.98
301.003
301.025
301.047
301.068
301.09
301.112
301.133
301.154
301.175
301.196
301.217
301.237
301.257
301.277
301.297
301.316
301.335
301.354
301.373
301.391
300.003
300.01
300.018
300.025
300.033
300.041
300.05
300.059
300.068
300.077
300.087
300.097
300.107
300.118
300.129
300.141
300.153
300.165
300.177
300.19
300.203
300.217
300.231
300.245
300.259
300.274
300.29
300.305
300.321
300.337
300.354
300.371
300.388
300.406
300.423
300.441
300.46
300.479
300.497
300.517
300.536
300.556
300.575
300.595
300.616
300.636
300.656
300.677
300.698
300.719
300.74
300.761
300.782
300.803
300.824
300.845
300.866
300.887
300.909
300.93
300.951
300.971
300.992
301.013
301.033
301.054
301.074
301.094
301.114
301.133
301.153
301.172
301.191
301.21
301.228
301.247
301.265
301.283
301.3
301.318
301.335
300.003
300.01
300.018
300.025
300.033
300.041
300.049
300.058
300.067
300.077
300.086
300.096
300.107
300.117
300.128
300.14
300.151
300.163
300.176
300.188
300.201
300.215
300.228
300.242
300.257
300.271
300.286
300.302
300.317
300.333
300.349
300.366
300.383
300.4
300.417
300.435
300.452
300.471
300.489
300.507
300.526
300.545
300.564
300.583
300.603
300.622
300.642
300.662
300.681
300.701
300.721
300.741
300.761
300.781
300.801
300.821
300.841
300.861
300.881
300.901
300.921
300.94
300.96
300.979
300.998
301.018
301.036
301.055
301.074
301.092
301.11
301.128
301.146
301.164
301.181
301.198
301.215
301.232
301.249
301.265
301.281
300.003
300.01
300.017
300.025
300.033
300.041
300.049
300.058
300.067
300.076
300.086
300.096
300.106
300.116
300.127
300.138
300.15
300.162
300.174
300.187
300.199
300.213
300.226
300.24
300.254
300.268
300.283
300.298
300.313
300.329
300.345
300.361
300.377
300.394
300.41
300.427
300.445
300.462
300.48
300.498
300.516
300.534
300.552
300.571
300.589
300.608
300.627
300.646
300.665
300.684
300.703
300.722
300.741
300.76
300.779
300.797
300.816
300.835
300.854
300.873
300.891
300.91
300.928
300.946
300.964
300.982
301
301.018
301.035
301.052
301.069
301.086
301.103
301.119
301.136
301.152
301.168
301.183
301.199
301.214
301.229
300.003
300.01
300.017
300.025
300.032
300.04
300.049
300.057
300.066
300.075
300.085
300.095
300.105
300.115
300.126
300.137
300.149
300.16
300.172
300.185
300.197
300.21
300.223
300.237
300.251
300.265
300.279
300.294
300.309
300.324
300.339
300.355
300.371
300.387
300.403
300.42
300.437
300.454
300.471
300.488
300.505
300.523
300.54
300.558
300.576
300.594
300.612
300.63
300.648
300.666
300.684
300.702
300.72
300.738
300.756
300.774
300.792
300.81
300.827
300.845
300.862
300.88
300.897
300.914
300.931
300.948
300.965
300.981
300.998
301.014
301.03
301.046
301.061
301.077
301.092
301.107
301.122
301.137
301.151
301.165
301.18
300.003
300.01
300.017
300.025
300.032
300.04
300.048
300.057
300.066
300.075
300.084
300.094
300.104
300.114
300.125
300.136
300.147
300.159
300.17
300.183
300.195
300.208
300.221
300.234
300.248
300.261
300.275
300.29
300.304
300.319
300.334
300.349
300.365
300.381
300.396
300.412
300.429
300.445
300.461
300.478
300.495
300.511
300.528
300.545
300.562
300.58
300.597
300.614
300.631
300.648
300.665
300.683
300.7
300.717
300.734
300.751
300.768
300.785
300.801
300.818
300.835
300.851
300.867
300.884
300.9
300.915
300.931
300.947
300.962
300.977
300.992
301.007
301.022
301.037
301.051
301.065
301.079
301.093
301.106
301.12
301.133
300.003
300.01
300.017
300.024
300.032
300.04
300.048
300.056
300.065
300.074
300.083
300.093
300.103
300.113
300.124
300.134
300.146
300.157
300.169
300.18
300.193
300.205
300.218
300.231
300.244
300.258
300.272
300.285
300.3
300.314
300.329
300.344
300.359
300.374
300.389
300.405
300.42
300.436
300.452
300.468
300.484
300.5
300.516
300.533
300.549
300.565
300.582
300.598
300.615
300.631
300.648
300.664
300.68
300.696
300.713
300.729
300.745
300.761
300.777
300.792
300.808
300.824
300.839
300.854
300.869
300.884
300.899
300.914
300.929
300.943
300.957
300.971
300.985
300.999
301.012
301.026
301.039
301.052
301.065
301.077
301.09
300.003
300.01
300.017
300.024
300.032
300.039
300.047
300.056
300.064
300.073
300.083
300.092
300.102
300.112
300.122
300.133
300.144
300.155
300.167
300.178
300.19
300.203
300.215
300.228
300.241
300.254
300.268
300.281
300.295
300.309
300.323
300.338
300.352
300.367
300.382
300.397
300.412
300.427
300.443
300.458
300.474
300.489
300.505
300.521
300.536
300.552
300.568
300.583
300.599
300.615
300.63
300.646
300.662
300.677
300.693
300.708
300.723
300.738
300.753
300.768
300.783
300.798
300.813
300.827
300.841
300.856
300.87
300.884
300.897
300.911
300.924
300.938
300.951
300.964
300.977
300.989
301.002
301.014
301.026
301.038
301.05
300.003
300.01
300.017
300.024
300.031
300.039
300.047
300.055
300.064
300.073
300.082
300.091
300.101
300.111
300.121
300.131
300.142
300.153
300.165
300.176
300.188
300.2
300.212
300.225
300.237
300.25
300.264
300.277
300.29
300.304
300.318
300.332
300.346
300.361
300.375
300.39
300.404
300.419
300.434
300.449
300.464
300.479
300.494
300.509
300.524
300.539
300.554
300.569
300.584
300.599
300.614
300.629
300.644
300.659
300.674
300.688
300.703
300.717
300.732
300.746
300.76
300.774
300.788
300.802
300.816
300.829
300.843
300.856
300.869
300.882
300.895
300.907
300.92
300.932
300.944
300.956
300.968
300.98
300.991
301.003
301.014
300.003
300.01
300.017
300.024
300.031
300.039
300.047
300.055
300.063
300.072
300.081
300.09
300.1
300.11
300.12
300.13
300.141
300.151
300.163
300.174
300.186
300.197
300.209
300.222
300.234
300.247
300.26
300.273
300.286
300.299
300.313
300.327
300.34
300.354
300.368
300.383
300.397
300.411
300.425
300.44
300.454
300.469
300.483
300.498
300.513
300.527
300.542
300.556
300.571
300.585
300.6
300.614
300.628
300.642
300.657
300.671
300.685
300.699
300.712
300.726
300.739
300.753
300.766
300.779
300.792
300.805
300.818
300.831
300.843
300.856
300.868
300.88
300.892
300.904
300.915
300.927
300.938
300.949
300.96
300.971
300.982
300.003
300.01
300.016
300.023
300.031
300.038
300.046
300.054
300.063
300.071
300.08
300.089
300.099
300.108
300.118
300.129
300.139
300.15
300.161
300.172
300.183
300.195
300.207
300.219
300.231
300.243
300.256
300.269
300.282
300.295
300.308
300.322
300.335
300.349
300.362
300.376
300.39
300.404
300.418
300.432
300.446
300.46
300.474
300.488
300.502
300.516
300.531
300.545
300.559
300.573
300.586
300.6
300.614
300.628
300.641
300.655
300.668
300.682
300.695
300.708
300.721
300.734
300.747
300.76
300.772
300.785
300.797
300.809
300.821
300.833
300.845
300.856
300.868
300.879
300.89
300.901
300.912
300.923
300.933
300.944
300.954
300.003
300.01
300.016
300.023
300.03
300.038
300.046
300.054
300.062
300.07
300.079
300.088
300.098
300.107
300.117
300.127
300.137
300.148
300.159
300.17
300.181
300.193
300.204
300.216
300.228
300.24
300.253
300.265
300.278
300.291
300.304
300.317
300.33
300.343
300.357
300.37
300.384
300.397
300.411
300.425
300.438
300.452
300.466
300.48
300.493
300.507
300.521
300.534
300.548
300.562
300.575
300.588
300.602
300.615
300.628
300.641
300.654
300.667
300.68
300.693
300.706
300.718
300.73
300.743
300.755
300.767
300.779
300.79
300.802
300.814
300.825
300.836
300.847
300.858
300.869
300.879
300.89
300.9
300.91
300.92
300.93
300.003
300.009
300.016
300.023
300.03
300.038
300.045
300.053
300.061
300.07
300.079
300.087
300.097
300.106
300.116
300.126
300.136
300.147
300.157
300.168
300.179
300.191
300.202
300.214
300.226
300.238
300.25
300.262
300.275
300.287
300.3
300.313
300.326
300.339
300.352
300.365
300.379
300.392
300.405
300.419
300.432
300.446
300.459
300.472
300.486
300.499
300.513
300.526
300.539
300.552
300.566
300.579
300.592
300.605
300.618
300.63
300.643
300.656
300.668
300.681
300.693
300.705
300.717
300.729
300.741
300.752
300.764
300.775
300.787
300.798
300.809
300.82
300.831
300.841
300.852
300.862
300.872
300.882
300.892
300.902
300.912
300.003
300.009
300.016
300.023
300.03
300.037
300.045
300.053
300.061
300.069
300.078
300.087
300.096
300.105
300.115
300.125
300.135
300.145
300.156
300.167
300.178
300.189
300.2
300.212
300.224
300.236
300.248
300.26
300.272
300.285
300.297
300.31
300.323
300.336
300.349
300.362
300.375
300.388
300.401
300.414
300.427
300.44
300.454
300.467
300.48
300.493
300.506
300.519
300.532
300.545
300.558
300.571
300.584
300.597
300.609
300.622
300.634
300.647
300.659
300.671
300.683
300.695
300.707
300.718
300.73
300.741
300.753
300.764
300.775
300.786
300.797
300.807
300.818
300.828
300.839
300.849
300.859
300.868
300.878
300.888
300.897
300.003
300.009
300.016
300.023
300.03
300.037
300.045
300.052
300.06
300.069
300.077
300.086
300.095
300.105
300.114
300.124
300.134
300.144
300.155
300.166
300.177
300.188
300.199
300.21
300.222
300.234
300.246
300.258
300.27
300.283
300.295
300.308
300.32
300.333
300.346
300.359
300.372
300.385
300.398
300.411
300.424
300.437
300.45
300.463
300.476
300.489
300.502
300.515
300.528
300.54
300.553
300.566
300.579
300.591
300.604
300.616
300.628
300.64
300.652
300.664
300.676
300.688
300.7
300.711
300.723
300.734
300.745
300.756
300.767
300.778
300.788
300.799
300.809
300.819
300.83
300.839
300.849
300.859
300.869
300.878
300.887
300.003
300.009
300.016
300.023
300.03
300.037
300.044
300.052
300.06
300.068
300.077
300.086
300.095
300.104
300.114
300.124
300.134
300.144
300.154
300.165
300.176
300.187
300.198
300.209
300.221
300.233
300.245
300.257
300.269
300.281
300.294
300.306
300.319
300.331
300.344
300.357
300.37
300.383
300.396
300.409
300.421
300.434
300.447
300.46
300.473
300.486
300.499
300.512
300.525
300.537
300.55
300.563
300.575
300.588
300.6
300.612
300.624
300.637
300.649
300.66
300.672
300.684
300.695
300.707
300.718
300.729
300.74
300.751
300.762
300.773
300.783
300.794
300.804
300.814
300.824
300.834
300.844
300.853
300.863
300.872
300.881
300.003
300.009
300.016
300.023
300.029
300.037
300.044
300.052
300.06
300.068
300.077
300.086
300.095
300.104
300.114
300.123
300.133
300.143
300.154
300.165
300.175
300.186
300.198
300.209
300.221
300.232
300.244
300.256
300.268
300.281
300.293
300.305
300.318
300.331
300.343
300.356
300.369
300.382
300.395
300.408
300.42
300.433
300.446
300.459
300.472
300.485
300.498
300.511
300.523
300.536
300.549
300.561
300.574
300.586
300.598
300.611
300.623
300.635
300.647
300.659
300.67
300.682
300.694
300.705
300.716
300.727
300.738
300.749
300.76
300.771
300.781
300.792
300.802
300.812
300.822
300.832
300.841
300.851
300.861
300.87
300.879
303.025
303.154
303.231
303.303
303.367
303.418
303.453
303.493
303.533
303.57
303.601
303.636
303.671
303.705
303.738
303.771
303.803
303.83
303.86
303.889
303.918
303.948
303.978
304.007
304.036
304.064
304.092
304.12
304.148
304.175
304.202
304.229
304.255
304.281
304.308
304.333
304.359
304.384
304.409
304.434
304.459
304.482
304.508
304.535
304.562
304.587
304.61
304.635
304.662
304.687
304.711
304.734
304.758
304.783
304.809
304.834
304.86
304.886
304.912
304.936
304.957
304.98
305.003
305.028
305.052
305.077
305.102
305.126
305.151
305.175
305.199
305.223
305.246
305.27
305.293
305.317
305.34
305.364
305.386
305.411
305.439
305.465
305.488
305.511
305.533
305.554
305.578
305.605
305.63
305.652
305.672
305.696
305.723
305.745
305.77
305.798
305.822
305.844
305.87
305.894
305.915
305.94
305.961
305.985
306.011
306.039
306.063
306.082
306.106
306.126
306.15
306.175
306.201
306.228
306.251
306.27
306.293
306.318
306.343
306.365
306.382
306.403
306.425
306.447
306.469
306.484
306.503
306.522
306.541
306.56
306.577
306.594
306.609
306.623
306.636
306.648
306.658
306.667
306.674
306.679
306.682
306.684
306.684
306.681
306.676
306.669
306.658
306.645
306.629
306.608
306.581
306.552
306.52
306.484
306.442
306.393
306.339
306.247
306.162
306.055
305.915
302.923
303.037
303.125
303.201
303.266
303.321
303.367
303.411
303.453
303.492
303.529
303.565
303.601
303.636
303.67
303.704
303.736
303.766
303.797
303.827
303.857
303.888
303.918
303.947
303.977
304.006
304.034
304.063
304.091
304.118
304.146
304.173
304.2
304.226
304.253
304.279
304.305
304.331
304.356
304.382
304.407
304.432
304.457
304.484
304.51
304.536
304.56
304.586
304.611
304.637
304.662
304.685
304.71
304.735
304.761
304.786
304.812
304.838
304.863
304.887
304.91
304.933
304.957
304.982
305.006
305.031
305.056
305.081
305.105
305.13
305.154
305.178
305.202
305.226
305.249
305.273
305.297
305.321
305.344
305.369
305.396
305.421
305.445
305.469
305.491
305.513
305.537
305.564
305.588
305.611
305.633
305.657
305.683
305.706
305.731
305.758
305.783
305.806
305.831
305.855
305.878
305.902
305.924
305.949
305.974
306.001
306.025
306.047
306.07
306.091
306.115
306.14
306.166
306.192
306.216
306.236
306.259
306.284
306.308
306.331
306.349
306.37
306.393
306.415
306.436
306.453
306.472
306.491
306.511
306.529
306.547
306.564
306.579
306.594
306.607
306.618
306.629
306.638
306.645
306.65
306.654
306.656
306.656
306.653
306.648
306.641
306.631
306.617
306.601
306.58
306.553
306.523
306.491
306.454
306.411
306.36
306.302
306.213
306.123
306.011
305.858
302.841
302.941
303.027
303.102
303.168
303.227
303.278
303.326
303.37
303.412
303.451
303.489
303.527
303.563
303.599
303.633
303.666
303.699
303.73
303.762
303.793
303.823
303.854
303.884
303.914
303.944
303.973
304.001
304.03
304.058
304.086
304.114
304.141
304.168
304.195
304.221
304.248
304.274
304.3
304.326
304.351
304.377
304.403
304.429
304.456
304.481
304.507
304.532
304.558
304.584
304.609
304.633
304.658
304.684
304.709
304.735
304.761
304.786
304.812
304.836
304.86
304.884
304.908
304.932
304.957
304.982
305.007
305.032
305.057
305.081
305.106
305.13
305.154
305.178
305.203
305.227
305.251
305.275
305.299
305.324
305.35
305.375
305.4
305.423
305.446
305.47
305.494
305.519
305.544
305.567
305.59
305.615
305.64
305.664
305.69
305.715
305.741
305.765
305.79
305.814
305.837
305.861
305.885
305.909
305.935
305.961
305.985
306.008
306.031
306.054
306.078
306.103
306.129
306.154
306.178
306.2
306.223
306.248
306.272
306.295
306.315
306.336
306.358
306.38
306.401
306.42
306.439
306.458
306.478
306.496
306.514
306.531
306.547
306.562
306.575
306.587
306.598
306.607
306.614
306.62
306.624
306.626
306.626
306.623
306.619
306.611
306.601
306.588
306.571
306.55
306.523
306.493
306.461
306.422
306.378
306.326
306.264
306.177
306.083
305.966
305.803
302.767
302.855
302.936
303.009
303.075
303.134
303.188
303.238
303.285
303.329
303.371
303.411
303.449
303.487
303.523
303.559
303.593
303.627
303.66
303.692
303.724
303.755
303.786
303.817
303.848
303.878
303.907
303.937
303.966
303.994
304.023
304.051
304.079
304.106
304.133
304.16
304.187
304.214
304.24
304.266
304.293
304.319
304.345
304.371
304.398
304.424
304.45
304.476
304.501
304.527
304.553
304.578
304.603
304.629
304.654
304.68
304.706
304.732
304.757
304.782
304.806
304.831
304.855
304.88
304.905
304.93
304.955
304.98
305.005
305.03
305.055
305.079
305.104
305.128
305.152
305.177
305.201
305.226
305.25
305.275
305.301
305.326
305.351
305.375
305.399
305.423
305.447
305.472
305.497
305.521
305.545
305.569
305.594
305.619
305.645
305.671
305.696
305.72
305.745
305.77
305.794
305.818
305.842
305.867
305.893
305.918
305.943
305.967
305.99
306.014
306.038
306.063
306.089
306.114
306.138
306.161
306.185
306.209
306.233
306.256
306.277
306.299
306.321
306.343
306.365
306.384
306.403
306.423
306.443
306.462
306.48
306.497
306.513
306.528
306.542
306.554
306.565
306.574
306.582
306.588
306.592
306.594
306.594
306.592
306.587
306.58
306.57
306.556
306.539
306.518
306.492
306.462
306.428
306.389
306.343
306.29
306.225
306.139
306.041
305.92
305.752
302.698
302.776
302.85
302.92
302.984
303.044
303.099
303.15
303.198
303.244
303.287
303.329
303.369
303.408
303.445
303.482
303.517
303.552
303.585
303.619
303.651
303.683
303.715
303.747
303.778
303.808
303.838
303.868
303.898
303.927
303.956
303.984
304.012
304.04
304.068
304.096
304.123
304.15
304.177
304.203
304.23
304.257
304.283
304.31
304.336
304.363
304.389
304.415
304.441
304.467
304.493
304.519
304.544
304.57
304.596
304.622
304.648
304.674
304.699
304.724
304.749
304.774
304.799
304.824
304.849
304.874
304.9
304.925
304.95
304.975
305
305.025
305.05
305.074
305.099
305.124
305.148
305.173
305.198
305.223
305.249
305.274
305.299
305.324
305.348
305.372
305.397
305.422
305.447
305.472
305.496
305.521
305.546
305.571
305.597
305.623
305.648
305.673
305.698
305.723
305.748
305.772
305.797
305.822
305.848
305.873
305.898
305.922
305.947
305.971
305.995
306.02
306.046
306.072
306.096
306.12
306.144
306.168
306.192
306.215
306.237
306.26
306.282
306.304
306.326
306.346
306.366
306.386
306.405
306.425
306.443
306.46
306.477
306.492
306.506
306.518
306.53
306.539
306.547
306.553
306.558
306.56
306.56
306.558
306.554
306.546
306.536
306.523
306.506
306.484
306.458
306.428
306.393
306.354
306.307
306.251
306.185
306.098
305.998
305.873
305.702
302.63
302.701
302.77
302.835
302.897
302.955
303.01
303.062
303.111
303.157
303.202
303.244
303.286
303.325
303.364
303.401
303.437
303.473
303.508
303.542
303.575
303.608
303.64
303.672
303.704
303.735
303.766
303.796
303.826
303.856
303.885
303.914
303.943
303.971
303.999
304.027
304.055
304.082
304.11
304.137
304.164
304.191
304.218
304.244
304.271
304.298
304.324
304.351
304.377
304.403
304.43
304.456
304.482
304.508
304.534
304.56
304.586
304.612
304.638
304.663
304.689
304.714
304.739
304.764
304.79
304.815
304.841
304.866
304.892
304.917
304.942
304.967
304.992
305.017
305.042
305.067
305.092
305.117
305.143
305.168
305.194
305.219
305.244
305.269
305.294
305.319
305.344
305.369
305.394
305.419
305.444
305.469
305.495
305.52
305.546
305.572
305.597
305.623
305.648
305.674
305.699
305.724
305.749
305.774
305.8
305.825
305.851
305.875
305.9
305.924
305.949
305.975
306.001
306.026
306.051
306.075
306.1
306.124
306.149
306.172
306.195
306.217
306.24
306.263
306.284
306.305
306.325
306.346
306.366
306.385
306.404
306.421
306.438
306.454
306.468
306.481
306.492
306.502
306.51
306.517
306.522
306.524
306.525
306.523
306.518
306.511
306.501
306.487
306.47
306.449
306.423
306.392
306.357
306.316
306.268
306.211
306.143
306.056
305.954
305.826
305.655
302.563
302.629
302.692
302.754
302.813
302.869
302.923
302.974
303.023
303.07
303.115
303.158
303.2
303.241
303.28
303.318
303.355
303.391
303.427
303.461
303.495
303.529
303.562
303.594
303.626
303.658
303.689
303.72
303.75
303.781
303.81
303.84
303.869
303.898
303.926
303.955
303.983
304.011
304.039
304.066
304.094
304.121
304.148
304.175
304.202
304.229
304.256
304.283
304.31
304.336
304.363
304.389
304.415
304.442
304.468
304.494
304.52
304.547
304.573
304.598
304.624
304.65
304.675
304.701
304.727
304.752
304.778
304.804
304.83
304.855
304.881
304.906
304.931
304.957
304.982
305.007
305.033
305.058
305.084
305.109
305.135
305.161
305.186
305.212
305.237
305.262
305.287
305.313
305.338
305.363
305.389
305.414
305.44
305.466
305.492
305.518
305.543
305.569
305.595
305.621
305.646
305.671
305.697
305.723
305.748
305.774
305.8
305.825
305.85
305.875
305.901
305.926
305.952
305.978
306.003
306.028
306.053
306.078
306.102
306.126
306.149
306.172
306.195
306.218
306.24
306.262
306.282
306.303
306.323
306.343
306.362
306.38
306.397
306.413
306.427
306.441
306.452
306.463
306.471
306.478
306.483
306.486
306.487
306.485
306.481
306.474
306.463
306.45
306.433
306.411
306.385
306.354
306.319
306.277
306.228
306.17
306.099
306.012
305.908
305.779
305.61
302.498
302.558
302.617
302.674
302.73
302.785
302.837
302.887
302.936
302.982
303.027
303.071
303.113
303.154
303.193
303.232
303.27
303.306
303.342
303.378
303.412
303.446
303.48
303.513
303.545
303.578
303.609
303.64
303.671
303.702
303.732
303.762
303.791
303.821
303.85
303.879
303.907
303.935
303.964
303.992
304.019
304.047
304.075
304.102
304.13
304.157
304.184
304.211
304.238
304.265
304.292
304.318
304.345
304.372
304.398
304.425
304.451
304.478
304.504
304.53
304.556
304.582
304.608
304.634
304.66
304.686
304.712
304.738
304.764
304.79
304.815
304.841
304.867
304.892
304.918
304.944
304.969
304.995
305.021
305.047
305.073
305.099
305.124
305.15
305.176
305.201
305.227
305.253
305.278
305.304
305.33
305.356
305.381
305.408
305.434
305.46
305.486
305.512
305.538
305.564
305.59
305.616
305.642
305.668
305.694
305.72
305.746
305.772
305.797
305.823
305.849
305.875
305.901
305.927
305.952
305.978
306.003
306.028
306.053
306.077
306.101
306.125
306.148
306.171
306.193
306.215
306.237
306.258
306.278
306.298
306.318
306.336
306.353
306.369
306.384
306.398
306.41
306.421
306.43
306.437
306.442
306.445
306.446
306.445
306.441
306.434
306.424
306.41
306.393
306.371
306.345
306.314
306.278
306.236
306.186
306.126
306.054
305.967
305.861
305.731
305.566
302.432
302.488
302.543
302.597
302.65
302.702
302.752
302.801
302.848
302.894
302.939
302.982
303.024
303.065
303.105
303.144
303.182
303.219
303.256
303.291
303.326
303.361
303.395
303.428
303.461
303.494
303.526
303.557
303.589
303.62
303.65
303.68
303.71
303.74
303.769
303.799
303.828
303.856
303.885
303.913
303.941
303.969
303.997
304.025
304.053
304.08
304.108
304.135
304.163
304.19
304.217
304.244
304.271
304.298
304.324
304.351
304.378
304.405
304.431
304.458
304.484
304.51
304.537
304.563
304.589
304.615
304.642
304.668
304.694
304.72
304.746
304.772
304.798
304.824
304.85
304.876
304.902
304.928
304.954
304.981
305.007
305.033
305.059
305.085
305.111
305.137
305.163
305.189
305.215
305.241
305.267
305.293
305.32
305.346
305.372
305.399
305.425
305.452
305.478
305.505
305.531
305.557
305.583
305.61
305.636
305.663
305.689
305.715
305.741
305.767
305.793
305.82
305.846
305.872
305.898
305.924
305.95
305.975
306
306.025
306.049
306.074
306.097
306.121
306.144
306.166
306.188
306.209
306.23
306.251
306.27
306.289
306.307
306.323
306.339
306.353
306.365
306.376
306.386
306.393
306.399
306.402
306.404
306.402
306.398
306.392
306.382
306.368
306.351
306.33
306.303
306.272
306.235
306.192
306.141
306.081
306.008
305.92
305.814
305.684
305.524
302.367
302.419
302.47
302.521
302.571
302.62
302.668
302.715
302.761
302.806
302.85
302.893
302.935
302.976
303.015
303.054
303.092
303.13
303.166
303.202
303.238
303.272
303.307
303.34
303.374
303.406
303.439
303.471
303.502
303.534
303.565
303.595
303.626
303.656
303.685
303.715
303.744
303.773
303.802
303.831
303.859
303.888
303.916
303.944
303.972
304
304.028
304.056
304.083
304.111
304.138
304.165
304.193
304.22
304.247
304.274
304.301
304.328
304.355
304.381
304.408
304.435
304.461
304.488
304.514
304.541
304.567
304.594
304.62
304.647
304.673
304.7
304.726
304.752
304.779
304.805
304.831
304.858
304.884
304.91
304.937
304.963
304.99
305.016
305.042
305.069
305.095
305.122
305.148
305.174
305.201
305.227
305.254
305.281
305.307
305.334
305.361
305.388
305.415
305.441
305.468
305.495
305.521
305.548
305.575
305.602
305.628
305.655
305.682
305.708
305.735
305.761
305.788
305.815
305.841
305.867
305.893
305.919
305.945
305.97
305.995
306.019
306.044
306.067
306.091
306.114
306.136
306.158
306.179
306.2
306.22
306.239
306.258
306.275
306.29
306.305
306.318
306.329
306.339
306.347
306.353
306.357
306.358
306.357
306.354
306.347
306.337
306.324
306.307
306.285
306.259
306.228
306.191
306.147
306.095
306.034
305.96
305.872
305.766
305.638
305.482
302.302
302.35
302.398
302.446
302.493
302.54
302.585
302.631
302.675
302.719
302.762
302.804
302.845
302.885
302.924
302.963
303.001
303.038
303.075
303.111
303.147
303.181
303.216
303.25
303.283
303.316
303.349
303.381
303.413
303.445
303.476
303.507
303.537
303.568
303.598
303.628
303.657
303.687
303.716
303.745
303.774
303.802
303.831
303.859
303.888
303.916
303.944
303.972
304
304.028
304.055
304.083
304.11
304.138
304.165
304.193
304.22
304.247
304.274
304.301
304.328
304.355
304.382
304.409
304.436
304.463
304.489
304.516
304.543
304.57
304.596
304.623
304.65
304.676
304.703
304.73
304.756
304.783
304.81
304.836
304.863
304.89
304.917
304.943
304.97
304.997
305.023
305.05
305.077
305.104
305.131
305.158
305.185
305.212
305.239
305.266
305.293
305.32
305.347
305.374
305.402
305.429
305.456
305.483
305.51
305.537
305.564
305.591
305.618
305.645
305.672
305.699
305.726
305.753
305.78
305.807
305.833
305.86
305.886
305.911
305.937
305.962
305.987
306.011
306.035
306.058
306.081
306.104
306.125
306.147
306.167
306.187
306.205
306.223
306.239
306.254
306.267
306.279
306.289
306.298
306.304
306.308
306.31
306.31
306.306
306.3
306.291
306.278
306.26
306.239
306.213
306.181
306.144
306.099
306.047
305.985
305.911
305.823
305.717
305.591
305.441
302.237
302.282
302.327
302.371
302.416
302.46
302.504
302.547
302.59
302.632
302.673
302.714
302.754
302.794
302.833
302.871
302.909
302.946
302.982
303.018
303.053
303.088
303.123
303.157
303.19
303.223
303.256
303.289
303.321
303.352
303.384
303.415
303.446
303.476
303.507
303.537
303.567
303.596
303.626
303.655
303.684
303.713
303.742
303.771
303.799
303.828
303.856
303.884
303.913
303.941
303.969
303.996
304.024
304.052
304.08
304.107
304.135
304.162
304.19
304.217
304.244
304.271
304.299
304.326
304.353
304.38
304.407
304.434
304.461
304.488
304.515
304.542
304.569
304.596
304.623
304.65
304.677
304.704
304.731
304.758
304.785
304.812
304.84
304.867
304.894
304.921
304.948
304.975
305.002
305.029
305.057
305.084
305.111
305.139
305.166
305.194
305.221
305.249
305.276
305.304
305.331
305.359
305.386
305.414
305.441
305.469
305.496
305.524
305.551
305.579
305.606
305.634
305.661
305.689
305.716
305.743
305.77
305.797
305.823
305.849
305.875
305.901
305.926
305.951
305.975
305.999
306.023
306.046
306.068
306.09
306.111
306.131
306.15
306.168
306.184
306.2
306.214
306.226
306.237
306.246
306.253
306.257
306.26
306.259
306.257
306.251
306.241
306.228
306.211
306.19
306.164
306.132
306.095
306.05
305.997
305.935
305.861
305.773
305.669
305.545
305.401
302.172
302.214
302.256
302.298
302.339
302.381
302.423
302.464
302.505
302.545
302.585
302.625
302.664
302.702
302.74
302.778
302.815
302.852
302.888
302.923
302.958
302.993
303.027
303.061
303.095
303.128
303.161
303.193
303.226
303.257
303.289
303.32
303.351
303.382
303.413
303.443
303.473
303.503
303.533
303.562
303.591
303.621
303.65
303.679
303.707
303.736
303.765
303.793
303.822
303.85
303.878
303.906
303.934
303.962
303.99
304.018
304.046
304.073
304.101
304.129
304.156
304.184
304.211
304.239
304.266
304.294
304.321
304.348
304.376
304.403
304.43
304.458
304.485
304.512
304.54
304.567
304.594
304.622
304.649
304.676
304.704
304.731
304.759
304.786
304.813
304.841
304.868
304.896
304.923
304.951
304.979
305.006
305.034
305.062
305.089
305.117
305.145
305.173
305.201
305.229
305.257
305.285
305.313
305.341
305.369
305.397
305.425
305.453
305.481
305.509
305.537
305.565
305.592
305.62
305.648
305.675
305.703
305.73
305.757
305.784
305.81
305.836
305.862
305.887
305.912
305.937
305.961
305.984
306.007
306.03
306.051
306.071
306.091
306.11
306.127
306.143
306.157
306.17
306.181
306.191
306.198
306.203
306.206
306.206
306.204
306.198
306.189
306.177
306.16
306.139
306.113
306.081
306.043
305.999
305.946
305.883
305.809
305.722
305.62
305.5
305.362
302.107
302.146
302.185
302.224
302.264
302.303
302.342
302.381
302.42
302.459
302.497
302.536
302.573
302.611
302.648
302.685
302.721
302.757
302.792
302.827
302.862
302.897
302.931
302.964
302.998
303.031
303.063
303.096
303.128
303.16
303.191
303.223
303.254
303.285
303.315
303.346
303.376
303.406
303.436
303.466
303.495
303.524
303.554
303.583
303.612
303.641
303.67
303.698
303.727
303.755
303.784
303.812
303.84
303.869
303.897
303.925
303.953
303.981
304.009
304.037
304.064
304.092
304.12
304.148
304.175
304.203
304.231
304.259
304.286
304.314
304.341
304.369
304.397
304.424
304.452
304.48
304.507
304.535
304.563
304.59
304.618
304.646
304.673
304.701
304.729
304.757
304.785
304.813
304.841
304.868
304.896
304.925
304.953
304.981
305.009
305.037
305.066
305.094
305.122
305.151
305.179
305.207
305.236
305.264
305.293
305.321
305.349
305.378
305.406
305.435
305.463
305.491
305.52
305.548
305.576
305.604
305.632
305.66
305.687
305.715
305.741
305.768
305.794
305.82
305.846
305.871
305.896
305.92
305.943
305.966
305.988
306.009
306.029
306.048
306.066
306.082
306.097
306.111
306.123
306.133
306.14
306.146
306.15
306.15
306.148
306.143
306.134
306.122
306.106
306.085
306.059
306.027
305.99
305.945
305.892
305.83
305.757
305.671
305.57
305.454
305.323
302.042
302.078
302.115
302.151
302.188
302.226
302.263
302.3
302.337
302.374
302.41
302.447
302.483
302.52
302.555
302.591
302.626
302.661
302.696
302.731
302.765
302.799
302.832
302.866
302.899
302.931
302.964
302.996
303.028
303.06
303.091
303.123
303.154
303.185
303.215
303.246
303.276
303.306
303.336
303.366
303.396
303.425
303.455
303.484
303.513
303.542
303.571
303.6
303.629
303.657
303.686
303.714
303.743
303.771
303.8
303.828
303.856
303.884
303.913
303.941
303.969
303.997
304.025
304.053
304.081
304.109
304.137
304.165
304.193
304.221
304.249
304.276
304.304
304.332
304.36
304.388
304.416
304.444
304.472
304.5
304.528
304.556
304.584
304.613
304.641
304.669
304.697
304.725
304.754
304.782
304.81
304.839
304.867
304.896
304.925
304.953
304.982
305.011
305.039
305.068
305.097
305.126
305.155
305.183
305.212
305.241
305.27
305.299
305.328
305.357
305.386
305.414
305.443
305.472
305.501
305.529
305.558
305.586
305.614
305.642
305.669
305.696
305.723
305.75
305.776
305.801
305.827
305.851
305.875
305.898
305.921
305.943
305.963
305.983
306.001
306.018
306.034
306.048
306.061
306.071
306.08
306.086
306.09
306.091
306.09
306.085
306.077
306.065
306.049
306.028
306.003
305.972
305.934
305.89
305.837
305.776
305.703
305.619
305.521
305.409
305.284
301.976
302.01
302.045
302.079
302.114
302.149
302.184
302.219
302.254
302.289
302.324
302.359
302.394
302.429
302.463
302.498
302.532
302.566
302.6
302.634
302.667
302.7
302.733
302.766
302.799
302.831
302.863
302.895
302.927
302.958
302.99
303.021
303.052
303.082
303.113
303.143
303.174
303.204
303.234
303.264
303.293
303.323
303.352
303.382
303.411
303.44
303.469
303.498
303.527
303.556
303.585
303.613
303.642
303.671
303.699
303.728
303.756
303.785
303.813
303.841
303.87
303.898
303.926
303.954
303.983
304.011
304.039
304.067
304.095
304.124
304.152
304.18
304.208
304.236
304.265
304.293
304.321
304.35
304.378
304.406
304.435
304.463
304.492
304.52
304.549
304.577
304.606
304.634
304.663
304.692
304.721
304.749
304.778
304.807
304.836
304.865
304.894
304.923
304.953
304.982
305.011
305.04
305.07
305.099
305.128
305.158
305.187
305.216
305.246
305.275
305.304
305.334
305.363
305.392
305.421
305.45
305.479
305.508
305.536
305.565
305.593
305.621
305.648
305.675
305.702
305.728
305.754
305.779
305.804
305.827
305.851
305.873
305.894
305.914
305.933
305.951
305.967
305.982
305.995
306.006
306.015
306.022
306.027
306.029
306.028
306.024
306.016
306.005
305.989
305.969
305.944
305.913
305.876
305.833
305.781
305.72
305.649
305.566
305.472
305.364
305.245
301.911
301.943
301.975
302.007
302.04
302.073
302.106
302.139
302.172
302.205
302.239
302.272
302.305
302.339
302.372
302.405
302.438
302.471
302.504
302.537
302.569
302.602
302.634
302.666
302.698
302.73
302.761
302.793
302.824
302.855
302.886
302.917
302.948
302.978
303.009
303.039
303.069
303.099
303.129
303.159
303.189
303.218
303.248
303.277
303.306
303.335
303.365
303.394
303.423
303.452
303.48
303.509
303.538
303.567
303.595
303.624
303.653
303.681
303.71
303.738
303.767
303.795
303.824
303.852
303.881
303.909
303.938
303.966
303.994
304.023
304.051
304.08
304.108
304.137
304.165
304.194
304.223
304.251
304.28
304.308
304.337
304.366
304.395
304.424
304.452
304.481
304.51
304.539
304.568
304.598
304.627
304.656
304.685
304.714
304.744
304.773
304.803
304.832
304.862
304.892
304.921
304.951
304.981
305.01
305.04
305.07
305.1
305.13
305.159
305.189
305.219
305.249
305.279
305.308
305.338
305.367
305.397
305.426
305.455
305.484
305.513
305.541
305.569
305.597
305.624
305.651
305.677
305.703
305.728
305.753
305.776
305.799
305.821
305.842
305.862
305.88
305.897
305.913
305.926
305.938
305.948
305.955
305.961
305.963
305.963
305.959
305.952
305.942
305.927
305.907
305.883
305.853
305.816
305.773
305.722
305.663
305.593
305.513
305.422
305.319
305.205
301.846
301.876
301.906
301.936
301.967
301.998
302.029
302.06
302.091
302.123
302.154
302.186
302.218
302.249
302.281
302.313
302.345
302.377
302.408
302.44
302.471
302.503
302.534
302.566
302.597
302.628
302.659
302.69
302.721
302.751
302.782
302.812
302.843
302.873
302.903
302.933
302.963
302.993
303.022
303.052
303.082
303.111
303.141
303.17
303.199
303.228
303.257
303.287
303.316
303.345
303.373
303.402
303.431
303.46
303.489
303.517
303.546
303.575
303.604
303.632
303.661
303.69
303.718
303.747
303.775
303.804
303.833
303.861
303.89
303.919
303.947
303.976
304.005
304.034
304.063
304.091
304.12
304.149
304.178
304.207
304.236
304.265
304.294
304.323
304.353
304.382
304.411
304.441
304.47
304.5
304.529
304.559
304.588
304.618
304.648
304.678
304.708
304.737
304.767
304.797
304.828
304.858
304.888
304.918
304.948
304.979
305.009
305.039
305.069
305.1
305.13
305.16
305.19
305.221
305.251
305.281
305.311
305.34
305.37
305.399
305.429
305.458
305.486
305.514
305.542
305.57
305.597
305.623
305.649
305.674
305.698
305.722
305.744
305.766
305.786
305.805
305.823
305.839
305.854
305.866
305.877
305.885
305.891
305.894
305.895
305.892
305.886
305.876
305.861
305.843
305.819
305.79
305.754
305.712
305.662
305.604
305.537
305.46
305.372
305.274
305.166
301.781
301.809
301.837
301.866
301.894
301.923
301.952
301.982
302.011
302.041
302.071
302.101
302.131
302.161
302.192
302.222
302.253
302.283
302.313
302.344
302.374
302.405
302.435
302.466
302.496
302.526
302.557
302.587
302.617
302.647
302.677
302.707
302.737
302.767
302.796
302.826
302.856
302.885
302.915
302.944
302.973
303.003
303.032
303.061
303.09
303.119
303.148
303.177
303.206
303.235
303.264
303.293
303.322
303.351
303.379
303.408
303.437
303.466
303.495
303.523
303.552
303.581
303.61
303.638
303.667
303.696
303.725
303.754
303.783
303.811
303.84
303.869
303.898
303.927
303.956
303.985
304.015
304.044
304.073
304.102
304.132
304.161
304.19
304.22
304.249
304.279
304.309
304.338
304.368
304.398
304.428
304.458
304.488
304.518
304.548
304.578
304.609
304.639
304.669
304.7
304.73
304.761
304.791
304.822
304.853
304.883
304.914
304.945
304.976
305.006
305.037
305.068
305.099
305.129
305.16
305.19
305.221
305.251
305.281
305.311
305.341
305.37
305.399
305.428
305.457
305.485
305.512
305.539
305.566
305.591
305.616
305.641
305.664
305.686
305.707
305.727
305.745
305.762
305.777
305.791
305.802
305.811
305.818
305.822
305.823
305.821
305.815
305.806
305.793
305.775
305.752
305.724
305.69
305.649
305.601
305.544
305.479
305.405
305.321
305.228
305.126
301.717
301.743
301.769
301.796
301.823
301.85
301.877
301.905
301.933
301.961
301.989
302.017
302.046
302.075
302.104
302.132
302.162
302.191
302.22
302.249
302.278
302.308
302.337
302.366
302.396
302.425
302.455
302.484
302.513
302.543
302.572
302.601
302.631
302.66
302.689
302.718
302.747
302.777
302.806
302.835
302.864
302.893
302.922
302.951
302.98
303.008
303.037
303.066
303.095
303.124
303.153
303.182
303.21
303.239
303.268
303.297
303.326
303.354
303.383
303.412
303.441
303.47
303.499
303.527
303.556
303.585
303.614
303.643
303.672
303.701
303.73
303.759
303.789
303.818
303.847
303.876
303.906
303.935
303.965
303.994
304.024
304.053
304.083
304.113
304.143
304.173
304.203
304.233
304.263
304.293
304.323
304.354
304.384
304.414
304.445
304.476
304.506
304.537
304.568
304.599
304.629
304.66
304.691
304.722
304.754
304.785
304.816
304.847
304.878
304.909
304.941
304.972
305.003
305.034
305.065
305.096
305.127
305.158
305.189
305.219
305.249
305.279
305.309
305.338
305.367
305.396
305.424
305.452
305.479
305.505
305.531
305.555
305.579
305.602
305.624
305.644
305.664
305.681
305.697
305.711
305.723
305.733
305.741
305.745
305.747
305.746
305.742
305.734
305.721
305.705
305.683
305.656
305.623
305.583
305.537
305.483
305.421
305.35
305.27
305.181
305.085
301.653
301.678
301.702
301.727
301.752
301.778
301.803
301.829
301.856
301.882
301.909
301.935
301.962
301.99
302.017
302.044
302.072
302.1
302.128
302.156
302.184
302.212
302.24
302.268
302.297
302.325
302.354
302.382
302.411
302.439
302.468
302.496
302.525
302.553
302.582
302.611
302.639
302.668
302.696
302.725
302.754
302.782
302.811
302.84
302.868
302.897
302.925
302.954
302.983
303.011
303.04
303.069
303.097
303.126
303.155
303.183
303.212
303.241
303.27
303.299
303.327
303.356
303.385
303.414
303.443
303.472
303.501
303.53
303.559
303.589
303.618
303.647
303.676
303.706
303.735
303.765
303.794
303.824
303.854
303.883
303.913
303.943
303.973
304.003
304.033
304.063
304.094
304.124
304.154
304.185
304.215
304.246
304.277
304.308
304.339
304.37
304.401
304.432
304.463
304.494
304.525
304.557
304.588
304.62
304.651
304.683
304.714
304.746
304.777
304.809
304.841
304.872
304.904
304.936
304.967
304.999
305.03
305.061
305.092
305.123
305.154
305.184
305.215
305.245
305.274
305.303
305.332
305.36
305.388
305.415
305.441
305.466
305.491
305.515
305.537
305.558
305.578
305.596
305.613
305.628
305.641
305.651
305.66
305.666
305.669
305.668
305.665
305.658
305.647
305.631
305.61
305.585
305.553
305.516
305.471
305.42
305.36
305.293
305.217
305.134
305.042
301.591
301.613
301.636
301.66
301.683
301.707
301.731
301.755
301.78
301.805
301.83
301.855
301.881
301.906
301.932
301.958
301.984
302.011
302.037
302.064
302.091
302.118
302.145
302.172
302.199
302.226
302.254
302.281
302.309
302.337
302.364
302.392
302.42
302.448
302.476
302.504
302.531
302.559
302.588
302.616
302.644
302.672
302.7
302.728
302.757
302.785
302.813
302.841
302.87
302.898
302.927
302.955
302.983
303.012
303.041
303.069
303.098
303.126
303.155
303.184
303.213
303.241
303.27
303.299
303.328
303.357
303.386
303.416
303.445
303.474
303.503
303.533
303.562
303.592
303.621
303.651
303.681
303.71
303.74
303.77
303.8
303.83
303.861
303.891
303.921
303.952
303.982
304.013
304.043
304.074
304.105
304.136
304.167
304.198
304.229
304.261
304.292
304.323
304.355
304.387
304.418
304.45
304.482
304.514
304.545
304.577
304.609
304.641
304.673
304.705
304.738
304.77
304.802
304.834
304.866
304.897
304.929
304.961
304.993
305.024
305.055
305.086
305.117
305.147
305.177
305.207
305.236
305.265
305.293
305.321
305.348
305.374
305.399
305.423
305.446
305.468
305.488
305.507
305.525
305.541
305.554
305.566
305.575
305.582
305.586
305.587
305.584
305.578
305.568
305.554
305.535
305.511
305.481
305.446
305.404
305.355
305.299
305.235
305.164
305.085
304.999
301.529
301.55
301.571
301.593
301.615
301.638
301.66
301.683
301.706
301.729
301.753
301.777
301.801
301.825
301.849
301.874
301.899
301.924
301.949
301.974
302
302.026
302.051
302.077
302.104
302.13
302.156
302.183
302.209
302.236
302.263
302.289
302.316
302.343
302.37
302.398
302.425
302.452
302.48
302.507
302.535
302.562
302.59
302.617
302.645
302.673
302.701
302.729
302.757
302.785
302.813
302.841
302.869
302.898
302.926
302.954
302.983
303.011
303.04
303.068
303.097
303.126
303.155
303.183
303.212
303.241
303.27
303.3
303.329
303.358
303.387
303.417
303.446
303.476
303.506
303.535
303.565
303.595
303.625
303.655
303.685
303.716
303.746
303.776
303.807
303.838
303.868
303.899
303.93
303.961
303.992
304.024
304.055
304.086
304.118
304.149
304.181
304.213
304.245
304.276
304.308
304.341
304.373
304.405
304.437
304.469
304.502
304.534
304.566
304.599
304.631
304.664
304.696
304.729
304.761
304.793
304.825
304.858
304.89
304.921
304.953
304.984
305.016
305.047
305.077
305.107
305.137
305.166
305.195
305.223
305.25
305.277
305.303
305.328
305.351
305.374
305.395
305.415
305.433
305.449
305.464
305.476
305.487
305.494
305.499
305.501
305.5
305.495
305.487
305.474
305.456
305.434
305.406
305.373
305.334
305.288
305.235
305.175
305.108
305.034
304.954
301.468
301.488
301.508
301.528
301.549
301.57
301.591
301.613
301.634
301.656
301.678
301.701
301.723
301.746
301.769
301.792
301.816
301.839
301.863
301.887
301.912
301.936
301.961
301.985
302.01
302.035
302.061
302.086
302.112
302.137
302.163
302.189
302.215
302.241
302.267
302.294
302.32
302.347
302.373
302.4
302.427
302.454
302.481
302.508
302.535
302.562
302.59
302.617
302.645
302.672
302.7
302.728
302.756
302.784
302.812
302.84
302.868
302.896
302.924
302.953
302.981
303.01
303.038
303.067
303.096
303.125
303.154
303.183
303.212
303.241
303.271
303.3
303.33
303.359
303.389
303.419
303.449
303.479
303.509
303.539
303.569
303.6
303.63
303.661
303.691
303.722
303.753
303.784
303.815
303.846
303.878
303.909
303.941
303.972
304.004
304.036
304.068
304.1
304.132
304.164
304.197
304.229
304.261
304.294
304.326
304.359
304.392
304.424
304.457
304.49
304.523
304.555
304.588
304.621
304.654
304.686
304.719
304.751
304.784
304.816
304.848
304.88
304.911
304.943
304.974
305.004
305.034
305.064
305.093
305.122
305.15
305.177
305.203
305.228
305.253
305.276
305.298
305.318
305.337
305.354
305.37
305.383
305.394
305.403
305.409
305.412
305.412
305.408
305.401
305.39
305.374
305.354
305.328
305.297
305.261
305.218
305.169
305.113
305.05
304.982
304.906
301.409
301.428
301.446
301.466
301.485
301.504
301.524
301.544
301.564
301.585
301.606
301.627
301.648
301.67
301.691
301.713
301.735
301.758
301.78
301.803
301.826
301.849
301.873
301.896
301.92
301.944
301.968
301.992
302.017
302.041
302.066
302.091
302.116
302.141
302.167
302.192
302.218
302.243
302.269
302.295
302.321
302.347
302.374
302.4
302.427
302.453
302.48
302.507
302.534
302.561
302.588
302.616
302.643
302.671
302.698
302.726
302.754
302.782
302.81
302.838
302.866
302.894
302.923
302.951
302.98
303.009
303.037
303.066
303.095
303.125
303.154
303.183
303.213
303.242
303.272
303.302
303.332
303.362
303.392
303.422
303.452
303.483
303.513
303.544
303.575
303.606
303.637
303.668
303.699
303.731
303.762
303.794
303.825
303.857
303.889
303.921
303.953
303.986
304.018
304.05
304.083
304.116
304.148
304.181
304.214
304.247
304.28
304.313
304.346
304.379
304.412
304.445
304.478
304.511
304.544
304.577
304.61
304.642
304.675
304.708
304.74
304.772
304.804
304.836
304.867
304.898
304.929
304.959
304.988
305.017
305.045
305.073
305.1
305.126
305.151
305.174
305.197
305.218
305.237
305.255
305.272
305.286
305.298
305.307
305.314
305.319
305.32
305.318
305.312
305.302
305.288
305.27
305.247
305.219
305.185
305.145
305.1
305.048
304.99
304.926
304.856
301.352
301.369
301.387
301.405
301.423
301.441
301.459
301.478
301.497
301.517
301.536
301.556
301.576
301.596
301.617
301.637
301.658
301.679
301.701
301.722
301.744
301.766
301.788
301.81
301.833
301.856
301.879
301.902
301.925
301.949
301.973
301.996
302.02
302.045
302.069
302.094
302.118
302.143
302.168
302.193
302.218
302.244
302.269
302.295
302.321
302.347
302.373
302.399
302.426
302.452
302.479
302.506
302.533
302.56
302.587
302.614
302.641
302.669
302.697
302.724
302.752
302.78
302.808
302.837
302.865
302.894
302.922
302.951
302.98
303.009
303.038
303.067
303.096
303.126
303.156
303.185
303.215
303.245
303.275
303.305
303.336
303.366
303.397
303.428
303.458
303.489
303.521
303.552
303.583
303.615
303.646
303.678
303.71
303.742
303.774
303.806
303.838
303.871
303.903
303.936
303.968
304.001
304.034
304.067
304.1
304.133
304.166
304.199
304.233
304.266
304.299
304.332
304.366
304.399
304.432
304.465
304.498
304.531
304.564
304.597
304.63
304.662
304.694
304.726
304.758
304.789
304.82
304.85
304.88
304.91
304.938
304.966
304.993
305.02
305.045
305.069
305.092
305.114
305.134
305.153
305.17
305.185
305.197
305.208
305.216
305.221
305.224
305.223
305.219
305.211
305.199
305.183
305.162
305.136
305.106
305.069
305.028
304.98
304.927
304.868
304.803
301.297
301.313
301.329
301.346
301.363
301.38
301.397
301.415
301.433
301.451
301.469
301.488
301.507
301.526
301.545
301.564
301.584
301.604
301.624
301.645
301.665
301.686
301.707
301.728
301.75
301.771
301.793
301.815
301.838
301.86
301.883
301.905
301.929
301.952
301.975
301.999
302.022
302.046
302.071
302.095
302.119
302.144
302.169
302.194
302.219
302.244
302.269
302.295
302.321
302.347
302.373
302.399
302.425
302.452
302.478
302.505
302.532
302.559
302.586
302.613
302.641
302.669
302.696
302.724
302.752
302.78
302.809
302.837
302.866
302.895
302.924
302.953
302.982
303.011
303.041
303.07
303.1
303.13
303.16
303.19
303.22
303.251
303.281
303.312
303.343
303.374
303.405
303.436
303.467
303.499
303.53
303.562
303.594
303.626
303.658
303.69
303.723
303.755
303.788
303.821
303.853
303.886
303.919
303.952
303.986
304.019
304.052
304.085
304.119
304.152
304.186
304.219
304.252
304.286
304.319
304.353
304.386
304.419
304.452
304.485
304.518
304.55
304.583
304.615
304.647
304.678
304.709
304.74
304.77
304.799
304.828
304.857
304.884
304.911
304.936
304.961
304.984
305.007
305.027
305.046
305.064
305.08
305.093
305.105
305.114
305.12
305.124
305.125
305.122
305.116
305.106
305.092
305.073
305.05
305.023
304.99
304.952
304.909
304.86
304.806
304.747
301.244
301.259
301.274
301.29
301.306
301.322
301.338
301.355
301.372
301.389
301.406
301.423
301.441
301.459
301.477
301.495
301.514
301.533
301.552
301.571
301.59
301.61
301.63
301.65
301.67
301.691
301.712
301.733
301.754
301.775
301.797
301.819
301.841
301.863
301.886
301.908
301.931
301.954
301.977
302.001
302.024
302.048
302.072
302.096
302.12
302.145
302.17
302.194
302.219
302.245
302.27
302.295
302.321
302.347
302.373
302.399
302.426
302.452
302.479
302.506
302.533
302.56
302.587
302.615
302.642
302.67
302.698
302.726
302.755
302.783
302.812
302.841
302.87
302.899
302.928
302.957
302.987
303.016
303.046
303.076
303.106
303.137
303.167
303.198
303.229
303.259
303.29
303.322
303.353
303.384
303.416
303.448
303.48
303.512
303.544
303.576
303.608
303.641
303.673
303.706
303.739
303.772
303.805
303.838
303.871
303.905
303.938
303.971
304.005
304.038
304.072
304.105
304.139
304.172
304.206
304.239
304.272
304.305
304.339
304.372
304.404
304.437
304.47
304.502
304.534
304.565
304.596
304.627
304.657
304.687
304.716
304.744
304.772
304.799
304.825
304.85
304.874
304.896
304.917
304.937
304.955
304.971
304.986
304.998
305.008
305.015
305.02
305.022
305.021
305.017
305.009
304.997
304.981
304.961
304.936
304.907
304.872
304.833
304.789
304.74
304.686
301.194
301.208
301.222
301.237
301.252
301.267
301.282
301.298
301.313
301.329
301.346
301.362
301.379
301.396
301.413
301.43
301.448
301.465
301.483
301.501
301.52
301.539
301.557
301.576
301.596
301.615
301.635
301.655
301.675
301.696
301.716
301.737
301.758
301.779
301.801
301.823
301.844
301.867
301.889
301.911
301.934
301.957
301.98
302.003
302.027
302.051
302.074
302.099
302.123
302.147
302.172
302.197
302.222
302.247
302.273
302.298
302.324
302.35
302.376
302.402
302.429
302.456
302.482
302.509
302.537
302.564
302.592
302.619
302.647
302.675
302.704
302.732
302.761
302.789
302.818
302.848
302.877
302.906
302.936
302.966
302.996
303.026
303.056
303.086
303.117
303.148
303.179
303.21
303.241
303.272
303.304
303.335
303.367
303.399
303.431
303.463
303.496
303.528
303.561
303.593
303.626
303.659
303.692
303.725
303.758
303.791
303.825
303.858
303.891
303.925
303.958
303.992
304.025
304.059
304.092
304.125
304.159
304.192
304.225
304.258
304.291
304.323
304.356
304.388
304.42
304.451
304.482
304.513
304.543
304.573
304.602
304.63
304.658
304.685
304.711
304.736
304.76
304.783
304.804
304.824
304.843
304.86
304.875
304.888
304.899
304.907
304.913
304.916
304.917
304.914
304.908
304.898
304.884
304.867
304.845
304.819
304.789
304.754
304.714
304.67
304.621
301.146
301.16
301.173
301.187
301.201
301.215
301.23
301.244
301.259
301.274
301.289
301.305
301.321
301.336
301.353
301.369
301.386
301.402
301.419
301.437
301.454
301.472
301.49
301.508
301.526
301.545
301.563
301.582
301.602
301.621
301.641
301.661
301.681
301.701
301.722
301.742
301.763
301.784
301.806
301.828
301.849
301.871
301.894
301.916
301.939
301.962
301.985
302.008
302.032
302.055
302.079
302.104
302.128
302.152
302.177
302.202
302.227
302.253
302.278
302.304
302.33
302.356
302.382
302.409
302.436
302.463
302.49
302.517
302.544
302.572
302.6
302.628
302.656
302.685
302.713
302.742
302.771
302.8
302.83
302.859
302.889
302.919
302.949
302.979
303.009
303.04
303.07
303.101
303.132
303.163
303.195
303.226
303.258
303.289
303.321
303.353
303.386
303.418
303.45
303.483
303.515
303.548
303.581
303.614
303.647
303.68
303.713
303.746
303.78
303.813
303.846
303.879
303.913
303.946
303.979
304.013
304.046
304.079
304.112
304.144
304.177
304.209
304.242
304.274
304.305
304.337
304.367
304.398
304.428
304.458
304.487
304.515
304.543
304.57
304.596
304.621
304.645
304.668
304.689
304.71
304.728
304.746
304.761
304.775
304.786
304.796
304.802
304.807
304.809
304.807
304.803
304.795
304.784
304.769
304.751
304.728
304.701
304.67
304.635
304.595
304.551
301.102
301.115
301.128
301.141
301.154
301.167
301.181
301.195
301.209
301.223
301.237
301.252
301.267
301.282
301.297
301.313
301.328
301.344
301.36
301.377
301.393
301.41
301.427
301.444
301.461
301.479
301.497
301.515
301.533
301.552
301.571
301.59
301.609
301.628
301.648
301.668
301.688
301.708
301.729
301.75
301.771
301.792
301.813
301.835
301.857
301.879
301.901
301.924
301.947
301.97
301.993
302.016
302.04
302.064
302.088
302.112
302.137
302.162
302.187
302.212
302.237
302.263
302.288
302.314
302.341
302.367
302.394
302.42
302.447
302.475
302.502
302.53
302.557
302.585
302.614
302.642
302.671
302.699
302.728
302.757
302.787
302.816
302.846
302.876
302.906
302.936
302.967
302.997
303.028
303.059
303.09
303.121
303.152
303.184
303.215
303.247
303.279
303.311
303.343
303.376
303.408
303.441
303.473
303.506
303.539
303.571
303.604
303.637
303.67
303.703
303.736
303.769
303.802
303.835
303.868
303.901
303.934
303.967
304
304.032
304.064
304.096
304.128
304.16
304.191
304.222
304.253
304.283
304.313
304.342
304.371
304.399
304.426
304.453
304.479
304.504
304.528
304.551
304.572
304.593
304.612
304.629
304.645
304.659
304.671
304.681
304.689
304.695
304.697
304.698
304.695
304.689
304.68
304.668
304.652
304.632
304.609
304.582
304.551
304.515
304.476
301.062
301.074
301.086
301.098
301.111
301.123
301.136
301.149
301.162
301.176
301.19
301.203
301.217
301.232
301.246
301.261
301.276
301.291
301.306
301.322
301.337
301.353
301.37
301.386
301.403
301.419
301.436
301.454
301.471
301.489
301.507
301.525
301.543
301.562
301.581
301.6
301.619
301.639
301.659
301.679
301.699
301.719
301.74
301.761
301.782
301.803
301.825
301.847
301.869
301.891
301.913
301.936
301.959
301.982
302.006
302.029
302.053
302.077
302.102
302.126
302.151
302.176
302.201
302.227
302.252
302.278
302.304
302.33
302.357
302.384
302.41
302.438
302.465
302.492
302.52
302.548
302.576
302.605
302.633
302.662
302.691
302.72
302.749
302.779
302.808
302.838
302.868
302.899
302.929
302.959
302.99
303.021
303.052
303.083
303.115
303.146
303.178
303.209
303.241
303.273
303.305
303.337
303.37
303.402
303.434
303.467
303.499
303.532
303.565
303.597
303.63
303.662
303.695
303.728
303.76
303.793
303.825
303.858
303.89
303.922
303.954
303.985
304.017
304.048
304.079
304.109
304.139
304.169
304.199
304.227
304.256
304.283
304.31
304.337
304.362
304.387
304.41
304.433
304.455
304.475
304.494
304.511
304.528
304.542
304.554
304.565
304.574
304.58
304.584
304.585
304.584
304.58
304.573
304.563
304.55
304.534
304.514
304.49
304.463
304.432
304.397
301.025
301.036
301.048
301.06
301.071
301.083
301.096
301.108
301.121
301.134
301.147
301.16
301.173
301.187
301.2
301.214
301.229
301.243
301.258
301.272
301.287
301.303
301.318
301.334
301.35
301.366
301.382
301.399
301.415
301.432
301.449
301.467
301.484
301.502
301.52
301.539
301.557
301.576
301.595
301.614
301.634
301.654
301.673
301.694
301.714
301.735
301.756
301.777
301.798
301.82
301.841
301.863
301.886
301.908
301.931
301.954
301.977
302.001
302.024
302.048
302.072
302.097
302.121
302.146
302.171
302.197
302.222
302.248
302.274
302.3
302.326
302.353
302.38
302.407
302.434
302.462
302.489
302.517
302.545
302.573
302.602
302.631
302.659
302.689
302.718
302.747
302.777
302.807
302.837
302.867
302.897
302.927
302.958
302.989
303.02
303.051
303.082
303.113
303.144
303.176
303.208
303.239
303.271
303.303
303.335
303.367
303.399
303.431
303.463
303.495
303.528
303.56
303.592
303.624
303.656
303.688
303.72
303.751
303.783
303.814
303.846
303.877
303.908
303.938
303.968
303.998
304.028
304.057
304.086
304.114
304.142
304.169
304.195
304.221
304.246
304.27
304.293
304.316
304.337
304.357
304.376
304.393
304.409
304.424
304.437
304.448
304.457
304.464
304.469
304.472
304.472
304.469
304.464
304.456
304.446
304.432
304.415
304.395
304.371
304.344
304.314
300.992
301.003
301.014
301.025
301.037
301.048
301.06
301.072
301.084
301.096
301.108
301.121
301.134
301.147
301.16
301.173
301.187
301.201
301.215
301.229
301.243
301.258
301.273
301.288
301.303
301.318
301.334
301.35
301.366
301.382
301.399
301.415
301.432
301.45
301.467
301.485
301.503
301.521
301.539
301.558
301.576
301.595
301.615
301.634
301.654
301.674
301.694
301.715
301.735
301.756
301.777
301.799
301.82
301.842
301.864
301.887
301.909
301.932
301.955
301.979
302.002
302.026
302.05
302.074
302.099
302.123
302.148
302.174
302.199
302.225
302.25
302.277
302.303
302.329
302.356
302.383
302.41
302.438
302.465
302.493
302.521
302.549
302.577
302.606
302.635
302.664
302.693
302.722
302.752
302.781
302.811
302.841
302.871
302.901
302.932
302.962
302.993
303.024
303.054
303.085
303.117
303.148
303.179
303.21
303.242
303.273
303.305
303.336
303.368
303.399
303.431
303.462
303.494
303.525
303.556
303.588
303.619
303.65
303.681
303.711
303.742
303.772
303.802
303.832
303.862
303.891
303.92
303.948
303.976
304.003
304.03
304.057
304.082
304.108
304.132
304.155
304.178
304.2
304.221
304.24
304.259
304.276
304.292
304.306
304.319
304.331
304.34
304.348
304.354
304.357
304.359
304.358
304.354
304.348
304.34
304.328
304.314
304.297
304.277
304.254
304.228
300.964
300.974
300.985
300.996
301.007
301.018
301.029
301.04
301.052
301.064
301.076
301.088
301.1
301.112
301.125
301.138
301.151
301.164
301.178
301.191
301.205
301.219
301.233
301.248
301.263
301.277
301.292
301.308
301.323
301.339
301.355
301.371
301.387
301.404
301.421
301.438
301.455
301.473
301.49
301.508
301.527
301.545
301.564
301.583
301.602
301.621
301.641
301.661
301.681
301.701
301.722
301.743
301.764
301.785
301.806
301.828
301.85
301.873
301.895
301.918
301.941
301.964
301.987
302.011
302.035
302.059
302.084
302.108
302.133
302.158
302.184
302.209
302.235
302.261
302.287
302.313
302.34
302.367
302.394
302.421
302.449
302.476
302.504
302.532
302.56
302.589
302.617
302.646
302.675
302.704
302.733
302.763
302.792
302.822
302.852
302.882
302.912
302.942
302.972
303.003
303.033
303.064
303.094
303.125
303.156
303.186
303.217
303.248
303.279
303.31
303.34
303.371
303.402
303.432
303.463
303.493
303.524
303.554
303.584
303.614
303.644
303.673
303.702
303.731
303.76
303.788
303.816
303.843
303.87
303.897
303.923
303.949
303.973
303.998
304.021
304.044
304.066
304.087
304.107
304.126
304.144
304.161
304.177
304.191
304.204
304.215
304.225
304.233
304.24
304.244
304.246
304.247
304.245
304.24
304.234
304.225
304.213
304.199
304.182
304.162
304.14
300.94
300.95
300.961
300.971
300.981
300.992
301.003
301.014
301.025
301.036
301.048
301.06
301.072
301.084
301.096
301.108
301.121
301.134
301.147
301.16
301.173
301.187
301.201
301.215
301.229
301.243
301.258
301.273
301.288
301.303
301.318
301.334
301.35
301.366
301.382
301.399
301.416
301.433
301.45
301.467
301.485
301.503
301.521
301.54
301.558
301.577
301.596
301.615
301.635
301.655
301.675
301.695
301.716
301.737
301.758
301.779
301.8
301.822
301.844
301.866
301.889
301.911
301.934
301.957
301.981
302.005
302.028
302.053
302.077
302.101
302.126
302.151
302.176
302.202
302.228
302.253
302.28
302.306
302.332
302.359
302.386
302.413
302.44
302.468
302.496
302.523
302.551
302.58
302.608
302.636
302.665
302.694
302.723
302.752
302.781
302.81
302.84
302.869
302.899
302.928
302.958
302.988
303.018
303.048
303.078
303.108
303.138
303.168
303.198
303.228
303.258
303.288
303.318
303.347
303.377
303.406
303.436
303.465
303.494
303.523
303.552
303.58
303.609
303.636
303.664
303.691
303.718
303.745
303.771
303.796
303.821
303.846
303.87
303.893
303.916
303.938
303.959
303.979
303.999
304.017
304.035
304.051
304.066
304.08
304.093
304.104
304.114
304.122
304.129
304.134
304.137
304.138
304.138
304.135
304.13
304.123
304.113
304.102
304.088
304.071
304.052
300.921
300.931
300.941
300.951
300.961
300.971
300.982
300.993
301.004
301.015
301.026
301.037
301.049
301.061
301.072
301.085
301.097
301.109
301.122
301.135
301.148
301.161
301.174
301.188
301.202
301.216
301.23
301.244
301.259
301.274
301.289
301.304
301.32
301.335
301.351
301.368
301.384
301.4
301.417
301.434
301.452
301.469
301.487
301.505
301.523
301.541
301.56
301.579
301.598
301.617
301.637
301.657
301.677
301.697
301.718
301.739
301.76
301.781
301.802
301.824
301.846
301.868
301.891
301.914
301.937
301.96
301.983
302.007
302.031
302.055
302.079
302.103
302.128
302.153
302.178
302.204
302.229
302.255
302.281
302.307
302.334
302.36
302.387
302.414
302.441
302.468
302.495
302.523
302.551
302.579
302.607
302.635
302.663
302.691
302.72
302.749
302.777
302.806
302.835
302.864
302.893
302.922
302.951
302.98
303.009
303.039
303.068
303.097
303.126
303.155
303.184
303.213
303.242
303.271
303.3
303.328
303.357
303.385
303.413
303.441
303.469
303.496
303.523
303.55
303.577
303.603
303.629
303.654
303.679
303.704
303.728
303.751
303.774
303.797
303.818
303.84
303.86
303.879
303.898
303.916
303.932
303.948
303.963
303.976
303.989
304
304.01
304.018
304.025
304.03
304.034
304.036
304.036
304.035
304.031
304.026
304.018
304.009
303.997
303.983
303.967
300.907
300.916
300.926
300.936
300.946
300.956
300.966
300.977
300.987
300.998
301.009
301.02
301.032
301.043
301.055
301.067
301.079
301.091
301.103
301.116
301.128
301.141
301.155
301.168
301.181
301.195
301.209
301.223
301.238
301.252
301.267
301.282
301.297
301.312
301.328
301.344
301.36
301.376
301.393
301.409
301.426
301.443
301.461
301.478
301.496
301.514
301.533
301.551
301.57
301.589
301.608
301.628
301.647
301.667
301.687
301.708
301.729
301.749
301.771
301.792
301.813
301.835
301.857
301.88
301.902
301.925
301.948
301.971
301.994
302.018
302.042
302.066
302.09
302.115
302.139
302.164
302.189
302.215
302.24
302.266
302.292
302.318
302.344
302.37
302.397
302.424
302.45
302.477
302.504
302.532
302.559
302.587
302.614
302.642
302.67
302.698
302.726
302.754
302.782
302.81
302.839
302.867
302.895
302.924
302.952
302.98
303.009
303.037
303.065
303.094
303.122
303.15
303.178
303.206
303.233
303.261
303.289
303.316
303.343
303.37
303.396
303.423
303.449
303.475
303.5
303.525
303.55
303.575
303.599
303.622
303.645
303.668
303.69
303.711
303.732
303.752
303.771
303.79
303.808
303.825
303.841
303.856
303.87
303.883
303.895
303.906
303.915
303.924
303.931
303.936
303.94
303.943
303.944
303.943
303.941
303.937
303.931
303.923
303.913
303.902
303.888
300.897
300.906
300.916
300.925
300.935
300.945
300.955
300.966
300.976
300.987
300.998
301.009
301.02
301.031
301.043
301.054
301.066
301.078
301.09
301.103
301.115
301.128
301.141
301.154
301.167
301.181
301.195
301.209
301.223
301.237
301.252
301.266
301.281
301.296
301.312
301.327
301.343
301.359
301.375
301.392
301.409
301.426
301.443
301.46
301.478
301.495
301.513
301.532
301.55
301.569
301.588
301.607
301.627
301.646
301.666
301.686
301.707
301.727
301.748
301.769
301.79
301.812
301.834
301.855
301.878
301.9
301.923
301.945
301.969
301.992
302.015
302.039
302.063
302.087
302.111
302.136
302.16
302.185
302.21
302.235
302.261
302.286
302.312
302.338
302.364
302.39
302.417
302.443
302.47
302.496
302.523
302.55
302.577
302.604
302.631
302.659
302.686
302.714
302.741
302.769
302.796
302.824
302.851
302.879
302.907
302.934
302.962
302.989
303.017
303.044
303.072
303.099
303.126
303.153
303.18
303.207
303.233
303.26
303.286
303.312
303.337
303.363
303.388
303.413
303.438
303.462
303.486
303.509
303.532
303.555
303.577
303.598
303.619
303.64
303.659
303.679
303.697
303.715
303.732
303.748
303.764
303.778
303.792
303.804
303.816
303.826
303.836
303.844
303.851
303.857
303.861
303.864
303.865
303.866
303.864
303.861
303.856
303.85
303.842
303.832
303.82
300.891
300.9
300.909
300.919
300.929
300.939
300.949
300.959
300.97
300.98
300.991
301.002
301.013
301.024
301.035
301.047
301.059
301.071
301.083
301.095
301.107
301.12
301.133
301.146
301.159
301.172
301.186
301.2
301.214
301.228
301.242
301.257
301.272
301.287
301.302
301.318
301.333
301.349
301.365
301.382
301.398
301.415
301.432
301.449
301.467
301.484
301.502
301.52
301.538
301.557
301.576
301.595
301.614
301.634
301.653
301.673
301.693
301.714
301.734
301.755
301.776
301.797
301.819
301.841
301.863
301.885
301.907
301.93
301.952
301.975
301.999
302.022
302.046
302.069
302.093
302.117
302.142
302.166
302.191
302.216
302.241
302.266
302.291
302.317
302.342
302.368
302.394
302.42
302.446
302.473
302.499
302.525
302.552
302.579
302.605
302.632
302.659
302.686
302.713
302.74
302.767
302.794
302.821
302.848
302.875
302.902
302.929
302.956
302.983
303.009
303.036
303.063
303.089
303.115
303.142
303.168
303.193
303.219
303.244
303.27
303.295
303.319
303.344
303.368
303.392
303.415
303.438
303.461
303.483
303.505
303.526
303.547
303.567
303.587
303.606
303.624
303.642
303.659
303.676
303.691
303.706
303.72
303.733
303.745
303.757
303.767
303.776
303.784
303.791
303.797
303.801
303.804
303.806
303.807
303.806
303.803
303.799
303.794
303.787
303.778
303.768
300.888
300.897
300.907
300.917
300.926
300.936
300.946
300.956
300.967
300.977
300.988
300.999
301.01
301.021
301.032
301.044
301.056
301.067
301.079
301.092
301.104
301.117
301.129
301.142
301.156
301.169
301.183
301.196
301.21
301.224
301.239
301.253
301.268
301.283
301.298
301.314
301.329
301.345
301.361
301.377
301.394
301.41
301.427
301.444
301.462
301.479
301.497
301.515
301.533
301.552
301.571
301.589
301.609
301.628
301.648
301.667
301.687
301.708
301.728
301.749
301.77
301.791
301.812
301.834
301.856
301.878
301.9
301.922
301.945
301.968
301.991
302.014
302.038
302.061
302.085
302.109
302.133
302.157
302.182
302.206
302.231
302.256
302.281
302.307
302.332
302.357
302.383
302.409
302.435
302.461
302.487
302.513
302.539
302.566
302.592
302.619
302.645
302.672
302.698
302.725
302.752
302.778
302.805
302.832
302.858
302.885
302.911
302.938
302.964
302.991
303.017
303.043
303.069
303.095
303.121
303.147
303.172
303.197
303.222
303.247
303.271
303.296
303.32
303.343
303.367
303.39
303.412
303.434
303.456
303.477
303.498
303.519
303.538
303.558
303.576
303.594
303.612
303.628
303.644
303.66
303.674
303.688
303.701
303.712
303.723
303.733
303.742
303.75
303.757
303.763
303.767
303.771
303.773
303.773
303.773
303.771
303.767
303.762
303.756
303.748
303.739
305.193
304.641
304.22
303.868
303.563
303.293
303.052
302.833
302.634
302.45
302.279
302.121
301.973
301.834
301.703
301.58
301.465
301.356
301.253
301.156
301.064
300.978
300.897
300.821
300.75
300.683
300.621
300.563
300.509
300.458
300.412
300.369
300.33
300.294
300.261
300.231
300.203
300.179
300.157
300.137
300.119
300.103
300.089
300.077
300.067
300.058
300.05
300.044
300.04
300.036
300.035
305.191
304.641
304.22
303.868
303.563
303.293
303.052
302.834
302.634
302.45
302.279
302.121
301.973
301.834
301.703
301.58
301.465
301.356
301.253
301.156
301.064
300.978
300.897
300.821
300.75
300.683
300.621
300.563
300.509
300.458
300.412
300.369
300.33
300.294
300.261
300.231
300.203
300.179
300.157
300.137
300.119
300.103
300.089
300.077
300.067
300.058
300.05
300.044
300.04
300.036
300.035
305.188
304.64
304.219
303.868
303.563
303.294
303.052
302.834
302.634
302.45
302.28
302.121
301.973
301.834
301.703
301.581
301.465
301.356
301.253
301.156
301.065
300.978
300.897
300.821
300.75
300.683
300.621
300.563
300.509
300.459
300.412
300.369
300.33
300.294
300.261
300.231
300.203
300.179
300.157
300.137
300.119
300.103
300.089
300.077
300.067
300.058
300.05
300.044
300.04
300.036
300.035
305.182
304.638
304.219
303.868
303.563
303.294
303.052
302.834
302.634
302.45
302.28
302.121
301.973
301.834
301.704
301.581
301.465
301.356
301.253
301.156
301.065
300.979
300.898
300.822
300.75
300.683
300.621
300.563
300.509
300.459
300.412
300.369
300.33
300.294
300.261
300.231
300.204
300.179
300.157
300.137
300.119
300.103
300.089
300.077
300.067
300.058
300.05
300.044
300.04
300.036
300.035
305.174
304.637
304.218
303.867
303.563
303.294
303.053
302.834
302.634
302.451
302.28
302.122
301.974
301.835
301.704
301.581
301.466
301.357
301.254
301.157
301.065
300.979
300.898
300.822
300.751
300.684
300.621
300.563
300.509
300.459
300.412
300.37
300.33
300.294
300.261
300.231
300.204
300.179
300.157
300.137
300.119
300.103
300.09
300.077
300.067
300.058
300.05
300.044
300.04
300.036
300.035
305.164
304.634
304.217
303.867
303.563
303.294
303.053
302.835
302.635
302.451
302.281
302.122
301.974
301.835
301.705
301.582
301.466
301.357
301.254
301.157
301.066
300.98
300.898
300.822
300.751
300.684
300.622
300.564
300.509
300.459
300.413
300.37
300.33
300.294
300.261
300.231
300.204
300.179
300.157
300.137
300.119
300.104
300.09
300.077
300.067
300.058
300.05
300.044
300.04
300.036
300.035
305.153
304.631
304.216
303.867
303.563
303.294
303.054
302.835
302.636
302.452
302.282
302.123
301.975
301.836
301.706
301.583
301.467
301.358
301.255
301.158
301.066
300.98
300.899
300.823
300.752
300.685
300.622
300.564
300.51
300.46
300.413
300.37
300.331
300.295
300.261
300.231
300.204
300.179
300.157
300.137
300.119
300.104
300.09
300.078
300.067
300.058
300.05
300.044
300.04
300.036
300.035
305.139
304.627
304.215
303.867
303.563
303.295
303.054
302.836
302.637
302.453
302.283
302.124
301.976
301.837
301.707
301.584
301.468
301.359
301.256
301.159
301.067
300.981
300.9
300.824
300.752
300.685
300.623
300.565
300.51
300.46
300.414
300.371
300.331
300.295
300.262
300.232
300.204
300.18
300.157
300.137
300.12
300.104
300.09
300.078
300.067
300.058
300.05
300.044
300.04
300.036
300.035
305.124
304.622
304.214
303.866
303.564
303.296
303.056
302.838
302.638
302.455
302.284
302.126
301.978
301.839
301.708
301.585
301.469
301.36
301.257
301.16
301.068
300.982
300.901
300.825
300.753
300.686
300.624
300.565
300.511
300.461
300.414
300.371
300.332
300.295
300.262
300.232
300.205
300.18
300.158
300.138
300.12
300.104
300.09
300.078
300.067
300.058
300.051
300.044
300.04
300.036
300.035
305.107
304.617
304.212
303.866
303.565
303.297
303.057
302.84
302.64
302.457
302.287
302.128
301.98
301.841
301.71
301.587
301.471
301.362
301.259
301.161
301.07
300.983
300.902
300.826
300.754
300.687
300.625
300.566
300.512
300.461
300.415
300.372
300.332
300.296
300.263
300.232
300.205
300.18
300.158
300.138
300.12
300.104
300.09
300.078
300.067
300.058
300.051
300.045
300.04
300.037
300.035
305.089
304.611
304.21
303.867
303.566
303.299
303.059
302.842
302.643
302.459
302.289
302.131
301.982
301.843
301.712
301.589
301.473
301.364
301.261
301.163
301.072
300.985
300.904
300.827
300.756
300.688
300.626
300.567
300.513
300.462
300.416
300.373
300.333
300.296
300.263
300.233
300.205
300.181
300.158
300.138
300.12
300.104
300.09
300.078
300.067
300.058
300.051
300.045
300.04
300.037
300.035
305.069
304.604
304.209
303.867
303.568
303.302
303.062
302.845
302.646
302.463
302.292
302.134
301.985
301.846
301.715
301.592
301.476
301.366
301.263
301.166
301.074
300.987
300.906
300.829
300.757
300.69
300.627
300.569
300.514
300.463
300.417
300.373
300.334
300.297
300.264
300.234
300.206
300.181
300.159
300.139
300.121
300.105
300.091
300.078
300.068
300.059
300.051
300.045
300.04
300.037
300.035
305.048
304.597
304.207
303.868
303.57
303.305
303.066
302.849
302.65
302.467
302.296
302.138
301.989
301.85
301.719
301.596
301.479
301.37
301.266
301.168
301.076
300.99
300.908
300.831
300.759
300.692
300.629
300.57
300.515
300.465
300.418
300.375
300.335
300.298
300.265
300.234
300.207
300.182
300.159
300.139
300.121
300.105
300.091
300.079
300.068
300.059
300.051
300.045
300.04
300.037
300.035
305.025
304.589
304.205
303.869
303.573
303.309
303.071
302.854
302.655
302.472
302.301
302.143
301.994
301.854
301.723
301.6
301.483
301.373
301.27
301.172
301.079
300.993
300.911
300.834
300.762
300.694
300.631
300.572
300.517
300.466
300.419
300.376
300.336
300.299
300.266
300.235
300.207
300.182
300.16
300.139
300.121
300.105
300.091
300.079
300.068
300.059
300.051
300.045
300.04
300.037
300.035
305.002
304.58
304.203
303.871
303.577
303.314
303.076
302.86
302.661
302.478
302.307
302.148
302
301.86
301.729
301.605
301.488
301.378
301.274
301.176
301.083
300.996
300.914
300.837
300.764
300.697
300.633
300.574
300.519
300.468
300.421
300.377
300.337
300.3
300.267
300.236
300.208
300.183
300.16
300.14
300.122
300.106
300.092
300.079
300.068
300.059
300.051
300.045
300.04
300.037
300.035
304.978
304.571
304.202
303.874
303.582
303.32
303.083
302.867
302.668
302.485
302.314
302.155
302.006
301.866
301.735
301.611
301.494
301.383
301.279
301.18
301.088
301
300.918
300.84
300.768
300.7
300.636
300.577
300.521
300.47
300.423
300.379
300.339
300.302
300.268
300.237
300.209
300.184
300.161
300.141
300.123
300.106
300.092
300.08
300.069
300.06
300.052
300.045
300.041
300.037
300.035
304.953
304.561
304.201
303.877
303.588
303.327
303.091
302.875
302.677
302.494
302.323
302.164
302.014
301.874
301.742
301.618
301.5
301.389
301.285
301.186
301.093
301.005
300.922
300.844
300.772
300.703
300.639
300.58
300.524
300.473
300.425
300.381
300.34
300.303
300.269
300.238
300.21
300.185
300.162
300.141
300.123
300.107
300.093
300.08
300.069
300.06
300.052
300.046
300.041
300.037
300.035
304.927
304.551
304.2
303.881
303.595
303.336
303.101
302.885
302.687
302.504
302.333
302.173
302.024
301.883
301.751
301.626
301.508
301.397
301.292
301.192
301.099
301.011
300.927
300.849
300.776
300.707
300.643
300.583
300.527
300.475
300.428
300.383
300.342
300.305
300.271
300.24
300.212
300.186
300.163
300.142
300.124
300.108
300.093
300.081
300.07
300.06
300.052
300.046
300.041
300.037
300.036
304.899
304.541
304.199
303.886
303.603
303.346
303.112
302.897
302.699
302.516
302.344
302.185
302.035
301.894
301.761
301.635
301.517
301.405
301.3
301.2
301.106
301.017
300.934
300.855
300.781
300.712
300.647
300.587
300.531
300.479
300.43
300.386
300.345
300.307
300.273
300.241
300.213
300.187
300.164
300.143
300.125
300.108
300.094
300.081
300.07
300.061
300.053
300.046
300.041
300.038
300.036
304.871
304.529
304.198
303.892
303.612
303.357
303.124
302.91
302.713
302.529
302.358
302.198
302.047
301.906
301.772
301.646
301.528
301.415
301.309
301.209
301.114
301.025
300.941
300.861
300.787
300.717
300.652
300.592
300.535
300.482
300.434
300.389
300.347
300.309
300.275
300.243
300.215
300.189
300.165
300.144
300.126
300.109
300.094
300.082
300.071
300.061
300.053
300.046
300.041
300.038
300.036
304.841
304.517
304.197
303.898
303.623
303.37
303.139
302.926
302.728
302.545
302.373
302.213
302.062
301.92
301.786
301.659
301.54
301.426
301.32
301.219
301.123
301.033
300.949
300.869
300.794
300.724
300.658
300.597
300.54
300.486
300.437
300.392
300.35
300.312
300.277
300.245
300.216
300.19
300.167
300.146
300.127
300.11
300.095
300.082
300.071
300.061
300.053
300.047
300.042
300.038
300.036
304.809
304.502
304.196
303.905
303.634
303.385
303.155
302.943
302.746
302.562
302.391
302.229
302.078
301.935
301.801
301.674
301.553
301.439
301.332
301.23
301.134
301.043
300.958
300.877
300.802
300.731
300.664
300.602
300.545
300.491
300.442
300.396
300.354
300.315
300.28
300.247
300.218
300.192
300.168
300.147
300.128
300.111
300.096
300.083
300.072
300.062
300.054
300.047
300.042
300.038
300.036
304.775
304.486
304.193
303.911
303.647
303.401
303.173
302.962
302.766
302.582
302.41
302.249
302.097
301.953
301.818
301.69
301.569
301.454
301.346
301.243
301.146
301.055
300.968
300.887
300.81
300.739
300.672
300.609
300.551
300.496
300.446
300.4
300.357
300.318
300.282
300.25
300.22
300.194
300.17
300.148
300.129
300.112
300.097
300.084
300.072
300.063
300.054
300.048
300.042
300.039
300.037
304.739
304.468
304.189
303.917
303.659
303.418
303.193
302.983
302.787
302.604
302.432
302.27
302.118
301.974
301.837
301.709
301.587
301.471
301.362
301.258
301.16
301.067
300.98
300.898
300.82
300.748
300.68
300.616
300.557
300.502
300.451
300.405
300.361
300.322
300.286
300.253
300.223
300.196
300.172
300.15
300.13
300.113
300.098
300.085
300.073
300.063
300.055
300.048
300.043
300.039
300.037
304.701
304.447
304.183
303.922
303.671
303.435
303.213
303.006
302.811
302.628
302.456
302.294
302.141
301.996
301.859
301.729
301.606
301.49
301.379
301.275
301.175
301.082
300.993
300.91
300.832
300.758
300.689
300.625
300.565
300.509
300.457
300.41
300.366
300.326
300.289
300.256
300.225
300.198
300.174
300.152
300.132
300.114
300.099
300.086
300.074
300.064
300.055
300.048
300.043
300.039
300.037
304.659
304.423
304.174
303.924
303.683
303.452
303.235
303.03
302.836
302.654
302.482
302.32
302.167
302.021
301.883
301.753
301.629
301.511
301.399
301.293
301.193
301.098
301.008
300.924
300.844
300.769
300.699
300.634
300.573
300.516
300.464
300.416
300.371
300.33
300.293
300.259
300.228
300.201
300.176
300.153
300.133
300.116
300.1
300.087
300.075
300.064
300.056
300.049
300.043
300.04
300.038
304.614
304.395
304.162
303.925
303.692
303.469
303.256
303.054
302.863
302.682
302.511
302.348
302.195
302.049
301.91
301.778
301.653
301.534
301.421
301.314
301.212
301.116
301.025
300.939
300.858
300.782
300.711
300.644
300.582
300.525
300.471
300.422
300.377
300.335
300.297
300.263
300.232
300.203
300.178
300.155
300.135
300.117
300.101
300.088
300.076
300.065
300.057
300.049
300.044
300.04
300.038
304.564
304.363
304.145
303.922
303.7
303.484
303.277
303.079
302.89
302.711
302.541
302.379
302.225
302.078
301.939
301.807
301.68
301.56
301.446
301.337
301.234
301.136
301.044
300.956
300.874
300.796
300.724
300.656
300.592
300.534
300.479
300.429
300.383
300.341
300.302
300.267
300.235
300.206
300.181
300.158
300.137
300.119
300.103
300.089
300.076
300.066
300.057
300.05
300.044
300.04
300.038
304.51
304.326
304.124
303.914
303.704
303.497
303.296
303.103
302.918
302.741
302.572
302.411
302.257
302.11
301.971
301.837
301.71
301.588
301.473
301.362
301.258
301.158
301.064
300.975
300.891
300.812
300.738
300.668
300.604
300.544
300.488
300.437
300.39
300.347
300.307
300.271
300.239
300.21
300.183
300.16
300.139
300.12
300.104
300.09
300.077
300.067
300.058
300.051
300.045
300.041
300.039
304.451
304.284
304.098
303.902
303.704
303.506
303.313
303.126
302.945
302.771
302.604
302.444
302.291
302.144
302.004
301.87
301.742
301.619
301.502
301.39
301.284
301.182
301.086
300.996
300.91
300.829
300.753
300.682
300.616
300.555
300.498
300.445
300.397
300.353
300.313
300.276
300.243
300.213
300.186
300.162
300.141
300.122
300.106
300.091
300.079
300.068
300.059
300.051
300.045
300.041
300.039
304.387
304.236
304.066
303.885
303.699
303.512
303.327
303.146
302.971
302.801
302.637
302.478
302.326
302.18
302.04
301.905
301.776
301.652
301.533
301.42
301.312
301.209
301.111
301.018
300.931
300.848
300.77
300.698
300.63
300.567
300.509
300.455
300.405
300.36
300.319
300.281
300.248
300.217
300.19
300.165
300.143
300.124
300.107
300.093
300.08
300.069
300.059
300.052
300.046
300.042
300.04
304.318
304.182
304.028
303.862
303.689
303.513
303.338
303.164
302.995
302.829
302.668
302.513
302.362
302.217
302.077
301.942
301.812
301.687
301.567
301.452
301.342
301.237
301.137
301.042
300.953
300.868
300.789
300.714
300.645
300.58
300.52
300.465
300.414
300.368
300.325
300.287
300.252
300.221
300.193
300.168
300.146
300.126
300.109
300.094
300.081
300.07
300.06
300.053
300.047
300.042
300.04
304.244
304.124
303.985
303.833
303.674
303.51
303.344
303.179
303.016
302.856
302.699
302.547
302.398
302.254
302.114
301.979
301.849
301.723
301.602
301.485
301.374
301.267
301.165
301.068
300.977
300.89
300.808
300.732
300.661
300.594
300.532
300.476
300.424
300.376
300.332
300.293
300.257
300.225
300.197
300.171
300.148
300.128
300.111
300.095
300.082
300.071
300.061
300.053
300.047
300.043
300.041
304.167
304.06
303.936
303.799
303.653
303.501
303.346
303.19
303.034
302.88
302.729
302.58
302.434
302.291
302.153
302.018
301.887
301.761
301.638
301.521
301.407
301.299
301.195
301.096
301.002
300.913
300.829
300.751
300.677
300.609
300.546
300.487
300.434
300.384
300.34
300.299
300.263
300.23
300.201
300.174
300.151
300.131
300.113
300.097
300.083
300.072
300.062
300.054
300.048
300.043
300.041
304.087
303.994
303.884
303.76
303.627
303.487
303.343
303.197
303.049
302.902
302.755
302.61
302.468
302.328
302.191
302.057
301.926
301.799
301.676
301.557
301.442
301.331
301.225
301.124
301.028
300.937
300.851
300.77
300.695
300.625
300.559
300.499
300.444
300.393
300.347
300.306
300.268
300.235
300.204
300.178
300.154
300.133
300.115
300.099
300.085
300.073
300.063
300.055
300.048
300.044
300.042
304.007
303.925
303.828
303.718
303.598
303.47
303.336
303.199
303.06
302.92
302.779
302.639
302.5
302.363
302.227
302.094
301.964
301.837
301.713
301.593
301.476
301.364
301.256
301.153
301.055
300.962
300.873
300.791
300.713
300.64
300.573
300.511
300.455
300.403
300.355
300.313
300.274
300.239
300.208
300.181
300.157
300.135
300.116
300.1
300.086
300.074
300.064
300.055
300.049
300.044
300.042
303.929
303.858
303.772
303.674
303.566
303.449
303.326
303.199
303.068
302.934
302.8
302.664
302.529
302.395
302.262
302.13
302
301.873
301.749
301.628
301.51
301.397
301.287
301.182
301.082
300.986
300.896
300.811
300.731
300.656
300.587
300.524
300.465
300.412
300.363
300.319
300.28
300.244
300.212
300.184
300.159
300.137
300.118
300.102
300.087
300.075
300.065
300.056
300.05
300.045
300.043
303.856
303.794
303.719
303.631
303.533
303.427
303.314
303.195
303.072
302.945
302.817
302.686
302.555
302.424
302.293
302.163
302.034
301.907
301.782
301.661
301.542
301.427
301.316
301.209
301.107
301.009
300.917
300.83
300.748
300.672
300.601
300.535
300.475
300.42
300.371
300.325
300.285
300.249
300.216
300.187
300.162
300.14
300.12
300.103
300.088
300.076
300.065
300.057
300.05
300.045
300.043
303.792
303.738
303.671
303.593
303.504
303.406
303.301
303.19
303.074
302.954
302.83
302.704
302.576
302.448
302.319
302.191
302.063
301.936
301.812
301.69
301.57
301.454
301.342
301.233
301.129
301.03
300.936
300.847
300.763
300.685
300.613
300.546
300.485
300.428
300.377
300.331
300.29
300.252
300.219
300.19
300.164
300.141
300.121
300.104
300.089
300.077
300.066
300.057
300.051
300.046
300.043
303.744
303.695
303.634
303.562
303.48
303.389
303.291
303.185
303.075
302.959
302.839
302.717
302.592
302.466
302.339
302.212
302.085
301.959
301.835
301.712
301.592
301.475
301.362
301.253
301.147
301.047
300.951
300.861
300.776
300.696
300.623
300.554
300.492
300.435
300.383
300.336
300.293
300.256
300.222
300.192
300.166
300.143
300.123
300.105
300.09
300.077
300.066
300.058
300.051
300.046
300.044
303.716
303.67
303.613
303.545
303.467
303.379
303.284
303.182
303.075
302.962
302.845
302.724
302.601
302.477
302.351
302.224
302.098
301.972
301.848
301.725
301.605
301.488
301.374
301.264
301.158
301.057
300.96
300.869
300.783
300.703
300.628
300.559
300.496
300.438
300.386
300.338
300.296
300.257
300.223
300.193
300.167
300.144
300.123
300.106
300.091
300.078
300.067
300.058
300.051
300.046
300.044
)
;

boundaryField
{
    inlet
    {
        type            fixedValue;
        value           uniform 300;
    }
    outlet
    {
        type            zeroGradient;
    }
    top
    {
        type            zeroGradient;
    }
    slip-bottom
    {
        type            zeroGradient;
    }
    bottom
    {
        type            zeroGradient;
    }
    interface
    {
        type            fixedGradient;
        gradient        nonuniform List<scalar> 
161
(
68.0268
68.0268
46.2269
46.2269
46.2269
46.2269
34.3069
34.3069
34.3069
34.3069
29.48
29.48
29.48
28.6814
28.6814
28.6814
28.6814
26.0725
26.0725
26.0725
25.203
25.203
25.203
24.6972
24.6972
24.6972
24.0445
24.0445
24.0445
23.4556
23.4556
23.4556
22.9088
22.9088
22.9088
22.3691
22.3691
22.3691
21.8537
21.8537
21.8537
20.8121
20.8121
21.5624
21.5624
21.5624
20.5207
20.5207
21.005
21.005
21.005
19.9704
19.9704
19.9658
19.9658
19.9658
20.1067
20.1067
20.4549
20.4549
19.1924
19.1924
19.0825
19.0825
19.1283
19.1283
18.9861
18.9861
18.9861
18.8092
18.8092
18.6355
18.4519
18.4519
18.2248
18.2248
18.019
18.019
17.2522
17.2522
18.2168
18.2168
17.8283
17.8283
17.3862
16.624
16.624
17.4707
17.4707
17.1136
16.1469
16.1469
16.9965
16.0867
16.0867
16.6678
16.6678
15.7323
16.3223
16.3223
15.431
16.0396
15.1378
15.1378
15.1952
15.8331
15.8331
14.7272
15.2606
14.3499
14.3499
14.3628
14.5494
14.931
14.931
13.8012
13.8466
14.0283
14.353
14.353
13.2934
13.316
13.4697
13.4628
13.7657
12.826
12.826
12.7483
12.8093
12.7509
12.6784
12.5964
12.5084
12.4172
12.3245
12.2314
12.1393
12.0492
11.9625
11.8809
11.806
11.74
11.6849
11.6427
11.6156
11.6071
11.6231
11.6752
11.7884
11.8997
11.6764
11.7238
12.1642
12.5156
12.9998
13.5973
15.8762
13.9278
16.3313
18.6774
26.9794
)
;
    }
    defaultFaces
    {
        type            empty;
    }
}


// ************************************************************************* //
