/*--------------------------------*- C++ -*----------------------------------*\
| =========                 |                                                 |
| \\      /  F ield         | OpenFOAM: The Open Source CFD Toolbox           |
|  \\    /   O peration     | Version:  2106                                  |
|   \\  /    A nd           | Website:  www.openfoam.com                      |
|    \\/     M anipulation  |                                                 |
\*---------------------------------------------------------------------------*/
FoamFile
{
    version     2.0;
    format      ascii;
    arch        "LSB;label=32;scalar=64";
    class       volScalarField;
    location    "6.6";
    object      T;
}
// * * * * * * * * * * * * * * * * * * * * * * * * * * * * * * * * * * * * * //

dimensions      [0 0 0 1 0 0 0];

internalField   nonuniform List<scalar> 
12013
(
300.003
300.01
300.018
300.025
300.033
300.041
300.05
300.058
300.068
300.077
300.087
300.097
300.108
300.119
300.131
300.143
300.155
300.168
300.181
300.195
300.209
300.224
300.239
300.254
300.271
300.287
300.305
300.322
300.341
300.36
300.379
300.399
300.42
300.442
300.464
300.486
300.51
300.534
300.559
300.584
300.61
300.637
300.665
300.694
300.723
300.753
300.784
300.816
300.849
300.883
300.918
300.953
300.99
301.028
301.067
301.107
301.148
301.19
301.234
301.279
301.325
301.373
301.422
301.473
301.525
301.58
301.636
301.694
301.755
301.818
301.883
301.952
302.023
302.099
302.178
302.263
302.354
302.453
302.562
302.685
302.833
300.003
300.01
300.018
300.025
300.033
300.041
300.05
300.058
300.068
300.077
300.087
300.097
300.108
300.119
300.131
300.143
300.155
300.168
300.181
300.195
300.209
300.224
300.239
300.254
300.271
300.287
300.305
300.322
300.341
300.36
300.379
300.399
300.42
300.442
300.464
300.486
300.51
300.534
300.559
300.584
300.61
300.637
300.665
300.694
300.723
300.753
300.784
300.816
300.849
300.883
300.918
300.953
300.99
301.028
301.067
301.107
301.148
301.19
301.234
301.278
301.325
301.372
301.422
301.472
301.525
301.579
301.635
301.693
301.754
301.816
301.881
301.95
302.021
302.096
302.175
302.259
302.348
302.444
302.549
302.664
302.79
300.003
300.01
300.018
300.025
300.033
300.041
300.05
300.058
300.068
300.077
300.087
300.097
300.108
300.119
300.131
300.143
300.155
300.168
300.181
300.195
300.209
300.224
300.239
300.254
300.271
300.287
300.305
300.322
300.341
300.36
300.379
300.399
300.42
300.442
300.464
300.486
300.51
300.534
300.559
300.584
300.61
300.637
300.665
300.694
300.723
300.753
300.784
300.816
300.849
300.883
300.917
300.953
300.99
301.027
301.066
301.106
301.147
301.189
301.233
301.278
301.324
301.371
301.42
301.471
301.523
301.577
301.633
301.691
301.751
301.813
301.878
301.945
302.016
302.09
302.167
302.249
302.335
302.427
302.525
302.628
302.736
300.003
300.01
300.018
300.025
300.033
300.041
300.05
300.058
300.068
300.077
300.087
300.097
300.108
300.119
300.131
300.143
300.155
300.168
300.181
300.195
300.209
300.224
300.239
300.254
300.271
300.287
300.305
300.322
300.341
300.36
300.379
300.399
300.42
300.441
300.464
300.486
300.51
300.534
300.558
300.584
300.61
300.637
300.665
300.693
300.723
300.753
300.784
300.816
300.848
300.882
300.917
300.952
300.989
301.027
301.065
301.105
301.146
301.188
301.231
301.276
301.322
301.369
301.418
301.469
301.521
301.574
301.63
301.687
301.746
301.808
301.872
301.938
302.007
302.079
302.155
302.234
302.316
302.402
302.492
302.585
302.678
300.003
300.01
300.018
300.025
300.033
300.041
300.05
300.058
300.068
300.077
300.087
300.097
300.108
300.119
300.131
300.143
300.155
300.168
300.181
300.195
300.209
300.223
300.239
300.254
300.27
300.287
300.304
300.322
300.341
300.36
300.379
300.399
300.42
300.441
300.463
300.486
300.509
300.533
300.558
300.584
300.61
300.637
300.664
300.693
300.722
300.752
300.783
300.815
300.848
300.881
300.916
300.951
300.988
301.025
301.064
301.104
301.144
301.186
301.23
301.274
301.32
301.367
301.415
301.465
301.517
301.57
301.625
301.681
301.74
301.801
301.863
301.928
301.996
302.065
302.138
302.213
302.291
302.371
302.453
302.537
302.619
300.003
300.01
300.018
300.025
300.033
300.041
300.05
300.058
300.068
300.077
300.087
300.097
300.108
300.119
300.131
300.142
300.155
300.168
300.181
300.195
300.209
300.223
300.239
300.254
300.27
300.287
300.304
300.322
300.34
300.359
300.379
300.399
300.42
300.441
300.463
300.486
300.509
300.533
300.558
300.583
300.609
300.636
300.664
300.692
300.721
300.751
300.782
300.814
300.847
300.88
300.915
300.95
300.986
301.024
301.062
301.102
301.142
301.184
301.227
301.271
301.316
301.363
301.411
301.461
301.512
301.564
301.618
301.674
301.731
301.791
301.852
301.915
301.98
302.047
302.117
302.188
302.261
302.335
302.41
302.486
302.56
300.003
300.01
300.018
300.025
300.033
300.041
300.05
300.058
300.068
300.077
300.087
300.097
300.108
300.119
300.131
300.142
300.155
300.168
300.181
300.194
300.209
300.223
300.238
300.254
300.27
300.287
300.304
300.322
300.34
300.359
300.379
300.399
300.42
300.441
300.463
300.485
300.509
300.533
300.557
300.583
300.609
300.636
300.663
300.691
300.721
300.751
300.781
300.813
300.845
300.879
300.913
300.948
300.985
301.022
301.06
301.099
301.14
301.181
301.223
301.267
301.312
301.358
301.406
301.455
301.505
301.556
301.61
301.664
301.72
301.778
301.838
301.899
301.961
302.025
302.091
302.158
302.226
302.295
302.364
302.433
302.5
300.003
300.01
300.018
300.025
300.033
300.041
300.05
300.058
300.068
300.077
300.087
300.097
300.108
300.119
300.13
300.142
300.155
300.168
300.181
300.194
300.209
300.223
300.238
300.254
300.27
300.287
300.304
300.322
300.34
300.359
300.378
300.398
300.419
300.44
300.462
300.485
300.508
300.532
300.557
300.582
300.608
300.635
300.662
300.69
300.72
300.749
300.78
300.812
300.844
300.877
300.911
300.946
300.982
301.019
301.057
301.096
301.136
301.177
301.219
301.262
301.307
301.352
301.399
301.447
301.496
301.547
301.599
301.652
301.707
301.763
301.82
301.879
301.939
302
302.062
302.125
302.188
302.252
302.315
302.378
302.44
300.003
300.01
300.018
300.025
300.033
300.041
300.05
300.058
300.068
300.077
300.087
300.097
300.108
300.119
300.13
300.142
300.155
300.167
300.181
300.194
300.208
300.223
300.238
300.254
300.27
300.287
300.304
300.321
300.34
300.359
300.378
300.398
300.419
300.44
300.462
300.484
300.508
300.531
300.556
300.581
300.607
300.634
300.661
300.689
300.718
300.748
300.778
300.81
300.842
300.875
300.909
300.944
300.979
301.016
301.053
301.092
301.131
301.172
301.214
301.256
301.3
301.345
301.391
301.438
301.486
301.535
301.586
301.638
301.691
301.745
301.8
301.856
301.913
301.971
302.029
302.088
302.147
302.206
302.265
302.322
302.379
300.003
300.01
300.018
300.025
300.033
300.041
300.05
300.058
300.067
300.077
300.087
300.097
300.108
300.119
300.13
300.142
300.155
300.167
300.18
300.194
300.208
300.223
300.238
300.254
300.27
300.286
300.303
300.321
300.339
300.358
300.378
300.398
300.418
300.439
300.461
300.484
300.507
300.531
300.555
300.58
300.606
300.632
300.66
300.688
300.716
300.746
300.776
300.807
300.839
300.872
300.906
300.94
300.975
301.012
301.049
301.087
301.126
301.166
301.207
301.249
301.292
301.336
301.381
301.427
301.474
301.522
301.571
301.621
301.672
301.724
301.776
301.83
301.884
301.938
301.993
302.048
302.103
302.158
302.212
302.266
302.318
300.003
300.01
300.018
300.025
300.033
300.041
300.049
300.058
300.067
300.077
300.087
300.097
300.108
300.119
300.13
300.142
300.154
300.167
300.18
300.194
300.208
300.223
300.238
300.253
300.269
300.286
300.303
300.321
300.339
300.358
300.377
300.397
300.418
300.439
300.46
300.483
300.506
300.529
300.554
300.579
300.604
300.631
300.658
300.686
300.714
300.744
300.774
300.805
300.836
300.869
300.902
300.936
300.971
301.007
301.043
301.081
301.119
301.159
301.199
301.24
301.282
301.325
301.369
301.414
301.459
301.506
301.553
301.601
301.65
301.7
301.75
301.801
301.852
301.903
301.955
302.006
302.057
302.108
302.158
302.208
302.256
300.003
300.01
300.018
300.025
300.033
300.041
300.049
300.058
300.067
300.077
300.087
300.097
300.108
300.119
300.13
300.142
300.154
300.167
300.18
300.194
300.208
300.222
300.237
300.253
300.269
300.286
300.303
300.32
300.338
300.357
300.376
300.396
300.417
300.438
300.459
300.482
300.505
300.528
300.552
300.577
300.603
300.629
300.656
300.684
300.712
300.741
300.771
300.801
300.833
300.865
300.898
300.931
300.966
301.001
301.037
301.074
301.112
301.15
301.19
301.23
301.271
301.312
301.355
301.398
301.443
301.487
301.533
301.579
301.626
301.673
301.721
301.769
301.817
301.865
301.913
301.961
302.009
302.057
302.103
302.149
302.194
300.003
300.01
300.018
300.025
300.033
300.041
300.049
300.058
300.067
300.077
300.087
300.097
300.108
300.119
300.13
300.142
300.154
300.167
300.18
300.193
300.208
300.222
300.237
300.253
300.269
300.285
300.302
300.32
300.338
300.356
300.376
300.395
300.416
300.437
300.458
300.48
300.503
300.527
300.551
300.575
300.601
300.627
300.653
300.681
300.709
300.738
300.767
300.797
300.828
300.86
300.892
300.925
300.959
300.994
301.029
301.066
301.102
301.14
301.179
301.218
301.258
301.298
301.339
301.381
301.424
301.467
301.51
301.554
301.599
301.644
301.689
301.734
301.78
301.825
301.87
301.915
301.96
302.004
302.047
302.09
302.132
300.003
300.01
300.017
300.025
300.033
300.041
300.049
300.058
300.067
300.077
300.087
300.097
300.107
300.118
300.13
300.142
300.154
300.167
300.18
300.193
300.207
300.222
300.237
300.252
300.268
300.285
300.301
300.319
300.337
300.356
300.375
300.394
300.415
300.435
300.457
300.479
300.502
300.525
300.549
300.573
300.598
300.624
300.65
300.677
300.705
300.734
300.763
300.793
300.823
300.854
300.886
300.919
300.952
300.986
301.021
301.056
301.092
301.129
301.166
301.204
301.243
301.282
301.321
301.362
301.403
301.444
301.485
301.527
301.57
301.612
301.655
301.697
301.74
301.783
301.825
301.867
301.908
301.949
301.99
302.03
302.069
300.003
300.01
300.017
300.025
300.033
300.041
300.049
300.058
300.067
300.077
300.086
300.097
300.107
300.118
300.13
300.141
300.154
300.166
300.179
300.193
300.207
300.221
300.236
300.252
300.267
300.284
300.301
300.318
300.336
300.355
300.374
300.393
300.413
300.434
300.455
300.477
300.499
300.523
300.546
300.57
300.595
300.621
300.647
300.674
300.701
300.729
300.758
300.787
300.817
300.848
300.879
300.911
300.943
300.977
301.01
301.045
301.08
301.115
301.152
301.188
301.226
301.263
301.302
301.34
301.379
301.419
301.458
301.498
301.538
301.578
301.618
301.658
301.699
301.738
301.778
301.817
301.856
301.894
301.932
301.969
302.006
300.003
300.01
300.017
300.025
300.033
300.041
300.049
300.058
300.067
300.076
300.086
300.096
300.107
300.118
300.129
300.141
300.153
300.166
300.179
300.192
300.206
300.221
300.236
300.251
300.267
300.283
300.3
300.317
300.335
300.353
300.372
300.392
300.412
300.432
300.453
300.475
300.497
300.52
300.543
300.567
300.592
300.617
300.643
300.669
300.696
300.724
300.752
300.781
300.81
300.84
300.871
300.902
300.934
300.966
300.999
301.032
301.066
301.101
301.136
301.171
301.207
301.243
301.28
301.317
301.354
301.391
301.429
301.467
301.504
301.542
301.58
301.618
301.655
301.692
301.729
301.766
301.802
301.838
301.873
301.908
301.942
300.003
300.01
300.017
300.025
300.033
300.041
300.049
300.058
300.067
300.076
300.086
300.096
300.107
300.118
300.129
300.141
300.153
300.165
300.178
300.192
300.206
300.22
300.235
300.25
300.266
300.282
300.299
300.316
300.334
300.352
300.371
300.39
300.41
300.43
300.451
300.472
300.494
300.517
300.54
300.564
300.588
300.613
300.638
300.664
300.691
300.718
300.745
300.773
300.802
300.831
300.861
300.892
300.923
300.954
300.986
301.018
301.051
301.084
301.118
301.152
301.186
301.221
301.256
301.291
301.326
301.362
301.397
301.433
301.469
301.504
301.54
301.575
301.61
301.645
301.68
301.714
301.748
301.781
301.814
301.847
301.878
300.003
300.01
300.017
300.025
300.033
300.041
300.049
300.058
300.067
300.076
300.086
300.096
300.106
300.117
300.129
300.14
300.152
300.165
300.178
300.191
300.205
300.219
300.234
300.249
300.265
300.281
300.297
300.315
300.332
300.35
300.369
300.388
300.407
300.428
300.448
300.469
300.491
300.513
300.536
300.559
300.583
300.608
300.633
300.658
300.684
300.711
300.738
300.765
300.793
300.822
300.851
300.88
300.91
300.941
300.971
301.003
301.034
301.066
301.098
301.131
301.164
301.197
301.23
301.263
301.297
301.331
301.364
301.398
301.431
301.465
301.498
301.531
301.564
301.597
301.629
301.661
301.693
301.724
301.755
301.785
301.815
300.003
300.01
300.017
300.025
300.032
300.04
300.049
300.057
300.067
300.076
300.086
300.096
300.106
300.117
300.128
300.14
300.152
300.164
300.177
300.19
300.204
300.218
300.233
300.248
300.264
300.28
300.296
300.313
300.33
300.348
300.367
300.386
300.405
300.425
300.445
300.466
300.487
300.509
300.532
300.555
300.578
300.602
300.626
300.651
300.677
300.703
300.729
300.756
300.783
300.811
300.839
300.867
300.896
300.926
300.955
300.985
301.016
301.046
301.077
301.108
301.139
301.171
301.202
301.234
301.266
301.298
301.329
301.361
301.392
301.424
301.455
301.486
301.517
301.547
301.578
301.608
301.637
301.666
301.695
301.723
301.751
300.003
300.01
300.017
300.025
300.032
300.04
300.049
300.057
300.066
300.076
300.085
300.095
300.106
300.117
300.128
300.139
300.151
300.164
300.176
300.19
300.203
300.217
300.232
300.247
300.262
300.278
300.294
300.311
300.328
300.346
300.364
300.383
300.402
300.422
300.442
300.462
300.483
300.505
300.527
300.549
300.572
300.596
300.619
300.644
300.669
300.694
300.719
300.745
300.772
300.799
300.826
300.853
300.881
300.909
300.938
300.967
300.996
301.025
301.054
301.084
301.114
301.143
301.173
301.203
301.233
301.263
301.293
301.323
301.352
301.382
301.411
301.44
301.469
301.497
301.526
301.553
301.581
301.608
301.635
301.661
301.687
300.003
300.01
300.017
300.025
300.032
300.04
300.048
300.057
300.066
300.075
300.085
300.095
300.105
300.116
300.127
300.139
300.151
300.163
300.176
300.189
300.202
300.216
300.23
300.245
300.261
300.276
300.292
300.309
300.326
300.343
300.361
300.38
300.399
300.418
300.438
300.458
300.478
300.5
300.521
300.543
300.566
300.588
300.612
300.635
300.659
300.684
300.709
300.734
300.759
300.785
300.812
300.838
300.865
300.892
300.919
300.947
300.974
301.002
301.03
301.058
301.086
301.115
301.143
301.171
301.199
301.227
301.255
301.283
301.311
301.339
301.366
301.393
301.42
301.447
301.473
301.499
301.525
301.55
301.575
301.6
301.624
300.003
300.01
300.017
300.024
300.032
300.04
300.048
300.057
300.066
300.075
300.085
300.094
300.105
300.115
300.126
300.138
300.15
300.162
300.175
300.188
300.201
300.215
300.229
300.244
300.259
300.274
300.29
300.306
300.323
300.341
300.358
300.376
300.395
300.414
300.433
300.453
300.473
300.494
300.515
300.536
300.558
300.58
300.603
300.626
300.649
300.673
300.697
300.721
300.746
300.771
300.796
300.821
300.847
300.873
300.899
300.925
300.951
300.978
301.004
301.031
301.058
301.084
301.111
301.138
301.164
301.19
301.217
301.243
301.269
301.295
301.32
301.346
301.371
301.396
301.42
301.445
301.469
301.492
301.516
301.538
301.561
300.003
300.01
300.017
300.024
300.032
300.04
300.048
300.057
300.065
300.075
300.084
300.094
300.104
300.115
300.126
300.137
300.149
300.161
300.173
300.186
300.199
300.213
300.227
300.242
300.257
300.272
300.288
300.304
300.32
300.337
300.355
300.372
300.39
300.409
300.428
300.447
300.467
300.487
300.508
300.529
300.55
300.571
300.593
300.616
300.638
300.661
300.684
300.708
300.731
300.755
300.779
300.804
300.828
300.853
300.878
300.902
300.927
300.953
300.978
301.003
301.028
301.053
301.078
301.103
301.128
301.153
301.177
301.202
301.226
301.25
301.274
301.298
301.322
301.345
301.368
301.39
301.413
301.435
301.456
301.478
301.499
300.003
300.01
300.017
300.024
300.032
300.04
300.048
300.056
300.065
300.074
300.084
300.093
300.104
300.114
300.125
300.136
300.148
300.16
300.172
300.185
300.198
300.211
300.225
300.24
300.254
300.269
300.285
300.301
300.317
300.334
300.351
300.368
300.386
300.404
300.422
300.441
300.461
300.48
300.5
300.52
300.541
300.562
300.583
300.604
300.626
300.648
300.67
300.693
300.716
300.739
300.762
300.785
300.808
300.832
300.855
300.879
300.902
300.926
300.95
300.974
300.997
301.021
301.044
301.068
301.091
301.114
301.138
301.161
301.183
301.206
301.228
301.25
301.272
301.294
301.315
301.336
301.357
301.378
301.398
301.418
301.438
300.003
300.01
300.017
300.024
300.032
300.039
300.047
300.056
300.065
300.074
300.083
300.093
300.103
300.113
300.124
300.135
300.146
300.158
300.171
300.183
300.196
300.209
300.223
300.237
300.252
300.266
300.282
300.297
300.313
300.329
300.346
300.363
300.38
300.398
300.416
300.435
300.453
300.472
300.492
300.511
300.531
300.551
300.572
300.592
300.613
300.635
300.656
300.677
300.699
300.721
300.743
300.765
300.787
300.809
300.832
300.854
300.876
300.899
300.921
300.944
300.966
300.988
301.01
301.032
301.054
301.076
301.097
301.119
301.14
301.161
301.182
301.203
301.223
301.243
301.263
301.283
301.303
301.322
301.341
301.359
301.378
300.003
300.01
300.017
300.024
300.031
300.039
300.047
300.055
300.064
300.073
300.082
300.092
300.102
300.112
300.123
300.134
300.145
300.157
300.169
300.181
300.194
300.207
300.221
300.234
300.249
300.263
300.278
300.293
300.309
300.325
300.341
300.358
300.375
300.392
300.409
300.427
300.445
300.464
300.483
300.502
300.521
300.54
300.56
300.58
300.6
300.62
300.64
300.661
300.682
300.702
300.723
300.744
300.765
300.786
300.808
300.829
300.85
300.871
300.892
300.913
300.934
300.955
300.976
300.996
301.017
301.037
301.057
301.077
301.097
301.117
301.136
301.156
301.175
301.194
301.212
301.231
301.249
301.267
301.284
301.302
301.319
300.003
300.01
300.017
300.024
300.031
300.039
300.047
300.055
300.063
300.072
300.082
300.091
300.101
300.111
300.122
300.132
300.144
300.155
300.167
300.179
300.192
300.205
300.218
300.232
300.245
300.26
300.274
300.289
300.304
300.32
300.336
300.352
300.368
300.385
300.402
300.419
300.437
300.455
300.473
300.491
300.51
300.528
300.547
300.566
300.585
300.605
300.624
300.644
300.664
300.683
300.703
300.723
300.743
300.763
300.783
300.803
300.823
300.843
300.862
300.882
300.902
300.921
300.941
300.96
300.98
300.999
301.017
301.036
301.055
301.073
301.091
301.109
301.127
301.145
301.162
301.179
301.196
301.213
301.229
301.246
301.262
300.003
300.01
300.016
300.023
300.031
300.038
300.046
300.054
300.063
300.072
300.081
300.09
300.1
300.11
300.12
300.131
300.142
300.153
300.165
300.177
300.189
300.202
300.215
300.228
300.242
300.256
300.27
300.285
300.299
300.315
300.33
300.346
300.362
300.378
300.394
300.411
300.428
300.445
300.463
300.48
300.498
300.516
300.534
300.552
300.571
300.589
300.608
300.626
300.645
300.664
300.682
300.701
300.72
300.739
300.758
300.777
300.795
300.814
300.833
300.851
300.87
300.888
300.907
300.925
300.943
300.961
300.978
300.996
301.013
301.03
301.047
301.064
301.081
301.097
301.113
301.129
301.145
301.161
301.176
301.191
301.206
300.003
300.01
300.016
300.023
300.03
300.038
300.046
300.054
300.062
300.071
300.08
300.089
300.099
300.109
300.119
300.129
300.14
300.151
300.163
300.175
300.187
300.199
300.212
300.225
300.238
300.252
300.266
300.28
300.294
300.309
300.324
300.339
300.355
300.37
300.386
300.402
300.419
300.435
300.452
300.469
300.486
300.503
300.52
300.538
300.555
300.573
300.59
300.608
300.626
300.644
300.662
300.679
300.697
300.715
300.733
300.751
300.768
300.786
300.803
300.821
300.838
300.855
300.873
300.89
300.906
300.923
300.94
300.956
300.972
300.989
301.004
301.02
301.036
301.051
301.066
301.081
301.096
301.111
301.125
301.139
301.153
300.003
300.009
300.016
300.023
300.03
300.037
300.045
300.053
300.061
300.07
300.079
300.088
300.097
300.107
300.117
300.128
300.138
300.149
300.16
300.172
300.184
300.196
300.208
300.221
300.234
300.247
300.261
300.275
300.289
300.303
300.317
300.332
300.347
300.362
300.378
300.393
300.409
300.425
300.441
300.457
300.473
300.49
300.506
300.523
300.54
300.556
300.573
300.59
300.607
300.624
300.641
300.658
300.674
300.691
300.708
300.725
300.741
300.758
300.775
300.791
300.807
300.823
300.839
300.855
300.871
300.887
300.902
300.918
300.933
300.948
300.963
300.978
300.992
301.007
301.021
301.035
301.049
301.062
301.076
301.089
301.102
300.003
300.009
300.016
300.023
300.03
300.037
300.045
300.052
300.061
300.069
300.078
300.087
300.096
300.106
300.115
300.126
300.136
300.147
300.158
300.169
300.181
300.193
300.205
300.217
300.23
300.243
300.256
300.269
300.283
300.297
300.311
300.325
300.339
300.354
300.369
300.384
300.399
300.414
300.43
300.445
300.461
300.476
300.492
300.508
300.524
300.54
300.556
300.572
300.588
300.604
300.62
300.636
300.652
300.668
300.684
300.699
300.715
300.731
300.746
300.762
300.777
300.792
300.807
300.822
300.837
300.852
300.867
300.881
300.895
300.909
300.923
300.937
300.951
300.964
300.978
300.991
301.004
301.016
301.029
301.041
301.054
300.003
300.009
300.016
300.022
300.029
300.036
300.044
300.052
300.06
300.068
300.077
300.085
300.095
300.104
300.114
300.124
300.134
300.144
300.155
300.166
300.178
300.189
300.201
300.213
300.225
300.238
300.251
300.264
300.277
300.29
300.304
300.318
300.332
300.346
300.36
300.374
300.389
300.404
300.418
300.433
300.448
300.463
300.478
300.493
300.509
300.524
300.539
300.554
300.569
300.585
300.6
300.615
300.63
300.645
300.66
300.675
300.69
300.705
300.719
300.734
300.748
300.763
300.777
300.791
300.805
300.819
300.832
300.846
300.859
300.873
300.886
300.899
300.912
300.924
300.937
300.949
300.961
300.973
300.985
300.997
301.008
300.003
300.009
300.015
300.022
300.029
300.036
300.043
300.051
300.059
300.067
300.075
300.084
300.093
300.102
300.112
300.122
300.132
300.142
300.152
300.163
300.174
300.186
300.197
300.209
300.221
300.233
300.246
300.258
300.271
300.284
300.297
300.31
300.324
300.337
300.351
300.365
300.379
300.393
300.407
300.422
300.436
300.45
300.465
300.479
300.494
300.508
300.523
300.537
300.551
300.566
300.58
300.595
300.609
300.623
300.637
300.652
300.666
300.68
300.693
300.707
300.721
300.734
300.748
300.761
300.774
300.787
300.8
300.813
300.826
300.838
300.851
300.863
300.875
300.887
300.899
300.91
300.922
300.933
300.944
300.955
300.966
300.003
300.009
300.015
300.022
300.028
300.035
300.043
300.05
300.058
300.066
300.074
300.083
300.092
300.101
300.11
300.119
300.129
300.139
300.15
300.16
300.171
300.182
300.193
300.205
300.216
300.228
300.24
300.253
300.265
300.278
300.29
300.303
300.316
300.329
300.343
300.356
300.369
300.383
300.397
300.41
300.424
300.438
300.451
300.465
300.479
300.493
300.507
300.521
300.534
300.548
300.562
300.576
300.589
300.603
300.616
300.63
300.643
300.656
300.669
300.682
300.695
300.708
300.721
300.734
300.746
300.758
300.771
300.783
300.795
300.806
300.818
300.83
300.841
300.852
300.864
300.874
300.885
300.896
300.907
300.917
300.927
300.003
300.009
300.015
300.021
300.028
300.035
300.042
300.049
300.057
300.065
300.073
300.081
300.09
300.099
300.108
300.117
300.127
300.137
300.147
300.157
300.168
300.179
300.19
300.201
300.212
300.224
300.235
300.247
300.259
300.271
300.284
300.296
300.309
300.322
300.334
300.347
300.36
300.373
300.386
300.4
300.413
300.426
300.439
300.452
300.466
300.479
300.492
300.505
300.519
300.532
300.545
300.558
300.571
300.584
300.597
300.609
300.622
300.635
300.647
300.66
300.672
300.684
300.696
300.708
300.72
300.732
300.744
300.755
300.766
300.778
300.789
300.8
300.81
300.821
300.832
300.842
300.852
300.863
300.873
300.882
300.892
300.003
300.009
300.015
300.021
300.028
300.034
300.041
300.049
300.056
300.064
300.072
300.08
300.089
300.097
300.106
300.115
300.125
300.135
300.144
300.155
300.165
300.175
300.186
300.197
300.208
300.219
300.231
300.242
300.254
300.266
300.278
300.29
300.302
300.314
300.327
300.339
300.352
300.364
300.377
300.39
300.402
300.415
300.428
300.441
300.453
300.466
300.479
300.492
300.504
300.517
300.529
300.542
300.554
300.567
300.579
300.591
300.603
300.616
300.628
300.639
300.651
300.663
300.674
300.686
300.697
300.708
300.719
300.73
300.741
300.752
300.763
300.773
300.783
300.794
300.804
300.814
300.823
300.833
300.843
300.852
300.861
300.003
300.009
300.014
300.021
300.027
300.034
300.041
300.048
300.055
300.063
300.071
300.079
300.087
300.096
300.105
300.114
300.123
300.132
300.142
300.152
300.162
300.172
300.183
300.193
300.204
300.215
300.226
300.238
300.249
300.261
300.272
300.284
300.296
300.308
300.32
300.332
300.344
300.356
300.369
300.381
300.393
300.406
300.418
300.43
300.443
300.455
300.467
300.479
300.492
300.504
300.516
300.528
300.54
300.552
300.564
300.576
300.587
300.599
300.61
300.622
300.633
300.644
300.655
300.666
300.677
300.688
300.699
300.709
300.72
300.73
300.74
300.75
300.76
300.77
300.779
300.789
300.798
300.808
300.817
300.826
300.835
300.003
300.008
300.014
300.02
300.027
300.033
300.04
300.047
300.054
300.062
300.07
300.078
300.086
300.094
300.103
300.112
300.121
300.13
300.14
300.15
300.16
300.17
300.18
300.19
300.201
300.212
300.223
300.234
300.245
300.256
300.267
300.279
300.291
300.302
300.314
300.326
300.338
300.35
300.361
300.373
300.385
300.397
300.409
300.421
300.433
300.445
300.457
300.469
300.481
300.493
300.505
300.516
300.528
300.54
300.551
300.562
300.574
300.585
300.596
300.607
300.618
300.629
300.64
300.65
300.661
300.671
300.682
300.692
300.702
300.712
300.721
300.731
300.741
300.75
300.76
300.769
300.778
300.787
300.796
300.804
300.813
300.003
300.008
300.014
300.02
300.026
300.033
300.04
300.047
300.054
300.061
300.069
300.077
300.085
300.093
300.102
300.111
300.12
300.129
300.138
300.148
300.157
300.167
300.178
300.188
300.198
300.209
300.22
300.23
300.241
300.253
300.264
300.275
300.286
300.298
300.309
300.321
300.333
300.344
300.356
300.368
300.379
300.391
300.403
300.415
300.426
300.438
300.45
300.461
300.473
300.484
300.496
300.507
300.519
300.53
300.541
300.552
300.563
300.574
300.585
300.596
300.607
300.617
300.628
300.638
300.648
300.658
300.668
300.678
300.688
300.698
300.707
300.717
300.726
300.735
300.744
300.753
300.762
300.771
300.779
300.788
300.796
300.003
300.008
300.014
300.02
300.026
300.033
300.039
300.046
300.053
300.061
300.068
300.076
300.084
300.092
300.101
300.11
300.118
300.128
300.137
300.146
300.156
300.166
300.176
300.186
300.196
300.207
300.217
300.228
300.239
300.25
300.261
300.272
300.283
300.295
300.306
300.317
300.329
300.34
300.352
300.364
300.375
300.387
300.398
300.41
300.421
300.433
300.444
300.456
300.467
300.478
300.49
300.501
300.512
300.523
300.534
300.545
300.556
300.567
300.578
300.588
300.599
300.609
300.619
300.629
300.639
300.649
300.659
300.669
300.679
300.688
300.698
300.707
300.716
300.725
300.734
300.743
300.751
300.76
300.768
300.777
300.785
300.003
300.008
300.014
300.02
300.026
300.032
300.039
300.046
300.053
300.06
300.068
300.076
300.084
300.092
300.1
300.109
300.118
300.127
300.136
300.146
300.155
300.165
300.175
300.185
300.195
300.206
300.216
300.227
300.238
300.249
300.26
300.271
300.282
300.293
300.304
300.316
300.327
300.339
300.35
300.361
300.373
300.384
300.396
300.407
300.419
300.43
300.442
300.453
300.464
300.475
300.487
300.498
300.509
300.52
300.531
300.542
300.552
300.563
300.574
300.584
300.595
300.605
300.615
300.625
300.635
300.645
300.655
300.664
300.674
300.683
300.693
300.702
300.711
300.72
300.729
300.737
300.746
300.754
300.763
300.771
300.779
303.028
303.157
303.235
303.307
303.371
303.423
303.458
303.497
303.537
303.575
303.606
303.64
303.675
303.709
303.743
303.776
303.808
303.835
303.865
303.895
303.924
303.953
303.983
304.012
304.041
304.07
304.098
304.126
304.154
304.181
304.208
304.235
304.261
304.288
304.314
304.339
304.365
304.391
304.416
304.441
304.466
304.49
304.515
304.543
304.569
304.594
304.618
304.643
304.669
304.695
304.719
304.742
304.766
304.791
304.816
304.842
304.868
304.894
304.92
304.943
304.964
304.987
305.011
305.035
305.06
305.085
305.109
305.133
305.158
305.182
305.206
305.229
305.252
305.276
305.299
305.322
305.345
305.368
305.39
305.415
305.443
305.468
305.49
305.513
305.534
305.554
305.578
305.604
305.628
305.649
305.669
305.692
305.717
305.739
305.762
305.788
305.811
305.832
305.856
305.879
305.898
305.921
305.94
305.962
305.986
306.01
306.032
306.05
306.071
306.088
306.109
306.13
306.153
306.176
306.196
306.211
306.23
306.251
306.271
306.289
306.302
306.318
306.336
306.353
306.369
306.38
306.393
306.407
306.42
306.432
306.444
306.454
306.463
306.47
306.477
306.482
306.485
306.487
306.487
306.486
306.483
306.478
306.471
306.461
306.45
306.436
306.419
306.4
306.377
306.349
306.314
306.278
306.241
306.199
306.15
306.095
306.035
305.932
305.839
305.721
305.569
302.927
303.041
303.129
303.205
303.27
303.325
303.371
303.415
303.457
303.497
303.533
303.569
303.605
303.641
303.675
303.709
303.741
303.772
303.802
303.833
303.863
303.893
303.923
303.953
303.982
304.012
304.04
304.069
304.097
304.124
304.152
304.179
304.206
304.233
304.26
304.286
304.312
304.338
304.363
304.389
304.414
304.439
304.465
304.491
304.518
304.543
304.568
304.593
304.619
304.645
304.669
304.693
304.718
304.743
304.768
304.794
304.82
304.846
304.871
304.895
304.918
304.941
304.965
304.989
305.014
305.039
305.063
305.088
305.113
305.137
305.161
305.185
305.208
305.232
305.255
305.279
305.302
305.326
305.348
305.373
305.4
305.424
305.448
305.471
305.492
305.514
305.538
305.563
305.587
305.609
305.63
305.653
305.677
305.7
305.724
305.748
305.772
305.794
305.817
305.84
305.861
305.883
305.903
305.926
305.949
305.973
305.995
306.014
306.034
306.053
306.074
306.096
306.118
306.14
306.16
306.177
306.196
306.217
306.237
306.254
306.269
306.286
306.303
306.32
306.335
306.348
306.361
306.375
306.388
306.401
306.412
306.422
306.431
306.439
306.446
306.451
306.454
306.456
306.457
306.455
306.452
306.447
306.44
306.431
306.42
306.406
306.389
306.369
306.346
306.318
306.284
306.248
306.209
306.166
306.116
306.059
305.994
305.895
305.796
305.673
305.506
302.845
302.944
303.03
303.106
303.172
303.231
303.282
303.33
303.374
303.416
303.456
303.494
303.531
303.568
303.604
303.638
303.671
303.704
303.735
303.767
303.798
303.829
303.859
303.89
303.92
303.949
303.979
304.008
304.036
304.064
304.092
304.12
304.148
304.175
304.202
304.228
304.255
304.281
304.307
304.333
304.359
304.384
304.41
304.437
304.463
304.489
304.514
304.54
304.566
304.592
304.617
304.641
304.666
304.692
304.717
304.743
304.769
304.794
304.82
304.844
304.868
304.892
304.916
304.94
304.965
304.99
305.015
305.04
305.064
305.089
305.113
305.137
305.161
305.185
305.209
305.232
305.256
305.28
305.303
305.328
305.354
305.379
305.403
305.426
305.448
305.471
305.494
305.519
305.543
305.565
305.587
305.611
305.635
305.658
305.682
305.706
305.73
305.753
305.776
305.799
305.82
305.843
305.864
305.886
305.91
305.933
305.955
305.975
305.996
306.016
306.037
306.058
306.081
306.103
306.123
306.141
306.16
306.18
306.2
306.218
306.234
306.251
306.268
306.284
306.3
306.314
306.327
306.341
306.354
306.367
306.378
306.389
306.398
306.406
306.413
306.418
306.422
306.424
306.424
306.423
306.42
306.415
306.408
306.399
306.388
306.374
306.357
306.337
306.313
306.285
306.251
306.215
306.176
306.131
306.08
306.021
305.952
305.855
305.752
305.624
305.447
302.771
302.859
302.939
303.012
303.078
303.138
303.192
303.242
303.289
303.333
303.375
303.415
303.454
303.492
303.528
303.564
303.598
303.632
303.665
303.697
303.729
303.761
303.792
303.823
303.853
303.884
303.913
303.943
303.972
304.001
304.029
304.057
304.085
304.113
304.14
304.167
304.194
304.221
304.247
304.274
304.3
304.326
304.353
304.379
304.405
304.432
304.457
304.483
304.509
304.535
304.561
304.586
304.611
304.637
304.663
304.688
304.714
304.74
304.765
304.79
304.814
304.839
304.863
304.888
304.913
304.938
304.963
304.988
305.013
305.037
305.062
305.086
305.111
305.135
305.159
305.183
305.207
305.231
305.255
305.28
305.305
305.33
305.354
305.378
305.401
305.424
305.448
305.472
305.496
305.519
305.542
305.566
305.59
305.613
305.637
305.662
305.686
305.709
305.732
305.755
305.777
305.8
305.822
305.844
305.868
305.891
305.913
305.934
305.955
305.976
305.997
306.018
306.041
306.062
306.083
306.102
306.122
306.142
306.161
306.179
306.196
306.213
306.23
306.247
306.263
306.277
306.291
306.305
306.318
306.331
306.343
306.353
306.362
306.371
306.377
306.383
306.387
306.389
306.39
306.389
306.386
306.381
306.374
306.365
306.354
306.34
306.323
306.302
306.279
306.25
306.217
306.18
306.14
306.094
306.042
305.981
305.909
305.813
305.706
305.573
305.39
302.701
302.779
302.854
302.924
302.988
303.048
303.103
303.154
303.203
303.248
303.292
303.333
303.374
303.412
303.45
303.487
303.522
303.557
303.591
303.624
303.657
303.689
303.721
303.752
303.783
303.814
303.844
303.874
303.904
303.933
303.962
303.991
304.019
304.047
304.075
304.103
304.13
304.157
304.184
304.211
304.238
304.264
304.291
304.318
304.344
304.371
304.397
304.423
304.449
304.475
304.501
304.527
304.553
304.578
304.604
304.63
304.656
304.682
304.708
304.733
304.758
304.782
304.807
304.832
304.857
304.883
304.908
304.933
304.958
304.983
305.008
305.032
305.057
305.081
305.106
305.13
305.155
305.179
305.204
305.228
305.254
305.278
305.303
305.327
305.351
305.374
305.398
305.423
305.447
305.47
305.494
305.517
305.542
305.566
305.59
305.614
305.638
305.662
305.685
305.709
305.731
305.754
305.777
305.8
305.823
305.846
305.868
305.89
305.911
305.932
305.954
305.976
305.998
306.02
306.04
306.06
306.08
306.1
306.12
306.138
306.156
306.173
306.19
306.207
306.223
306.238
306.252
306.266
306.28
306.293
306.304
306.315
306.325
306.333
306.34
306.346
306.35
306.352
306.353
306.352
306.35
306.345
306.338
306.329
306.318
306.303
306.286
306.266
306.242
306.213
306.18
306.143
306.102
306.055
306.002
305.939
305.865
305.769
305.659
305.522
305.336
302.633
302.704
302.773
302.839
302.901
302.959
303.014
303.066
303.115
303.162
303.206
303.249
303.29
303.33
303.369
303.406
303.443
303.478
303.513
303.547
303.581
303.614
303.646
303.678
303.71
303.741
303.772
303.802
303.832
303.862
303.891
303.921
303.949
303.978
304.006
304.034
304.062
304.09
304.117
304.144
304.171
304.198
304.225
304.252
304.279
304.306
304.333
304.359
304.385
304.412
304.438
304.464
304.49
304.516
304.542
304.569
304.595
304.621
304.646
304.672
304.697
304.722
304.748
304.773
304.798
304.824
304.849
304.875
304.9
304.925
304.95
304.975
305
305.025
305.049
305.074
305.099
305.124
305.148
305.173
305.199
305.224
305.248
305.273
305.297
305.321
305.345
305.37
305.394
305.418
305.442
305.466
305.49
305.515
305.539
305.564
305.588
305.612
305.636
305.659
305.682
305.705
305.728
305.752
305.775
305.798
305.821
305.843
305.865
305.886
305.908
305.93
305.952
305.974
305.995
306.016
306.036
306.056
306.076
306.095
306.113
306.13
306.148
306.165
306.181
306.196
306.211
306.225
306.239
306.252
306.264
306.275
306.284
306.293
306.3
306.306
306.31
306.313
306.314
306.313
306.311
306.306
306.3
306.291
306.279
306.265
306.248
306.227
306.203
306.175
306.141
306.104
306.062
306.014
305.959
305.895
305.818
305.722
305.61
305.47
305.284
302.566
302.632
302.695
302.757
302.816
302.873
302.927
302.978
303.027
303.074
303.119
303.163
303.205
303.245
303.285
303.323
303.36
303.396
303.432
303.467
303.501
303.534
303.568
303.6
303.632
303.664
303.695
303.726
303.757
303.787
303.817
303.846
303.876
303.905
303.933
303.962
303.99
304.018
304.046
304.074
304.101
304.129
304.156
304.183
304.21
304.237
304.264
304.291
304.318
304.345
304.371
304.398
304.424
304.45
304.477
304.503
304.529
304.556
304.582
304.607
304.633
304.659
304.684
304.71
304.736
304.761
304.787
304.812
304.838
304.863
304.889
304.914
304.939
304.964
304.989
305.014
305.039
305.065
305.09
305.115
305.14
305.165
305.19
305.215
305.24
305.264
305.289
305.313
305.338
305.362
305.387
305.411
305.436
305.46
305.485
305.51
305.534
305.559
305.583
305.607
305.63
305.654
305.677
305.701
305.724
305.748
305.771
305.793
305.815
305.837
305.86
305.882
305.904
305.926
305.948
305.968
305.989
306.009
306.029
306.048
306.067
306.085
306.103
306.12
306.136
306.152
306.167
306.181
306.195
306.208
306.221
306.232
306.242
306.25
306.258
306.264
306.268
306.271
306.273
306.272
306.27
306.265
306.259
306.25
306.238
306.224
306.207
306.186
306.162
306.133
306.1
306.062
306.02
305.971
305.915
305.849
305.77
305.674
305.56
305.418
305.235
302.5
302.561
302.62
302.678
302.734
302.788
302.841
302.891
302.94
302.986
303.032
303.075
303.117
303.158
303.198
303.237
303.275
303.312
303.348
303.383
303.418
303.452
303.486
303.519
303.551
303.584
303.615
303.647
303.678
303.708
303.739
303.769
303.798
303.828
303.857
303.886
303.914
303.943
303.971
303.999
304.027
304.055
304.083
304.11
304.138
304.165
304.192
304.219
304.247
304.273
304.3
304.327
304.354
304.38
304.407
304.434
304.46
304.487
304.513
304.539
304.565
304.591
304.617
304.643
304.669
304.695
304.721
304.747
304.772
304.798
304.824
304.849
304.875
304.9
304.926
304.951
304.976
305.002
305.027
305.053
305.078
305.104
305.129
305.154
305.179
305.204
305.229
305.254
305.279
305.303
305.328
305.353
305.378
305.403
305.428
305.453
305.477
305.502
305.526
305.551
305.575
305.598
305.622
305.646
305.67
305.694
305.717
305.74
305.763
305.785
305.808
305.83
305.853
305.875
305.897
305.918
305.939
305.959
305.979
305.999
306.018
306.036
306.054
306.072
306.089
306.105
306.12
306.135
306.149
306.162
306.175
306.186
306.196
306.205
306.213
306.219
306.224
306.227
306.229
306.228
306.226
306.222
306.216
306.207
306.195
306.181
306.164
306.143
306.119
306.09
306.056
306.018
305.975
305.925
305.868
305.801
305.721
305.624
305.508
305.366
305.187
302.435
302.491
302.546
302.6
302.653
302.705
302.756
302.805
302.852
302.898
302.943
302.986
303.029
303.07
303.11
303.149
303.187
303.224
303.261
303.297
303.332
303.366
303.4
303.434
303.467
303.5
303.532
303.564
303.595
303.626
303.657
303.687
303.717
303.747
303.777
303.806
303.835
303.864
303.892
303.921
303.949
303.977
304.005
304.033
304.061
304.089
304.116
304.144
304.171
304.198
304.226
304.253
304.28
304.307
304.334
304.36
304.387
304.414
304.44
304.467
304.493
304.52
304.546
304.572
304.598
304.625
304.651
304.677
304.703
304.729
304.755
304.781
304.807
304.832
304.858
304.884
304.91
304.935
304.961
304.987
305.012
305.038
305.064
305.089
305.115
305.14
305.165
305.19
305.216
305.241
305.266
305.291
305.316
305.341
305.367
305.392
305.417
305.442
305.467
305.491
305.516
305.54
305.564
305.588
305.612
305.636
305.66
305.683
305.706
305.729
305.752
305.775
305.798
305.82
305.842
305.864
305.885
305.906
305.927
305.947
305.966
305.985
306.003
306.021
306.038
306.054
306.07
306.085
306.1
306.113
306.126
306.137
306.148
306.157
306.165
306.172
306.177
306.18
306.182
306.182
306.18
306.176
306.17
306.161
306.15
306.136
306.118
306.098
306.073
306.044
306.01
305.972
305.928
305.878
305.819
305.751
305.67
305.572
305.456
305.315
305.14
302.37
302.421
302.473
302.524
302.574
302.623
302.672
302.719
302.765
302.81
302.854
302.897
302.939
302.98
303.02
303.059
303.097
303.135
303.171
303.208
303.243
303.278
303.312
303.346
303.38
303.412
303.445
303.477
303.509
303.54
303.571
303.602
303.632
303.663
303.693
303.722
303.752
303.781
303.81
303.839
303.867
303.896
303.924
303.952
303.981
304.008
304.036
304.064
304.092
304.119
304.147
304.174
304.202
304.229
304.256
304.283
304.31
304.337
304.364
304.391
304.418
304.444
304.471
304.497
304.524
304.55
304.577
304.603
304.63
304.656
304.682
304.708
304.734
304.761
304.787
304.813
304.839
304.865
304.891
304.917
304.943
304.969
304.995
305.021
305.046
305.072
305.098
305.123
305.149
305.174
305.2
305.225
305.251
305.276
305.302
305.327
305.353
305.378
305.403
305.428
305.453
305.478
305.502
305.527
305.551
305.575
305.6
305.623
305.647
305.67
305.694
305.717
305.74
305.763
305.785
305.807
305.829
305.85
305.871
305.891
305.911
305.93
305.949
305.967
305.984
306.001
306.017
306.033
306.047
306.061
306.074
306.086
306.097
306.106
306.114
306.121
306.127
306.13
306.132
306.133
306.131
306.127
306.121
306.112
306.101
306.087
306.07
306.049
306.025
305.996
305.962
305.923
305.879
305.828
305.768
305.699
305.617
305.519
305.403
305.263
305.094
302.304
302.353
302.401
302.448
302.496
302.542
302.589
302.634
302.679
302.722
302.765
302.807
302.849
302.889
302.929
302.968
303.006
303.043
303.08
303.116
303.152
303.187
303.221
303.255
303.289
303.322
303.355
303.387
303.419
303.451
303.482
303.513
303.544
303.575
303.605
303.635
303.665
303.694
303.723
303.753
303.782
303.81
303.839
303.868
303.896
303.924
303.952
303.981
304.008
304.036
304.064
304.092
304.119
304.147
304.174
304.202
304.229
304.256
304.284
304.311
304.338
304.365
304.391
304.418
304.445
304.472
304.499
304.525
304.552
304.579
304.605
304.632
304.658
304.685
304.711
304.738
304.764
304.79
304.817
304.843
304.869
304.896
304.922
304.948
304.974
305
305.026
305.052
305.078
305.104
305.13
305.156
305.182
305.207
305.233
305.259
305.285
305.31
305.336
305.361
305.387
305.412
305.437
305.462
305.486
305.511
305.535
305.56
305.584
305.608
305.631
305.655
305.678
305.701
305.724
305.746
305.768
305.79
305.811
305.832
305.852
305.872
305.891
305.909
305.927
305.944
305.961
305.977
305.992
306.006
306.019
306.031
306.042
306.052
306.061
306.068
306.073
306.077
306.08
306.08
306.079
306.075
306.069
306.061
306.05
306.036
306.019
305.998
305.974
305.945
305.911
305.872
305.827
305.775
305.715
305.645
305.563
305.465
305.349
305.212
305.05
302.239
302.284
302.329
302.374
302.418
302.463
302.506
302.55
302.593
302.635
302.677
302.718
302.758
302.798
302.837
302.875
302.913
302.95
302.987
303.023
303.058
303.093
303.128
303.162
303.196
303.229
303.262
303.295
303.327
303.359
303.39
303.422
303.453
303.483
303.514
303.544
303.574
303.604
303.633
303.663
303.692
303.721
303.75
303.779
303.808
303.836
303.865
303.893
303.921
303.949
303.977
304.005
304.033
304.061
304.089
304.116
304.144
304.172
304.199
304.226
304.254
304.281
304.308
304.335
304.362
304.39
304.417
304.444
304.471
304.498
304.524
304.551
304.578
304.605
304.632
304.658
304.685
304.712
304.738
304.765
304.792
304.818
304.845
304.871
304.898
304.924
304.951
304.977
305.003
305.03
305.056
305.082
305.108
305.135
305.161
305.187
305.213
305.239
305.265
305.291
305.316
305.342
305.367
305.393
305.418
305.443
305.468
305.492
305.517
305.541
305.565
305.589
305.613
305.636
305.659
305.682
305.705
305.727
305.748
305.769
305.79
305.81
305.829
305.848
305.867
305.884
305.901
305.917
305.933
305.947
305.961
305.973
305.985
305.995
306.004
306.011
306.017
306.021
306.024
306.025
306.024
306.02
306.015
306.007
305.996
305.982
305.965
305.944
305.92
305.891
305.857
305.818
305.773
305.72
305.66
305.59
305.507
305.41
305.296
305.162
305.005
302.174
302.215
302.257
302.299
302.341
302.383
302.425
302.466
302.507
302.548
302.588
302.628
302.667
302.706
302.744
302.782
302.819
302.856
302.892
302.928
302.963
302.998
303.032
303.067
303.1
303.134
303.166
303.199
303.231
303.263
303.295
303.327
303.358
303.389
303.419
303.45
303.48
303.51
303.54
303.569
303.599
303.628
303.658
303.687
303.715
303.744
303.773
303.802
303.83
303.858
303.887
303.915
303.943
303.971
303.999
304.027
304.055
304.083
304.11
304.138
304.166
304.193
304.221
304.248
304.276
304.303
304.33
304.358
304.385
304.412
304.439
304.467
304.494
304.521
304.548
304.575
304.602
304.629
304.656
304.683
304.71
304.737
304.764
304.791
304.818
304.844
304.871
304.898
304.925
304.951
304.978
305.004
305.031
305.058
305.084
305.111
305.137
305.164
305.19
305.216
305.242
305.268
305.294
305.32
305.345
305.371
305.396
305.421
305.446
305.471
305.495
305.519
305.544
305.567
305.591
305.614
305.637
305.659
305.681
305.703
305.724
305.744
305.764
305.784
305.802
305.82
305.838
305.854
305.87
305.885
305.899
305.912
305.923
305.934
305.943
305.951
305.957
305.962
305.965
305.966
305.966
305.963
305.957
305.949
305.939
305.925
305.908
305.888
305.863
305.834
305.801
305.761
305.716
305.664
305.603
305.532
305.45
305.354
305.241
305.111
304.962
302.108
302.147
302.186
302.226
302.265
302.305
302.344
302.384
302.423
302.462
302.5
302.538
302.576
302.614
302.651
302.688
302.725
302.761
302.796
302.832
302.866
302.901
302.935
302.969
303.003
303.036
303.069
303.101
303.133
303.165
303.197
303.229
303.26
303.291
303.322
303.352
303.383
303.413
303.443
303.473
303.502
303.532
303.561
303.591
303.62
303.649
303.678
303.706
303.735
303.764
303.792
303.821
303.849
303.877
303.906
303.934
303.962
303.99
304.018
304.046
304.074
304.102
304.129
304.157
304.185
304.212
304.24
304.268
304.295
304.323
304.35
304.378
304.405
304.433
304.46
304.487
304.515
304.542
304.57
304.597
304.624
304.651
304.679
304.706
304.733
304.76
304.787
304.814
304.842
304.869
304.896
304.923
304.95
304.977
305.004
305.03
305.057
305.084
305.111
305.137
305.164
305.19
305.216
305.242
305.268
305.294
305.32
305.346
305.371
305.396
305.421
305.446
305.47
305.495
305.519
305.542
305.565
305.588
305.611
305.633
305.654
305.675
305.696
305.715
305.734
305.753
305.771
305.788
305.804
305.819
305.833
305.847
305.859
305.87
305.879
305.888
305.894
305.9
305.903
305.904
305.904
305.901
305.896
305.889
305.878
305.865
305.848
305.828
305.804
305.775
305.741
305.702
305.657
305.604
305.544
305.473
305.391
305.296
305.187
305.061
304.918
302.042
302.079
302.115
302.152
302.19
302.227
302.264
302.301
302.339
302.376
302.413
302.449
302.486
302.522
302.558
302.594
302.63
302.665
302.7
302.734
302.769
302.803
302.837
302.87
302.903
302.936
302.969
303.001
303.033
303.065
303.097
303.128
303.16
303.191
303.221
303.252
303.282
303.313
303.343
303.373
303.403
303.432
303.462
303.491
303.52
303.55
303.579
303.608
303.637
303.665
303.694
303.723
303.751
303.78
303.808
303.837
303.865
303.893
303.922
303.95
303.978
304.006
304.034
304.062
304.09
304.118
304.146
304.174
304.201
304.229
304.257
304.285
304.313
304.34
304.368
304.396
304.424
304.451
304.479
304.506
304.534
304.562
304.589
304.617
304.644
304.672
304.699
304.727
304.754
304.782
304.809
304.837
304.864
304.891
304.919
304.946
304.973
305
305.027
305.054
305.081
305.108
305.135
305.161
305.188
305.214
305.24
305.266
305.292
305.318
305.343
305.368
305.393
305.418
305.442
305.466
305.49
305.513
305.536
305.559
305.581
305.602
305.623
305.643
305.663
305.681
305.7
305.717
305.734
305.749
305.764
305.778
305.79
305.802
305.812
305.821
305.828
305.833
305.837
305.839
305.839
305.837
305.832
305.825
305.815
305.802
305.785
305.765
305.741
305.713
305.679
305.64
305.595
305.543
305.482
305.412
305.332
305.239
305.132
305.01
304.875
301.976
302.01
302.045
302.079
302.114
302.149
302.185
302.22
302.255
302.29
302.326
302.361
302.396
302.431
302.466
302.5
302.535
302.569
302.603
302.637
302.67
302.704
302.737
302.77
302.803
302.835
302.867
302.899
302.931
302.963
302.994
303.026
303.057
303.088
303.118
303.149
303.179
303.21
303.24
303.27
303.3
303.329
303.359
303.389
303.418
303.447
303.476
303.506
303.535
303.564
303.592
303.621
303.65
303.679
303.707
303.736
303.764
303.793
303.821
303.85
303.878
303.906
303.935
303.963
303.991
304.019
304.047
304.076
304.104
304.132
304.16
304.188
304.216
304.244
304.272
304.3
304.328
304.356
304.384
304.412
304.44
304.468
304.496
304.524
304.552
304.58
304.607
304.635
304.663
304.691
304.719
304.747
304.774
304.802
304.83
304.857
304.885
304.912
304.94
304.967
304.995
305.022
305.049
305.076
305.103
305.13
305.156
305.183
305.209
305.235
305.261
305.286
305.312
305.337
305.362
305.386
305.41
305.434
305.458
305.48
305.503
305.525
305.546
305.567
305.587
305.606
305.625
305.643
305.66
305.676
305.691
305.705
305.718
305.73
305.741
305.75
305.757
305.763
305.767
305.77
305.77
305.768
305.764
305.757
305.748
305.735
305.719
305.699
305.676
305.648
305.614
305.576
305.531
305.479
305.419
305.35
305.271
305.18
305.076
304.96
304.831
301.91
301.942
301.974
302.007
302.04
302.073
302.106
302.139
302.173
302.206
302.24
302.273
302.307
302.34
302.373
302.407
302.44
302.473
302.506
302.539
302.572
302.604
302.637
302.669
302.701
302.733
302.765
302.797
302.828
302.859
302.89
302.921
302.952
302.983
303.014
303.044
303.074
303.104
303.135
303.164
303.194
303.224
303.254
303.283
303.313
303.342
303.371
303.4
303.429
303.458
303.487
303.516
303.545
303.574
303.603
303.632
303.66
303.689
303.718
303.746
303.775
303.803
303.832
303.86
303.889
303.917
303.945
303.974
304.002
304.03
304.059
304.087
304.115
304.144
304.172
304.2
304.229
304.257
304.285
304.314
304.342
304.37
304.398
304.427
304.455
304.483
304.511
304.54
304.568
304.596
304.624
304.652
304.68
304.708
304.736
304.765
304.792
304.82
304.848
304.876
304.904
304.931
304.959
304.986
305.014
305.041
305.068
305.095
305.121
305.148
305.174
305.2
305.226
305.252
305.277
305.302
305.327
305.351
305.375
305.398
305.421
305.443
305.465
305.486
305.507
305.527
305.546
305.564
305.582
305.598
305.614
305.628
305.642
305.654
305.665
305.675
305.683
305.689
305.694
305.697
305.698
305.696
305.693
305.686
305.677
305.665
305.649
305.63
305.607
305.579
305.546
305.508
305.464
305.413
305.354
305.286
305.208
305.12
305.02
304.909
304.786
301.844
301.874
301.904
301.935
301.966
301.997
302.028
302.059
302.091
302.122
302.154
302.186
302.218
302.25
302.282
302.314
302.346
302.378
302.41
302.441
302.473
302.505
302.536
302.568
302.599
302.63
302.662
302.693
302.724
302.754
302.785
302.816
302.846
302.877
302.907
302.937
302.967
302.997
303.027
303.057
303.087
303.116
303.146
303.175
303.205
303.234
303.263
303.292
303.321
303.351
303.38
303.409
303.437
303.466
303.495
303.524
303.553
303.582
303.61
303.639
303.668
303.696
303.725
303.754
303.782
303.811
303.84
303.868
303.897
303.925
303.954
303.983
304.011
304.04
304.068
304.097
304.125
304.154
304.183
304.211
304.24
304.268
304.297
304.325
304.354
304.383
304.411
304.44
304.468
304.497
304.525
304.554
304.582
304.611
304.639
304.668
304.696
304.724
304.752
304.781
304.809
304.837
304.865
304.893
304.92
304.948
304.975
305.003
305.03
305.057
305.084
305.11
305.136
305.162
305.188
305.214
305.239
305.263
305.288
305.311
305.335
305.358
305.38
305.402
305.423
305.443
305.462
305.481
305.499
305.516
305.533
305.548
305.562
305.574
305.586
305.596
305.604
305.611
305.617
305.62
305.621
305.62
305.617
305.611
305.603
305.591
305.576
305.557
305.535
305.508
305.476
305.438
305.395
305.344
305.286
305.22
305.145
305.059
304.963
304.857
304.74
301.778
301.806
301.835
301.863
301.892
301.921
301.951
301.98
302.01
302.04
302.07
302.1
302.13
302.161
302.191
302.222
302.252
302.283
302.314
302.344
302.375
302.406
302.436
302.467
302.497
302.528
302.558
302.589
302.619
302.649
302.679
302.709
302.739
302.769
302.799
302.829
302.859
302.888
302.918
302.948
302.977
303.006
303.036
303.065
303.094
303.124
303.153
303.182
303.211
303.24
303.269
303.298
303.327
303.356
303.385
303.414
303.442
303.471
303.5
303.529
303.558
303.587
303.615
303.644
303.673
303.702
303.73
303.759
303.788
303.817
303.845
303.874
303.903
303.932
303.961
303.99
304.018
304.047
304.076
304.105
304.134
304.163
304.191
304.22
304.249
304.278
304.307
304.336
304.365
304.394
304.422
304.451
304.48
304.509
304.538
304.567
304.595
304.624
304.653
304.681
304.71
304.738
304.766
304.795
304.823
304.851
304.879
304.906
304.934
304.961
304.989
305.016
305.042
305.069
305.095
305.121
305.146
305.171
305.196
305.22
305.244
305.268
305.29
305.312
305.334
305.355
305.375
305.394
305.413
305.43
305.447
305.463
305.477
305.49
305.502
305.513
305.522
305.529
305.535
305.539
305.541
305.541
305.538
305.533
305.525
305.514
305.499
305.481
305.459
305.433
305.401
305.365
305.322
305.273
305.217
305.153
305.08
304.997
304.905
304.804
304.694
301.713
301.739
301.766
301.792
301.819
301.847
301.874
301.902
301.93
301.958
301.987
302.015
302.044
302.073
302.102
302.131
302.16
302.189
302.219
302.248
302.278
302.307
302.337
302.366
302.396
302.425
302.455
302.484
302.514
302.543
302.573
302.602
302.632
302.661
302.691
302.72
302.749
302.779
302.808
302.837
302.866
302.895
302.924
302.953
302.982
303.011
303.04
303.069
303.098
303.127
303.156
303.185
303.214
303.243
303.272
303.301
303.329
303.358
303.387
303.416
303.445
303.474
303.503
303.531
303.56
303.589
303.618
303.647
303.676
303.705
303.734
303.763
303.792
303.821
303.85
303.879
303.908
303.937
303.966
303.995
304.024
304.053
304.082
304.112
304.141
304.17
304.199
304.228
304.257
304.287
304.316
304.345
304.374
304.403
304.432
304.462
304.491
304.52
304.549
304.578
304.606
304.635
304.664
304.693
304.721
304.75
304.778
304.806
304.834
304.862
304.889
304.917
304.944
304.971
304.997
305.024
305.05
305.075
305.1
305.125
305.149
305.173
305.196
305.219
305.241
305.262
305.283
305.303
305.322
305.34
305.357
305.373
305.388
305.402
305.414
305.425
305.435
305.443
305.449
305.454
305.456
305.457
305.454
305.45
305.443
305.432
305.418
305.401
305.38
305.354
305.324
305.288
305.247
305.2
305.145
305.083
305.013
304.934
304.846
304.75
304.646
301.648
301.672
301.697
301.722
301.748
301.773
301.799
301.825
301.851
301.878
301.905
301.932
301.959
301.986
302.014
302.041
302.069
302.097
302.125
302.153
302.182
302.21
302.238
302.267
302.295
302.324
302.352
302.381
302.41
302.438
302.467
302.496
302.524
302.553
302.582
302.611
302.639
302.668
302.697
302.726
302.754
302.783
302.812
302.841
302.869
302.898
302.927
302.956
302.984
303.013
303.042
303.071
303.099
303.128
303.157
303.186
303.214
303.243
303.272
303.301
303.33
303.358
303.387
303.416
303.445
303.474
303.503
303.532
303.561
303.59
303.619
303.648
303.677
303.706
303.736
303.765
303.794
303.823
303.853
303.882
303.911
303.941
303.97
303.999
304.029
304.058
304.088
304.117
304.147
304.176
304.205
304.235
304.264
304.294
304.323
304.353
304.382
304.411
304.441
304.47
304.499
304.528
304.558
304.587
304.615
304.644
304.673
304.701
304.73
304.758
304.786
304.814
304.841
304.869
304.896
304.922
304.949
304.975
305
305.026
305.05
305.075
305.098
305.121
305.144
305.166
305.187
305.207
305.226
305.245
305.263
305.279
305.295
305.309
305.322
305.334
305.344
305.352
305.359
305.364
305.367
305.368
305.367
305.363
305.356
305.347
305.334
305.317
305.297
305.272
305.243
305.209
305.169
305.123
305.071
305.011
304.944
304.869
304.786
304.694
304.596
301.584
301.606
301.63
301.653
301.677
301.701
301.725
301.749
301.774
301.799
301.824
301.85
301.875
301.901
301.927
301.953
301.98
302.006
302.033
302.06
302.087
302.114
302.141
302.168
302.196
302.223
302.251
302.278
302.306
302.334
302.362
302.39
302.418
302.445
302.474
302.502
302.53
302.558
302.586
302.614
302.642
302.671
302.699
302.727
302.756
302.784
302.812
302.841
302.869
302.898
302.926
302.955
302.983
303.012
303.04
303.069
303.098
303.126
303.155
303.184
303.212
303.241
303.27
303.299
303.328
303.357
303.386
303.415
303.444
303.473
303.502
303.531
303.56
303.59
303.619
303.648
303.677
303.707
303.736
303.766
303.795
303.825
303.854
303.884
303.914
303.943
303.973
304.003
304.032
304.062
304.092
304.121
304.151
304.181
304.211
304.24
304.27
304.3
304.329
304.359
304.388
304.418
304.447
304.477
304.506
304.535
304.564
304.593
304.622
304.65
304.679
304.707
304.735
304.762
304.79
304.817
304.844
304.87
304.896
304.922
304.947
304.972
304.996
305.019
305.042
305.064
305.086
305.107
305.126
305.146
305.164
305.181
305.197
305.211
305.225
305.237
305.248
305.257
305.265
305.27
305.274
305.276
305.275
305.272
305.266
305.257
305.245
305.229
305.21
305.187
305.159
305.126
305.088
305.044
304.994
304.937
304.873
304.802
304.723
304.637
304.544
301.52
301.541
301.563
301.585
301.607
301.629
301.652
301.675
301.698
301.722
301.745
301.769
301.794
301.818
301.843
301.867
301.892
301.917
301.943
301.968
301.994
302.02
302.046
302.072
302.098
302.124
302.151
302.177
302.204
302.231
302.258
302.285
302.312
302.339
302.366
302.393
302.421
302.448
302.476
302.503
302.531
302.558
302.586
302.614
302.642
302.67
302.698
302.726
302.754
302.782
302.81
302.838
302.866
302.895
302.923
302.951
302.98
303.008
303.037
303.065
303.094
303.122
303.151
303.18
303.209
303.238
303.267
303.296
303.325
303.354
303.383
303.412
303.441
303.47
303.5
303.529
303.559
303.588
303.618
303.647
303.677
303.706
303.736
303.766
303.796
303.825
303.855
303.885
303.915
303.945
303.975
304.005
304.035
304.065
304.095
304.125
304.155
304.184
304.214
304.244
304.274
304.304
304.333
304.363
304.393
304.422
304.451
304.481
304.51
304.539
304.567
304.596
304.624
304.652
304.68
304.707
304.734
304.761
304.788
304.814
304.839
304.864
304.889
304.913
304.936
304.959
304.981
305.002
305.022
305.042
305.06
305.078
305.094
305.109
305.124
305.136
305.148
305.157
305.165
305.172
305.176
305.178
305.178
305.176
305.171
305.163
305.152
305.137
305.119
305.097
305.071
305.04
305.003
304.962
304.914
304.86
304.799
304.732
304.658
304.577
304.49
301.457
301.477
301.498
301.518
301.539
301.56
301.581
301.602
301.624
301.646
301.668
301.691
301.714
301.737
301.76
301.783
301.807
301.831
301.855
301.879
301.903
301.928
301.952
301.977
302.002
302.027
302.053
302.078
302.104
302.13
302.155
302.181
302.207
302.234
302.26
302.286
302.313
302.34
302.366
302.393
302.42
302.447
302.474
302.501
302.529
302.556
302.583
302.611
302.638
302.666
302.694
302.721
302.749
302.777
302.805
302.833
302.861
302.89
302.918
302.946
302.974
303.003
303.031
303.06
303.089
303.117
303.146
303.175
303.204
303.233
303.262
303.291
303.32
303.35
303.379
303.408
303.438
303.467
303.497
303.526
303.556
303.586
303.615
303.645
303.675
303.705
303.735
303.765
303.795
303.825
303.855
303.885
303.916
303.946
303.976
304.006
304.036
304.066
304.096
304.126
304.156
304.186
304.216
304.246
304.276
304.306
304.335
304.365
304.394
304.423
304.452
304.481
304.51
304.538
304.566
304.594
304.621
304.648
304.675
304.701
304.727
304.753
304.778
304.802
304.826
304.849
304.871
304.892
304.913
304.933
304.952
304.97
304.987
305.003
305.017
305.031
305.043
305.053
305.062
305.068
305.073
305.076
305.077
305.076
305.071
305.065
305.055
305.041
305.024
305.004
304.979
304.949
304.915
304.876
304.831
304.78
304.723
304.66
304.59
304.515
304.433
301.396
301.415
301.433
301.453
301.472
301.492
301.511
301.532
301.552
301.573
301.593
301.615
301.636
301.657
301.679
301.701
301.724
301.746
301.769
301.792
301.815
301.838
301.861
301.885
301.909
301.933
301.957
301.981
302.006
302.031
302.055
302.08
302.105
302.131
302.156
302.182
302.207
302.233
302.259
302.285
302.311
302.337
302.364
302.39
302.417
302.443
302.47
302.497
302.524
302.551
302.578
302.605
302.633
302.66
302.688
302.715
302.743
302.771
302.799
302.827
302.855
302.883
302.911
302.94
302.968
302.997
303.025
303.054
303.083
303.111
303.14
303.169
303.198
303.228
303.257
303.286
303.315
303.345
303.374
303.404
303.434
303.463
303.493
303.523
303.553
303.583
303.613
303.643
303.673
303.703
303.734
303.764
303.794
303.824
303.854
303.885
303.915
303.945
303.976
304.006
304.036
304.066
304.096
304.126
304.156
304.186
304.216
304.246
304.275
304.305
304.334
304.363
304.392
304.42
304.449
304.477
304.504
304.532
304.559
304.585
304.611
304.637
304.662
304.687
304.711
304.734
304.757
304.779
304.8
304.82
304.84
304.858
304.876
304.892
304.907
304.921
304.933
304.944
304.953
304.961
304.966
304.97
304.972
304.971
304.968
304.962
304.953
304.941
304.925
304.906
304.883
304.855
304.823
304.786
304.744
304.697
304.643
304.584
304.519
304.449
304.372
301.336
301.353
301.371
301.389
301.407
301.425
301.444
301.463
301.482
301.501
301.521
301.54
301.561
301.581
301.601
301.622
301.643
301.664
301.686
301.707
301.729
301.751
301.773
301.796
301.818
301.841
301.864
301.887
301.911
301.934
301.958
301.982
302.006
302.03
302.055
302.079
302.104
302.129
302.154
302.179
302.204
302.229
302.255
302.281
302.307
302.333
302.359
302.385
302.411
302.438
302.464
302.491
302.518
302.545
302.572
302.599
302.626
302.653
302.681
302.708
302.736
302.764
302.792
302.82
302.848
302.876
302.904
302.933
302.961
302.99
303.019
303.047
303.076
303.105
303.134
303.163
303.193
303.222
303.251
303.281
303.31
303.34
303.37
303.4
303.429
303.459
303.489
303.52
303.55
303.58
303.61
303.64
303.671
303.701
303.731
303.762
303.792
303.822
303.853
303.883
303.913
303.944
303.974
304.004
304.034
304.064
304.094
304.124
304.153
304.183
304.212
304.241
304.27
304.299
304.328
304.356
304.384
304.411
304.439
304.465
304.492
304.518
304.543
304.568
304.592
304.616
304.639
304.661
304.683
304.703
304.723
304.742
304.759
304.776
304.792
304.806
304.819
304.83
304.84
304.848
304.854
304.859
304.861
304.861
304.859
304.854
304.846
304.836
304.821
304.804
304.783
304.757
304.727
304.693
304.654
304.61
304.56
304.505
304.445
304.379
304.308
301.278
301.294
301.31
301.327
301.344
301.361
301.378
301.396
301.414
301.432
301.45
301.469
301.488
301.507
301.526
301.546
301.565
301.585
301.605
301.626
301.646
301.667
301.688
301.709
301.731
301.753
301.774
301.796
301.819
301.841
301.864
301.887
301.91
301.933
301.956
301.98
302.003
302.027
302.051
302.076
302.1
302.124
302.149
302.174
302.199
302.224
302.25
302.275
302.301
302.326
302.352
302.378
302.404
302.431
302.457
302.484
302.51
302.537
302.564
302.591
302.619
302.646
302.673
302.701
302.729
302.756
302.784
302.812
302.841
302.869
302.897
302.926
302.954
302.983
303.012
303.041
303.07
303.099
303.128
303.157
303.187
303.216
303.246
303.276
303.305
303.335
303.365
303.395
303.425
303.455
303.486
303.516
303.546
303.576
303.607
303.637
303.667
303.698
303.728
303.758
303.789
303.819
303.849
303.879
303.91
303.94
303.97
303.999
304.029
304.059
304.088
304.117
304.146
304.175
304.204
304.232
304.26
304.288
304.315
304.342
304.369
304.395
304.42
304.445
304.47
304.494
304.517
304.539
304.561
304.582
304.602
304.621
304.639
304.656
304.672
304.687
304.7
304.712
304.722
304.731
304.738
304.743
304.746
304.747
304.746
304.742
304.735
304.726
304.713
304.697
304.678
304.655
304.627
304.596
304.559
304.519
304.473
304.422
304.366
304.306
304.24
301.221
301.236
301.252
301.267
301.283
301.299
301.315
301.332
301.349
301.366
301.383
301.4
301.418
301.436
301.454
301.472
301.491
301.509
301.528
301.548
301.567
301.587
301.607
301.627
301.647
301.667
301.688
301.709
301.73
301.752
301.773
301.795
301.817
301.839
301.861
301.884
301.907
301.929
301.952
301.976
301.999
302.023
302.047
302.071
302.095
302.119
302.144
302.168
302.193
302.218
302.243
302.269
302.294
302.32
302.345
302.371
302.397
302.424
302.45
302.477
302.503
302.53
302.557
302.584
302.611
302.639
302.666
302.694
302.721
302.749
302.777
302.805
302.834
302.862
302.891
302.919
302.948
302.977
303.006
303.035
303.064
303.093
303.123
303.152
303.182
303.211
303.241
303.271
303.301
303.331
303.361
303.391
303.421
303.451
303.481
303.511
303.542
303.572
303.602
303.633
303.663
303.693
303.723
303.753
303.783
303.813
303.843
303.873
303.903
303.932
303.962
303.991
304.02
304.049
304.078
304.106
304.134
304.162
304.189
304.216
304.243
304.269
304.294
304.319
304.344
304.368
304.391
304.414
304.436
304.457
304.477
304.496
304.515
304.532
304.548
304.563
304.577
304.589
304.6
304.609
304.617
304.623
304.627
304.629
304.628
304.625
304.62
304.612
304.601
304.587
304.569
304.548
304.523
304.494
304.461
304.424
304.382
304.335
304.284
304.228
304.168
301.167
301.181
301.195
301.21
301.225
301.24
301.255
301.271
301.286
301.302
301.318
301.334
301.351
301.368
301.385
301.402
301.419
301.437
301.455
301.473
301.491
301.51
301.529
301.548
301.567
301.586
301.606
301.626
301.646
301.666
301.686
301.707
301.728
301.749
301.77
301.792
301.814
301.836
301.858
301.88
301.902
301.925
301.948
301.971
301.994
302.018
302.041
302.065
302.089
302.113
302.138
302.162
302.187
302.212
302.237
302.262
302.288
302.313
302.339
302.365
302.391
302.417
302.443
302.47
302.496
302.523
302.55
302.577
302.605
302.632
302.659
302.687
302.715
302.743
302.771
302.799
302.828
302.856
302.885
302.913
302.942
302.971
303
303.029
303.059
303.088
303.117
303.147
303.177
303.206
303.236
303.266
303.296
303.326
303.356
303.386
303.416
303.446
303.476
303.506
303.536
303.566
303.596
303.626
303.656
303.686
303.716
303.746
303.775
303.805
303.834
303.863
303.892
303.921
303.949
303.978
304.005
304.033
304.06
304.087
304.114
304.14
304.165
304.191
304.215
304.239
304.262
304.285
304.307
304.328
304.349
304.368
304.387
304.404
304.42
304.436
304.45
304.463
304.474
304.484
304.492
304.498
304.503
304.506
304.506
304.505
304.5
304.494
304.484
304.472
304.456
304.437
304.415
304.388
304.358
304.324
304.286
304.244
304.197
304.146
304.091
301.115
301.128
301.142
301.155
301.169
301.183
301.198
301.212
301.227
301.242
301.257
301.272
301.288
301.303
301.319
301.335
301.352
301.368
301.385
301.402
301.42
301.437
301.455
301.473
301.491
301.509
301.528
301.547
301.566
301.585
301.604
301.624
301.644
301.664
301.684
301.705
301.725
301.746
301.767
301.789
301.81
301.832
301.854
301.876
301.898
301.921
301.944
301.967
301.99
302.013
302.037
302.06
302.084
302.108
302.133
302.157
302.182
302.206
302.231
302.257
302.282
302.308
302.333
302.359
302.385
302.411
302.438
302.464
302.491
302.518
302.545
302.572
302.599
302.627
302.654
302.682
302.71
302.738
302.766
302.794
302.823
302.851
302.88
302.909
302.938
302.967
302.996
303.025
303.054
303.083
303.113
303.142
303.172
303.202
303.231
303.261
303.291
303.321
303.351
303.38
303.41
303.44
303.47
303.5
303.529
303.559
303.588
303.618
303.647
303.676
303.705
303.734
303.763
303.791
303.82
303.848
303.875
303.903
303.93
303.957
303.983
304.009
304.034
304.059
304.084
304.108
304.131
304.154
304.176
304.197
304.217
304.237
304.255
304.273
304.289
304.305
304.319
304.332
304.344
304.354
304.363
304.37
304.376
304.379
304.38
304.38
304.377
304.371
304.363
304.353
304.339
304.322
304.302
304.279
304.252
304.221
304.186
304.148
304.105
304.059
304.009
301.066
301.078
301.091
301.104
301.117
301.13
301.143
301.157
301.171
301.185
301.199
301.213
301.228
301.243
301.258
301.273
301.288
301.304
301.32
301.336
301.352
301.369
301.385
301.402
301.419
301.437
301.454
301.472
301.49
301.508
301.527
301.545
301.564
301.583
301.603
301.622
301.642
301.662
301.682
301.702
301.723
301.744
301.765
301.786
301.807
301.829
301.851
301.873
301.895
301.918
301.94
301.963
301.986
302.01
302.033
302.057
302.081
302.105
302.129
302.153
302.178
302.203
302.228
302.253
302.278
302.304
302.329
302.355
302.381
302.408
302.434
302.46
302.487
302.514
302.541
302.568
302.596
302.623
302.651
302.678
302.706
302.734
302.763
302.791
302.819
302.848
302.876
302.905
302.934
302.963
302.992
303.021
303.05
303.079
303.109
303.138
303.167
303.197
303.226
303.256
303.285
303.315
303.344
303.373
303.403
303.432
303.461
303.49
303.519
303.548
303.577
303.605
303.634
303.662
303.69
303.717
303.745
303.772
303.799
303.825
303.851
303.877
303.902
303.927
303.951
303.974
303.998
304.02
304.042
304.063
304.083
304.103
304.121
304.139
304.156
304.171
304.186
304.199
304.211
304.222
304.231
304.239
304.245
304.249
304.251
304.252
304.25
304.246
304.239
304.23
304.218
304.203
304.186
304.165
304.141
304.113
304.082
304.048
304.01
303.968
303.922
301.02
301.031
301.043
301.055
301.067
301.08
301.092
301.105
301.118
301.131
301.145
301.158
301.172
301.186
301.2
301.214
301.229
301.244
301.259
301.274
301.289
301.305
301.32
301.336
301.353
301.369
301.386
301.403
301.42
301.437
301.454
301.472
301.49
301.508
301.526
301.545
301.564
301.583
301.602
301.622
301.641
301.661
301.681
301.702
301.722
301.743
301.764
301.785
301.806
301.828
301.85
301.872
301.894
301.916
301.939
301.962
301.985
302.008
302.032
302.055
302.079
302.103
302.127
302.152
302.176
302.201
302.226
302.251
302.277
302.302
302.328
302.354
302.38
302.406
302.432
302.459
302.486
302.513
302.54
302.567
302.594
302.621
302.649
302.677
302.705
302.733
302.761
302.789
302.817
302.846
302.874
302.903
302.931
302.96
302.989
303.018
303.046
303.075
303.104
303.133
303.162
303.191
303.22
303.249
303.278
303.306
303.335
303.364
303.392
303.421
303.449
303.477
303.505
303.532
303.56
303.587
303.614
303.641
303.667
303.693
303.719
303.744
303.769
303.793
303.817
303.84
303.863
303.885
303.907
303.928
303.948
303.967
303.986
304.003
304.02
304.036
304.05
304.064
304.076
304.087
304.097
304.105
304.111
304.116
304.119
304.121
304.12
304.117
304.112
304.104
304.094
304.082
304.066
304.048
304.027
304.003
303.975
303.944
303.91
303.873
303.832
300.977
300.988
300.999
301.01
301.022
301.033
301.045
301.057
301.07
301.082
301.094
301.107
301.12
301.133
301.147
301.16
301.174
301.188
301.202
301.216
301.231
301.246
301.261
301.276
301.291
301.307
301.322
301.338
301.354
301.371
301.387
301.404
301.421
301.439
301.456
301.474
301.492
301.51
301.528
301.547
301.565
301.584
301.604
301.623
301.643
301.663
301.683
301.703
301.723
301.744
301.765
301.786
301.808
301.829
301.851
301.873
301.895
301.918
301.94
301.963
301.986
302.009
302.033
302.057
302.08
302.104
302.129
302.153
302.178
302.203
302.227
302.253
302.278
302.304
302.329
302.355
302.381
302.407
302.434
302.46
302.487
302.514
302.54
302.568
302.595
302.622
302.649
302.677
302.705
302.732
302.76
302.788
302.816
302.844
302.873
302.901
302.929
302.957
302.986
303.014
303.042
303.071
303.099
303.127
303.155
303.184
303.212
303.24
303.267
303.295
303.323
303.35
303.378
303.405
303.432
303.458
303.485
303.511
303.536
303.562
303.587
303.612
303.636
303.66
303.683
303.706
303.729
303.751
303.772
303.792
303.812
303.831
303.85
303.867
303.884
303.899
303.914
303.927
303.94
303.951
303.961
303.97
303.977
303.982
303.986
303.988
303.988
303.987
303.983
303.977
303.969
303.958
303.945
303.929
303.911
303.889
303.865
303.838
303.807
303.774
303.738
300.937
300.948
300.958
300.969
300.98
300.991
301.002
301.013
301.025
301.037
301.049
301.061
301.073
301.085
301.098
301.111
301.124
301.137
301.15
301.164
301.178
301.192
301.206
301.22
301.235
301.25
301.265
301.28
301.295
301.311
301.326
301.342
301.359
301.375
301.392
301.409
301.426
301.443
301.46
301.478
301.496
301.514
301.533
301.551
301.57
301.589
301.608
301.628
301.647
301.667
301.687
301.708
301.728
301.749
301.77
301.791
301.813
301.834
301.856
301.878
301.9
301.923
301.945
301.968
301.991
302.015
302.038
302.062
302.085
302.11
302.134
302.158
302.183
302.207
302.232
302.258
302.283
302.308
302.334
302.36
302.386
302.412
302.438
302.464
302.491
302.517
302.544
302.571
302.598
302.625
302.652
302.679
302.707
302.734
302.761
302.789
302.816
302.844
302.872
302.899
302.927
302.954
302.982
303.01
303.037
303.064
303.092
303.119
303.146
303.173
303.2
303.227
303.254
303.28
303.306
303.332
303.358
303.383
303.408
303.433
303.458
303.482
303.506
303.529
303.552
303.574
303.596
303.617
303.638
303.658
303.678
303.696
303.715
303.732
303.748
303.764
303.778
303.792
303.804
303.816
303.826
303.834
303.842
303.848
303.853
303.855
303.857
303.856
303.853
303.849
303.842
303.833
303.822
303.809
303.793
303.774
303.753
303.729
303.703
303.673
303.641
300.902
300.912
300.922
300.932
300.942
300.953
300.963
300.974
300.985
300.996
301.007
301.019
301.031
301.042
301.054
301.066
301.079
301.091
301.104
301.117
301.13
301.143
301.157
301.17
301.184
301.198
301.213
301.227
301.242
301.257
301.272
301.287
301.302
301.318
301.334
301.35
301.366
301.383
301.4
301.417
301.434
301.451
301.469
301.486
301.504
301.523
301.541
301.56
301.579
301.598
301.617
301.637
301.656
301.676
301.696
301.717
301.737
301.758
301.779
301.801
301.822
301.844
301.865
301.888
301.91
301.932
301.955
301.978
302.001
302.024
302.048
302.071
302.095
302.119
302.143
302.167
302.192
302.217
302.241
302.266
302.292
302.317
302.342
302.368
302.394
302.419
302.445
302.471
302.498
302.524
302.55
302.577
302.603
302.63
302.656
302.683
302.71
302.737
302.764
302.79
302.817
302.844
302.871
302.898
302.924
302.951
302.977
303.004
303.03
303.056
303.083
303.108
303.134
303.16
303.185
303.21
303.235
303.26
303.284
303.309
303.332
303.356
303.379
303.401
303.424
303.445
303.467
303.488
303.508
303.527
303.546
303.565
303.582
303.599
303.615
303.631
303.645
303.659
303.671
303.682
303.693
303.702
303.709
303.716
303.721
303.724
303.726
303.727
303.725
303.722
303.717
303.71
303.701
303.689
303.676
303.66
303.642
303.621
303.598
303.572
303.543
300.87
300.88
300.889
300.899
300.909
300.919
300.929
300.939
300.95
300.96
300.971
300.982
300.993
301.004
301.016
301.027
301.039
301.051
301.063
301.076
301.088
301.101
301.114
301.127
301.14
301.153
301.167
301.181
301.195
301.209
301.223
301.238
301.253
301.268
301.283
301.298
301.314
301.33
301.346
301.362
301.379
301.395
301.412
301.429
301.446
301.464
301.482
301.5
301.518
301.536
301.555
301.573
301.592
301.612
301.631
301.651
301.671
301.691
301.711
301.731
301.752
301.773
301.794
301.815
301.837
301.858
301.88
301.902
301.925
301.947
301.97
301.993
302.016
302.039
302.062
302.086
302.11
302.133
302.157
302.182
302.206
302.231
302.255
302.28
302.305
302.33
302.355
302.38
302.406
302.431
302.457
302.482
302.508
302.534
302.559
302.585
302.611
302.637
302.663
302.689
302.715
302.741
302.767
302.793
302.819
302.844
302.87
302.896
302.921
302.947
302.972
302.997
303.022
303.047
303.071
303.095
303.12
303.143
303.167
303.19
303.213
303.236
303.258
303.28
303.302
303.323
303.343
303.364
303.383
303.402
303.421
303.439
303.456
303.472
303.488
303.503
303.517
303.53
303.543
303.554
303.564
303.573
303.581
303.588
303.594
303.598
303.6
303.602
303.601
303.599
303.595
303.59
303.582
303.573
303.561
303.548
303.532
303.514
303.494
303.472
303.447
300.844
300.853
300.862
300.871
300.88
300.89
300.9
300.91
300.92
300.93
300.94
300.951
300.961
300.972
300.983
300.994
301.005
301.017
301.029
301.04
301.052
301.064
301.077
301.089
301.102
301.115
301.128
301.141
301.155
301.168
301.182
301.196
301.21
301.225
301.239
301.254
301.269
301.284
301.3
301.315
301.331
301.347
301.364
301.38
301.397
301.413
301.431
301.448
301.465
301.483
301.501
301.519
301.537
301.556
301.575
301.593
301.613
301.632
301.652
301.671
301.691
301.711
301.732
301.752
301.773
301.794
301.815
301.837
301.858
301.88
301.902
301.924
301.946
301.969
301.991
302.014
302.037
302.06
302.083
302.107
302.13
302.154
302.178
302.202
302.226
302.25
302.274
302.299
302.323
302.348
302.373
302.397
302.422
302.447
302.472
302.497
302.522
302.547
302.572
302.597
302.622
302.648
302.673
302.698
302.723
302.747
302.772
302.797
302.821
302.846
302.87
302.895
302.919
302.942
302.966
302.99
303.013
303.036
303.059
303.081
303.103
303.125
303.147
303.168
303.189
303.209
303.229
303.249
303.267
303.286
303.304
303.321
303.338
303.354
303.369
303.384
303.397
303.41
303.423
303.434
303.444
303.453
303.461
303.468
303.474
303.478
303.482
303.484
303.484
303.483
303.48
303.476
303.47
303.462
303.453
303.441
303.428
303.413
303.395
303.376
303.354
300.821
300.83
300.839
300.848
300.857
300.866
300.876
300.885
300.895
300.905
300.915
300.925
300.935
300.945
300.956
300.967
300.978
300.989
301
301.011
301.023
301.035
301.047
301.059
301.071
301.083
301.096
301.109
301.122
301.135
301.148
301.162
301.176
301.19
301.204
301.218
301.232
301.247
301.262
301.277
301.292
301.308
301.324
301.339
301.356
301.372
301.388
301.405
301.422
301.439
301.456
301.474
301.492
301.51
301.528
301.546
301.565
301.583
301.602
301.621
301.641
301.66
301.68
301.7
301.72
301.74
301.761
301.781
301.802
301.823
301.845
301.866
301.887
301.909
301.931
301.953
301.975
301.998
302.02
302.043
302.066
302.089
302.112
302.135
302.158
302.182
302.205
302.229
302.253
302.276
302.3
302.324
302.348
302.372
302.397
302.421
302.445
302.469
302.493
302.518
302.542
302.566
302.59
302.614
302.639
302.663
302.686
302.71
302.734
302.758
302.781
302.805
302.828
302.851
302.874
302.896
302.919
302.941
302.963
302.985
303.006
303.027
303.048
303.068
303.088
303.108
303.127
303.146
303.164
303.182
303.199
303.216
303.232
303.248
303.263
303.277
303.29
303.303
303.315
303.325
303.336
303.345
303.353
303.36
303.366
303.371
303.374
303.377
303.378
303.378
303.376
303.373
303.368
303.362
303.354
303.344
303.333
303.32
303.305
303.288
303.269
300.804
300.813
300.822
300.83
300.839
300.848
300.857
300.866
300.876
300.885
300.895
300.905
300.915
300.925
300.935
300.946
300.956
300.967
300.978
300.989
301
301.012
301.023
301.035
301.047
301.059
301.072
301.084
301.097
301.109
301.122
301.136
301.149
301.162
301.176
301.19
301.204
301.218
301.233
301.248
301.262
301.278
301.293
301.308
301.324
301.34
301.356
301.372
301.388
301.405
301.422
301.439
301.456
301.474
301.491
301.509
301.527
301.545
301.564
301.582
301.601
301.62
301.639
301.659
301.678
301.698
301.718
301.738
301.758
301.779
301.799
301.82
301.841
301.862
301.884
301.905
301.927
301.948
301.97
301.992
302.014
302.037
302.059
302.082
302.104
302.127
302.15
302.173
302.196
302.219
302.242
302.265
302.289
302.312
302.335
302.359
302.382
302.406
302.429
302.453
302.476
302.5
302.523
302.546
302.57
302.593
302.616
302.639
302.662
302.685
302.708
302.73
302.753
302.775
302.797
302.819
302.841
302.862
302.883
302.904
302.925
302.945
302.966
302.985
303.005
303.024
303.042
303.06
303.078
303.095
303.112
303.128
303.144
303.159
303.173
303.187
303.2
303.212
303.224
303.234
303.244
303.253
303.261
303.268
303.275
303.28
303.284
303.286
303.288
303.288
303.287
303.285
303.281
303.276
303.27
303.262
303.252
303.24
303.227
303.213
303.196
300.793
300.801
300.81
300.818
300.827
300.836
300.845
300.854
300.863
300.872
300.882
300.892
300.901
300.911
300.921
300.932
300.942
300.953
300.963
300.974
300.985
300.996
301.008
301.019
301.031
301.043
301.055
301.067
301.079
301.092
301.105
301.118
301.131
301.144
301.157
301.171
301.185
301.199
301.213
301.227
301.242
301.257
301.272
301.287
301.302
301.318
301.333
301.349
301.365
301.382
301.398
301.415
301.432
301.449
301.466
301.484
301.501
301.519
301.537
301.555
301.574
301.592
301.611
301.63
301.649
301.669
301.688
301.708
301.728
301.748
301.768
301.788
301.809
301.829
301.85
301.871
301.892
301.913
301.935
301.956
301.978
302
302.022
302.044
302.066
302.088
302.11
302.133
302.155
302.178
302.2
302.223
302.246
302.268
302.291
302.314
302.337
302.36
302.383
302.406
302.429
302.451
302.474
302.497
302.52
302.542
302.565
302.587
302.61
302.632
302.654
302.676
302.698
302.72
302.741
302.762
302.784
302.804
302.825
302.845
302.865
302.885
302.905
302.924
302.943
302.961
302.979
302.997
303.014
303.031
303.047
303.063
303.078
303.092
303.106
303.12
303.132
303.144
303.156
303.166
303.176
303.185
303.193
303.2
303.206
303.211
303.215
303.218
303.22
303.221
303.221
303.219
303.216
303.212
303.206
303.199
303.19
303.18
303.169
303.155
303.14
300.787
300.795
300.804
300.812
300.821
300.829
300.838
300.847
300.856
300.866
300.875
300.885
300.894
300.904
300.914
300.924
300.935
300.945
300.956
300.967
300.977
300.989
301
301.011
301.023
301.034
301.046
301.058
301.071
301.083
301.096
301.108
301.121
301.135
301.148
301.161
301.175
301.189
301.203
301.217
301.232
301.246
301.261
301.276
301.291
301.306
301.322
301.338
301.354
301.37
301.386
301.403
301.419
301.436
301.453
301.47
301.488
301.506
301.523
301.541
301.56
301.578
301.596
301.615
301.634
301.653
301.672
301.692
301.712
301.731
301.751
301.771
301.792
301.812
301.832
301.853
301.874
301.895
301.916
301.937
301.959
301.98
302.002
302.023
302.045
302.067
302.089
302.111
302.133
302.156
302.178
302.2
302.223
302.245
302.268
302.29
302.313
302.335
302.358
302.38
302.403
302.425
302.448
302.47
302.492
302.515
302.537
302.559
302.581
302.603
302.625
302.646
302.668
302.689
302.71
302.731
302.752
302.773
302.793
302.813
302.833
302.852
302.871
302.89
302.909
302.927
302.944
302.962
302.978
302.995
303.011
303.026
303.041
303.055
303.069
303.082
303.095
303.106
303.118
303.128
303.137
303.146
303.154
303.161
303.167
303.173
303.177
303.18
303.182
303.183
303.183
303.182
303.179
303.175
303.17
303.164
303.156
303.146
303.135
303.123
303.109
304.785
304.196
303.755
303.391
303.08
302.806
302.563
302.344
302.145
301.964
301.798
301.645
301.503
301.373
301.252
301.14
301.036
300.94
300.851
300.769
300.693
300.623
300.558
300.499
300.444
300.394
300.349
300.308
300.271
300.237
300.207
300.18
300.155
300.134
300.115
300.098
300.084
300.071
300.06
300.05
300.042
300.035
300.029
300.024
300.02
300.016
300.013
300.011
300.01
300.008
300.008
304.782
304.195
303.754
303.391
303.08
302.806
302.563
302.344
302.145
301.964
301.798
301.645
301.503
301.373
301.252
301.14
301.036
300.94
300.851
300.769
300.693
300.623
300.558
300.499
300.444
300.395
300.349
300.308
300.271
300.237
300.207
300.18
300.155
300.134
300.115
300.098
300.084
300.071
300.06
300.05
300.042
300.035
300.029
300.024
300.02
300.016
300.013
300.011
300.01
300.008
300.008
304.778
304.194
303.754
303.391
303.08
302.806
302.563
302.344
302.145
301.964
301.798
301.645
301.504
301.373
301.252
301.14
301.036
300.94
300.851
300.769
300.693
300.623
300.558
300.499
300.444
300.395
300.349
300.308
300.271
300.237
300.207
300.18
300.155
300.134
300.115
300.098
300.084
300.071
300.06
300.05
300.042
300.035
300.029
300.024
300.02
300.016
300.013
300.011
300.01
300.008
300.008
304.772
304.193
303.754
303.391
303.08
302.806
302.563
302.344
302.146
301.964
301.798
301.645
301.504
301.373
301.252
301.14
301.037
300.941
300.851
300.769
300.693
300.623
300.558
300.499
300.444
300.395
300.349
300.308
300.271
300.237
300.207
300.18
300.156
300.134
300.115
300.098
300.084
300.071
300.06
300.05
300.042
300.035
300.029
300.024
300.02
300.016
300.013
300.011
300.01
300.008
300.008
304.763
304.191
303.753
303.391
303.08
302.806
302.563
302.344
302.146
301.965
301.798
301.645
301.504
301.374
301.253
301.141
301.037
300.941
300.852
300.769
300.693
300.623
300.558
300.499
300.445
300.395
300.35
300.308
300.271
300.237
300.207
300.18
300.156
300.134
300.115
300.098
300.084
300.071
300.06
300.05
300.042
300.035
300.029
300.024
300.02
300.016
300.014
300.011
300.01
300.008
300.008
304.753
304.188
303.752
303.39
303.08
302.807
302.564
302.345
302.146
301.965
301.799
301.646
301.505
301.374
301.253
301.141
301.037
300.941
300.852
300.77
300.694
300.623
300.559
300.499
300.445
300.395
300.35
300.309
300.271
300.237
300.207
300.18
300.156
300.134
300.115
300.098
300.084
300.071
300.06
300.05
300.042
300.035
300.029
300.024
300.02
300.016
300.014
300.011
300.01
300.008
300.008
304.74
304.184
303.751
303.39
303.08
302.807
302.564
302.346
302.147
301.966
301.8
301.647
301.505
301.375
301.254
301.142
301.038
300.942
300.853
300.77
300.694
300.624
300.559
300.5
300.445
300.395
300.35
300.309
300.271
300.238
300.207
300.18
300.156
300.134
300.115
300.099
300.084
300.071
300.06
300.05
300.042
300.035
300.029
300.024
300.02
300.016
300.014
300.011
300.01
300.008
300.008
304.725
304.18
303.749
303.39
303.08
302.808
302.565
302.346
302.148
301.967
301.801
301.648
301.506
301.376
301.255
301.143
301.039
300.943
300.853
300.771
300.695
300.624
300.56
300.5
300.446
300.396
300.35
300.309
300.272
300.238
300.208
300.18
300.156
300.135
300.115
300.099
300.084
300.071
300.06
300.05
300.042
300.035
300.029
300.024
300.02
300.016
300.014
300.011
300.01
300.008
300.008
304.708
304.175
303.747
303.389
303.08
302.809
302.566
302.348
302.149
301.968
301.802
301.649
301.508
301.377
301.256
301.144
301.04
300.944
300.854
300.772
300.696
300.625
300.56
300.501
300.446
300.396
300.351
300.31
300.272
300.238
300.208
300.181
300.156
300.135
300.116
300.099
300.084
300.071
300.06
300.051
300.042
300.035
300.029
300.024
300.02
300.016
300.014
300.011
300.01
300.009
300.008
304.689
304.169
303.746
303.389
303.081
302.81
302.568
302.349
302.151
301.97
301.804
301.65
301.509
301.378
301.257
301.145
301.041
300.945
300.855
300.773
300.697
300.626
300.561
300.502
300.447
300.397
300.352
300.31
300.273
300.239
300.208
300.181
300.157
300.135
300.116
300.099
300.084
300.072
300.06
300.051
300.042
300.035
300.029
300.024
300.02
300.016
300.014
300.011
300.01
300.009
300.008
304.669
304.162
303.744
303.389
303.082
302.811
302.569
302.351
302.153
301.972
301.806
301.652
301.511
301.38
301.259
301.147
301.043
300.946
300.857
300.774
300.698
300.627
300.562
300.503
300.448
300.398
300.352
300.311
300.273
300.239
300.209
300.181
300.157
300.135
300.116
300.099
300.085
300.072
300.06
300.051
300.043
300.035
300.029
300.024
300.02
300.017
300.014
300.011
300.01
300.009
300.008
304.647
304.154
303.741
303.389
303.083
302.813
302.572
302.354
302.156
301.974
301.808
301.655
301.513
301.383
301.261
301.149
301.045
300.948
300.859
300.776
300.699
300.629
300.564
300.504
300.449
300.399
300.353
300.312
300.274
300.24
300.209
300.182
300.157
300.136
300.117
300.1
300.085
300.072
300.061
300.051
300.043
300.036
300.029
300.024
300.02
300.017
300.014
300.011
300.01
300.009
300.008
304.623
304.146
303.739
303.39
303.085
302.816
302.575
302.357
302.159
301.978
301.811
301.658
301.516
301.385
301.264
301.151
301.047
300.95
300.861
300.778
300.701
300.63
300.565
300.505
300.45
300.4
300.354
300.312
300.275
300.241
300.21
300.182
300.158
300.136
300.117
300.1
300.085
300.072
300.061
300.051
300.043
300.036
300.03
300.024
300.02
300.017
300.014
300.011
300.01
300.009
300.008
304.598
304.136
303.736
303.391
303.088
302.819
302.578
302.361
302.163
301.982
301.815
301.662
301.52
301.389
301.267
301.154
301.05
300.953
300.863
300.78
300.703
300.632
300.567
300.507
300.452
300.401
300.355
300.313
300.276
300.241
300.211
300.183
300.158
300.137
300.117
300.1
300.085
300.072
300.061
300.051
300.043
300.036
300.03
300.025
300.02
300.017
300.014
300.012
300.01
300.009
300.008
304.572
304.126
303.734
303.391
303.091
302.823
302.583
302.365
302.167
301.986
301.82
301.666
301.524
301.393
301.271
301.158
301.053
300.956
300.866
300.782
300.705
300.634
300.569
300.509
300.453
300.403
300.357
300.315
300.277
300.242
300.211
300.184
300.159
300.137
300.118
300.101
300.086
300.073
300.061
300.052
300.043
300.036
300.03
300.025
300.02
300.017
300.014
300.012
300.01
300.009
300.008
304.544
304.115
303.731
303.393
303.094
302.828
302.588
302.371
302.173
301.992
301.825
301.671
301.529
301.397
301.275
301.162
301.057
300.959
300.869
300.785
300.708
300.637
300.571
300.511
300.455
300.404
300.358
300.316
300.278
300.243
300.212
300.185
300.16
300.138
300.118
300.101
300.086
300.073
300.062
300.052
300.043
300.036
300.03
300.025
300.02
300.017
300.014
300.012
300.01
300.009
300.008
304.515
304.103
303.728
303.394
303.098
302.833
302.594
302.377
302.179
301.998
301.831
301.677
301.535
301.403
301.28
301.167
301.061
300.964
300.873
300.789
300.711
300.64
300.574
300.513
300.457
300.406
300.36
300.318
300.279
300.245
300.213
300.186
300.161
300.139
300.119
300.102
300.087
300.073
300.062
300.052
300.044
300.036
300.03
300.025
300.021
300.017
300.014
300.012
300.01
300.009
300.008
304.484
304.09
303.724
303.396
303.103
302.839
302.601
302.385
302.187
302.006
301.838
301.684
301.541
301.409
301.286
301.172
301.066
300.968
300.877
300.793
300.715
300.643
300.577
300.516
300.46
300.409
300.362
300.319
300.281
300.246
300.215
300.187
300.162
300.139
300.12
300.102
300.087
300.074
300.062
300.052
300.044
300.037
300.03
300.025
300.021
300.017
300.014
300.012
300.01
300.009
300.008
304.451
304.075
303.72
303.398
303.108
302.847
302.609
302.393
302.196
302.014
301.847
301.692
301.549
301.416
301.293
301.179
301.072
300.974
300.882
300.798
300.719
300.647
300.58
300.519
300.463
300.411
300.364
300.321
300.282
300.247
300.216
300.188
300.163
300.14
300.12
300.103
300.088
300.074
300.063
300.053
300.044
300.037
300.031
300.025
300.021
300.017
300.014
300.012
300.01
300.009
300.008
304.417
304.058
303.715
303.4
303.114
302.854
302.618
302.403
302.205
302.024
301.856
301.701
301.558
301.424
301.301
301.186
301.079
300.98
300.888
300.803
300.724
300.651
300.584
300.522
300.466
300.414
300.367
300.323
300.284
300.249
300.217
300.189
300.164
300.141
300.121
300.104
300.088
300.075
300.063
300.053
300.045
300.037
300.031
300.026
300.021
300.017
300.014
300.012
300.01
300.009
300.008
304.38
304.04
303.709
303.401
303.12
302.863
302.628
302.414
302.216
302.035
301.867
301.711
301.567
301.434
301.31
301.194
301.087
300.987
300.895
300.809
300.73
300.656
300.589
300.526
300.469
300.417
300.369
300.326
300.287
300.251
300.219
300.191
300.165
300.142
300.122
300.105
300.089
300.076
300.064
300.054
300.045
300.037
300.031
300.026
300.021
300.018
300.014
300.012
300.01
300.009
300.008
304.34
304.019
303.701
303.402
303.126
302.872
302.639
302.425
302.228
302.047
301.879
301.723
301.579
301.444
301.32
301.204
301.096
300.995
300.902
300.816
300.736
300.662
300.594
300.531
300.473
300.421
300.372
300.329
300.289
300.253
300.221
300.192
300.166
300.143
300.123
300.105
300.09
300.076
300.064
300.054
300.045
300.038
300.031
300.026
300.021
300.018
300.015
300.012
300.01
300.009
300.008
304.298
303.995
303.691
303.401
303.131
302.881
302.651
302.438
302.242
302.06
301.892
301.736
301.591
301.456
301.331
301.214
301.105
301.004
300.911
300.823
300.743
300.668
300.599
300.536
300.478
300.424
300.376
300.332
300.292
300.255
300.223
300.194
300.168
300.145
300.124
300.106
300.091
300.077
300.065
300.055
300.046
300.038
300.032
300.026
300.022
300.018
300.015
300.012
300.01
300.009
300.008
304.253
303.968
303.679
303.399
303.135
302.89
302.662
302.451
302.256
302.075
301.907
301.75
301.605
301.469
301.343
301.226
301.116
301.015
300.92
300.832
300.75
300.675
300.606
300.541
300.483
300.429
300.38
300.335
300.295
300.258
300.225
300.196
300.169
300.146
300.125
300.107
300.091
300.078
300.065
300.055
300.046
300.038
300.032
300.026
300.022
300.018
300.015
300.012
300.01
300.009
300.008
304.205
303.937
303.663
303.394
303.138
302.898
302.674
302.465
302.271
302.09
301.922
301.766
301.62
301.484
301.357
301.239
301.129
301.026
300.93
300.841
300.759
300.683
300.612
300.548
300.488
300.434
300.384
300.339
300.298
300.261
300.227
300.198
300.171
300.148
300.127
300.108
300.092
300.078
300.066
300.056
300.047
300.039
300.032
300.027
300.022
300.018
300.015
300.012
300.011
300.009
300.009
304.152
303.903
303.643
303.387
303.139
302.905
302.685
302.479
302.286
302.107
301.939
301.783
301.636
301.5
301.372
301.253
301.142
301.038
300.942
300.852
300.769
300.691
300.62
300.554
300.494
300.439
300.389
300.343
300.301
300.264
300.23
300.2
300.173
300.149
300.128
300.11
300.093
300.079
300.067
300.056
300.047
300.039
300.033
300.027
300.022
300.018
300.015
300.013
300.011
300.009
300.009
304.095
303.864
303.62
303.376
303.138
302.91
302.695
302.492
302.302
302.124
301.957
301.8
301.654
301.517
301.389
301.269
301.157
301.052
300.954
300.863
300.779
300.701
300.629
300.562
300.501
300.445
300.394
300.347
300.305
300.267
300.233
300.202
300.175
300.151
300.13
300.111
300.094
300.08
300.068
300.057
300.048
300.04
300.033
300.027
300.022
300.019
300.015
300.013
300.011
300.009
300.009
304.034
303.819
303.592
303.36
303.133
302.913
302.704
302.505
302.318
302.141
301.975
301.819
301.673
301.535
301.407
301.286
301.173
301.067
300.968
300.876
300.79
300.711
300.638
300.57
300.508
300.451
300.399
300.352
300.309
300.271
300.236
300.205
300.177
300.153
300.131
300.112
300.095
300.081
300.068
300.057
300.048
300.04
300.033
300.028
300.023
300.019
300.015
300.013
300.011
300.01
300.009
303.968
303.77
303.558
303.341
303.124
302.913
302.71
302.517
302.333
302.158
301.994
301.839
301.692
301.555
301.425
301.304
301.19
301.083
300.983
300.89
300.803
300.722
300.648
300.579
300.516
300.458
300.405
300.357
300.314
300.275
300.239
300.208
300.18
300.155
300.133
300.114
300.097
300.082
300.069
300.058
300.049
300.041
300.034
300.028
300.023
300.019
300.016
300.013
300.011
300.01
300.009
303.897
303.716
303.519
303.316
303.111
302.91
302.714
302.526
302.346
302.175
302.013
301.859
301.713
301.575
301.445
301.323
301.208
301.1
300.999
300.905
300.816
300.735
300.659
300.589
300.525
300.466
300.412
300.363
300.319
300.279
300.243
300.211
300.182
300.157
300.135
300.115
300.098
300.083
300.07
300.059
300.049
300.041
300.034
300.028
300.023
300.019
300.016
300.013
300.011
300.01
300.009
303.821
303.656
303.475
303.286
303.094
302.903
302.715
302.534
302.359
302.191
302.031
301.879
301.734
301.596
301.466
301.343
301.228
301.119
301.016
300.92
300.831
300.748
300.671
300.599
300.534
300.474
300.419
300.369
300.324
300.283
300.247
300.214
300.185
300.159
300.137
300.117
300.099
300.084
300.071
300.06
300.05
300.042
300.034
300.029
300.024
300.019
300.016
300.013
300.011
300.01
300.009
303.74
303.591
303.426
303.251
303.071
302.891
302.713
302.538
302.369
302.205
302.048
301.898
301.755
301.618
301.488
301.365
301.248
301.138
301.034
300.937
300.846
300.762
300.683
300.611
300.544
300.482
300.426
300.376
300.33
300.288
300.251
300.217
300.188
300.162
300.139
300.118
300.101
300.085
300.072
300.06
300.05
300.042
300.035
300.029
300.024
300.02
300.016
300.013
300.011
300.01
300.009
303.656
303.521
303.371
303.211
303.044
302.875
302.706
302.54
302.377
302.218
302.065
301.917
301.775
301.639
301.51
301.386
301.269
301.158
301.053
300.955
300.863
300.776
300.696
300.622
300.554
300.492
300.434
300.382
300.335
300.293
300.255
300.221
300.191
300.164
300.141
300.12
300.102
300.086
300.073
300.061
300.051
300.043
300.035
300.029
300.024
300.02
300.016
300.014
300.012
300.01
300.009
303.569
303.448
303.312
303.166
303.012
302.855
302.696
302.538
302.382
302.229
302.08
301.935
301.795
301.661
301.531
301.408
301.29
301.178
301.073
300.973
300.879
300.792
300.71
300.635
300.565
300.501
300.443
300.39
300.342
300.298
300.259
300.225
300.194
300.167
300.143
300.122
300.103
300.088
300.074
300.062
300.052
300.043
300.036
300.03
300.024
300.02
300.017
300.014
300.012
300.01
300.009
303.48
303.372
303.25
303.118
302.977
302.831
302.682
302.533
302.384
302.237
302.092
301.951
301.814
301.681
301.553
301.43
301.312
301.199
301.092
300.992
300.897
300.808
300.725
300.648
300.577
300.511
300.451
300.397
300.348
300.304
300.264
300.229
300.197
300.169
300.145
300.124
300.105
300.089
300.075
300.063
300.052
300.044
300.036
300.03
300.025
300.02
300.017
300.014
300.012
300.01
300.009
303.391
303.296
303.187
303.067
302.939
302.804
302.666
302.525
302.384
302.243
302.103
301.966
301.831
301.7
301.573
301.451
301.333
301.22
301.112
301.01
300.914
300.823
300.739
300.66
300.588
300.521
300.46
300.405
300.354
300.309
300.269
300.233
300.2
300.172
300.147
300.125
300.106
300.09
300.076
300.063
300.053
300.044
300.037
300.03
300.025
300.02
300.017
300.014
300.012
300.01
300.01
303.305
303.221
303.124
303.016
302.899
302.775
302.647
302.515
302.381
302.246
302.112
301.979
301.847
301.718
301.592
301.47
301.353
301.239
301.131
301.028
300.931
300.839
300.753
300.673
300.599
300.531
300.469
300.412
300.361
300.315
300.273
300.236
300.204
300.175
300.149
300.127
300.108
300.091
300.077
300.064
300.054
300.045
300.037
300.031
300.025
300.021
300.017
300.014
300.012
300.01
300.01
303.226
303.152
303.065
302.968
302.861
302.747
302.627
302.504
302.377
302.248
302.118
301.989
301.861
301.734
301.61
301.489
301.371
301.258
301.149
301.045
300.946
300.854
300.766
300.685
300.61
300.541
300.477
300.419
300.367
300.32
300.277
300.24
300.207
300.177
300.151
300.129
300.109
300.092
300.077
300.065
300.054
300.045
300.037
300.031
300.025
300.021
300.017
300.014
300.012
300.011
300.01
303.158
303.092
303.014
302.925
302.827
302.721
302.609
302.492
302.372
302.248
302.123
301.997
301.872
301.747
301.625
301.504
301.387
301.274
301.164
301.06
300.96
300.867
300.778
300.696
300.619
300.549
300.484
300.425
300.372
300.324
300.281
300.243
300.209
300.179
300.153
300.13
300.11
300.093
300.078
300.066
300.055
300.045
300.038
300.031
300.026
300.021
300.017
300.014
300.012
300.011
300.01
303.106
303.046
302.974
302.892
302.8
302.701
302.595
302.483
302.367
302.248
302.126
302.004
301.88
301.757
301.636
301.516
301.4
301.286
301.177
301.072
300.972
300.877
300.788
300.704
300.627
300.556
300.49
300.43
300.376
300.328
300.284
300.245
300.211
300.181
300.154
300.131
300.111
300.094
300.079
300.066
300.055
300.046
300.038
300.031
300.026
300.021
300.017
300.014
300.012
300.011
300.01
303.077
303.02
302.951
302.873
302.785
302.689
302.587
302.478
302.365
302.248
302.128
302.007
301.885
301.763
301.643
301.523
301.407
301.293
301.184
301.079
300.978
300.883
300.793
300.709
300.631
300.56
300.494
300.433
300.379
300.33
300.286
300.247
300.212
300.182
300.155
300.132
300.112
300.094
300.079
300.066
300.055
300.046
300.038
300.031
300.026
300.021
300.017
300.015
300.012
300.011
300.01
)
;

boundaryField
{
    inlet
    {
        type            fixedValue;
        value           uniform 300;
    }
    outlet
    {
        type            zeroGradient;
    }
    top
    {
        type            zeroGradient;
    }
    slip-bottom
    {
        type            zeroGradient;
    }
    bottom
    {
        type            zeroGradient;
    }
    interface
    {
        type            fixedGradient;
        gradient        nonuniform List<scalar> 
161
(
68.0788
68.0788
46.2494
46.2494
46.2494
46.2494
34.3107
34.3107
34.3107
34.3107
29.4731
29.4731
29.4731
28.6719
28.6719
28.6719
28.6719
26.0552
26.0552
26.0552
25.1821
25.1821
25.1821
24.6733
24.6733
24.6733
24.017
24.017
24.017
23.4243
23.4243
23.4243
22.8737
22.8737
22.8737
22.3299
22.3299
22.3299
21.8103
21.8103
21.8103
20.7632
20.7632
21.5128
21.5128
21.5128
20.4658
20.4658
20.9479
20.9479
20.9479
19.9085
19.9085
19.9006
19.9006
19.9006
20.0382
20.0382
20.3822
20.3822
19.1178
19.1178
19.0047
19.0047
19.0471
19.0471
18.9015
18.9015
18.9015
18.7214
18.7214
18.5451
18.3594
18.3594
18.1309
18.1309
17.9235
17.9235
17.1669
17.1669
18.1088
18.1088
17.7228
17.7228
17.2855
16.5434
16.5434
17.3584
17.3584
17.0076
16.077
16.077
16.8842
16.0168
16.0168
16.5598
16.5598
15.6776
16.2226
16.2226
15.393
15.9474
15.1205
15.1205
15.1702
15.7394
15.7394
14.7456
15.2111
14.4141
14.4141
14.4255
14.588
14.9059
14.9059
13.9537
13.9939
14.1477
14.4049
14.4049
13.5602
13.5832
13.7087
13.7048
13.9215
13.2401
13.2401
13.191
13.2416
13.2044
13.1571
13.1033
13.0455
12.9859
12.9257
12.8659
12.8076
12.7517
12.6995
12.6524
12.6121
12.5806
12.5599
12.5522
12.5596
12.5861
12.6378
12.7281
12.8861
13.0314
12.7323
12.8002
13.3413
13.7469
14.2931
14.9579
17.4814
15.2856
17.9307
20.4827
29.5131
)
;
    }
    defaultFaces
    {
        type            empty;
    }
}


// ************************************************************************* //
