/*--------------------------------*- C++ -*----------------------------------*\
| =========                 |                                                 |
| \\      /  F ield         | OpenFOAM: The Open Source CFD Toolbox           |
|  \\    /   O peration     | Version:  2106                                  |
|   \\  /    A nd           | Website:  www.openfoam.com                      |
|    \\/     M anipulation  |                                                 |
\*---------------------------------------------------------------------------*/
FoamFile
{
    version     2.0;
    format      ascii;
    arch        "LSB;label=32;scalar=64";
    class       volScalarField;
    location    "0.59";
    object      T;
}
// * * * * * * * * * * * * * * * * * * * * * * * * * * * * * * * * * * * * * //

dimensions      [0 0 0 1 0 0 0];

internalField   nonuniform List<scalar> 
12013
(
300
300
300
300
300
300
300
300.001
300.001
300.001
300.001
300.002
300.002
300.003
300.003
300.004
300.005
300.006
300.007
300.009
300.01
300.012
300.015
300.017
300.02
300.023
300.026
300.03
300.035
300.039
300.045
300.051
300.057
300.064
300.072
300.08
300.089
300.099
300.109
300.121
300.133
300.146
300.16
300.174
300.19
300.207
300.225
300.243
300.263
300.284
300.307
300.33
300.354
300.38
300.407
300.436
300.466
300.497
300.529
300.563
300.599
300.636
300.675
300.716
300.759
300.803
300.85
300.899
300.95
301.003
301.059
301.119
301.181
301.247
301.318
301.393
301.475
301.564
301.663
301.777
301.913
300
300
300
300
300
300
300
300.001
300.001
300.001
300.001
300.002
300.002
300.003
300.003
300.004
300.005
300.006
300.007
300.009
300.01
300.012
300.015
300.017
300.02
300.023
300.026
300.03
300.035
300.039
300.045
300.051
300.057
300.064
300.072
300.08
300.089
300.099
300.109
300.12
300.133
300.146
300.159
300.174
300.19
300.207
300.224
300.243
300.263
300.284
300.306
300.33
300.354
300.38
300.407
300.435
300.465
300.496
300.529
300.563
300.599
300.636
300.675
300.715
300.758
300.802
300.849
300.897
300.948
301.002
301.058
301.117
301.179
301.244
301.314
301.389
301.469
301.555
301.65
301.755
301.872
300
300
300
300
300
300
300
300.001
300.001
300.001
300.001
300.002
300.002
300.003
300.003
300.004
300.005
300.006
300.007
300.009
300.01
300.012
300.014
300.017
300.02
300.023
300.026
300.03
300.035
300.039
300.045
300.051
300.057
300.064
300.072
300.08
300.089
300.099
300.109
300.12
300.132
300.145
300.159
300.174
300.19
300.207
300.224
300.243
300.263
300.284
300.306
300.329
300.354
300.379
300.406
300.435
300.464
300.496
300.528
300.562
300.598
300.635
300.673
300.714
300.756
300.8
300.847
300.895
300.945
300.998
301.054
301.112
301.173
301.238
301.306
301.379
301.456
301.538
301.626
301.72
301.818
300
300
300
300
300
300
300
300.001
300.001
300.001
300.001
300.002
300.002
300.003
300.003
300.004
300.005
300.006
300.007
300.009
300.01
300.012
300.014
300.017
300.02
300.023
300.026
300.03
300.035
300.039
300.045
300.05
300.057
300.064
300.071
300.08
300.089
300.098
300.109
300.12
300.132
300.145
300.159
300.174
300.189
300.206
300.224
300.243
300.262
300.283
300.305
300.329
300.353
300.379
300.406
300.434
300.463
300.494
300.527
300.56
300.596
300.633
300.671
300.711
300.753
300.797
300.843
300.891
300.941
300.993
301.047
301.104
301.164
301.227
301.293
301.363
301.436
301.513
301.594
301.677
301.761
300
300
300
300
300
300
300
300.001
300.001
300.001
300.001
300.002
300.002
300.003
300.003
300.004
300.005
300.006
300.007
300.009
300.01
300.012
300.014
300.017
300.02
300.023
300.026
300.03
300.034
300.039
300.045
300.05
300.057
300.064
300.071
300.08
300.089
300.098
300.109
300.12
300.132
300.145
300.159
300.173
300.189
300.206
300.223
300.242
300.262
300.282
300.304
300.328
300.352
300.377
300.404
300.432
300.462
300.492
300.524
300.558
300.593
300.63
300.668
300.708
300.749
300.792
300.838
300.885
300.934
300.985
301.038
301.094
301.152
301.213
301.276
301.342
301.411
301.482
301.555
301.628
301.702
300
300
300
300
300
300
300
300.001
300.001
300.001
300.001
300.002
300.002
300.003
300.003
300.004
300.005
300.006
300.007
300.009
300.01
300.012
300.014
300.017
300.02
300.023
300.026
300.03
300.034
300.039
300.044
300.05
300.057
300.064
300.071
300.079
300.088
300.098
300.108
300.119
300.131
300.144
300.158
300.173
300.188
300.205
300.222
300.241
300.261
300.281
300.303
300.326
300.35
300.376
300.402
300.43
300.459
300.49
300.521
300.555
300.589
300.626
300.663
300.703
300.743
300.786
300.83
300.876
300.924
300.974
301.026
301.08
301.136
301.194
301.254
301.316
301.38
301.445
301.511
301.577
301.642
300
300
300
300
300
300
300
300.001
300.001
300.001
300.001
300.002
300.002
300.003
300.003
300.004
300.005
300.006
300.007
300.009
300.01
300.012
300.014
300.017
300.02
300.023
300.026
300.03
300.034
300.039
300.044
300.05
300.056
300.063
300.071
300.079
300.088
300.097
300.108
300.119
300.131
300.144
300.157
300.172
300.187
300.204
300.221
300.24
300.259
300.28
300.301
300.324
300.348
300.373
300.4
300.427
300.456
300.486
300.518
300.55
300.585
300.62
300.657
300.696
300.736
300.778
300.821
300.866
300.912
300.961
301.011
301.062
301.116
301.171
301.227
301.285
301.344
301.404
301.463
301.523
301.581
300
300
300
300
300
300
300
300.001
300.001
300.001
300.001
300.002
300.002
300.003
300.003
300.004
300.005
300.006
300.007
300.009
300.01
300.012
300.014
300.017
300.019
300.023
300.026
300.03
300.034
300.039
300.044
300.05
300.056
300.063
300.07
300.079
300.087
300.097
300.107
300.118
300.13
300.143
300.156
300.171
300.186
300.203
300.22
300.238
300.257
300.278
300.299
300.322
300.345
300.37
300.396
300.423
300.452
300.482
300.513
300.545
300.578
300.613
300.65
300.687
300.727
300.767
300.809
300.853
300.898
300.944
300.992
301.041
301.092
301.143
301.196
301.25
301.304
301.359
301.413
301.467
301.519
300
300
300
300
300
300
300
300.001
300.001
300.001
300.001
300.002
300.002
300.003
300.003
300.004
300.005
300.006
300.007
300.009
300.01
300.012
300.014
300.017
300.019
300.022
300.026
300.03
300.034
300.039
300.044
300.049
300.056
300.063
300.07
300.078
300.087
300.096
300.107
300.117
300.129
300.142
300.155
300.17
300.185
300.201
300.218
300.236
300.255
300.275
300.296
300.319
300.342
300.367
300.392
300.419
300.447
300.476
300.506
300.538
300.571
300.605
300.64
300.677
300.715
300.754
300.795
300.837
300.88
300.924
300.97
301.016
301.064
301.112
301.162
301.211
301.261
301.311
301.36
301.409
301.457
300
300
300
300
300
300
300
300.001
300.001
300.001
300.001
300.002
300.002
300.003
300.003
300.004
300.005
300.006
300.007
300.009
300.01
300.012
300.014
300.017
300.019
300.022
300.026
300.029
300.034
300.038
300.043
300.049
300.055
300.062
300.069
300.077
300.086
300.096
300.106
300.116
300.128
300.141
300.154
300.168
300.183
300.199
300.216
300.234
300.252
300.272
300.293
300.315
300.338
300.362
300.387
300.413
300.441
300.469
300.499
300.53
300.562
300.595
300.629
300.665
300.701
300.739
300.778
300.818
300.859
300.901
300.944
300.988
301.033
301.078
301.124
301.169
301.215
301.261
301.306
301.35
301.393
300
300
300
300
300
300
300
300.001
300.001
300.001
300.001
300.002
300.002
300.003
300.003
300.004
300.005
300.006
300.007
300.009
300.01
300.012
300.014
300.016
300.019
300.022
300.025
300.029
300.033
300.038
300.043
300.049
300.055
300.061
300.069
300.077
300.085
300.095
300.105
300.115
300.127
300.139
300.152
300.166
300.181
300.196
300.213
300.231
300.249
300.269
300.289
300.311
300.333
300.357
300.381
300.407
300.433
300.461
300.49
300.52
300.551
300.583
300.616
300.65
300.685
300.722
300.759
300.797
300.836
300.875
300.916
300.957
300.998
301.04
301.082
301.124
301.166
301.208
301.249
301.289
301.329
300
300
300
300
300
300
300
300.001
300.001
300.001
300.001
300.002
300.002
300.003
300.003
300.004
300.005
300.006
300.007
300.008
300.01
300.012
300.014
300.016
300.019
300.022
300.025
300.029
300.033
300.038
300.043
300.048
300.054
300.061
300.068
300.076
300.084
300.093
300.103
300.114
300.125
300.137
300.15
300.164
300.178
300.194
300.21
300.227
300.245
300.264
300.284
300.305
300.327
300.35
300.374
300.399
300.425
300.452
300.479
300.508
300.538
300.569
300.601
300.633
300.667
300.701
300.737
300.773
300.809
300.846
300.884
300.922
300.961
301
301.038
301.077
301.115
301.153
301.191
301.227
301.263
300
300
300
300
300
300
300
300.001
300.001
300.001
300.001
300.002
300.002
300.003
300.003
300.004
300.005
300.006
300.007
300.008
300.01
300.012
300.014
300.016
300.019
300.022
300.025
300.028
300.033
300.037
300.042
300.047
300.053
300.06
300.067
300.075
300.083
300.092
300.102
300.112
300.123
300.135
300.147
300.161
300.175
300.19
300.206
300.223
300.24
300.259
300.278
300.299
300.32
300.342
300.366
300.39
300.415
300.44
300.467
300.495
300.524
300.553
300.583
300.614
300.646
300.679
300.712
300.746
300.78
300.815
300.85
300.885
300.921
300.956
300.992
301.027
301.062
301.097
301.131
301.164
301.197
300
300
300
300
300
300
300
300.001
300.001
300.001
300.001
300.002
300.002
300.003
300.003
300.004
300.005
300.006
300.007
300.008
300.01
300.011
300.013
300.016
300.018
300.021
300.024
300.028
300.032
300.036
300.041
300.047
300.053
300.059
300.066
300.073
300.081
300.09
300.1
300.11
300.121
300.132
300.145
300.158
300.171
300.186
300.202
300.218
300.235
300.253
300.272
300.292
300.312
300.334
300.356
300.379
300.403
300.428
300.453
300.48
300.507
300.535
300.564
300.593
300.623
300.653
300.684
300.716
300.748
300.78
300.812
300.845
300.878
300.91
300.943
300.975
301.007
301.039
301.07
301.1
301.13
300
300
300
300
300
300
300
300.001
300.001
300.001
300.001
300.002
300.002
300.003
300.003
300.004
300.005
300.006
300.007
300.008
300.01
300.011
300.013
300.015
300.018
300.021
300.024
300.028
300.031
300.036
300.041
300.046
300.051
300.058
300.064
300.072
300.08
300.088
300.098
300.107
300.118
300.129
300.141
300.154
300.167
300.181
300.196
300.212
300.229
300.246
300.264
300.283
300.303
300.323
300.345
300.367
300.39
300.413
300.438
300.463
300.488
300.515
300.542
300.569
300.597
300.626
300.655
300.684
300.713
300.743
300.773
300.803
300.833
300.862
300.892
300.922
300.951
300.979
301.007
301.035
301.062
300
300
300
300
300
300
300
300.001
300.001
300.001
300.001
300.002
300.002
300.002
300.003
300.004
300.005
300.006
300.007
300.008
300.009
300.011
300.013
300.015
300.018
300.02
300.023
300.027
300.031
300.035
300.04
300.045
300.05
300.056
300.063
300.07
300.078
300.086
300.095
300.105
300.115
300.126
300.137
300.149
300.162
300.176
300.19
300.206
300.222
300.238
300.256
300.274
300.292
300.312
300.332
300.353
300.375
300.397
300.42
300.444
300.468
300.493
300.518
300.543
300.569
300.596
300.622
300.649
300.677
300.704
300.731
300.758
300.786
300.813
300.84
300.866
300.893
300.919
300.944
300.969
300.994
300
300
300
300
300
300
300
300.001
300.001
300.001
300.001
300.002
300.002
300.002
300.003
300.004
300.004
300.005
300.006
300.008
300.009
300.011
300.013
300.015
300.017
300.02
300.023
300.026
300.03
300.034
300.039
300.043
300.049
300.055
300.061
300.068
300.075
300.084
300.092
300.101
300.111
300.122
300.133
300.144
300.157
300.17
300.184
300.198
300.213
300.229
300.246
300.263
300.281
300.299
300.318
300.338
300.358
300.379
300.401
300.423
300.445
300.468
300.492
300.515
300.539
300.564
300.588
300.613
300.638
300.663
300.687
300.712
300.737
300.762
300.786
300.81
300.834
300.857
300.881
300.903
300.925
300
300
300
300
300
300
300
300.001
300.001
300.001
300.001
300.002
300.002
300.002
300.003
300.004
300.004
300.005
300.006
300.007
300.009
300.01
300.012
300.014
300.017
300.019
300.022
300.025
300.029
300.033
300.037
300.042
300.047
300.053
300.059
300.066
300.073
300.081
300.089
300.098
300.107
300.117
300.128
300.139
300.151
300.163
300.176
300.19
300.204
300.219
300.235
300.251
300.268
300.285
300.303
300.322
300.341
300.36
300.38
300.4
300.421
300.442
300.464
300.486
300.508
300.53
300.552
300.575
300.597
300.62
300.642
300.665
300.687
300.709
300.731
300.753
300.774
300.796
300.816
300.837
300.857
300
300
300
300
300
300
300
300.001
300.001
300.001
300.001
300.001
300.002
300.002
300.003
300.003
300.004
300.005
300.006
300.007
300.009
300.01
300.012
300.014
300.016
300.019
300.021
300.024
300.028
300.032
300.036
300.04
300.045
300.051
300.057
300.063
300.07
300.077
300.085
300.094
300.102
300.112
300.122
300.133
300.144
300.156
300.168
300.181
300.194
300.208
300.223
300.238
300.254
300.27
300.286
300.304
300.321
300.339
300.358
300.376
300.395
300.415
300.434
300.454
300.474
300.494
300.515
300.535
300.555
300.576
300.596
300.616
300.636
300.656
300.676
300.695
300.714
300.733
300.752
300.77
300.788
300
300
300
300
300
300
300
300.001
300.001
300.001
300.001
300.001
300.002
300.002
300.003
300.003
300.004
300.005
300.006
300.007
300.008
300.01
300.011
300.013
300.015
300.018
300.021
300.023
300.027
300.03
300.034
300.039
300.043
300.049
300.054
300.06
300.067
300.074
300.081
300.089
300.097
300.106
300.116
300.126
300.136
300.147
300.159
300.171
300.183
300.196
300.21
300.224
300.238
300.253
300.269
300.284
300.3
300.317
300.334
300.351
300.368
300.386
300.403
300.421
300.439
300.458
300.476
300.494
300.512
300.531
300.549
300.567
300.585
300.602
300.62
300.637
300.654
300.671
300.688
300.704
300.72
300
300
300
300
300
300
300
300
300.001
300.001
300.001
300.001
300.002
300.002
300.003
300.003
300.004
300.005
300.006
300.007
300.008
300.009
300.011
300.013
300.015
300.017
300.02
300.022
300.025
300.029
300.033
300.037
300.041
300.046
300.051
300.057
300.063
300.07
300.077
300.084
300.092
300.1
300.109
300.118
300.128
300.138
300.149
300.16
300.172
300.184
300.196
300.209
300.222
300.236
300.25
300.264
300.279
300.294
300.309
300.324
300.34
300.356
300.372
300.388
300.404
300.42
300.436
300.453
300.469
300.485
300.501
300.517
300.533
300.549
300.564
300.58
300.595
300.61
300.624
300.639
300.653
300
300
300
300
300
300
300
300
300.001
300.001
300.001
300.001
300.002
300.002
300.002
300.003
300.004
300.004
300.005
300.006
300.007
300.009
300.01
300.012
300.014
300.016
300.018
300.021
300.024
300.027
300.031
300.035
300.039
300.043
300.048
300.053
300.059
300.065
300.072
300.079
300.086
300.093
300.102
300.11
300.119
300.128
300.138
300.148
300.159
300.17
300.181
300.193
300.205
300.217
300.23
300.243
300.256
300.269
300.283
300.297
300.311
300.325
300.339
300.353
300.368
300.382
300.396
300.411
300.425
300.439
300.453
300.468
300.481
300.495
300.509
300.522
300.536
300.549
300.562
300.575
300.587
300
300
300
300
300
300
300
300
300.001
300.001
300.001
300.001
300.001
300.002
300.002
300.003
300.003
300.004
300.005
300.006
300.007
300.008
300.01
300.011
300.013
300.015
300.017
300.02
300.022
300.025
300.029
300.032
300.036
300.04
300.045
300.05
300.055
300.06
300.066
300.073
300.079
300.086
300.094
300.102
300.11
300.118
300.127
300.136
300.146
300.156
300.166
300.176
300.187
300.198
300.209
300.221
300.232
300.244
300.256
300.269
300.281
300.293
300.306
300.318
300.331
300.344
300.356
300.369
300.381
300.394
300.406
300.419
300.431
300.443
300.455
300.466
300.478
300.49
300.501
300.512
300.523
300
300
300
300
300
300
300
300
300.001
300.001
300.001
300.001
300.001
300.002
300.002
300.003
300.003
300.004
300.005
300.005
300.006
300.008
300.009
300.01
300.012
300.014
300.016
300.018
300.021
300.023
300.026
300.03
300.033
300.037
300.041
300.046
300.05
300.055
300.061
300.067
300.073
300.079
300.086
300.093
300.1
300.107
300.115
300.124
300.132
300.141
300.15
300.159
300.169
300.178
300.188
300.198
300.209
300.219
300.23
300.24
300.251
300.262
300.273
300.284
300.295
300.306
300.317
300.328
300.338
300.349
300.36
300.371
300.381
300.392
300.402
300.412
300.422
300.432
300.442
300.451
300.461
300
300
300
300
300
300
300
300
300
300.001
300.001
300.001
300.001
300.002
300.002
300.002
300.003
300.004
300.004
300.005
300.006
300.007
300.008
300.01
300.011
300.013
300.015
300.017
300.019
300.021
300.024
300.027
300.03
300.034
300.037
300.041
300.046
300.05
300.055
300.06
300.065
300.071
300.077
300.083
300.09
300.096
300.103
300.111
300.118
300.126
300.134
300.142
300.15
300.159
300.167
300.176
300.185
300.194
300.203
300.212
300.222
300.231
300.24
300.25
300.259
300.269
300.278
300.287
300.297
300.306
300.315
300.324
300.333
300.342
300.351
300.359
300.368
300.376
300.385
300.393
300.401
300
300
300
300
300
300
300
300
300
300.001
300.001
300.001
300.001
300.001
300.002
300.002
300.003
300.003
300.004
300.005
300.005
300.006
300.007
300.009
300.01
300.011
300.013
300.015
300.017
300.019
300.022
300.024
300.027
300.03
300.034
300.037
300.041
300.045
300.049
300.054
300.058
300.063
300.068
300.074
300.079
300.085
300.091
300.098
300.104
300.111
300.118
300.125
300.132
300.139
300.147
300.154
300.162
300.169
300.177
300.185
300.193
300.201
300.209
300.217
300.225
300.233
300.241
300.249
300.256
300.264
300.272
300.28
300.287
300.295
300.302
300.31
300.317
300.324
300.331
300.338
300.345
300
300
300
300
300
300
300
300
300
300
300.001
300.001
300.001
300.001
300.002
300.002
300.002
300.003
300.003
300.004
300.005
300.006
300.007
300.008
300.009
300.01
300.012
300.013
300.015
300.017
300.019
300.021
300.024
300.027
300.03
300.033
300.036
300.039
300.043
300.047
300.051
300.055
300.06
300.064
300.069
300.074
300.079
300.085
300.09
300.096
300.102
300.108
300.114
300.12
300.126
300.133
300.139
300.146
300.152
300.159
300.165
300.172
300.179
300.185
300.192
300.199
300.205
300.212
300.218
300.225
300.231
300.238
300.244
300.25
300.256
300.263
300.269
300.274
300.28
300.286
300.292
300
300
300
300
300
300
300
300
300
300
300.001
300.001
300.001
300.001
300.001
300.002
300.002
300.002
300.003
300.004
300.004
300.005
300.006
300.007
300.008
300.009
300.01
300.012
300.013
300.015
300.017
300.019
300.021
300.023
300.026
300.028
300.031
300.034
300.037
300.04
300.044
300.047
300.051
300.055
300.059
300.063
300.068
300.072
300.077
300.082
300.087
300.092
300.097
300.102
300.107
300.112
300.117
300.123
300.128
300.134
300.139
300.145
300.15
300.156
300.161
300.167
300.172
300.177
300.183
300.188
300.193
300.199
300.204
300.209
300.214
300.219
300.224
300.229
300.234
300.238
300.243
300
300
300
300
300
300
300
300
300
300
300
300.001
300.001
300.001
300.001
300.001
300.002
300.002
300.003
300.003
300.004
300.004
300.005
300.006
300.007
300.008
300.009
300.01
300.011
300.013
300.014
300.016
300.018
300.02
300.022
300.024
300.026
300.029
300.031
300.034
300.037
300.04
300.043
300.046
300.05
300.053
300.057
300.06
300.064
300.068
300.072
300.076
300.08
300.084
300.089
300.093
300.097
300.102
300.106
300.11
300.115
300.119
300.124
300.128
300.133
300.137
300.141
300.146
300.15
300.154
300.159
300.163
300.167
300.171
300.175
300.179
300.183
300.187
300.191
300.195
300.199
300
300
300
300
300
300
300
300
300
300
300
300
300.001
300.001
300.001
300.001
300.001
300.002
300.002
300.002
300.003
300.003
300.004
300.005
300.005
300.006
300.007
300.008
300.009
300.01
300.012
300.013
300.015
300.016
300.018
300.02
300.022
300.024
300.026
300.028
300.03
300.033
300.035
300.038
300.041
300.044
300.046
300.049
300.052
300.056
300.059
300.062
300.065
300.069
300.072
300.075
300.079
300.082
300.086
300.089
300.093
300.096
300.1
300.103
300.107
300.11
300.114
300.117
300.121
300.124
300.127
300.131
300.134
300.137
300.141
300.144
300.147
300.15
300.153
300.156
300.159
300
300
300
300
300
300
300
300
300
300
300
300
300
300.001
300.001
300.001
300.001
300.001
300.002
300.002
300.002
300.003
300.003
300.004
300.004
300.005
300.006
300.007
300.008
300.008
300.01
300.011
300.012
300.013
300.014
300.016
300.017
300.019
300.021
300.023
300.024
300.026
300.028
300.03
300.033
300.035
300.037
300.039
300.042
300.044
300.047
300.049
300.052
300.054
300.057
300.06
300.062
300.065
300.068
300.07
300.073
300.076
300.079
300.081
300.084
300.087
300.089
300.092
300.095
300.097
300.1
300.102
300.105
300.108
300.11
300.112
300.115
300.117
300.12
300.122
300.124
300
300
300
300
300
300
300
300
300
300
300
300
300
300
300.001
300.001
300.001
300.001
300.001
300.002
300.002
300.002
300.003
300.003
300.003
300.004
300.005
300.005
300.006
300.007
300.007
300.008
300.009
300.01
300.011
300.012
300.014
300.015
300.016
300.018
300.019
300.02
300.022
300.024
300.025
300.027
300.029
300.03
300.032
300.034
300.036
300.038
300.04
300.042
300.044
300.046
300.048
300.05
300.052
300.054
300.056
300.058
300.06
300.062
300.064
300.066
300.068
300.07
300.072
300.074
300.076
300.078
300.08
300.082
300.084
300.086
300.087
300.089
300.091
300.093
300.095
300
300
300
300
300
300
300
300
300
300
300
300
300
300
300
300
300.001
300.001
300.001
300.001
300.001
300.002
300.002
300.002
300.003
300.003
300.003
300.004
300.004
300.005
300.006
300.006
300.007
300.008
300.009
300.009
300.01
300.011
300.012
300.013
300.014
300.015
300.017
300.018
300.019
300.02
300.021
300.023
300.024
300.026
300.027
300.028
300.03
300.031
300.033
300.034
300.036
300.037
300.039
300.04
300.042
300.043
300.045
300.046
300.048
300.049
300.051
300.052
300.054
300.055
300.056
300.058
300.059
300.061
300.062
300.063
300.065
300.066
300.067
300.069
300.07
300
300
300
300
300
300
300
300
300
300
300
300
300
300
300
300
300
300
300.001
300.001
300.001
300.001
300.001
300.002
300.002
300.002
300.002
300.003
300.003
300.004
300.004
300.004
300.005
300.006
300.006
300.007
300.007
300.008
300.009
300.01
300.01
300.011
300.012
300.013
300.014
300.015
300.015
300.016
300.017
300.018
300.019
300.02
300.021
300.022
300.023
300.025
300.026
300.027
300.028
300.029
300.03
300.031
300.032
300.033
300.034
300.035
300.036
300.037
300.038
300.039
300.04
300.041
300.042
300.043
300.044
300.045
300.046
300.047
300.048
300.049
300.05
300
300
300
300
300
300
300
300
300
300
300
300
300
300
300
300
300
300
300
300
300.001
300.001
300.001
300.001
300.001
300.001
300.002
300.002
300.002
300.002
300.003
300.003
300.003
300.004
300.004
300.005
300.005
300.006
300.006
300.007
300.007
300.008
300.008
300.009
300.009
300.01
300.011
300.011
300.012
300.013
300.013
300.014
300.015
300.015
300.016
300.017
300.018
300.018
300.019
300.02
300.021
300.021
300.022
300.023
300.023
300.024
300.025
300.026
300.026
300.027
300.028
300.028
300.029
300.03
300.03
300.031
300.032
300.032
300.033
300.034
300.034
300
300
300
300
300
300
300
300
300
300
300
300
300
300
300
300
300
300
300
300
300
300
300
300
300.001
300.001
300.001
300.001
300.001
300.001
300.002
300.002
300.002
300.002
300.003
300.003
300.003
300.004
300.004
300.004
300.005
300.005
300.005
300.006
300.006
300.007
300.007
300.007
300.008
300.008
300.009
300.009
300.01
300.01
300.011
300.011
300.012
300.012
300.012
300.013
300.013
300.014
300.014
300.015
300.015
300.016
300.016
300.017
300.017
300.018
300.018
300.019
300.019
300.019
300.02
300.02
300.021
300.021
300.022
300.022
300.022
300
300
300
300
300
300
300
300
300
300
300
300
300
300
300
300
300
300
300
300
300
300
300
300
300
300
300
300
300.001
300.001
300.001
300.001
300.001
300.001
300.001
300.002
300.002
300.002
300.002
300.002
300.003
300.003
300.003
300.003
300.004
300.004
300.004
300.004
300.005
300.005
300.005
300.006
300.006
300.006
300.006
300.007
300.007
300.007
300.008
300.008
300.008
300.009
300.009
300.009
300.009
300.01
300.01
300.01
300.011
300.011
300.011
300.012
300.012
300.012
300.012
300.013
300.013
300.013
300.013
300.014
300.014
300
300
300
300
300
300
300
300
300
300
300
300
300
300
300
300
300
300
300
300
300
300
300
300
300
300
300
300
300
300
300
300
300
300.001
300.001
300.001
300.001
300.001
300.001
300.001
300.001
300.002
300.002
300.002
300.002
300.002
300.002
300.002
300.003
300.003
300.003
300.003
300.003
300.003
300.004
300.004
300.004
300.004
300.004
300.005
300.005
300.005
300.005
300.005
300.005
300.006
300.006
300.006
300.006
300.006
300.006
300.007
300.007
300.007
300.007
300.007
300.007
300.008
300.008
300.008
300.008
300
300
300
300
300
300
300
300
300
300
300
300
300
300
300
300
300
300
300
300
300
300
300
300
300
300
300
300
300
300
300
300
300
300
300
300
300
300
300
300
300.001
300.001
300.001
300.001
300.001
300.001
300.001
300.001
300.001
300.001
300.001
300.002
300.002
300.002
300.002
300.002
300.002
300.002
300.002
300.002
300.002
300.003
300.003
300.003
300.003
300.003
300.003
300.003
300.003
300.003
300.003
300.004
300.004
300.004
300.004
300.004
300.004
300.004
300.004
300.004
300.004
300
300
300
300
300
300
300
300
300
300
300
300
300
300
300
300
300
300
300
300
300
300
300
300
300
300
300
300
300
300
300
300
300
300
300
300
300
300
300
300
300
300
300
300
300
300
300
300
300
300
300.001
300.001
300.001
300.001
300.001
300.001
300.001
300.001
300.001
300.001
300.001
300.001
300.001
300.001
300.001
300.001
300.001
300.001
300.002
300.002
300.002
300.002
300.002
300.002
300.002
300.002
300.002
300.002
300.002
300.002
300.002
300
300
300
300
300
300
300
300
300
300
300
300
300
300
300
300
300
300
300
300
300
300
300
300
300
300
300
300
300
300
300
300
300
300
300
300
300
300
300
300
300
300
300
300
300
300
300
300
300
300
300
300
300
300
300
300
300
300
300
300
300
300
300.001
300.001
300.001
300.001
300.001
300.001
300.001
300.001
300.001
300.001
300.001
300.001
300.001
300.001
300.001
300.001
300.001
300.001
300.001
302.096
302.214
302.284
302.349
302.404
302.448
302.477
302.51
302.543
302.573
302.597
302.624
302.651
302.677
302.702
302.727
302.75
302.769
302.79
302.811
302.831
302.851
302.871
302.89
302.909
302.927
302.944
302.962
302.979
302.995
303.011
303.026
303.041
303.056
303.07
303.084
303.097
303.11
303.123
303.136
303.148
303.159
303.171
303.184
303.195
303.206
303.217
303.227
303.238
303.248
303.257
303.266
303.275
303.284
303.293
303.302
303.31
303.319
303.327
303.334
303.34
303.346
303.353
303.359
303.366
303.372
303.378
303.383
303.389
303.394
303.399
303.403
303.408
303.412
303.416
303.42
303.423
303.427
303.43
303.433
303.437
303.44
303.442
303.444
303.446
303.448
303.45
303.452
303.454
303.456
303.457
303.458
303.46
303.461
303.462
303.463
303.464
303.464
303.465
303.465
303.466
303.466
303.466
303.467
303.467
303.467
303.467
303.467
303.467
303.467
303.467
303.467
303.467
303.466
303.466
303.466
303.466
303.466
303.466
303.466
303.465
303.465
303.465
303.464
303.464
303.463
303.462
303.462
303.46
303.459
303.457
303.455
303.453
303.45
303.447
303.443
303.439
303.435
303.43
303.424
303.417
303.41
303.401
303.392
303.381
303.369
303.356
303.341
303.323
303.302
303.276
303.248
303.219
303.185
303.145
303.097
303.043
302.946
302.852
302.726
302.55
301.997
302.101
302.181
302.247
302.304
302.352
302.391
302.427
302.461
302.493
302.522
302.55
302.578
302.605
302.631
302.655
302.679
302.701
302.722
302.744
302.764
302.785
302.805
302.824
302.843
302.862
302.88
302.897
302.914
302.931
302.947
302.962
302.978
302.992
303.007
303.021
303.035
303.048
303.061
303.073
303.086
303.098
303.11
303.122
303.134
303.145
303.155
303.166
303.176
303.186
303.196
303.205
303.214
303.223
303.232
303.241
303.249
303.257
303.265
303.272
303.279
303.286
303.292
303.299
303.305
303.311
303.317
303.322
303.328
303.333
303.338
303.342
303.347
303.351
303.355
303.359
303.362
303.366
303.369
303.372
303.375
303.378
303.381
303.383
303.385
303.387
303.389
303.391
303.393
303.394
303.396
303.397
303.398
303.399
303.4
303.401
303.402
303.403
303.404
303.404
303.405
303.405
303.405
303.405
303.406
303.406
303.406
303.406
303.406
303.406
303.406
303.405
303.405
303.405
303.405
303.405
303.405
303.405
303.405
303.404
303.404
303.404
303.404
303.403
303.403
303.402
303.401
303.4
303.399
303.398
303.396
303.394
303.392
303.389
303.386
303.383
303.379
303.374
303.369
303.363
303.356
303.349
303.341
303.331
303.321
303.309
303.296
303.28
303.263
303.242
303.216
303.188
303.158
303.124
303.083
303.034
302.976
302.883
302.784
302.652
302.46
301.917
302.007
302.084
302.15
302.208
302.258
302.301
302.341
302.377
302.411
302.442
302.472
302.501
302.529
302.555
302.581
302.605
302.628
302.651
302.672
302.694
302.715
302.735
302.755
302.774
302.793
302.811
302.829
302.846
302.863
302.879
302.895
302.911
302.926
302.94
302.954
302.968
302.982
302.995
303.008
303.02
303.032
303.044
303.056
303.068
303.079
303.09
303.101
303.111
303.121
303.131
303.14
303.149
303.158
303.167
303.176
303.184
303.192
303.2
303.207
303.214
303.221
303.228
303.234
303.24
303.246
303.252
303.258
303.263
303.268
303.273
303.278
303.282
303.286
303.29
303.294
303.298
303.301
303.304
303.307
303.311
303.313
303.316
303.318
303.32
303.322
303.324
303.326
303.328
303.33
303.331
303.332
303.333
303.335
303.336
303.337
303.337
303.338
303.339
303.339
303.34
303.34
303.34
303.341
303.341
303.341
303.341
303.341
303.341
303.341
303.341
303.341
303.341
303.34
303.34
303.34
303.34
303.34
303.34
303.34
303.339
303.339
303.339
303.338
303.338
303.337
303.336
303.335
303.334
303.333
303.331
303.329
303.327
303.324
303.321
303.318
303.314
303.309
303.304
303.299
303.292
303.285
303.277
303.268
303.257
303.245
303.232
303.217
303.199
303.178
303.153
303.125
303.095
303.059
303.018
302.968
302.907
302.816
302.713
302.576
302.374
301.844
301.922
301.993
302.058
302.115
302.166
302.211
302.253
302.291
302.326
302.359
302.391
302.421
302.449
302.477
302.503
302.528
302.552
302.575
302.598
302.619
302.641
302.661
302.682
302.701
302.72
302.739
302.757
302.774
302.791
302.808
302.824
302.84
302.855
302.87
302.884
302.898
302.912
302.925
302.938
302.951
302.963
302.975
302.987
302.999
303.01
303.021
303.032
303.042
303.052
303.062
303.072
303.081
303.09
303.099
303.107
303.116
303.124
303.132
303.139
303.146
303.153
303.159
303.166
303.172
303.178
303.184
303.189
303.195
303.2
303.204
303.209
303.214
303.218
303.222
303.226
303.229
303.233
303.236
303.239
303.242
303.245
303.247
303.25
303.252
303.254
303.256
303.258
303.259
303.261
303.262
303.264
303.265
303.266
303.267
303.268
303.269
303.269
303.27
303.271
303.271
303.271
303.272
303.272
303.272
303.272
303.272
303.272
303.272
303.272
303.272
303.272
303.272
303.272
303.272
303.272
303.272
303.271
303.271
303.271
303.271
303.27
303.27
303.27
303.269
303.269
303.268
303.267
303.266
303.264
303.263
303.261
303.259
303.256
303.253
303.25
303.246
303.241
303.236
303.231
303.224
303.217
303.209
303.2
303.19
303.178
303.164
303.149
303.131
303.11
303.086
303.058
303.027
302.991
302.949
302.898
302.835
302.745
302.639
302.499
302.292
301.774
301.843
301.909
301.969
302.024
302.075
302.121
302.163
302.203
302.239
302.274
302.306
302.337
302.367
302.395
302.422
302.447
302.472
302.496
302.519
302.541
302.563
302.584
302.605
302.624
302.644
302.663
302.681
302.699
302.716
302.733
302.749
302.765
302.78
302.796
302.81
302.824
302.838
302.852
302.865
302.878
302.89
302.902
302.914
302.926
302.937
302.948
302.959
302.97
302.98
302.99
302.999
303.008
303.017
303.026
303.035
303.043
303.051
303.059
303.066
303.073
303.08
303.087
303.093
303.099
303.105
303.111
303.117
303.122
303.127
303.132
303.137
303.141
303.145
303.149
303.153
303.157
303.16
303.163
303.166
303.169
303.172
303.175
303.177
303.179
303.181
303.183
303.185
303.187
303.188
303.19
303.191
303.192
303.193
303.194
303.195
303.196
303.197
303.198
303.198
303.198
303.199
303.199
303.199
303.2
303.2
303.2
303.2
303.2
303.2
303.2
303.2
303.199
303.199
303.199
303.199
303.199
303.199
303.199
303.198
303.198
303.198
303.198
303.197
303.197
303.196
303.195
303.194
303.193
303.192
303.19
303.188
303.186
303.184
303.181
303.177
303.174
303.169
303.164
303.159
303.152
303.145
303.137
303.128
303.118
303.106
303.093
303.078
303.06
303.039
303.015
302.987
302.956
302.92
302.877
302.825
302.759
302.671
302.563
302.42
302.213
301.706
301.768
301.828
301.884
301.937
301.986
302.032
302.074
302.114
302.151
302.186
302.219
302.251
302.281
302.31
302.337
302.363
302.389
302.413
302.437
302.459
302.482
302.503
302.524
302.544
302.564
302.583
302.601
302.619
302.637
302.654
302.67
302.686
302.702
302.717
302.732
302.746
302.761
302.774
302.787
302.8
302.813
302.825
302.837
302.849
302.861
302.872
302.882
302.893
302.903
302.913
302.923
302.932
302.941
302.95
302.958
302.967
302.975
302.983
302.99
302.997
303.004
303.011
303.017
303.023
303.029
303.035
303.04
303.046
303.051
303.056
303.06
303.065
303.069
303.073
303.077
303.08
303.084
303.087
303.09
303.093
303.096
303.098
303.101
303.103
303.105
303.107
303.109
303.11
303.112
303.113
303.114
303.116
303.117
303.118
303.119
303.12
303.12
303.121
303.121
303.122
303.122
303.123
303.123
303.123
303.123
303.123
303.123
303.123
303.123
303.123
303.123
303.123
303.123
303.123
303.123
303.122
303.122
303.122
303.122
303.122
303.121
303.121
303.121
303.12
303.119
303.119
303.118
303.117
303.115
303.114
303.112
303.11
303.107
303.104
303.101
303.097
303.093
303.088
303.083
303.077
303.07
303.062
303.053
303.043
303.031
303.018
303.003
302.985
302.964
302.94
302.912
302.881
302.844
302.801
302.748
302.681
302.593
302.484
302.34
302.135
301.638
301.695
301.749
301.801
301.851
301.898
301.943
301.985
302.024
302.061
302.097
302.13
302.162
302.192
302.222
302.25
302.276
302.302
302.327
302.351
302.374
302.396
302.418
302.439
302.46
302.48
302.499
302.518
302.536
302.554
302.571
302.588
302.604
302.62
302.635
302.65
302.665
302.679
302.693
302.706
302.719
302.732
302.744
302.756
302.768
302.78
302.791
302.802
302.812
302.822
302.832
302.842
302.851
302.86
302.869
302.878
302.886
302.894
302.902
302.909
302.916
302.923
302.93
302.936
302.943
302.949
302.954
302.96
302.965
302.97
302.975
302.98
302.984
302.988
302.992
302.996
303
303.003
303.006
303.009
303.012
303.015
303.017
303.02
303.022
303.024
303.026
303.028
303.029
303.031
303.032
303.034
303.035
303.036
303.037
303.038
303.039
303.039
303.04
303.041
303.041
303.041
303.042
303.042
303.042
303.042
303.042
303.042
303.042
303.042
303.042
303.042
303.042
303.042
303.042
303.042
303.042
303.041
303.041
303.041
303.041
303.041
303.04
303.04
303.039
303.039
303.038
303.037
303.036
303.035
303.033
303.031
303.029
303.027
303.024
303.021
303.017
303.013
303.008
303.003
302.997
302.99
302.982
302.973
302.963
302.952
302.939
302.923
302.906
302.885
302.861
302.834
302.802
302.765
302.721
302.667
302.6
302.512
302.402
302.258
302.06
301.571
301.622
301.672
301.72
301.767
301.812
301.855
301.895
301.934
301.971
302.006
302.039
302.071
302.102
302.131
302.159
302.186
302.212
302.237
302.262
302.285
302.308
302.33
302.351
302.372
302.392
302.411
302.43
302.449
302.467
302.484
302.501
302.517
302.533
302.549
302.564
302.579
302.593
302.607
302.621
302.634
302.647
302.659
302.671
302.683
302.695
302.706
302.717
302.727
302.738
302.748
302.757
302.767
302.776
302.785
302.793
302.801
302.809
302.817
302.825
302.832
302.839
302.845
302.852
302.858
302.864
302.87
302.875
302.88
302.885
302.89
302.895
302.899
302.903
302.907
302.911
302.915
302.918
302.921
302.924
302.927
302.93
302.932
302.935
302.937
302.939
302.941
302.943
302.944
302.946
302.947
302.949
302.95
302.951
302.952
302.953
302.954
302.954
302.955
302.955
302.956
302.956
302.957
302.957
302.957
302.957
302.957
302.957
302.957
302.957
302.957
302.957
302.957
302.957
302.957
302.957
302.957
302.956
302.956
302.956
302.956
302.955
302.955
302.955
302.954
302.953
302.953
302.952
302.951
302.95
302.948
302.946
302.944
302.942
302.939
302.936
302.932
302.928
302.924
302.918
302.913
302.906
302.898
302.889
302.879
302.868
302.855
302.84
302.823
302.802
302.778
302.751
302.719
302.682
302.637
302.583
302.515
302.428
302.319
302.176
301.986
301.504
301.55
301.596
301.641
301.684
301.727
301.767
301.806
301.844
301.88
301.914
301.947
301.979
302.009
302.039
302.067
302.094
302.12
302.145
302.17
302.193
302.216
302.238
302.26
302.28
302.301
302.32
302.339
302.358
302.376
302.393
302.41
302.427
302.443
302.459
302.474
302.489
302.503
302.517
302.531
302.544
302.557
302.57
302.582
302.594
302.605
302.617
302.628
302.638
302.648
302.658
302.668
302.678
302.687
302.695
302.704
302.712
302.72
302.728
302.735
302.743
302.75
302.756
302.763
302.769
302.775
302.78
302.786
302.791
302.796
302.801
302.806
302.81
302.814
302.818
302.822
302.825
302.829
302.832
302.835
302.838
302.84
302.843
302.845
302.848
302.85
302.851
302.853
302.855
302.856
302.858
302.859
302.86
302.861
302.862
302.863
302.864
302.865
302.865
302.866
302.866
302.867
302.867
302.867
302.867
302.868
302.868
302.868
302.868
302.868
302.868
302.868
302.868
302.867
302.867
302.867
302.867
302.867
302.867
302.866
302.866
302.866
302.866
302.865
302.865
302.864
302.863
302.862
302.861
302.86
302.859
302.857
302.855
302.853
302.85
302.847
302.843
302.839
302.835
302.83
302.824
302.817
302.81
302.801
302.791
302.78
302.767
302.752
302.735
302.715
302.691
302.664
302.632
302.595
302.55
302.495
302.427
302.341
302.233
302.093
301.912
301.436
301.478
301.52
301.562
301.602
301.642
301.68
301.717
301.753
301.788
301.822
301.854
301.885
301.915
301.944
301.972
301.999
302.025
302.05
302.074
302.098
302.121
302.143
302.165
302.186
302.206
302.226
302.245
302.263
302.281
302.299
302.316
302.333
302.349
302.365
302.38
302.395
302.409
302.424
302.437
302.451
302.464
302.476
302.488
302.5
302.512
302.523
302.534
302.545
302.555
302.565
302.575
302.584
302.593
302.602
302.611
302.619
302.627
302.635
302.642
302.649
302.656
302.663
302.669
302.675
302.681
302.687
302.692
302.698
302.703
302.707
302.712
302.716
302.72
302.724
302.728
302.732
302.735
302.738
302.741
302.744
302.747
302.749
302.751
302.754
302.756
302.758
302.759
302.761
302.762
302.764
302.765
302.766
302.767
302.768
302.769
302.77
302.771
302.771
302.772
302.772
302.773
302.773
302.773
302.773
302.774
302.774
302.774
302.774
302.774
302.774
302.774
302.774
302.773
302.773
302.773
302.773
302.773
302.773
302.773
302.772
302.772
302.772
302.771
302.771
302.77
302.769
302.768
302.767
302.766
302.765
302.763
302.761
302.759
302.756
302.753
302.75
302.746
302.742
302.737
302.731
302.725
302.717
302.709
302.699
302.688
302.675
302.66
302.643
302.623
302.6
302.573
302.541
302.503
302.458
302.404
302.336
302.251
302.144
302.01
301.838
301.368
301.407
301.445
301.483
301.521
301.558
301.594
301.629
301.663
301.696
301.729
301.76
301.79
301.82
301.848
301.875
301.902
301.928
301.953
301.977
302
302.023
302.045
302.067
302.088
302.108
302.128
302.147
302.165
302.183
302.201
302.218
302.235
302.251
302.267
302.282
302.297
302.312
302.326
302.34
302.353
302.366
302.379
302.391
302.403
302.414
302.426
302.437
302.447
302.458
302.468
302.477
302.487
302.496
302.505
302.513
302.521
302.529
302.537
302.544
302.552
302.558
302.565
302.571
302.577
302.583
302.589
302.594
302.6
302.605
302.609
302.614
302.618
302.622
302.626
302.63
302.633
302.637
302.64
302.643
302.646
302.648
302.651
302.653
302.655
302.657
302.659
302.661
302.662
302.664
302.665
302.667
302.668
302.669
302.67
302.671
302.671
302.672
302.673
302.673
302.674
302.674
302.674
302.675
302.675
302.675
302.675
302.675
302.675
302.675
302.675
302.675
302.675
302.675
302.675
302.675
302.675
302.674
302.674
302.674
302.674
302.673
302.673
302.673
302.672
302.672
302.671
302.67
302.669
302.668
302.666
302.665
302.663
302.661
302.658
302.655
302.652
302.648
302.644
302.639
302.634
302.627
302.62
302.612
302.602
302.591
302.579
302.564
302.547
302.527
302.504
302.477
302.446
302.408
302.363
302.309
302.241
302.158
302.054
301.925
301.764
301.299
301.334
301.37
301.405
301.44
301.474
301.508
301.541
301.573
301.605
301.636
301.666
301.695
301.723
301.751
301.777
301.803
301.829
301.853
301.877
301.9
301.923
301.945
301.966
301.987
302.007
302.026
302.045
302.064
302.082
302.1
302.117
302.133
302.15
302.165
302.181
302.196
302.21
302.224
302.238
302.251
302.264
302.277
302.289
302.301
302.313
302.324
302.335
302.346
302.356
302.366
302.376
302.385
302.394
302.403
302.411
302.419
302.427
302.435
302.442
302.449
302.456
302.463
302.469
302.475
302.481
302.487
302.492
302.497
302.502
302.507
302.511
302.516
302.52
302.524
302.527
302.531
302.534
302.537
302.54
302.543
302.546
302.548
302.55
302.552
302.554
302.556
302.558
302.56
302.561
302.562
302.564
302.565
302.566
302.567
302.568
302.568
302.569
302.57
302.57
302.571
302.571
302.571
302.572
302.572
302.572
302.572
302.572
302.572
302.572
302.572
302.572
302.572
302.572
302.572
302.572
302.572
302.571
302.571
302.571
302.571
302.57
302.57
302.57
302.569
302.569
302.568
302.567
302.566
302.565
302.564
302.562
302.56
302.558
302.556
302.553
302.55
302.546
302.542
302.537
302.532
302.526
302.518
302.51
302.501
302.49
302.478
302.464
302.447
302.427
302.404
302.378
302.346
302.309
302.264
302.21
302.144
302.063
301.963
301.839
301.689
301.23
301.262
301.294
301.327
301.359
301.391
301.422
301.453
301.483
301.513
301.542
301.571
301.599
301.626
301.652
301.678
301.704
301.728
301.752
301.775
301.798
301.82
301.842
301.863
301.883
301.903
301.922
301.941
301.96
301.978
301.995
302.012
302.029
302.045
302.06
302.076
302.091
302.105
302.119
302.133
302.146
302.159
302.172
302.184
302.196
302.207
302.218
302.229
302.24
302.25
302.26
302.27
302.279
302.288
302.297
302.305
302.313
302.321
302.329
302.336
302.343
302.35
302.356
302.363
302.369
302.375
302.38
302.385
302.391
302.395
302.4
302.405
302.409
302.413
302.417
302.42
302.424
302.427
302.43
302.433
302.436
302.438
302.441
302.443
302.445
302.447
302.449
302.451
302.452
302.454
302.455
302.456
302.457
302.458
302.459
302.46
302.461
302.462
302.462
302.463
302.463
302.464
302.464
302.464
302.464
302.465
302.465
302.465
302.465
302.465
302.465
302.465
302.465
302.465
302.464
302.464
302.464
302.464
302.464
302.464
302.463
302.463
302.463
302.462
302.462
302.461
302.46
302.46
302.459
302.458
302.456
302.455
302.453
302.451
302.449
302.446
302.443
302.439
302.435
302.431
302.426
302.419
302.413
302.405
302.396
302.385
302.373
302.359
302.342
302.323
302.3
302.274
302.243
302.206
302.162
302.109
302.044
301.965
301.869
301.752
301.613
301.16
301.189
301.219
301.248
301.278
301.307
301.336
301.365
301.393
301.421
301.449
301.476
301.502
301.528
301.554
301.578
301.603
301.626
301.65
301.672
301.694
301.716
301.737
301.757
301.777
301.797
301.816
301.835
301.853
301.87
301.888
301.904
301.921
301.937
301.952
301.967
301.982
301.996
302.01
302.024
302.037
302.05
302.063
302.075
302.086
302.098
302.109
302.12
302.13
302.141
302.15
302.16
302.169
302.178
302.187
302.195
302.203
302.211
302.219
302.226
302.233
302.24
302.246
302.252
302.258
302.264
302.269
302.275
302.28
302.285
302.289
302.294
302.298
302.302
302.305
302.309
302.312
302.316
302.319
302.322
302.324
302.327
302.329
302.331
302.334
302.336
302.337
302.339
302.341
302.342
302.343
302.345
302.346
302.347
302.348
302.348
302.349
302.35
302.35
302.351
302.351
302.352
302.352
302.352
302.353
302.353
302.353
302.353
302.353
302.353
302.353
302.353
302.353
302.353
302.353
302.353
302.352
302.352
302.352
302.352
302.352
302.351
302.351
302.35
302.35
302.349
302.349
302.348
302.347
302.346
302.345
302.343
302.342
302.34
302.337
302.335
302.332
302.328
302.325
302.32
302.315
302.309
302.302
302.295
302.286
302.275
302.264
302.25
302.234
302.215
302.193
302.167
302.136
302.1
302.057
302.005
301.942
301.866
301.774
301.664
301.535
301.089
301.116
301.143
301.17
301.197
301.224
301.251
301.278
301.304
301.33
301.356
301.381
301.406
301.43
301.455
301.478
301.501
301.524
301.546
301.568
301.589
301.61
301.631
301.651
301.67
301.689
301.708
301.726
301.744
301.761
301.778
301.794
301.81
301.826
301.841
301.856
301.871
301.885
301.899
301.912
301.925
301.938
301.95
301.962
301.974
301.985
301.996
302.007
302.017
302.027
302.037
302.046
302.056
302.064
302.073
302.081
302.089
302.097
302.104
302.112
302.118
302.125
302.132
302.138
302.144
302.149
302.155
302.16
302.165
302.17
302.174
302.178
302.183
302.186
302.19
302.194
302.197
302.2
302.203
302.206
302.209
302.211
302.214
302.216
302.218
302.22
302.222
302.223
302.225
302.226
302.227
302.229
302.23
302.231
302.232
302.232
302.233
302.234
302.234
302.235
302.235
302.236
302.236
302.236
302.237
302.237
302.237
302.237
302.237
302.237
302.237
302.237
302.237
302.237
302.237
302.237
302.236
302.236
302.236
302.236
302.236
302.235
302.235
302.235
302.234
302.233
302.233
302.232
302.231
302.23
302.229
302.228
302.226
302.224
302.222
302.219
302.217
302.213
302.21
302.205
302.2
302.195
302.188
302.181
302.172
302.162
302.15
302.137
302.121
302.102
302.081
302.055
302.026
301.99
301.948
301.897
301.837
301.764
301.677
301.575
301.456
301.018
301.043
301.068
301.092
301.117
301.142
301.166
301.191
301.215
301.239
301.263
301.286
301.31
301.333
301.355
301.378
301.4
301.421
301.442
301.463
301.484
301.504
301.523
301.542
301.561
301.58
301.598
301.615
301.632
301.649
301.666
301.682
301.698
301.713
301.728
301.742
301.757
301.771
301.784
301.797
301.81
301.823
301.835
301.847
301.858
301.869
301.88
301.891
301.901
301.911
301.92
301.93
301.939
301.947
301.956
301.964
301.972
301.979
301.987
301.994
302.001
302.007
302.013
302.019
302.025
302.031
302.036
302.041
302.046
302.051
302.055
302.06
302.064
302.067
302.071
302.075
302.078
302.081
302.084
302.087
302.089
302.092
302.094
302.096
302.098
302.1
302.102
302.104
302.105
302.106
302.108
302.109
302.11
302.111
302.112
302.113
302.113
302.114
302.114
302.115
302.115
302.116
302.116
302.116
302.117
302.117
302.117
302.117
302.117
302.117
302.117
302.117
302.117
302.117
302.117
302.117
302.116
302.116
302.116
302.116
302.116
302.115
302.115
302.115
302.114
302.114
302.113
302.112
302.111
302.11
302.109
302.108
302.106
302.105
302.103
302.1
302.097
302.094
302.091
302.087
302.082
302.076
302.07
302.063
302.054
302.045
302.033
302.02
302.005
301.987
301.966
301.941
301.912
301.877
301.836
301.788
301.73
301.661
301.579
301.484
301.376
300.948
300.97
300.992
301.014
301.037
301.059
301.082
301.104
301.126
301.149
301.171
301.192
301.214
301.236
301.257
301.278
301.298
301.318
301.338
301.358
301.377
301.396
301.415
301.434
301.452
301.469
301.486
301.503
301.52
301.536
301.552
301.568
301.583
301.598
301.613
301.627
301.641
301.654
301.667
301.68
301.693
301.705
301.717
301.728
301.74
301.751
301.761
301.772
301.782
301.791
301.801
301.81
301.819
301.827
301.835
301.843
301.851
301.859
301.866
301.873
301.879
301.886
301.892
301.898
301.904
301.909
301.914
301.919
301.924
301.929
301.933
301.937
301.941
301.945
301.949
301.952
301.955
301.958
301.961
301.964
301.966
301.969
301.971
301.973
301.975
301.977
301.979
301.98
301.982
301.983
301.984
301.985
301.986
301.987
301.988
301.989
301.99
301.99
301.991
301.991
301.992
301.992
301.993
301.993
301.993
301.993
301.993
301.993
301.993
301.993
301.993
301.993
301.993
301.993
301.993
301.993
301.993
301.993
301.993
301.992
301.992
301.992
301.991
301.991
301.991
301.99
301.99
301.989
301.988
301.987
301.986
301.985
301.983
301.982
301.98
301.977
301.975
301.972
301.968
301.964
301.96
301.954
301.948
301.941
301.933
301.924
301.913
301.9
301.885
301.868
301.847
301.823
301.795
301.762
301.723
301.676
301.621
301.556
301.48
301.392
301.293
300.877
300.897
300.917
300.937
300.957
300.978
300.998
301.019
301.039
301.059
301.079
301.099
301.119
301.139
301.159
301.178
301.197
301.216
301.235
301.253
301.271
301.289
301.307
301.324
301.342
301.358
301.375
301.391
301.407
301.423
301.438
301.453
301.467
301.482
301.496
301.51
301.523
301.536
301.549
301.561
301.574
301.585
301.597
301.608
301.619
301.63
301.64
301.65
301.66
301.669
301.679
301.688
301.696
301.704
301.713
301.72
301.728
301.735
301.742
301.749
301.755
301.762
301.768
301.774
301.779
301.784
301.79
301.794
301.799
301.804
301.808
301.812
301.816
301.819
301.823
301.826
301.829
301.832
301.835
301.838
301.84
301.843
301.845
301.847
301.849
301.851
301.852
301.854
301.855
301.857
301.858
301.859
301.86
301.861
301.862
301.862
301.863
301.864
301.864
301.865
301.865
301.865
301.866
301.866
301.866
301.866
301.866
301.867
301.867
301.867
301.867
301.867
301.867
301.866
301.866
301.866
301.866
301.866
301.866
301.866
301.865
301.865
301.865
301.864
301.864
301.863
301.863
301.862
301.861
301.861
301.859
301.858
301.857
301.855
301.853
301.851
301.849
301.846
301.843
301.839
301.834
301.829
301.824
301.817
301.809
301.8
301.789
301.777
301.763
301.746
301.726
301.703
301.676
301.644
301.607
301.563
301.511
301.45
301.38
301.299
301.21
300.806
300.824
300.842
300.86
300.879
300.897
300.915
300.934
300.952
300.971
300.989
301.007
301.026
301.044
301.062
301.079
301.097
301.115
301.132
301.149
301.166
301.183
301.2
301.216
301.232
301.248
301.263
301.279
301.294
301.309
301.323
301.337
301.351
301.365
301.378
301.392
301.404
301.417
301.429
301.441
301.453
301.465
301.476
301.487
301.497
301.507
301.517
301.527
301.537
301.546
301.555
301.563
301.572
301.58
301.588
301.595
301.602
301.61
301.616
301.623
301.629
301.635
301.641
301.647
301.652
301.657
301.662
301.667
301.672
301.676
301.68
301.684
301.688
301.691
301.695
301.698
301.701
301.704
301.707
301.709
301.712
301.714
301.716
301.718
301.72
301.722
301.723
301.725
301.726
301.727
301.729
301.73
301.731
301.731
301.732
301.733
301.734
301.734
301.735
301.735
301.736
301.736
301.736
301.737
301.737
301.737
301.737
301.737
301.737
301.737
301.737
301.737
301.737
301.737
301.737
301.737
301.737
301.737
301.736
301.736
301.736
301.736
301.735
301.735
301.735
301.734
301.734
301.733
301.732
301.731
301.73
301.729
301.728
301.726
301.725
301.723
301.72
301.718
301.714
301.711
301.707
301.702
301.696
301.69
301.682
301.674
301.664
301.652
301.638
301.622
301.603
301.581
301.555
301.525
301.49
301.448
301.399
301.343
301.279
301.206
301.125
300.736
300.752
300.768
300.785
300.801
300.817
300.834
300.85
300.867
300.884
300.9
300.917
300.933
300.95
300.966
300.982
300.999
301.015
301.031
301.047
301.062
301.078
301.093
301.108
301.123
301.138
301.153
301.167
301.181
301.195
301.209
301.222
301.235
301.248
301.261
301.274
301.286
301.298
301.309
301.321
301.332
301.343
301.354
301.364
301.374
301.384
301.394
301.403
301.412
301.421
301.43
301.438
301.446
301.454
301.461
301.469
301.476
301.482
301.489
301.495
301.502
301.507
301.513
301.519
301.524
301.529
301.534
301.538
301.542
301.547
301.551
301.554
301.558
301.562
301.565
301.568
301.571
301.574
301.576
301.579
301.581
301.583
301.585
301.587
301.589
301.591
301.592
301.594
301.595
301.596
301.597
301.598
301.599
301.6
301.601
301.602
301.602
301.603
301.603
301.604
301.604
301.605
301.605
301.605
301.605
301.605
301.605
301.606
301.606
301.606
301.606
301.606
301.606
301.606
301.605
301.605
301.605
301.605
301.605
301.605
301.604
301.604
301.604
301.604
301.603
301.603
301.602
301.602
301.601
301.6
301.599
301.598
301.597
301.595
301.594
301.592
301.59
301.587
301.584
301.581
301.577
301.572
301.567
301.561
301.554
301.546
301.536
301.525
301.512
301.496
301.479
301.458
301.433
301.405
301.372
301.333
301.288
301.236
301.178
301.112
301.039
300.667
300.681
300.696
300.71
300.725
300.739
300.754
300.769
300.784
300.798
300.813
300.828
300.843
300.858
300.873
300.887
300.902
300.917
300.931
300.946
300.96
300.974
300.988
301.002
301.016
301.03
301.043
301.057
301.07
301.083
301.095
301.108
301.12
301.132
301.144
301.156
301.168
301.179
301.19
301.201
301.211
301.222
301.232
301.242
301.251
301.261
301.27
301.279
301.288
301.296
301.304
301.312
301.32
301.327
301.334
301.341
301.348
301.355
301.361
301.367
301.373
301.379
301.384
301.389
301.394
301.399
301.404
301.408
301.412
301.416
301.42
301.424
301.427
301.431
301.434
301.437
301.44
301.442
301.445
301.447
301.449
301.451
301.453
301.455
301.457
301.458
301.46
301.461
301.463
301.464
301.465
301.466
301.467
301.468
301.468
301.469
301.47
301.47
301.471
301.471
301.471
301.472
301.472
301.472
301.472
301.473
301.473
301.473
301.473
301.473
301.473
301.473
301.473
301.473
301.473
301.473
301.472
301.472
301.472
301.472
301.472
301.471
301.471
301.471
301.471
301.47
301.47
301.469
301.468
301.468
301.467
301.466
301.465
301.463
301.462
301.46
301.458
301.456
301.453
301.45
301.446
301.442
301.437
301.431
301.424
301.416
301.407
301.397
301.384
301.37
301.353
301.334
301.311
301.284
301.253
301.218
301.177
301.13
301.077
301.018
300.953
300.599
300.612
300.625
300.637
300.65
300.663
300.676
300.689
300.702
300.715
300.729
300.742
300.755
300.768
300.782
300.795
300.808
300.821
300.834
300.847
300.86
300.873
300.886
300.899
300.911
300.924
300.936
300.948
300.96
300.972
300.984
300.996
301.007
301.018
301.029
301.04
301.051
301.062
301.072
301.082
301.092
301.102
301.111
301.12
301.13
301.138
301.147
301.155
301.164
301.172
301.179
301.187
301.194
301.201
301.208
301.215
301.221
301.227
301.233
301.239
301.245
301.25
301.255
301.26
301.265
301.269
301.274
301.278
301.282
301.286
301.29
301.293
301.296
301.299
301.302
301.305
301.308
301.31
301.313
301.315
301.317
301.319
301.321
301.323
301.324
301.326
301.327
301.329
301.33
301.331
301.332
301.333
301.334
301.335
301.335
301.336
301.337
301.337
301.338
301.338
301.338
301.339
301.339
301.339
301.339
301.339
301.34
301.34
301.34
301.34
301.34
301.34
301.34
301.34
301.34
301.339
301.339
301.339
301.339
301.339
301.339
301.338
301.338
301.338
301.337
301.337
301.337
301.336
301.335
301.335
301.334
301.333
301.332
301.331
301.329
301.328
301.326
301.324
301.321
301.318
301.315
301.311
301.306
301.301
301.294
301.287
301.278
301.269
301.257
301.244
301.228
301.21
301.189
301.164
301.136
301.103
301.066
301.024
300.976
300.924
300.867
300.534
300.544
300.555
300.567
300.578
300.589
300.601
300.612
300.624
300.635
300.647
300.658
300.67
300.682
300.694
300.705
300.717
300.729
300.74
300.752
300.764
300.775
300.787
300.798
300.809
300.821
300.832
300.843
300.854
300.865
300.875
300.886
300.897
300.907
300.917
300.927
300.937
300.947
300.956
300.966
300.975
300.984
300.992
301.001
301.01
301.018
301.026
301.034
301.041
301.049
301.056
301.063
301.07
301.077
301.083
301.089
301.095
301.101
301.107
301.112
301.117
301.122
301.127
301.132
301.136
301.141
301.145
301.149
301.153
301.156
301.16
301.163
301.166
301.169
301.172
301.175
301.177
301.18
301.182
301.184
301.186
301.188
301.19
301.191
301.193
301.194
301.196
301.197
301.198
301.199
301.2
301.201
301.202
301.202
301.203
301.204
301.204
301.205
301.205
301.206
301.206
301.206
301.206
301.207
301.207
301.207
301.207
301.207
301.207
301.207
301.207
301.207
301.207
301.207
301.207
301.207
301.207
301.207
301.206
301.206
301.206
301.206
301.206
301.205
301.205
301.205
301.204
301.204
301.203
301.203
301.202
301.201
301.2
301.199
301.198
301.196
301.194
301.192
301.19
301.187
301.184
301.18
301.176
301.171
301.165
301.158
301.15
301.141
301.131
301.118
301.104
301.087
301.068
301.046
301.02
300.99
300.957
300.919
300.877
300.831
300.781
300.47
300.479
300.489
300.499
300.508
300.518
300.528
300.538
300.548
300.558
300.568
300.578
300.589
300.599
300.609
300.619
300.63
300.64
300.65
300.661
300.671
300.681
300.691
300.701
300.711
300.721
300.731
300.741
300.751
300.761
300.771
300.78
300.79
300.799
300.808
300.817
300.826
300.835
300.844
300.852
300.861
300.869
300.877
300.885
300.893
300.9
300.908
300.915
300.922
300.929
300.935
300.942
300.948
300.954
300.96
300.966
300.972
300.977
300.982
300.987
300.992
300.997
301.002
301.006
301.01
301.014
301.018
301.022
301.025
301.029
301.032
301.035
301.038
301.041
301.043
301.046
301.048
301.051
301.053
301.055
301.056
301.058
301.06
301.061
301.063
301.064
301.065
301.067
301.068
301.069
301.07
301.07
301.071
301.072
301.073
301.073
301.074
301.074
301.074
301.075
301.075
301.075
301.076
301.076
301.076
301.076
301.076
301.076
301.076
301.076
301.076
301.076
301.076
301.076
301.076
301.076
301.076
301.076
301.076
301.076
301.075
301.075
301.075
301.075
301.074
301.074
301.074
301.073
301.073
301.072
301.071
301.071
301.07
301.069
301.068
301.066
301.065
301.063
301.06
301.058
301.055
301.052
301.048
301.043
301.038
301.032
301.024
301.016
301.006
300.995
300.982
300.967
300.949
300.929
300.906
300.88
300.85
300.817
300.78
300.74
300.697
300.409
300.417
300.425
300.434
300.442
300.45
300.459
300.467
300.476
300.485
300.493
300.502
300.511
300.52
300.529
300.538
300.547
300.555
300.564
300.573
300.582
300.591
300.6
300.609
300.618
300.627
300.636
300.644
300.653
300.662
300.67
300.679
300.687
300.695
300.704
300.712
300.72
300.728
300.735
300.743
300.751
300.758
300.765
300.773
300.78
300.786
300.793
300.8
300.806
300.812
300.819
300.825
300.83
300.836
300.841
300.847
300.852
300.857
300.862
300.866
300.871
300.875
300.879
300.883
300.887
300.891
300.895
300.898
300.901
300.904
300.907
300.91
300.913
300.916
300.918
300.92
300.922
300.925
300.927
300.928
300.93
300.932
300.933
300.935
300.936
300.937
300.938
300.94
300.941
300.941
300.942
300.943
300.944
300.944
300.945
300.945
300.946
300.946
300.947
300.947
300.947
300.948
300.948
300.948
300.948
300.948
300.948
300.948
300.948
300.949
300.949
300.949
300.948
300.948
300.948
300.948
300.948
300.948
300.948
300.948
300.948
300.947
300.947
300.947
300.947
300.946
300.946
300.946
300.945
300.945
300.944
300.943
300.943
300.942
300.941
300.939
300.938
300.936
300.934
300.932
300.929
300.926
300.923
300.918
300.914
300.908
300.901
300.894
300.885
300.875
300.863
300.85
300.834
300.816
300.796
300.773
300.747
300.718
300.686
300.651
300.614
300.351
300.358
300.365
300.372
300.379
300.386
300.393
300.401
300.408
300.415
300.423
300.43
300.438
300.445
300.453
300.461
300.468
300.476
300.484
300.491
300.499
300.507
300.514
300.522
300.53
300.537
300.545
300.553
300.56
300.568
300.575
300.583
300.59
300.597
300.604
300.612
300.619
300.626
300.633
300.639
300.646
300.653
300.659
300.666
300.672
300.678
300.684
300.69
300.696
300.701
300.707
300.712
300.717
300.722
300.727
300.732
300.737
300.741
300.746
300.75
300.754
300.758
300.762
300.765
300.769
300.772
300.776
300.779
300.782
300.785
300.787
300.79
300.792
300.795
300.797
300.799
300.801
300.803
300.805
300.806
300.808
300.81
300.811
300.812
300.814
300.815
300.816
300.817
300.818
300.818
300.819
300.82
300.821
300.821
300.822
300.822
300.823
300.823
300.823
300.824
300.824
300.824
300.824
300.825
300.825
300.825
300.825
300.825
300.825
300.825
300.825
300.825
300.825
300.825
300.825
300.825
300.825
300.825
300.824
300.824
300.824
300.824
300.824
300.824
300.823
300.823
300.823
300.822
300.822
300.821
300.821
300.82
300.82
300.819
300.818
300.817
300.815
300.814
300.812
300.81
300.808
300.805
300.802
300.798
300.794
300.789
300.783
300.776
300.768
300.759
300.749
300.737
300.723
300.708
300.69
300.67
300.648
300.623
300.596
300.566
300.534
300.297
300.303
300.309
300.315
300.321
300.326
300.332
300.339
300.345
300.351
300.357
300.363
300.37
300.376
300.382
300.389
300.395
300.402
300.408
300.415
300.421
300.428
300.434
300.441
300.447
300.454
300.46
300.467
300.473
300.48
300.486
300.493
300.499
300.505
300.512
300.518
300.524
300.53
300.536
300.542
300.548
300.554
300.559
300.565
300.57
300.576
300.581
300.586
300.591
300.596
300.601
300.606
300.61
300.615
300.619
300.624
300.628
300.632
300.636
300.64
300.643
300.647
300.65
300.653
300.657
300.66
300.663
300.665
300.668
300.671
300.673
300.675
300.678
300.68
300.682
300.684
300.685
300.687
300.689
300.69
300.692
300.693
300.694
300.696
300.697
300.698
300.699
300.7
300.7
300.701
300.702
300.702
300.703
300.704
300.704
300.705
300.705
300.705
300.706
300.706
300.706
300.706
300.706
300.707
300.707
300.707
300.707
300.707
300.707
300.707
300.707
300.707
300.707
300.707
300.707
300.707
300.707
300.707
300.707
300.706
300.706
300.706
300.706
300.706
300.706
300.705
300.705
300.705
300.704
300.704
300.703
300.703
300.702
300.702
300.701
300.7
300.699
300.697
300.696
300.694
300.692
300.689
300.686
300.683
300.679
300.675
300.67
300.664
300.657
300.649
300.64
300.63
300.618
300.605
300.589
300.572
300.553
300.532
300.509
300.485
300.458
300.248
300.252
300.257
300.262
300.267
300.271
300.276
300.281
300.286
300.292
300.297
300.302
300.307
300.312
300.318
300.323
300.328
300.334
300.339
300.344
300.35
300.355
300.361
300.366
300.372
300.377
300.383
300.388
300.394
300.399
300.404
300.41
300.415
300.421
300.426
300.431
300.436
300.442
300.447
300.452
300.457
300.462
300.467
300.471
300.476
300.481
300.485
300.49
300.494
300.499
300.503
300.507
300.511
300.515
300.519
300.522
300.526
300.53
300.533
300.536
300.539
300.543
300.546
300.548
300.551
300.554
300.556
300.559
300.561
300.564
300.566
300.568
300.57
300.572
300.574
300.575
300.577
300.578
300.58
300.581
300.582
300.584
300.585
300.586
300.587
300.588
300.589
300.589
300.59
300.591
300.591
300.592
300.592
300.593
300.593
300.594
300.594
300.594
300.595
300.595
300.595
300.595
300.596
300.596
300.596
300.596
300.596
300.596
300.596
300.596
300.596
300.596
300.596
300.596
300.596
300.596
300.596
300.596
300.596
300.595
300.595
300.595
300.595
300.595
300.595
300.595
300.594
300.594
300.594
300.593
300.593
300.592
300.592
300.591
300.59
300.59
300.589
300.587
300.586
300.585
300.583
300.581
300.578
300.575
300.572
300.568
300.564
300.559
300.553
300.546
300.538
300.53
300.519
300.508
300.495
300.481
300.465
300.448
300.429
300.408
300.386
300.202
300.206
300.21
300.214
300.218
300.222
300.226
300.23
300.234
300.238
300.242
300.246
300.25
300.255
300.259
300.263
300.268
300.272
300.276
300.281
300.285
300.29
300.294
300.299
300.303
300.308
300.312
300.317
300.321
300.326
300.33
300.335
300.339
300.344
300.348
300.352
300.357
300.361
300.365
300.37
300.374
300.378
300.382
300.386
300.39
300.394
300.398
300.402
300.405
300.409
300.413
300.416
300.42
300.423
300.426
300.429
300.432
300.436
300.438
300.441
300.444
300.447
300.449
300.452
300.454
300.457
300.459
300.461
300.463
300.465
300.467
300.469
300.47
300.472
300.474
300.475
300.476
300.478
300.479
300.48
300.481
300.482
300.483
300.484
300.485
300.486
300.487
300.487
300.488
300.489
300.489
300.49
300.49
300.491
300.491
300.491
300.492
300.492
300.492
300.492
300.492
300.493
300.493
300.493
300.493
300.493
300.493
300.493
300.493
300.493
300.493
300.493
300.493
300.493
300.493
300.493
300.493
300.493
300.493
300.493
300.493
300.493
300.492
300.492
300.492
300.492
300.492
300.491
300.491
300.491
300.491
300.49
300.49
300.489
300.488
300.488
300.487
300.486
300.485
300.483
300.482
300.48
300.478
300.476
300.473
300.469
300.466
300.461
300.457
300.451
300.444
300.437
300.429
300.419
300.409
300.397
300.384
300.37
300.354
300.338
300.32
300.162
300.165
300.168
300.171
300.174
300.177
300.18
300.183
300.187
300.19
300.193
300.197
300.2
300.203
300.207
300.21
300.214
300.217
300.221
300.224
300.228
300.231
300.235
300.238
300.242
300.246
300.249
300.253
300.257
300.26
300.264
300.268
300.271
300.275
300.278
300.282
300.285
300.289
300.293
300.296
300.299
300.303
300.306
300.31
300.313
300.316
300.319
300.322
300.326
300.329
300.332
300.334
300.337
300.34
300.343
300.346
300.348
300.351
300.353
300.356
300.358
300.36
300.362
300.364
300.366
300.368
300.37
300.372
300.374
300.376
300.377
300.379
300.38
300.382
300.383
300.384
300.385
300.386
300.388
300.389
300.389
300.39
300.391
300.392
300.393
300.393
300.394
300.395
300.395
300.396
300.396
300.397
300.397
300.397
300.398
300.398
300.398
300.399
300.399
300.399
300.399
300.399
300.399
300.399
300.4
300.4
300.4
300.4
300.4
300.4
300.4
300.4
300.4
300.4
300.4
300.4
300.4
300.399
300.399
300.399
300.399
300.399
300.399
300.399
300.399
300.399
300.398
300.398
300.398
300.398
300.397
300.397
300.397
300.396
300.396
300.395
300.394
300.394
300.393
300.391
300.39
300.389
300.387
300.385
300.383
300.38
300.377
300.373
300.369
300.365
300.359
300.353
300.346
300.339
300.33
300.321
300.31
300.299
300.287
300.273
300.259
300.126
300.129
300.131
300.133
300.136
300.138
300.141
300.143
300.146
300.148
300.151
300.153
300.156
300.159
300.161
300.164
300.167
300.169
300.172
300.175
300.178
300.18
300.183
300.186
300.189
300.192
300.195
300.197
300.2
300.203
300.206
300.209
300.212
300.215
300.218
300.22
300.223
300.226
300.229
300.232
300.234
300.237
300.24
300.242
300.245
300.248
300.25
300.253
300.255
300.258
300.26
300.263
300.265
300.267
300.269
300.272
300.274
300.276
300.278
300.28
300.282
300.284
300.285
300.287
300.289
300.29
300.292
300.293
300.295
300.296
300.298
300.299
300.3
300.301
300.302
300.303
300.304
300.305
300.306
300.307
300.308
300.309
300.309
300.31
300.311
300.311
300.312
300.312
300.313
300.313
300.313
300.314
300.314
300.314
300.315
300.315
300.315
300.315
300.316
300.316
300.316
300.316
300.316
300.316
300.316
300.316
300.316
300.316
300.316
300.316
300.316
300.316
300.316
300.316
300.316
300.316
300.316
300.316
300.316
300.316
300.316
300.316
300.316
300.316
300.316
300.316
300.315
300.315
300.315
300.315
300.315
300.314
300.314
300.314
300.313
300.313
300.312
300.311
300.311
300.31
300.309
300.307
300.306
300.304
300.302
300.3
300.298
300.295
300.292
300.288
300.284
300.279
300.274
300.268
300.261
300.253
300.245
300.236
300.227
300.216
300.205
300.096
300.098
300.1
300.102
300.103
300.105
300.107
300.109
300.111
300.113
300.115
300.117
300.119
300.121
300.123
300.125
300.127
300.129
300.131
300.133
300.135
300.137
300.139
300.141
300.144
300.146
300.148
300.15
300.152
300.154
300.157
300.159
300.161
300.163
300.166
300.168
300.17
300.172
300.174
300.176
300.179
300.181
300.183
300.185
300.187
300.189
300.191
300.193
300.195
300.197
300.199
300.201
300.203
300.204
300.206
300.208
300.21
300.211
300.213
300.214
300.216
300.217
300.219
300.22
300.221
300.223
300.224
300.225
300.226
300.228
300.229
300.23
300.231
300.232
300.232
300.233
300.234
300.235
300.236
300.236
300.237
300.238
300.238
300.239
300.239
300.24
300.24
300.24
300.241
300.241
300.242
300.242
300.242
300.242
300.243
300.243
300.243
300.243
300.243
300.243
300.244
300.244
300.244
300.244
300.244
300.244
300.244
300.244
300.244
300.244
300.244
300.244
300.244
300.244
300.244
300.244
300.244
300.244
300.244
300.244
300.244
300.244
300.244
300.243
300.243
300.243
300.243
300.243
300.243
300.243
300.242
300.242
300.242
300.242
300.241
300.241
300.24
300.24
300.239
300.239
300.238
300.237
300.236
300.234
300.233
300.231
300.229
300.227
300.224
300.222
300.218
300.215
300.21
300.206
300.201
300.195
300.189
300.182
300.175
300.167
300.158
300.071
300.072
300.074
300.075
300.076
300.078
300.079
300.08
300.082
300.083
300.084
300.086
300.087
300.089
300.09
300.092
300.093
300.095
300.096
300.098
300.1
300.101
300.103
300.104
300.106
300.107
300.109
300.111
300.112
300.114
300.116
300.117
300.119
300.121
300.122
300.124
300.126
300.127
300.129
300.13
300.132
300.134
300.135
300.137
300.138
300.14
300.142
300.143
300.145
300.146
300.147
300.149
300.15
300.152
300.153
300.154
300.156
300.157
300.158
300.159
300.161
300.162
300.163
300.164
300.165
300.166
300.167
300.168
300.169
300.17
300.17
300.171
300.172
300.173
300.173
300.174
300.175
300.175
300.176
300.176
300.177
300.177
300.178
300.178
300.179
300.179
300.179
300.18
300.18
300.18
300.181
300.181
300.181
300.181
300.181
300.182
300.182
300.182
300.182
300.182
300.182
300.182
300.182
300.182
300.182
300.183
300.183
300.183
300.183
300.183
300.183
300.183
300.183
300.183
300.183
300.183
300.182
300.182
300.182
300.182
300.182
300.182
300.182
300.182
300.182
300.182
300.182
300.182
300.182
300.182
300.181
300.181
300.181
300.181
300.181
300.18
300.18
300.179
300.179
300.178
300.178
300.177
300.176
300.175
300.174
300.173
300.171
300.17
300.168
300.165
300.163
300.16
300.157
300.154
300.15
300.145
300.141
300.136
300.13
300.125
300.119
300.051
300.052
300.052
300.053
300.054
300.055
300.056
300.057
300.058
300.059
300.06
300.061
300.062
300.063
300.064
300.065
300.067
300.068
300.069
300.07
300.071
300.072
300.073
300.074
300.075
300.077
300.078
300.079
300.08
300.081
300.083
300.084
300.085
300.086
300.087
300.088
300.09
300.091
300.092
300.093
300.094
300.096
300.097
300.098
300.099
300.1
300.101
300.102
300.104
300.105
300.106
300.107
300.108
300.109
300.11
300.111
300.112
300.113
300.114
300.115
300.115
300.116
300.117
300.118
300.119
300.119
300.12
300.121
300.122
300.122
300.123
300.123
300.124
300.125
300.125
300.126
300.126
300.127
300.127
300.127
300.128
300.128
300.129
300.129
300.129
300.129
300.13
300.13
300.13
300.13
300.131
300.131
300.131
300.131
300.131
300.131
300.131
300.132
300.132
300.132
300.132
300.132
300.132
300.132
300.132
300.132
300.132
300.132
300.132
300.132
300.132
300.132
300.132
300.132
300.132
300.132
300.132
300.132
300.132
300.132
300.132
300.132
300.132
300.132
300.132
300.132
300.132
300.132
300.131
300.131
300.131
300.131
300.131
300.131
300.131
300.13
300.13
300.13
300.129
300.129
300.128
300.128
300.127
300.127
300.126
300.125
300.124
300.122
300.121
300.119
300.118
300.116
300.113
300.111
300.108
300.105
300.102
300.098
300.094
300.09
300.086
300.035
300.035
300.036
300.037
300.037
300.038
300.039
300.039
300.04
300.041
300.041
300.042
300.043
300.043
300.044
300.045
300.046
300.046
300.047
300.048
300.049
300.049
300.05
300.051
300.052
300.053
300.053
300.054
300.055
300.056
300.057
300.057
300.058
300.059
300.06
300.061
300.062
300.062
300.063
300.064
300.065
300.066
300.067
300.067
300.068
300.069
300.07
300.071
300.071
300.072
300.073
300.074
300.074
300.075
300.076
300.077
300.077
300.078
300.079
300.079
300.08
300.08
300.081
300.082
300.082
300.083
300.083
300.084
300.084
300.085
300.085
300.086
300.086
300.086
300.087
300.087
300.088
300.088
300.088
300.089
300.089
300.089
300.089
300.09
300.09
300.09
300.09
300.09
300.091
300.091
300.091
300.091
300.091
300.091
300.091
300.091
300.092
300.092
300.092
300.092
300.092
300.092
300.092
300.092
300.092
300.092
300.092
300.092
300.092
300.092
300.092
300.092
300.092
300.092
300.092
300.092
300.092
300.092
300.092
300.092
300.092
300.092
300.092
300.092
300.092
300.092
300.092
300.092
300.092
300.091
300.091
300.091
300.091
300.091
300.091
300.091
300.091
300.09
300.09
300.09
300.089
300.089
300.089
300.088
300.087
300.087
300.086
300.085
300.084
300.083
300.082
300.08
300.079
300.077
300.075
300.073
300.071
300.068
300.066
300.063
300.06
300.023
300.023
300.024
300.024
300.024
300.025
300.025
300.026
300.026
300.027
300.027
300.028
300.028
300.028
300.029
300.029
300.03
300.03
300.031
300.031
300.032
300.032
300.033
300.033
300.034
300.035
300.035
300.036
300.036
300.037
300.037
300.038
300.038
300.039
300.039
300.04
300.041
300.041
300.042
300.042
300.043
300.043
300.044
300.044
300.045
300.046
300.046
300.047
300.047
300.048
300.048
300.049
300.049
300.05
300.05
300.051
300.051
300.052
300.052
300.052
300.053
300.053
300.054
300.054
300.055
300.055
300.055
300.056
300.056
300.056
300.057
300.057
300.057
300.057
300.058
300.058
300.058
300.058
300.059
300.059
300.059
300.059
300.06
300.06
300.06
300.06
300.06
300.06
300.06
300.06
300.061
300.061
300.061
300.061
300.061
300.061
300.061
300.061
300.061
300.061
300.061
300.061
300.061
300.061
300.061
300.061
300.061
300.061
300.061
300.061
300.061
300.061
300.061
300.061
300.061
300.061
300.061
300.061
300.061
300.061
300.061
300.061
300.061
300.061
300.061
300.061
300.061
300.061
300.061
300.061
300.061
300.061
300.061
300.061
300.061
300.06
300.06
300.06
300.06
300.06
300.06
300.059
300.059
300.059
300.058
300.058
300.057
300.057
300.056
300.055
300.054
300.053
300.052
300.051
300.05
300.049
300.047
300.045
300.044
300.042
300.04
300.014
300.014
300.015
300.015
300.015
300.015
300.016
300.016
300.016
300.017
300.017
300.017
300.017
300.018
300.018
300.018
300.019
300.019
300.019
300.02
300.02
300.02
300.021
300.021
300.021
300.022
300.022
300.022
300.023
300.023
300.023
300.024
300.024
300.024
300.025
300.025
300.025
300.026
300.026
300.026
300.027
300.027
300.028
300.028
300.028
300.029
300.029
300.029
300.03
300.03
300.03
300.031
300.031
300.031
300.032
300.032
300.032
300.032
300.033
300.033
300.033
300.034
300.034
300.034
300.034
300.035
300.035
300.035
300.035
300.036
300.036
300.036
300.036
300.036
300.037
300.037
300.037
300.037
300.037
300.037
300.037
300.038
300.038
300.038
300.038
300.038
300.038
300.038
300.038
300.038
300.038
300.039
300.039
300.039
300.039
300.039
300.039
300.039
300.039
300.039
300.039
300.039
300.039
300.039
300.039
300.039
300.039
300.039
300.039
300.039
300.039
300.039
300.039
300.039
300.039
300.039
300.039
300.039
300.039
300.039
300.039
300.039
300.039
300.039
300.039
300.039
300.039
300.039
300.039
300.039
300.039
300.039
300.039
300.039
300.038
300.038
300.038
300.038
300.038
300.038
300.038
300.038
300.037
300.037
300.037
300.037
300.036
300.036
300.035
300.035
300.034
300.034
300.033
300.032
300.032
300.031
300.03
300.029
300.028
300.026
300.025
300.008
300.008
300.009
300.009
300.009
300.009
300.009
300.009
300.01
300.01
300.01
300.01
300.01
300.01
300.011
300.011
300.011
300.011
300.011
300.011
300.012
300.012
300.012
300.012
300.012
300.013
300.013
300.013
300.013
300.014
300.014
300.014
300.014
300.014
300.015
300.015
300.015
300.015
300.015
300.016
300.016
300.016
300.016
300.017
300.017
300.017
300.017
300.017
300.018
300.018
300.018
300.018
300.018
300.019
300.019
300.019
300.019
300.019
300.02
300.02
300.02
300.02
300.02
300.02
300.021
300.021
300.021
300.021
300.021
300.021
300.021
300.022
300.022
300.022
300.022
300.022
300.022
300.022
300.022
300.022
300.022
300.023
300.023
300.023
300.023
300.023
300.023
300.023
300.023
300.023
300.023
300.023
300.023
300.023
300.023
300.023
300.023
300.023
300.023
300.023
300.023
300.023
300.023
300.023
300.023
300.023
300.023
300.023
300.023
300.023
300.023
300.023
300.023
300.023
300.023
300.023
300.023
300.023
300.023
300.023
300.023
300.023
300.023
300.023
300.023
300.023
300.023
300.023
300.023
300.023
300.023
300.023
300.023
300.023
300.023
300.023
300.023
300.023
300.023
300.023
300.023
300.023
300.022
300.022
300.022
300.022
300.022
300.022
300.021
300.021
300.021
300.02
300.02
300.019
300.019
300.018
300.018
300.017
300.017
300.016
300.015
300.004
300.005
300.005
300.005
300.005
300.005
300.005
300.005
300.005
300.005
300.005
300.005
300.006
300.006
300.006
300.006
300.006
300.006
300.006
300.006
300.006
300.007
300.007
300.007
300.007
300.007
300.007
300.007
300.007
300.007
300.008
300.008
300.008
300.008
300.008
300.008
300.008
300.008
300.009
300.009
300.009
300.009
300.009
300.009
300.009
300.009
300.01
300.01
300.01
300.01
300.01
300.01
300.01
300.01
300.011
300.011
300.011
300.011
300.011
300.011
300.011
300.011
300.011
300.011
300.012
300.012
300.012
300.012
300.012
300.012
300.012
300.012
300.012
300.012
300.012
300.012
300.013
300.013
300.013
300.013
300.013
300.013
300.013
300.013
300.013
300.013
300.013
300.013
300.013
300.013
300.013
300.013
300.013
300.013
300.013
300.013
300.013
300.013
300.013
300.013
300.013
300.013
300.013
300.013
300.013
300.013
300.013
300.013
300.013
300.013
300.013
300.013
300.013
300.013
300.013
300.013
300.013
300.013
300.013
300.013
300.013
300.013
300.013
300.013
300.013
300.013
300.013
300.013
300.013
300.013
300.013
300.013
300.013
300.013
300.013
300.013
300.013
300.013
300.013
300.013
300.013
300.013
300.013
300.013
300.013
300.012
300.012
300.012
300.012
300.012
300.012
300.011
300.011
300.011
300.011
300.01
300.01
300.01
300.009
300.009
300.008
300.002
300.002
300.002
300.002
300.002
300.002
300.003
300.003
300.003
300.003
300.003
300.003
300.003
300.003
300.003
300.003
300.003
300.003
300.003
300.003
300.003
300.003
300.003
300.004
300.004
300.004
300.004
300.004
300.004
300.004
300.004
300.004
300.004
300.004
300.004
300.004
300.004
300.005
300.005
300.005
300.005
300.005
300.005
300.005
300.005
300.005
300.005
300.005
300.005
300.005
300.005
300.006
300.006
300.006
300.006
300.006
300.006
300.006
300.006
300.006
300.006
300.006
300.006
300.006
300.006
300.006
300.006
300.006
300.007
300.007
300.007
300.007
300.007
300.007
300.007
300.007
300.007
300.007
300.007
300.007
300.007
300.007
300.007
300.007
300.007
300.007
300.007
300.007
300.007
300.007
300.007
300.007
300.007
300.007
300.007
300.007
300.007
300.007
300.007
300.007
300.007
300.007
300.007
300.007
300.007
300.007
300.007
300.007
300.007
300.007
300.007
300.007
300.007
300.007
300.007
300.007
300.007
300.007
300.007
300.007
300.007
300.007
300.007
300.007
300.007
300.007
300.007
300.007
300.007
300.007
300.007
300.007
300.007
300.007
300.007
300.007
300.007
300.007
300.007
300.007
300.007
300.007
300.007
300.007
300.007
300.007
300.007
300.007
300.007
300.007
300.006
300.006
300.006
300.006
300.006
300.006
300.005
300.005
300.005
300.005
300.005
300.001
300.001
300.001
300.001
300.001
300.001
300.001
300.001
300.001
300.001
300.002
300.002
300.002
300.002
300.002
300.002
300.002
300.002
300.002
300.002
300.002
300.002
300.002
300.002
300.002
300.002
300.002
300.002
300.002
300.002
300.002
300.002
300.002
300.002
300.003
300.003
300.003
300.003
300.003
300.003
300.003
300.003
300.003
300.003
300.003
300.003
300.003
300.003
300.003
300.003
300.003
300.003
300.003
300.003
300.003
300.004
300.004
300.004
300.004
300.004
300.004
300.004
300.004
300.004
300.004
300.004
300.004
300.004
300.004
300.004
300.004
300.004
300.004
300.004
300.004
300.004
300.004
300.004
300.004
300.004
300.004
300.004
300.004
300.004
300.004
300.004
300.004
300.004
300.004
300.004
300.005
300.005
300.005
300.005
300.005
300.005
300.005
300.005
300.005
300.005
300.005
300.005
300.005
300.005
300.005
300.005
300.005
300.005
300.005
300.005
300.005
300.005
300.005
300.005
300.005
300.005
300.005
300.005
300.005
300.005
300.005
300.005
300.005
300.005
300.005
300.005
300.005
300.005
300.005
300.005
300.005
300.005
300.005
300.005
300.005
300.005
300.004
300.004
300.004
300.004
300.004
300.004
300.004
300.004
300.004
300.004
300.004
300.004
300.004
300.004
300.004
300.004
300.004
300.004
300.004
300.003
300.003
300.003
300.003
300.003
300.003
301.559
300.976
300.625
300.397
300.247
300.15
300.089
300.051
300.028
300.015
300.008
300.004
300.002
300.001
300
300
300
300
300
300
300
300
300
300
300
300
300
300
300
300
300
300
300
300
300
300
300
300
300
300
300
300
300
300
300
300
300
300
300
300
300
301.556
300.976
300.625
300.397
300.247
300.15
300.089
300.051
300.028
300.015
300.008
300.004
300.002
300.001
300
300
300
300
300
300
300
300
300
300
300
300
300
300
300
300
300
300
300
300
300
300
300
300
300
300
300
300
300
300
300
300
300
300
300
300
300
301.55
300.975
300.625
300.397
300.247
300.15
300.089
300.051
300.028
300.015
300.008
300.004
300.002
300.001
300
300
300
300
300
300
300
300
300
300
300
300
300
300
300
300
300
300
300
300
300
300
300
300
300
300
300
300
300
300
300
300
300
300
300
300
300
301.541
300.973
300.624
300.397
300.247
300.15
300.089
300.051
300.028
300.015
300.008
300.004
300.002
300.001
300
300
300
300
300
300
300
300
300
300
300
300
300
300
300
300
300
300
300
300
300
300
300
300
300
300
300
300
300
300
300
300
300
300
300
300
300
301.528
300.97
300.623
300.396
300.247
300.15
300.089
300.051
300.028
300.015
300.008
300.004
300.002
300.001
300
300
300
300
300
300
300
300
300
300
300
300
300
300
300
300
300
300
300
300
300
300
300
300
300
300
300
300
300
300
300
300
300
300
300
300
300
301.511
300.965
300.622
300.396
300.247
300.15
300.089
300.051
300.028
300.015
300.008
300.004
300.002
300.001
300
300
300
300
300
300
300
300
300
300
300
300
300
300
300
300
300
300
300
300
300
300
300
300
300
300
300
300
300
300
300
300
300
300
300
300
300
301.491
300.96
300.619
300.395
300.246
300.15
300.088
300.051
300.028
300.015
300.008
300.004
300.002
300.001
300
300
300
300
300
300
300
300
300
300
300
300
300
300
300
300
300
300
300
300
300
300
300
300
300
300
300
300
300
300
300
300
300
300
300
300
300
301.467
300.952
300.616
300.393
300.246
300.149
300.088
300.051
300.028
300.015
300.008
300.004
300.002
300.001
300
300
300
300
300
300
300
300
300
300
300
300
300
300
300
300
300
300
300
300
300
300
300
300
300
300
300
300
300
300
300
300
300
300
300
300
300
301.438
300.942
300.612
300.391
300.245
300.149
300.088
300.051
300.028
300.015
300.008
300.004
300.002
300.001
300
300
300
300
300
300
300
300
300
300
300
300
300
300
300
300
300
300
300
300
300
300
300
300
300
300
300
300
300
300
300
300
300
300
300
300
300
301.406
300.93
300.607
300.389
300.243
300.148
300.088
300.05
300.028
300.015
300.008
300.004
300.002
300.001
300
300
300
300
300
300
300
300
300
300
300
300
300
300
300
300
300
300
300
300
300
300
300
300
300
300
300
300
300
300
300
300
300
300
300
300
300
301.37
300.916
300.6
300.386
300.242
300.148
300.087
300.05
300.028
300.015
300.008
300.004
300.002
300.001
300
300
300
300
300
300
300
300
300
300
300
300
300
300
300
300
300
300
300
300
300
300
300
300
300
300
300
300
300
300
300
300
300
300
300
300
300
301.329
300.899
300.592
300.382
300.24
300.146
300.087
300.05
300.028
300.015
300.008
300.004
300.002
300.001
300
300
300
300
300
300
300
300
300
300
300
300
300
300
300
300
300
300
300
300
300
300
300
300
300
300
300
300
300
300
300
300
300
300
300
300
300
301.285
300.878
300.582
300.376
300.237
300.145
300.086
300.049
300.028
300.015
300.008
300.004
300.002
300.001
300
300
300
300
300
300
300
300
300
300
300
300
300
300
300
300
300
300
300
300
300
300
300
300
300
300
300
300
300
300
300
300
300
300
300
300
300
301.237
300.855
300.57
300.37
300.234
300.143
300.085
300.049
300.027
300.015
300.008
300.004
300.002
300.001
300
300
300
300
300
300
300
300
300
300
300
300
300
300
300
300
300
300
300
300
300
300
300
300
300
300
300
300
300
300
300
300
300
300
300
300
300
301.185
300.829
300.557
300.363
300.23
300.141
300.084
300.048
300.027
300.014
300.007
300.004
300.002
300.001
300
300
300
300
300
300
300
300
300
300
300
300
300
300
300
300
300
300
300
300
300
300
300
300
300
300
300
300
300
300
300
300
300
300
300
300
300
301.13
300.799
300.541
300.354
300.225
300.138
300.083
300.048
300.027
300.014
300.007
300.004
300.002
300.001
300
300
300
300
300
300
300
300
300
300
300
300
300
300
300
300
300
300
300
300
300
300
300
300
300
300
300
300
300
300
300
300
300
300
300
300
300
301.071
300.766
300.522
300.344
300.219
300.135
300.081
300.047
300.026
300.014
300.007
300.004
300.002
300.001
300
300
300
300
300
300
300
300
300
300
300
300
300
300
300
300
300
300
300
300
300
300
300
300
300
300
300
300
300
300
300
300
300
300
300
300
300
301.009
300.73
300.502
300.332
300.212
300.132
300.079
300.046
300.025
300.014
300.007
300.004
300.002
300.001
300
300
300
300
300
300
300
300
300
300
300
300
300
300
300
300
300
300
300
300
300
300
300
300
300
300
300
300
300
300
300
300
300
300
300
300
300
300.945
300.69
300.479
300.319
300.205
300.127
300.076
300.044
300.025
300.013
300.007
300.003
300.002
300.001
300
300
300
300
300
300
300
300
300
300
300
300
300
300
300
300
300
300
300
300
300
300
300
300
300
300
300
300
300
300
300
300
300
300
300
300
300
300.879
300.648
300.453
300.304
300.196
300.122
300.074
300.043
300.024
300.013
300.007
300.003
300.002
300.001
300
300
300
300
300
300
300
300
300
300
300
300
300
300
300
300
300
300
300
300
300
300
300
300
300
300
300
300
300
300
300
300
300
300
300
300
300
300.81
300.604
300.426
300.288
300.187
300.117
300.07
300.041
300.023
300.012
300.006
300.003
300.001
300.001
300
300
300
300
300
300
300
300
300
300
300
300
300
300
300
300
300
300
300
300
300
300
300
300
300
300
300
300
300
300
300
300
300
300
300
300
300
300.741
300.557
300.397
300.27
300.176
300.111
300.067
300.039
300.022
300.012
300.006
300.003
300.001
300.001
300
300
300
300
300
300
300
300
300
300
300
300
300
300
300
300
300
300
300
300
300
300
300
300
300
300
300
300
300
300
300
300
300
300
300
300
300
300.671
300.509
300.366
300.25
300.164
300.104
300.063
300.037
300.021
300.011
300.006
300.003
300.001
300
300
300
300
300
300
300
300
300
300
300
300
300
300
300
300
300
300
300
300
300
300
300
300
300
300
300
300
300
300
300
300
300
300
300
300
300
300
300.601
300.46
300.333
300.23
300.152
300.096
300.059
300.035
300.02
300.011
300.005
300.003
300.001
300
300
300
300
300
300
300
300
300
300
300
300
300
300
300
300
300
300
300
300
300
300
300
300
300
300
300
300
300
300
300
300
300
300
300
300
300
300
300.532
300.411
300.3
300.208
300.138
300.088
300.054
300.032
300.018
300.01
300.005
300.002
300.001
300
300
300
300
300
300
300
300
300
300
300
300
300
300
300
300
300
300
300
300
300
300
300
300
300
300
300
300
300
300
300
300
300
300
300
300
300
300
300.465
300.361
300.266
300.186
300.125
300.08
300.049
300.029
300.017
300.009
300.005
300.002
300.001
300
300
300
300
300
300
300
300
300
300
300
300
300
300
300
300
300
300
300
300
300
300
300
300
300
300
300
300
300
300
300
300
300
300
300
300
300
300
300.4
300.313
300.232
300.164
300.11
300.071
300.044
300.026
300.015
300.008
300.004
300.002
300.001
300
300
300
300
300
300
300
300
300
300
300
300
300
300
300
300
300
300
300
300
300
300
300
300
300
300
300
300
300
300
300
300
300
300
300
300
300
300
300.338
300.267
300.199
300.142
300.096
300.062
300.039
300.023
300.013
300.007
300.004
300.002
300.001
300
300
300
300
300
300
300
300
300
300
300
300
300
300
300
300
300
300
300
300
300
300
300
300
300
300
300
300
300
300
300
300
300
300
300
300
300
300
300.281
300.223
300.168
300.12
300.082
300.054
300.033
300.02
300.011
300.006
300.003
300.001
300.001
300
300
300
300
300
300
300
300
300
300
300
300
300
300
300
300
300
300
300
300
300
300
300
300
300
300
300
300
300
300
300
300
300
300
300
300
300
300
300.229
300.182
300.138
300.1
300.069
300.045
300.028
300.017
300.01
300.005
300.003
300.001
300
300
300
300
300
300
300
300
300
300
300
300
300
300
300
300
300
300
300
300
300
300
300
300
300
300
300
300
300
300
300
300
300
300
300
300
300
300
300
300.182
300.146
300.111
300.081
300.056
300.037
300.023
300.014
300.008
300.004
300.002
300.001
300
300
300
300
300
300
300
300
300
300
300
300
300
300
300
300
300
300
300
300
300
300
300
300
300
300
300
300
300
300
300
300
300
300
300
300
300
300
300
300.14
300.113
300.087
300.063
300.044
300.029
300.019
300.011
300.006
300.003
300.002
300.001
300
300
300
300
300
300
300
300
300
300
300
300
300
300
300
300
300
300
300
300
300
300
300
300
300
300
300
300
300
300
300
300
300
300
300
300
300
300
300
300.105
300.085
300.066
300.048
300.034
300.023
300.014
300.009
300.005
300.003
300.001
300
300
300
300
300
300
299.999
299.999
299.999
299.999
299.999
299.999
299.999
299.999
299.999
299.999
299.999
299.999
299.999
299.999
299.999
299.999
299.999
299.999
299.999
299.999
299.999
299.999
299.999
299.999
299.999
299.999
299.999
299.999
299.999
299.999
299.999
299.999
299.999
299.999
300.076
300.062
300.048
300.036
300.025
300.017
300.011
300.006
300.004
300.002
300.001
300
300
300
300
299.999
299.999
299.999
299.999
299.999
299.999
299.999
299.999
299.999
299.999
299.999
299.999
299.999
299.999
299.999
299.999
299.999
299.999
299.999
299.999
299.999
299.999
299.999
299.999
299.999
299.999
299.999
299.999
299.999
299.999
299.999
299.999
299.999
299.999
299.999
299.999
300.053
300.043
300.034
300.025
300.018
300.012
300.008
300.005
300.002
300.001
300
300
300
300
299.999
299.999
299.999
299.999
299.999
299.999
299.999
299.999
299.999
299.999
299.999
299.999
299.999
299.999
299.999
299.999
299.999
299.999
299.999
299.999
299.999
299.999
299.999
299.999
299.999
299.999
299.999
299.999
299.999
299.999
299.999
299.999
299.999
299.999
299.999
299.999
299.999
300.036
300.029
300.023
300.017
300.012
300.008
300.005
300.003
300.002
300.001
300
300
300
299.999
299.999
299.999
299.999
299.999
299.999
299.999
299.999
299.999
299.999
299.999
299.999
299.999
299.999
299.999
299.999
299.999
299.999
299.999
299.999
299.999
299.999
299.999
299.999
299.999
299.999
299.999
299.999
299.999
299.999
299.999
299.999
299.999
299.999
299.999
299.999
299.999
299.999
300.023
300.018
300.014
300.011
300.008
300.005
300.003
300.002
300.001
300
300
300
299.999
299.999
299.999
299.999
299.999
299.999
299.999
299.999
299.999
299.999
299.999
299.999
299.999
299.999
299.999
299.999
299.999
299.999
299.999
299.999
299.999
299.999
299.999
299.999
299.999
299.999
299.999
299.999
299.999
299.999
299.999
299.999
299.999
299.999
299.999
299.999
299.999
299.999
299.999
300.013
300.011
300.009
300.006
300.004
300.003
300.002
300.001
300
300
300
299.999
299.999
299.999
299.999
299.999
299.999
299.999
299.999
299.999
299.999
299.999
299.999
299.999
299.999
299.999
299.999
299.999
299.999
299.999
299.999
299.999
299.999
299.999
299.999
299.999
299.999
299.999
299.999
299.999
299.999
299.999
299.999
299.999
299.999
299.999
299.999
299.999
299.999
299.999
299.999
300.008
300.006
300.005
300.003
300.002
300.001
300.001
300
300
300
299.999
299.999
299.999
299.999
299.999
299.999
299.999
299.999
299.999
299.999
299.999
299.999
299.999
299.999
299.999
299.999
299.999
299.999
299.999
299.999
299.999
299.999
299.999
299.999
299.999
299.999
299.999
299.999
299.999
299.999
299.999
299.999
299.999
299.999
299.999
299.999
299.999
299.999
299.999
299.999
299.999
300.004
300.003
300.002
300.002
300.001
300.001
300
300
300
299.999
299.999
299.999
299.999
299.999
299.999
299.999
299.999
299.999
299.999
299.999
299.999
299.999
299.999
299.999
299.999
299.999
299.999
299.999
299.999
299.999
299.999
299.999
299.999
299.999
299.999
299.999
299.999
299.999
299.999
299.999
299.999
299.999
299.999
299.999
299.999
299.999
299.999
299.999
299.999
299.999
299.999
300.002
300.002
300.001
300.001
300
300
300
300
299.999
299.999
299.999
299.999
299.999
299.999
299.999
299.999
299.999
299.999
299.999
299.999
299.999
299.999
299.999
299.999
299.999
299.999
299.999
299.999
299.999
299.999
299.999
299.999
299.999
299.999
299.999
299.999
299.999
299.999
299.999
299.999
299.999
299.999
299.999
299.999
299.999
299.999
299.999
299.999
299.999
299.999
299.999
)
;

boundaryField
{
    inlet
    {
        type            fixedValue;
        value           uniform 300;
    }
    outlet
    {
        type            zeroGradient;
    }
    top
    {
        type            zeroGradient;
    }
    slip-bottom
    {
        type            zeroGradient;
    }
    bottom
    {
        type            zeroGradient;
    }
    interface
    {
        type            fixedGradient;
        gradient        nonuniform List<scalar> 
161
(
65.6362
65.6362
45.5026
45.5026
45.5026
45.5026
34.8888
34.8888
34.8888
34.8888
30.96
30.96
30.96
30.3201
30.3201
30.3201
30.3201
28.4143
28.4143
28.4143
27.8196
27.8196
27.8196
27.5119
27.5119
27.5119
27.1147
27.1147
27.1147
26.784
26.784
26.784
26.5029
26.5029
26.5029
26.2467
26.2467
26.2467
26.0213
26.0213
26.0213
25.5819
25.5819
25.9664
25.9664
25.9664
25.5761
25.5761
25.8119
25.8119
25.8119
25.4803
25.4803
25.5379
25.5379
25.5379
25.6455
25.6455
25.7841
25.7841
25.4562
25.4562
25.4782
25.4782
25.5456
25.5456
25.5615
25.5615
25.5615
25.5696
25.5696
25.5719
25.5715
25.5715
25.5689
25.5689
25.5709
25.5709
25.5094
25.5094
25.6539
25.6539
25.6278
25.6278
25.5947
25.5521
25.5521
25.6311
25.6311
25.6158
25.5739
25.5739
25.6299
25.6036
25.6036
25.6335
25.6335
25.6136
25.6311
25.6311
25.617
25.6234
25.6135
25.6135
25.6105
25.6075
25.6075
25.6009
25.5957
25.5951
25.5951
25.5928
25.5911
25.589
25.589
25.5951
25.5964
25.5975
25.5959
25.5959
25.6083
25.6102
25.6096
25.609
25.5941
25.6223
25.6223
25.6217
25.6139
25.6074
25.5988
25.5876
25.5737
25.5568
25.5369
25.5141
25.4885
25.4604
25.4302
25.3986
25.3666
25.3352
25.3057
25.279
25.2565
25.2405
25.2357
25.2527
25.315
25.3591
25.022
24.9927
25.3219
25.5506
25.9019
26.3663
28.603
26.3784
28.8338
31.4332
42.0445
)
;
    }
    defaultFaces
    {
        type            empty;
    }
}


// ************************************************************************* //
