/*--------------------------------*- C++ -*----------------------------------*\
| =========                 |                                                 |
| \\      /  F ield         | OpenFOAM: The Open Source CFD Toolbox           |
|  \\    /   O peration     | Version:  2106                                  |
|   \\  /    A nd           | Website:  www.openfoam.com                      |
|    \\/     M anipulation  |                                                 |
\*---------------------------------------------------------------------------*/
FoamFile
{
    version     2.0;
    format      ascii;
    arch        "LSB;label=32;scalar=64";
    class       volScalarField;
    location    "1.6";
    object      T;
}
// * * * * * * * * * * * * * * * * * * * * * * * * * * * * * * * * * * * * * //

dimensions      [0 0 0 1 0 0 0];

internalField   nonuniform List<scalar> 
12013
(
300.001
300.003
300.004
300.006
300.008
300.011
300.013
300.016
300.019
300.022
300.025
300.029
300.033
300.037
300.042
300.048
300.053
300.059
300.066
300.073
300.081
300.089
300.098
300.107
300.117
300.128
300.139
300.151
300.164
300.177
300.191
300.206
300.222
300.238
300.255
300.274
300.293
300.312
300.333
300.355
300.377
300.4
300.425
300.45
300.476
300.504
300.532
300.561
300.592
300.623
300.656
300.689
300.724
300.76
300.797
300.836
300.875
300.916
300.958
301.002
301.047
301.094
301.142
301.191
301.243
301.296
301.351
301.408
301.467
301.529
301.593
301.66
301.73
301.804
301.881
301.964
302.053
302.149
302.255
302.375
302.519
300.001
300.003
300.004
300.006
300.008
300.011
300.013
300.016
300.019
300.022
300.025
300.029
300.033
300.037
300.042
300.048
300.053
300.059
300.066
300.073
300.081
300.089
300.098
300.107
300.117
300.128
300.139
300.151
300.164
300.177
300.191
300.206
300.222
300.238
300.255
300.274
300.292
300.312
300.333
300.355
300.377
300.4
300.425
300.45
300.476
300.504
300.532
300.561
300.592
300.623
300.656
300.689
300.724
300.76
300.797
300.835
300.875
300.916
300.958
301.002
301.046
301.093
301.141
301.19
301.242
301.295
301.35
301.407
301.466
301.527
301.591
301.658
301.727
301.801
301.878
301.959
302.047
302.14
302.242
302.354
302.477
300.001
300.003
300.004
300.006
300.008
300.011
300.013
300.016
300.019
300.022
300.025
300.029
300.033
300.037
300.042
300.048
300.053
300.059
300.066
300.073
300.081
300.089
300.098
300.107
300.117
300.128
300.139
300.151
300.164
300.177
300.191
300.206
300.222
300.238
300.255
300.273
300.292
300.312
300.333
300.354
300.377
300.4
300.425
300.45
300.476
300.503
300.532
300.561
300.591
300.623
300.655
300.689
300.723
300.759
300.796
300.835
300.874
300.915
300.957
301
301.045
301.092
301.139
301.189
301.24
301.293
301.347
301.404
301.463
301.524
301.587
301.653
301.722
301.794
301.87
301.949
302.034
302.123
302.218
302.319
302.423
300.001
300.003
300.004
300.006
300.008
300.011
300.013
300.016
300.019
300.022
300.025
300.029
300.033
300.037
300.042
300.048
300.053
300.059
300.066
300.073
300.081
300.089
300.098
300.107
300.117
300.128
300.139
300.151
300.164
300.177
300.191
300.206
300.221
300.238
300.255
300.273
300.292
300.312
300.333
300.354
300.376
300.4
300.424
300.449
300.476
300.503
300.531
300.56
300.591
300.622
300.654
300.688
300.723
300.758
300.795
300.833
300.873
300.913
300.955
300.999
301.043
301.09
301.137
301.186
301.237
301.289
301.344
301.4
301.458
301.518
301.581
301.645
301.713
301.783
301.857
301.934
302.014
302.098
302.185
302.275
302.366
300.001
300.003
300.004
300.006
300.008
300.011
300.013
300.016
300.019
300.022
300.025
300.029
300.033
300.037
300.042
300.047
300.053
300.059
300.066
300.073
300.081
300.089
300.098
300.107
300.117
300.128
300.139
300.151
300.163
300.177
300.191
300.206
300.221
300.238
300.255
300.273
300.292
300.312
300.332
300.354
300.376
300.399
300.424
300.449
300.475
300.502
300.53
300.559
300.59
300.621
300.653
300.687
300.721
300.757
300.794
300.832
300.871
300.911
300.953
300.996
301.041
301.086
301.134
301.182
301.233
301.285
301.338
301.394
301.451
301.51
301.571
301.635
301.701
301.769
301.839
301.913
301.988
302.066
302.146
302.227
302.307
300.001
300.003
300.004
300.006
300.008
300.011
300.013
300.016
300.018
300.022
300.025
300.029
300.033
300.037
300.042
300.047
300.053
300.059
300.066
300.073
300.081
300.089
300.097
300.107
300.117
300.127
300.139
300.151
300.163
300.176
300.191
300.205
300.221
300.237
300.255
300.273
300.291
300.311
300.332
300.353
300.375
300.399
300.423
300.448
300.474
300.501
300.529
300.558
300.588
300.62
300.652
300.685
300.719
300.755
300.792
300.829
300.868
300.909
300.95
300.993
301.037
301.082
301.129
301.177
301.227
301.278
301.331
301.385
301.441
301.499
301.559
301.621
301.684
301.75
301.817
301.887
301.957
302.03
302.102
302.175
302.247
300.001
300.003
300.004
300.006
300.008
300.011
300.013
300.016
300.018
300.022
300.025
300.029
300.033
300.037
300.042
300.047
300.053
300.059
300.066
300.073
300.08
300.089
300.097
300.107
300.117
300.127
300.138
300.15
300.163
300.176
300.19
300.205
300.221
300.237
300.254
300.272
300.291
300.31
300.331
300.352
300.375
300.398
300.422
300.447
300.473
300.5
300.528
300.557
300.587
300.618
300.65
300.683
300.717
300.752
300.789
300.826
300.865
300.905
300.946
300.988
301.032
301.077
301.123
301.17
301.219
301.27
301.321
301.375
301.429
301.486
301.544
301.603
301.664
301.727
301.791
301.856
301.922
301.988
302.055
302.121
302.186
300.001
300.003
300.004
300.006
300.008
300.011
300.013
300.016
300.018
300.022
300.025
300.029
300.033
300.037
300.042
300.047
300.053
300.059
300.066
300.073
300.08
300.088
300.097
300.106
300.116
300.127
300.138
300.15
300.163
300.176
300.19
300.205
300.22
300.236
300.253
300.271
300.29
300.31
300.33
300.351
300.373
300.397
300.421
300.445
300.471
300.498
300.526
300.555
300.585
300.615
300.647
300.68
300.714
300.749
300.785
300.822
300.86
300.9
300.94
300.982
301.025
301.069
301.115
301.162
301.21
301.259
301.309
301.361
301.415
301.469
301.525
301.582
301.64
301.7
301.76
301.821
301.882
301.944
302.005
302.065
302.124
300.001
300.003
300.004
300.006
300.008
300.01
300.013
300.016
300.018
300.022
300.025
300.029
300.033
300.037
300.042
300.047
300.053
300.059
300.065
300.073
300.08
300.088
300.097
300.106
300.116
300.127
300.138
300.15
300.162
300.175
300.189
300.204
300.219
300.236
300.253
300.27
300.289
300.309
300.329
300.35
300.372
300.395
300.419
300.444
300.469
300.496
300.524
300.552
300.582
300.612
300.644
300.676
300.71
300.745
300.78
300.817
300.855
300.894
300.934
300.975
301.017
301.061
301.105
301.151
301.198
301.246
301.295
301.345
301.397
301.449
301.503
301.557
301.613
301.669
301.725
301.782
301.839
301.896
301.952
302.008
302.062
300.001
300.003
300.004
300.006
300.008
300.01
300.013
300.015
300.018
300.021
300.025
300.029
300.033
300.037
300.042
300.047
300.053
300.059
300.065
300.072
300.08
300.088
300.097
300.106
300.116
300.126
300.137
300.149
300.161
300.175
300.189
300.203
300.219
300.235
300.252
300.269
300.288
300.307
300.327
300.348
300.37
300.393
300.417
300.442
300.467
300.493
300.521
300.549
300.578
300.609
300.64
300.672
300.705
300.739
300.775
300.811
300.848
300.886
300.926
300.966
301.008
301.05
301.093
301.138
301.184
301.23
301.278
301.326
301.376
301.426
301.477
301.529
301.581
301.634
301.687
301.74
301.793
301.846
301.898
301.949
301.999
300.001
300.002
300.004
300.006
300.008
300.01
300.013
300.015
300.018
300.021
300.025
300.029
300.033
300.037
300.042
300.047
300.052
300.059
300.065
300.072
300.08
300.088
300.096
300.105
300.115
300.126
300.137
300.148
300.161
300.174
300.188
300.202
300.218
300.234
300.25
300.268
300.286
300.306
300.326
300.347
300.368
300.391
300.414
300.439
300.464
300.49
300.517
300.545
300.574
300.604
300.635
300.667
300.7
300.733
300.768
300.803
300.84
300.878
300.916
300.956
300.996
301.037
301.08
301.123
301.167
301.212
301.258
301.304
301.352
301.4
301.448
301.497
301.546
301.596
301.646
301.695
301.744
301.793
301.841
301.888
301.934
300.001
300.002
300.004
300.006
300.008
300.01
300.013
300.015
300.018
300.021
300.025
300.028
300.032
300.037
300.042
300.047
300.052
300.058
300.065
300.072
300.079
300.087
300.096
300.105
300.115
300.125
300.136
300.148
300.16
300.173
300.187
300.201
300.216
300.232
300.249
300.266
300.285
300.304
300.324
300.344
300.366
300.388
300.411
300.436
300.461
300.486
300.513
300.541
300.569
300.599
300.629
300.66
300.693
300.726
300.76
300.795
300.83
300.867
300.905
300.943
300.982
301.022
301.063
301.105
301.148
301.191
301.235
301.279
301.324
301.37
301.416
301.462
301.508
301.555
301.601
301.647
301.693
301.738
301.782
301.826
301.869
300.001
300.002
300.004
300.006
300.008
300.01
300.013
300.015
300.018
300.021
300.025
300.028
300.032
300.037
300.041
300.046
300.052
300.058
300.064
300.071
300.079
300.087
300.095
300.104
300.114
300.124
300.135
300.147
300.159
300.172
300.185
300.2
300.215
300.231
300.247
300.264
300.282
300.301
300.321
300.342
300.363
300.385
300.408
300.432
300.456
300.482
300.508
300.535
300.563
300.592
300.622
300.653
300.684
300.717
300.75
300.784
300.819
300.855
300.891
300.928
300.966
301.005
301.045
301.085
301.126
301.167
301.209
301.251
301.294
301.337
301.38
301.424
301.467
301.511
301.554
301.597
301.639
301.681
301.722
301.763
301.802
300.001
300.002
300.004
300.006
300.008
300.01
300.013
300.015
300.018
300.021
300.024
300.028
300.032
300.036
300.041
300.046
300.052
300.058
300.064
300.071
300.078
300.086
300.095
300.104
300.113
300.123
300.134
300.146
300.158
300.171
300.184
300.198
300.213
300.229
300.245
300.262
300.28
300.299
300.318
300.338
300.359
300.381
300.404
300.427
300.451
300.476
300.502
300.529
300.557
300.585
300.614
300.644
300.675
300.706
300.739
300.772
300.806
300.84
300.876
300.912
300.948
300.986
301.024
301.062
301.101
301.14
301.18
301.22
301.261
301.301
301.342
301.383
301.423
301.464
301.504
301.544
301.583
301.622
301.66
301.698
301.735
300.001
300.002
300.004
300.006
300.008
300.01
300.013
300.015
300.018
300.021
300.024
300.028
300.032
300.036
300.041
300.046
300.051
300.057
300.063
300.07
300.078
300.085
300.094
300.103
300.112
300.122
300.133
300.144
300.156
300.169
300.182
300.196
300.211
300.226
300.242
300.259
300.277
300.295
300.314
300.334
300.355
300.376
300.399
300.422
300.445
300.47
300.495
300.522
300.548
300.576
300.605
300.634
300.664
300.694
300.726
300.758
300.791
300.824
300.858
300.893
300.928
300.964
301
301.036
301.073
301.111
301.149
301.186
301.224
301.263
301.301
301.339
301.377
301.414
301.452
301.489
301.525
301.561
301.597
301.632
301.666
300.001
300.002
300.004
300.006
300.008
300.01
300.012
300.015
300.018
300.021
300.024
300.028
300.032
300.036
300.04
300.045
300.051
300.057
300.063
300.07
300.077
300.085
300.093
300.102
300.111
300.121
300.132
300.143
300.155
300.167
300.18
300.194
300.208
300.224
300.24
300.256
300.273
300.292
300.31
300.33
300.35
300.371
300.393
300.415
300.439
300.463
300.487
300.513
300.539
300.566
300.594
300.622
300.651
300.681
300.711
300.742
300.773
300.805
300.838
300.871
300.905
300.939
300.973
301.008
301.043
301.079
301.114
301.15
301.185
301.221
301.257
301.292
301.328
301.363
301.397
301.432
301.466
301.499
301.532
301.564
301.596
300.001
300.002
300.004
300.006
300.008
300.01
300.012
300.015
300.018
300.021
300.024
300.027
300.031
300.035
300.04
300.045
300.05
300.056
300.062
300.069
300.076
300.084
300.092
300.1
300.11
300.12
300.13
300.141
300.153
300.165
300.178
300.191
300.206
300.221
300.236
300.252
300.269
300.287
300.305
300.325
300.344
300.365
300.386
300.408
300.431
300.454
300.478
300.503
300.528
300.554
300.581
300.608
300.636
300.665
300.694
300.724
300.754
300.785
300.816
300.848
300.879
300.912
300.944
300.977
301.01
301.044
301.077
301.11
301.144
301.177
301.21
301.243
301.276
301.309
301.341
301.373
301.404
301.435
301.465
301.495
301.525
300.001
300.002
300.004
300.006
300.008
300.01
300.012
300.015
300.017
300.02
300.024
300.027
300.031
300.035
300.039
300.044
300.05
300.055
300.061
300.068
300.075
300.083
300.091
300.099
300.108
300.118
300.128
300.139
300.15
300.162
300.175
300.188
300.202
300.217
300.232
300.248
300.265
300.282
300.3
300.319
300.338
300.358
300.378
300.4
300.422
300.444
300.468
300.492
300.516
300.541
300.567
300.593
300.62
300.648
300.675
300.704
300.733
300.762
300.791
300.821
300.852
300.882
300.913
300.944
300.975
301.006
301.037
301.068
301.1
301.131
301.161
301.192
301.223
301.253
301.282
301.312
301.341
301.37
301.398
301.425
301.452
300.001
300.002
300.004
300.006
300.008
300.01
300.012
300.014
300.017
300.02
300.023
300.027
300.03
300.035
300.039
300.044
300.049
300.054
300.06
300.067
300.074
300.081
300.089
300.098
300.106
300.116
300.126
300.137
300.148
300.16
300.172
300.185
300.198
300.213
300.228
300.243
300.259
300.276
300.294
300.312
300.33
300.35
300.37
300.39
300.412
300.433
300.456
300.479
300.502
300.527
300.551
300.576
300.602
300.628
300.655
300.682
300.709
300.737
300.765
300.793
300.821
300.85
300.879
300.908
300.937
300.966
300.995
301.024
301.053
301.082
301.11
301.139
301.167
301.195
301.222
301.25
301.276
301.303
301.329
301.354
301.379
300.001
300.002
300.004
300.006
300.008
300.01
300.012
300.014
300.017
300.02
300.023
300.026
300.03
300.034
300.038
300.043
300.048
300.054
300.059
300.066
300.072
300.08
300.087
300.096
300.104
300.114
300.123
300.134
300.145
300.156
300.168
300.181
300.194
300.208
300.222
300.237
300.253
300.269
300.286
300.304
300.322
300.341
300.36
300.38
300.4
300.421
300.443
300.465
300.487
300.51
300.534
300.558
300.582
300.607
300.632
300.657
300.683
300.709
300.736
300.762
300.789
300.816
300.843
300.87
300.897
300.924
300.951
300.978
301.004
301.031
301.057
301.084
301.11
301.135
301.161
301.186
301.21
301.235
301.259
301.282
301.305
300.001
300.002
300.004
300.006
300.007
300.009
300.012
300.014
300.017
300.019
300.022
300.026
300.029
300.033
300.038
300.042
300.047
300.052
300.058
300.064
300.071
300.078
300.086
300.094
300.102
300.111
300.121
300.131
300.141
300.152
300.164
300.176
300.189
300.203
300.217
300.231
300.246
300.262
300.278
300.295
300.312
300.33
300.349
300.368
300.387
300.407
300.428
300.449
300.47
300.492
300.514
300.537
300.56
300.583
300.607
300.631
300.655
300.68
300.704
300.729
300.754
300.779
300.804
300.829
300.854
300.879
300.904
300.929
300.954
300.978
301.003
301.027
301.051
301.074
301.098
301.121
301.143
301.166
301.188
301.209
301.23
300.001
300.002
300.004
300.005
300.007
300.009
300.011
300.014
300.016
300.019
300.022
300.025
300.029
300.033
300.037
300.041
300.046
300.051
300.057
300.063
300.069
300.076
300.083
300.091
300.099
300.108
300.117
300.127
300.137
300.148
300.159
300.171
300.184
300.197
300.21
300.224
300.238
300.254
300.269
300.285
300.302
300.319
300.337
300.355
300.373
300.392
300.412
300.431
300.452
300.472
300.493
300.515
300.536
300.558
300.58
300.603
300.625
300.648
300.671
300.694
300.717
300.74
300.764
300.787
300.81
300.833
300.856
300.879
300.901
300.924
300.946
300.968
300.99
301.012
301.033
301.054
301.075
301.096
301.116
301.136
301.155
300.001
300.002
300.004
300.005
300.007
300.009
300.011
300.013
300.016
300.018
300.021
300.025
300.028
300.032
300.036
300.04
300.045
300.05
300.055
300.061
300.067
300.074
300.081
300.088
300.096
300.105
300.114
300.123
300.133
300.143
300.154
300.166
300.177
300.19
300.203
300.216
300.23
300.244
300.259
300.274
300.29
300.306
300.323
300.34
300.358
300.376
300.394
300.413
300.432
300.451
300.471
300.491
300.511
300.531
300.552
300.573
300.594
300.615
300.636
300.657
300.679
300.7
300.721
300.743
300.764
300.785
300.806
300.827
300.848
300.868
300.889
300.909
300.929
300.949
300.968
300.987
301.006
301.025
301.043
301.062
301.079
300.001
300.002
300.004
300.005
300.007
300.009
300.011
300.013
300.015
300.018
300.021
300.024
300.027
300.031
300.035
300.039
300.043
300.048
300.053
300.059
300.065
300.071
300.078
300.085
300.093
300.101
300.11
300.119
300.128
300.138
300.148
300.159
300.17
300.182
300.194
300.207
300.22
300.234
300.248
300.262
300.277
300.293
300.308
300.324
300.341
300.358
300.375
300.392
300.41
300.428
300.446
300.465
300.484
300.503
300.522
300.541
300.56
300.58
300.599
300.619
300.638
300.658
300.677
300.697
300.716
300.736
300.755
300.774
300.793
300.812
300.83
300.848
300.867
300.885
300.902
300.92
300.937
300.954
300.971
300.987
301.003
300.001
300.002
300.003
300.005
300.007
300.008
300.01
300.013
300.015
300.017
300.02
300.023
300.026
300.03
300.033
300.037
300.042
300.046
300.051
300.057
300.063
300.069
300.075
300.082
300.089
300.097
300.105
300.114
300.123
300.132
300.142
300.152
300.163
300.174
300.186
300.197
300.21
300.223
300.236
300.249
300.263
300.278
300.292
300.307
300.323
300.338
300.354
300.371
300.387
300.404
300.421
300.438
300.455
300.472
300.49
300.507
300.525
300.543
300.561
300.579
300.596
300.614
300.632
300.65
300.667
300.685
300.702
300.72
300.737
300.754
300.771
300.787
300.804
300.82
300.836
300.852
300.868
300.883
300.898
300.913
300.927
300.001
300.002
300.003
300.005
300.006
300.008
300.01
300.012
300.014
300.017
300.019
300.022
300.025
300.028
300.032
300.036
300.04
300.044
300.049
300.054
300.06
300.066
300.072
300.078
300.085
300.092
300.1
300.108
300.117
300.126
300.135
300.145
300.155
300.165
300.176
300.187
300.199
300.211
300.223
300.235
300.248
300.262
300.275
300.289
300.303
300.318
300.333
300.347
300.363
300.378
300.393
300.409
300.425
300.441
300.457
300.473
300.489
300.505
300.521
300.537
300.554
300.57
300.586
300.602
300.618
300.634
300.649
300.665
300.68
300.696
300.711
300.726
300.741
300.755
300.77
300.784
300.798
300.812
300.825
300.839
300.852
300.001
300.002
300.003
300.005
300.006
300.008
300.01
300.012
300.014
300.016
300.018
300.021
300.024
300.027
300.03
300.034
300.038
300.042
300.047
300.052
300.057
300.062
300.068
300.074
300.081
300.088
300.095
300.102
300.11
300.119
300.127
300.136
300.146
300.155
300.165
300.176
300.187
300.198
300.209
300.221
300.233
300.245
300.257
300.27
300.283
300.296
300.31
300.323
300.337
300.351
300.365
300.379
300.394
300.408
300.423
300.437
300.452
300.466
300.481
300.496
300.51
300.525
300.539
300.553
300.568
300.582
300.596
300.61
300.624
300.638
300.651
300.664
300.678
300.691
300.704
300.716
300.729
300.741
300.754
300.766
300.777
300.001
300.002
300.003
300.004
300.006
300.007
300.009
300.011
300.013
300.015
300.017
300.02
300.023
300.026
300.029
300.032
300.036
300.04
300.044
300.049
300.054
300.059
300.064
300.07
300.076
300.082
300.089
300.096
300.103
300.111
300.119
300.127
300.136
300.145
300.154
300.164
300.174
300.184
300.194
300.205
300.216
300.227
300.238
300.25
300.262
300.274
300.286
300.298
300.311
300.323
300.336
300.349
300.362
300.375
300.388
300.401
300.414
300.427
300.44
300.453
300.466
300.479
300.492
300.505
300.517
300.53
300.543
300.555
300.567
300.58
300.592
300.604
300.615
300.627
300.638
300.65
300.661
300.672
300.683
300.693
300.704
300.001
300.002
300.003
300.004
300.005
300.007
300.009
300.01
300.012
300.014
300.016
300.019
300.021
300.024
300.027
300.03
300.034
300.037
300.041
300.046
300.05
300.055
300.06
300.065
300.071
300.077
300.083
300.089
300.096
300.103
300.11
300.118
300.126
300.134
300.143
300.151
300.16
300.169
300.179
300.189
300.199
300.209
300.219
300.229
300.24
300.251
300.262
300.273
300.284
300.295
300.307
300.318
300.329
300.341
300.353
300.364
300.376
300.387
300.399
300.41
300.422
300.433
300.445
300.456
300.467
300.479
300.49
300.501
300.512
300.522
300.533
300.543
300.554
300.564
300.574
300.584
300.594
300.604
300.613
300.623
300.632
300.001
300.002
300.003
300.004
300.005
300.007
300.008
300.01
300.011
300.013
300.015
300.017
300.02
300.022
300.025
300.028
300.031
300.035
300.038
300.042
300.046
300.051
300.055
300.06
300.065
300.071
300.076
300.082
300.088
300.095
300.101
300.108
300.115
300.123
300.13
300.138
300.146
300.155
300.163
300.172
300.181
300.19
300.199
300.208
300.218
300.227
300.237
300.247
300.257
300.267
300.277
300.287
300.297
300.307
300.317
300.328
300.338
300.348
300.358
300.368
300.378
300.388
300.398
300.408
300.418
300.428
300.438
300.447
300.457
300.466
300.475
300.485
300.494
300.503
300.512
300.52
300.529
300.537
300.546
300.554
300.562
300
300.001
300.002
300.004
300.005
300.006
300.007
300.009
300.01
300.012
300.014
300.016
300.018
300.021
300.023
300.026
300.029
300.032
300.035
300.039
300.042
300.046
300.05
300.055
300.06
300.064
300.069
300.075
300.08
300.086
300.092
300.098
300.105
300.111
300.118
300.125
300.132
300.14
300.147
300.155
300.163
300.171
300.179
300.187
300.195
300.204
300.212
300.221
300.23
300.238
300.247
300.256
300.265
300.274
300.283
300.291
300.3
300.309
300.318
300.327
300.336
300.344
300.353
300.362
300.37
300.379
300.387
300.395
300.404
300.412
300.42
300.428
300.436
300.443
300.451
300.459
300.466
300.473
300.481
300.488
300.495
300
300.001
300.002
300.003
300.004
300.005
300.007
300.008
300.01
300.011
300.013
300.015
300.017
300.019
300.021
300.023
300.026
300.029
300.032
300.035
300.038
300.042
300.046
300.05
300.054
300.058
300.063
300.067
300.072
300.077
300.083
300.088
300.094
300.099
300.105
300.112
300.118
300.124
300.131
300.138
300.145
300.151
300.159
300.166
300.173
300.18
300.188
300.195
300.203
300.21
300.218
300.225
300.233
300.241
300.248
300.256
300.264
300.271
300.279
300.287
300.294
300.302
300.309
300.316
300.324
300.331
300.338
300.345
300.352
300.359
300.366
300.373
300.38
300.387
300.393
300.4
300.406
300.412
300.418
300.425
300.43
300
300.001
300.002
300.003
300.004
300.005
300.006
300.007
300.009
300.01
300.012
300.013
300.015
300.017
300.019
300.021
300.023
300.026
300.028
300.031
300.034
300.037
300.041
300.044
300.048
300.052
300.056
300.06
300.064
300.068
300.073
300.078
300.083
300.088
300.093
300.098
300.104
300.109
300.115
300.121
300.127
300.133
300.139
300.145
300.151
300.157
300.164
300.17
300.177
300.183
300.19
300.196
300.203
300.209
300.216
300.222
300.229
300.235
300.242
300.248
300.255
300.261
300.267
300.273
300.28
300.286
300.292
300.298
300.304
300.31
300.316
300.322
300.327
300.333
300.338
300.344
300.349
300.355
300.36
300.365
300.37
300
300.001
300.002
300.003
300.003
300.004
300.005
300.006
300.008
300.009
300.01
300.012
300.013
300.015
300.017
300.019
300.021
300.023
300.025
300.028
300.03
300.033
300.036
300.039
300.042
300.045
300.049
300.052
300.056
300.06
300.064
300.068
300.072
300.076
300.081
300.085
300.09
300.095
300.1
300.105
300.11
300.115
300.12
300.125
300.13
300.136
300.141
300.146
300.152
300.157
300.163
300.168
300.174
300.179
300.185
300.19
300.196
300.201
300.206
300.212
300.217
300.223
300.228
300.233
300.238
300.243
300.249
300.254
300.259
300.264
300.268
300.273
300.278
300.283
300.287
300.292
300.297
300.301
300.305
300.31
300.314
300
300.001
300.002
300.002
300.003
300.004
300.005
300.006
300.007
300.008
300.009
300.01
300.012
300.013
300.015
300.016
300.018
300.02
300.022
300.024
300.026
300.028
300.031
300.034
300.036
300.039
300.042
300.045
300.048
300.051
300.055
300.058
300.062
300.065
300.069
300.073
300.077
300.081
300.085
300.089
300.093
300.098
300.102
300.106
300.111
300.115
300.12
300.124
300.129
300.133
300.138
300.142
300.147
300.151
300.156
300.16
300.165
300.169
300.174
300.178
300.183
300.187
300.192
300.196
300.2
300.204
300.209
300.213
300.217
300.221
300.225
300.229
300.233
300.237
300.241
300.245
300.248
300.252
300.256
300.259
300.263
300
300.001
300.001
300.002
300.003
300.003
300.004
300.005
300.006
300.007
300.008
300.009
300.01
300.011
300.013
300.014
300.015
300.017
300.019
300.02
300.022
300.024
300.026
300.029
300.031
300.033
300.036
300.038
300.041
300.044
300.046
300.049
300.052
300.055
300.058
300.062
300.065
300.068
300.071
300.075
300.078
300.082
300.085
300.089
300.093
300.096
300.1
300.104
300.107
300.111
300.115
300.118
300.122
300.126
300.13
300.133
300.137
300.141
300.144
300.148
300.152
300.155
300.159
300.162
300.166
300.169
300.173
300.176
300.18
300.183
300.186
300.189
300.193
300.196
300.199
300.202
300.205
300.208
300.211
300.214
300.217
300
300.001
300.001
300.002
300.002
300.003
300.004
300.004
300.005
300.006
300.007
300.007
300.008
300.01
300.011
300.012
300.013
300.014
300.016
300.017
300.019
300.021
300.022
300.024
300.026
300.028
300.03
300.032
300.034
300.036
300.039
300.041
300.044
300.046
300.049
300.051
300.054
300.057
300.059
300.062
300.065
300.068
300.071
300.074
300.077
300.079
300.082
300.085
300.088
300.091
300.094
300.097
300.1
300.104
300.107
300.11
300.112
300.115
300.118
300.121
300.124
300.127
300.13
300.133
300.136
300.139
300.141
300.144
300.147
300.149
300.152
300.155
300.157
300.16
300.162
300.165
300.167
300.17
300.172
300.174
300.177
300
300.001
300.001
300.001
300.002
300.002
300.003
300.004
300.004
300.005
300.006
300.006
300.007
300.008
300.009
300.01
300.011
300.012
300.013
300.015
300.016
300.017
300.019
300.02
300.022
300.023
300.025
300.027
300.028
300.03
300.032
300.034
300.036
300.038
300.04
300.042
300.044
300.047
300.049
300.051
300.053
300.056
300.058
300.06
300.063
300.065
300.068
300.07
300.072
300.075
300.077
300.08
300.082
300.085
300.087
300.089
300.092
300.094
300.096
300.099
300.101
300.103
300.106
300.108
300.11
300.113
300.115
300.117
300.119
300.121
300.123
300.126
300.128
300.13
300.132
300.134
300.136
300.138
300.139
300.141
300.143
300
300.001
300.001
300.001
300.002
300.002
300.003
300.003
300.004
300.004
300.005
300.005
300.006
300.007
300.008
300.008
300.009
300.01
300.011
300.012
300.013
300.014
300.016
300.017
300.018
300.019
300.021
300.022
300.024
300.025
300.027
300.028
300.03
300.032
300.033
300.035
300.037
300.039
300.04
300.042
300.044
300.046
300.048
300.05
300.052
300.054
300.056
300.058
300.06
300.062
300.063
300.065
300.067
300.069
300.071
300.073
300.075
300.077
300.079
300.081
300.083
300.085
300.087
300.088
300.09
300.092
300.094
300.096
300.097
300.099
300.101
300.102
300.104
300.106
300.107
300.109
300.111
300.112
300.114
300.115
300.117
300
300
300.001
300.001
300.001
300.002
300.002
300.003
300.003
300.004
300.004
300.005
300.005
300.006
300.007
300.007
300.008
300.009
300.01
300.011
300.011
300.012
300.013
300.014
300.016
300.017
300.018
300.019
300.02
300.022
300.023
300.024
300.026
300.027
300.028
300.03
300.031
300.033
300.034
300.036
300.037
300.039
300.041
300.042
300.044
300.045
300.047
300.049
300.05
300.052
300.054
300.055
300.057
300.059
300.06
300.062
300.063
300.065
300.067
300.068
300.07
300.071
300.073
300.074
300.076
300.077
300.079
300.08
300.082
300.083
300.085
300.086
300.087
300.089
300.09
300.092
300.093
300.094
300.095
300.097
300.098
300
300
300.001
300.001
300.001
300.002
300.002
300.002
300.003
300.003
300.004
300.004
300.005
300.005
300.006
300.007
300.007
300.008
300.009
300.01
300.01
300.011
300.012
300.013
300.014
300.015
300.016
300.017
300.018
300.02
300.021
300.022
300.023
300.024
300.026
300.027
300.028
300.03
300.031
300.032
300.034
300.035
300.037
300.038
300.04
300.041
300.042
300.044
300.045
300.047
300.048
300.05
300.051
300.053
300.054
300.056
300.057
300.058
300.06
300.061
300.063
300.064
300.065
300.067
300.068
300.069
300.071
300.072
300.073
300.075
300.076
300.077
300.079
300.08
300.081
300.082
300.083
300.084
300.086
300.087
300.088
302.709
302.834
302.909
302.978
303.038
303.087
303.12
303.157
303.194
303.229
303.257
303.289
303.321
303.351
303.382
303.411
303.439
303.463
303.489
303.515
303.54
303.566
303.591
303.616
303.64
303.665
303.688
303.711
303.734
303.755
303.777
303.799
303.82
303.84
303.861
303.88
303.9
303.92
303.938
303.957
303.975
303.993
304.011
304.031
304.05
304.067
304.084
304.101
304.119
304.136
304.152
304.167
304.183
304.199
304.215
304.231
304.247
304.263
304.279
304.293
304.305
304.318
304.332
304.346
304.359
304.373
304.386
304.399
304.411
304.424
304.435
304.447
304.458
304.469
304.48
304.491
304.501
304.511
304.52
304.53
304.541
304.551
304.56
304.568
304.576
304.583
304.591
304.599
304.607
304.614
304.62
304.626
304.634
304.639
304.646
304.652
304.658
304.663
304.668
304.673
304.677
304.681
304.685
304.689
304.693
304.697
304.7
304.702
304.705
304.708
304.71
304.712
304.715
304.717
304.718
304.719
304.721
304.722
304.723
304.723
304.724
304.724
304.724
304.723
304.722
304.722
304.72
304.718
304.716
304.713
304.709
304.705
304.7
304.695
304.689
304.682
304.674
304.665
304.655
304.644
304.632
304.619
304.605
304.588
304.571
304.551
304.53
304.506
304.479
304.448
304.41
304.372
304.333
304.288
304.238
304.179
304.116
304.005
303.901
303.767
303.587
302.61
302.72
302.805
302.877
302.939
302.991
303.035
303.076
303.114
303.151
303.184
303.218
303.25
303.282
303.313
303.343
303.372
303.399
303.426
303.452
303.478
303.504
303.53
303.555
303.58
303.604
303.628
303.652
303.675
303.697
303.719
303.741
303.762
303.783
303.804
303.824
303.844
303.864
303.883
303.902
303.92
303.939
303.957
303.976
303.995
304.013
304.03
304.048
304.065
304.082
304.099
304.114
304.13
304.146
304.163
304.179
304.195
304.21
304.226
304.24
304.253
304.267
304.28
304.294
304.308
304.321
304.334
304.347
304.36
304.372
304.384
304.396
304.407
304.418
304.429
304.44
304.45
304.46
304.47
304.48
304.491
304.5
304.509
304.518
304.525
304.533
304.541
304.549
304.557
304.564
304.57
304.577
304.584
304.59
304.596
304.603
304.608
304.613
304.619
304.623
304.628
304.632
304.636
304.64
304.644
304.647
304.651
304.653
304.656
304.658
304.661
304.663
304.665
304.668
304.669
304.67
304.672
304.673
304.674
304.674
304.675
304.675
304.675
304.674
304.673
304.672
304.671
304.669
304.667
304.664
304.66
304.656
304.651
304.646
304.64
304.633
304.625
304.616
304.606
304.595
304.583
304.57
304.556
304.54
304.522
304.502
304.481
304.457
304.43
304.398
304.361
304.323
304.283
304.237
304.185
304.126
304.057
303.95
303.841
303.701
303.504
302.528
302.624
302.707
302.779
302.843
302.898
302.946
302.991
303.032
303.071
303.107
303.142
303.176
303.209
303.241
303.272
303.302
303.33
303.358
303.385
303.412
303.439
303.465
303.491
303.516
303.541
303.565
303.589
303.612
303.635
303.658
303.68
303.701
303.723
303.744
303.764
303.784
303.804
303.824
303.843
303.862
303.881
303.9
303.919
303.937
303.955
303.973
303.991
304.008
304.025
304.042
304.058
304.074
304.091
304.107
304.123
304.139
304.154
304.17
304.184
304.198
304.212
304.225
304.239
304.253
304.266
304.28
304.293
304.305
304.318
304.33
304.342
304.353
304.364
304.375
304.386
304.396
304.406
304.416
304.427
304.437
304.447
304.456
304.464
304.472
304.48
304.488
304.496
304.504
304.511
304.517
304.524
304.531
304.537
304.543
304.55
304.555
304.561
304.566
304.571
304.575
304.579
304.583
304.587
304.591
304.595
304.598
304.601
304.604
304.606
304.609
304.611
304.613
304.615
304.617
304.618
304.62
304.621
304.622
304.622
304.623
304.623
304.622
304.622
304.621
304.62
304.619
304.617
304.614
304.612
304.608
304.604
304.599
304.594
304.588
304.581
304.573
304.564
304.554
304.543
304.532
304.518
304.504
304.488
304.47
304.45
304.429
304.404
304.377
304.346
304.309
304.27
304.229
304.183
304.13
304.069
303.996
303.892
303.778
303.632
303.425
302.455
302.539
302.617
302.687
302.75
302.806
302.857
302.904
302.947
302.988
303.027
303.063
303.099
303.133
303.166
303.197
303.228
303.258
303.287
303.315
303.343
303.37
303.396
303.423
303.448
303.474
303.498
303.522
303.546
303.57
303.592
303.615
303.637
303.659
303.68
303.701
303.721
303.742
303.761
303.781
303.8
303.819
303.838
303.857
303.876
303.894
303.912
303.93
303.948
303.965
303.982
303.998
304.015
304.031
304.047
304.063
304.079
304.095
304.11
304.125
304.139
304.153
304.167
304.181
304.195
304.208
304.221
304.235
304.247
304.26
304.272
304.284
304.295
304.307
304.318
304.329
304.339
304.349
304.359
304.37
304.38
304.389
304.398
304.407
304.415
304.423
304.432
304.44
304.447
304.454
304.461
304.468
304.475
304.481
304.487
304.493
304.499
304.505
304.51
304.515
304.519
304.524
304.528
304.532
304.535
304.539
304.542
304.545
304.548
304.551
304.553
304.555
304.558
304.56
304.561
304.563
304.564
304.565
304.566
304.567
304.567
304.567
304.567
304.566
304.566
304.565
304.563
304.561
304.559
304.556
304.553
304.548
304.544
304.538
304.532
304.525
304.517
304.509
304.499
304.488
304.476
304.463
304.449
304.433
304.415
304.395
304.373
304.349
304.321
304.29
304.254
304.215
304.173
304.126
304.072
304.009
303.933
303.83
303.713
303.562
303.349
302.385
302.461
302.532
302.598
302.66
302.716
302.768
302.816
302.861
302.903
302.943
302.981
303.018
303.053
303.087
303.12
303.151
303.182
303.212
303.241
303.269
303.297
303.324
303.351
303.377
303.402
303.428
303.452
303.476
303.5
303.523
303.546
303.569
303.591
303.612
303.634
303.654
303.675
303.695
303.715
303.735
303.754
303.773
303.792
303.811
303.829
303.848
303.866
303.883
303.901
303.918
303.935
303.951
303.968
303.984
304
304.016
304.032
304.047
304.062
304.077
304.091
304.105
304.119
304.133
304.146
304.16
304.173
304.186
304.198
304.21
304.222
304.234
304.246
304.257
304.268
304.278
304.289
304.299
304.309
304.319
304.329
304.338
304.347
304.355
304.363
304.371
304.379
304.387
304.394
304.401
304.408
304.415
304.421
304.428
304.434
304.439
304.445
304.45
304.455
304.46
304.464
304.468
304.472
304.476
304.48
304.483
304.486
304.489
304.492
304.494
304.496
304.499
304.501
304.502
304.504
304.505
304.506
304.507
304.508
304.508
304.508
304.508
304.507
304.507
304.506
304.504
304.502
304.5
304.497
304.494
304.489
304.485
304.479
304.473
304.466
304.459
304.45
304.44
304.43
304.418
304.405
304.39
304.374
304.356
304.336
304.314
304.29
304.262
304.231
304.195
304.156
304.113
304.065
304.01
303.945
303.867
303.765
303.645
303.491
303.276
302.317
302.385
302.451
302.514
302.573
302.628
302.679
302.728
302.773
302.817
302.858
302.897
302.934
302.97
303.005
303.038
303.071
303.102
303.133
303.163
303.192
303.22
303.248
303.275
303.302
303.328
303.353
303.378
303.403
303.427
303.451
303.474
303.497
303.519
303.541
303.562
303.584
303.604
303.625
303.645
303.665
303.685
303.704
303.723
303.742
303.761
303.779
303.797
303.815
303.833
303.85
303.867
303.884
303.9
303.917
303.933
303.949
303.965
303.98
303.995
304.01
304.025
304.039
304.053
304.067
304.08
304.094
304.107
304.12
304.133
304.145
304.157
304.169
304.181
304.192
304.203
304.214
304.224
304.234
304.245
304.255
304.264
304.274
304.282
304.291
304.299
304.308
304.315
304.323
304.331
304.338
304.345
304.351
304.358
304.364
304.37
304.376
304.382
304.387
304.392
304.396
304.401
304.405
304.409
304.413
304.417
304.42
304.423
304.426
304.429
304.431
304.434
304.436
304.438
304.439
304.441
304.442
304.443
304.444
304.445
304.445
304.445
304.445
304.445
304.444
304.443
304.441
304.44
304.437
304.434
304.431
304.427
304.422
304.417
304.411
304.404
304.396
304.388
304.378
304.367
304.355
304.342
304.328
304.312
304.294
304.274
304.252
304.227
304.2
304.168
304.132
304.093
304.05
304.001
303.945
303.879
303.799
303.697
303.575
303.419
303.205
302.25
302.312
302.373
302.432
302.488
302.541
302.592
302.64
302.685
302.729
302.77
302.81
302.848
302.885
302.92
302.954
302.987
303.019
303.051
303.081
303.111
303.139
303.168
303.195
303.222
303.249
303.275
303.3
303.325
303.35
303.374
303.397
303.42
303.443
303.465
303.487
303.509
303.53
303.551
303.571
303.591
303.611
303.631
303.65
303.669
303.688
303.707
303.725
303.743
303.761
303.778
303.795
303.812
303.829
303.846
303.862
303.878
303.894
303.91
303.925
303.94
303.954
303.969
303.983
303.997
304.011
304.024
304.038
304.051
304.063
304.076
304.088
304.1
304.112
304.123
304.134
304.145
304.156
304.166
304.176
304.186
304.196
304.205
304.214
304.223
304.231
304.24
304.248
304.255
304.263
304.27
304.277
304.284
304.29
304.297
304.303
304.309
304.314
304.32
304.325
304.329
304.334
304.338
304.342
304.346
304.35
304.353
304.356
304.359
304.362
304.364
304.367
304.369
304.371
304.373
304.374
304.376
304.377
304.378
304.378
304.379
304.379
304.379
304.378
304.377
304.376
304.375
304.373
304.371
304.368
304.364
304.36
304.356
304.35
304.344
304.338
304.33
304.321
304.312
304.301
304.289
304.276
304.262
304.246
304.228
304.208
304.186
304.161
304.133
304.102
304.066
304.027
303.983
303.933
303.876
303.809
303.727
303.625
303.502
303.345
303.136
302.183
302.24
302.296
302.351
302.404
302.455
302.505
302.552
302.597
302.64
302.681
302.721
302.76
302.797
302.833
302.867
302.901
302.933
302.965
302.996
303.026
303.055
303.084
303.112
303.14
303.166
303.193
303.219
303.244
303.269
303.293
303.317
303.34
303.363
303.386
303.408
303.43
303.451
303.472
303.493
303.513
303.534
303.553
303.573
303.592
303.611
303.63
303.648
303.667
303.685
303.702
303.72
303.737
303.754
303.77
303.787
303.803
303.819
303.835
303.85
303.865
303.88
303.894
303.909
303.923
303.937
303.95
303.964
303.977
303.99
304.002
304.015
304.027
304.038
304.05
304.061
304.072
304.083
304.093
304.104
304.114
304.123
304.133
304.142
304.151
304.159
304.168
304.176
304.184
304.191
304.198
304.205
304.212
304.219
304.225
304.231
304.237
304.243
304.248
304.253
304.258
304.263
304.267
304.271
304.275
304.279
304.282
304.285
304.288
304.291
304.294
304.296
304.298
304.3
304.302
304.304
304.305
304.306
304.307
304.307
304.308
304.308
304.308
304.307
304.307
304.306
304.304
304.302
304.3
304.297
304.294
304.29
304.285
304.28
304.274
304.267
304.26
304.251
304.242
304.231
304.219
304.206
304.192
304.176
304.158
304.138
304.116
304.091
304.063
304.032
303.996
303.956
303.912
303.862
303.804
303.735
303.653
303.551
303.427
303.271
303.068
302.115
302.168
302.221
302.272
302.322
302.371
302.418
302.464
302.508
302.55
302.592
302.631
302.67
302.707
302.743
302.778
302.811
302.844
302.876
302.908
302.938
302.968
302.997
303.025
303.053
303.08
303.107
303.133
303.159
303.184
303.208
303.232
303.256
303.279
303.302
303.325
303.347
303.368
303.39
303.411
303.431
303.452
303.472
303.491
303.511
303.53
303.549
303.568
303.586
303.604
303.622
303.639
303.657
303.674
303.691
303.707
303.724
303.74
303.755
303.771
303.786
303.801
303.816
303.83
303.844
303.858
303.872
303.886
303.899
303.912
303.925
303.937
303.949
303.961
303.973
303.984
303.995
304.006
304.016
304.027
304.037
304.047
304.056
304.065
304.074
304.083
304.091
304.099
304.107
304.115
304.122
304.129
304.136
304.143
304.149
304.156
304.161
304.167
304.172
304.178
304.182
304.187
304.191
304.196
304.2
304.203
304.207
304.21
304.213
304.216
304.218
304.221
304.223
304.225
304.227
304.228
304.23
304.231
304.232
304.232
304.233
304.233
304.233
304.232
304.232
304.231
304.229
304.227
304.225
304.222
304.219
304.215
304.21
304.205
304.199
304.192
304.185
304.177
304.167
304.157
304.145
304.132
304.118
304.102
304.084
304.064
304.042
304.017
303.989
303.957
303.922
303.882
303.837
303.786
303.728
303.658
303.575
303.474
303.35
303.196
303.001
302.048
302.097
302.146
302.194
302.241
302.287
302.332
302.376
302.419
302.461
302.501
302.54
302.578
302.615
302.651
302.686
302.72
302.753
302.785
302.816
302.847
302.877
302.906
302.935
302.963
302.99
303.017
303.043
303.069
303.095
303.119
303.144
303.168
303.191
303.214
303.237
303.259
303.281
303.303
303.324
303.345
303.365
303.386
303.406
303.425
303.445
303.464
303.482
303.501
303.519
303.537
303.555
303.572
303.589
303.606
303.623
303.64
303.656
303.672
303.687
303.703
303.718
303.733
303.747
303.762
303.776
303.789
303.803
303.816
303.829
303.842
303.855
303.867
303.879
303.891
303.902
303.913
303.924
303.935
303.945
303.956
303.965
303.975
303.984
303.993
304.002
304.01
304.019
304.027
304.034
304.042
304.049
304.056
304.063
304.069
304.075
304.081
304.087
304.092
304.097
304.102
304.107
304.112
304.116
304.12
304.123
304.127
304.13
304.133
304.136
304.139
304.141
304.143
304.145
304.147
304.149
304.15
304.151
304.152
304.153
304.153
304.154
304.153
304.153
304.152
304.151
304.15
304.148
304.146
304.143
304.139
304.136
304.131
304.126
304.12
304.113
304.106
304.098
304.088
304.078
304.066
304.053
304.039
304.023
304.005
303.986
303.963
303.939
303.911
303.879
303.844
303.804
303.759
303.707
303.648
303.578
303.495
303.394
303.271
303.121
302.934
301.98
302.025
302.071
302.116
302.16
302.204
302.247
302.289
302.33
302.37
302.41
302.448
302.485
302.522
302.557
302.592
302.625
302.658
302.69
302.722
302.753
302.783
302.812
302.841
302.869
302.897
302.924
302.95
302.976
303.002
303.027
303.051
303.076
303.099
303.122
303.145
303.168
303.19
303.212
303.233
303.254
303.275
303.295
303.315
303.335
303.355
303.374
303.393
303.411
303.43
303.448
303.466
303.483
303.501
303.518
303.534
303.551
303.567
303.583
303.599
303.615
303.63
303.645
303.66
303.674
303.688
303.702
303.716
303.729
303.742
303.755
303.768
303.78
303.792
303.804
303.816
303.827
303.838
303.849
303.859
303.87
303.879
303.889
303.898
303.908
303.916
303.925
303.933
303.941
303.949
303.956
303.964
303.971
303.977
303.984
303.99
303.996
304.002
304.007
304.013
304.018
304.022
304.027
304.031
304.035
304.039
304.042
304.046
304.049
304.052
304.054
304.057
304.059
304.061
304.063
304.065
304.066
304.067
304.068
304.069
304.069
304.069
304.069
304.069
304.068
304.067
304.066
304.064
304.062
304.059
304.055
304.052
304.047
304.042
304.036
304.03
304.022
304.014
304.005
303.995
303.983
303.97
303.956
303.94
303.922
303.903
303.881
303.856
303.828
303.796
303.761
303.721
303.676
303.624
303.564
303.494
303.411
303.311
303.19
303.044
302.867
301.911
301.953
301.996
302.038
302.079
302.121
302.161
302.201
302.241
302.28
302.318
302.355
302.391
302.427
302.462
302.496
302.529
302.562
302.594
302.625
302.656
302.686
302.715
302.744
302.772
302.8
302.827
302.853
302.879
302.905
302.93
302.955
302.979
303.003
303.027
303.05
303.072
303.094
303.116
303.138
303.159
303.18
303.2
303.221
303.241
303.26
303.28
303.299
303.317
303.336
303.354
303.372
303.39
303.407
303.424
303.441
303.458
303.474
303.49
303.506
303.522
303.537
303.552
303.567
303.582
303.596
303.61
303.624
303.637
303.651
303.664
303.676
303.689
303.701
303.713
303.725
303.736
303.747
303.758
303.768
303.779
303.789
303.798
303.808
303.817
303.826
303.835
303.843
303.851
303.859
303.866
303.874
303.881
303.888
303.894
303.9
303.906
303.912
303.918
303.923
303.928
303.933
303.937
303.942
303.946
303.95
303.953
303.956
303.96
303.963
303.965
303.968
303.97
303.972
303.974
303.976
303.977
303.978
303.979
303.98
303.98
303.98
303.98
303.98
303.979
303.978
303.977
303.975
303.973
303.97
303.967
303.963
303.959
303.953
303.948
303.941
303.934
303.926
303.917
303.906
303.895
303.882
303.868
303.852
303.835
303.815
303.793
303.768
303.74
303.709
303.674
303.634
303.588
303.537
303.477
303.407
303.324
303.225
303.107
302.966
302.798
301.842
301.881
301.92
301.959
301.999
302.037
302.076
302.114
302.152
302.189
302.225
302.261
302.296
302.331
302.365
302.398
302.431
302.463
302.495
302.526
302.556
302.586
302.615
302.644
302.672
302.699
302.727
302.753
302.779
302.805
302.83
302.855
302.879
302.903
302.927
302.95
302.972
302.995
303.017
303.038
303.06
303.081
303.101
303.122
303.142
303.161
303.181
303.2
303.219
303.237
303.256
303.274
303.291
303.309
303.326
303.343
303.36
303.376
303.393
303.409
303.424
303.44
303.455
303.47
303.485
303.499
303.513
303.527
303.541
303.554
303.567
303.58
303.592
303.605
303.617
303.628
303.64
303.651
303.662
303.673
303.683
303.693
303.703
303.712
303.722
303.731
303.739
303.748
303.756
303.764
303.771
303.779
303.786
303.793
303.799
303.806
303.812
303.818
303.823
303.828
303.833
303.838
303.843
303.847
303.851
303.855
303.859
303.862
303.865
303.868
303.871
303.874
303.876
303.878
303.88
303.881
303.883
303.884
303.885
303.886
303.886
303.886
303.886
303.886
303.885
303.884
303.883
303.881
303.879
303.876
303.873
303.869
303.865
303.86
303.854
303.848
303.841
303.833
303.824
303.813
303.802
303.789
303.775
303.76
303.742
303.723
303.701
303.676
303.648
303.617
303.582
303.542
303.497
303.445
303.385
303.315
303.233
303.136
303.022
302.886
302.728
301.771
301.808
301.844
301.881
301.917
301.954
301.99
302.026
302.062
302.097
302.132
302.167
302.201
302.234
302.267
302.3
302.332
302.363
302.394
302.425
302.454
302.484
302.513
302.541
302.569
302.596
302.623
302.65
302.676
302.701
302.726
302.751
302.775
302.799
302.823
302.846
302.868
302.891
302.913
302.935
302.956
302.977
302.998
303.018
303.038
303.058
303.077
303.097
303.115
303.134
303.152
303.171
303.188
303.206
303.223
303.24
303.257
303.274
303.29
303.306
303.322
303.337
303.353
303.368
303.382
303.397
303.411
303.425
303.439
303.452
303.465
303.478
303.491
303.503
303.515
303.527
303.539
303.55
303.561
303.572
303.582
303.592
303.602
303.612
303.621
303.63
303.639
303.647
303.655
303.663
303.671
303.679
303.686
303.693
303.699
303.706
303.712
303.718
303.723
303.729
303.734
303.739
303.743
303.748
303.752
303.756
303.759
303.763
303.766
303.769
303.772
303.774
303.776
303.779
303.781
303.782
303.784
303.785
303.786
303.787
303.787
303.787
303.787
303.787
303.786
303.785
303.784
303.782
303.78
303.777
303.774
303.77
303.766
303.761
303.756
303.749
303.742
303.734
303.725
303.715
303.704
303.692
303.678
303.662
303.645
303.625
303.604
303.579
303.552
303.52
303.485
303.446
303.401
303.349
303.29
303.221
303.14
303.045
302.934
302.805
302.656
301.7
301.734
301.768
301.802
301.836
301.87
301.904
301.938
301.972
302.006
302.039
302.072
302.104
302.137
302.169
302.2
302.231
302.262
302.292
302.321
302.351
302.379
302.408
302.436
302.463
302.49
302.517
302.543
302.569
302.594
302.619
302.644
302.668
302.692
302.715
302.738
302.761
302.783
302.805
302.827
302.848
302.869
302.89
302.91
302.93
302.95
302.969
302.989
303.008
303.026
303.045
303.063
303.081
303.098
303.116
303.133
303.15
303.166
303.183
303.199
303.215
303.23
303.245
303.261
303.275
303.29
303.304
303.318
303.332
303.345
303.359
303.372
303.384
303.397
303.409
303.421
303.432
303.444
303.455
303.465
303.476
303.486
303.496
303.506
303.515
303.524
303.533
303.542
303.55
303.558
303.566
303.573
303.58
303.587
303.594
303.6
303.606
303.612
303.618
303.623
303.629
303.633
303.638
303.643
303.647
303.651
303.654
303.658
303.661
303.664
303.667
303.669
303.672
303.674
303.676
303.678
303.679
303.68
303.681
303.682
303.682
303.683
303.683
303.682
303.682
303.681
303.679
303.678
303.675
303.673
303.67
303.666
303.662
303.657
303.652
303.645
303.638
303.631
303.622
303.612
303.601
303.589
303.575
303.559
303.542
303.523
303.501
303.477
303.45
303.419
303.384
303.345
303.3
303.249
303.19
303.122
303.043
302.951
302.844
302.721
302.581
301.627
301.659
301.69
301.722
301.754
301.786
301.818
301.85
301.882
301.914
301.945
301.977
302.008
302.038
302.069
302.099
302.129
302.159
302.188
302.217
302.245
302.273
302.301
302.328
302.355
302.382
302.408
302.434
302.459
302.484
302.509
302.533
302.557
302.581
302.604
302.627
302.649
302.672
302.693
302.715
302.736
302.757
302.778
302.798
302.818
302.838
302.857
302.876
302.895
302.914
302.932
302.95
302.968
302.986
303.003
303.02
303.037
303.054
303.07
303.086
303.102
303.118
303.133
303.148
303.163
303.178
303.192
303.206
303.22
303.234
303.247
303.26
303.273
303.285
303.297
303.309
303.321
303.332
303.343
303.354
303.365
303.375
303.385
303.395
303.404
303.413
303.422
303.431
303.439
303.447
303.455
303.462
303.469
303.476
303.483
303.49
303.496
303.502
303.507
303.513
303.518
303.523
303.528
303.532
303.536
303.54
303.544
303.547
303.551
303.554
303.557
303.559
303.562
303.564
303.566
303.567
303.569
303.57
303.571
303.572
303.572
303.573
303.573
303.572
303.572
303.571
303.569
303.568
303.566
303.563
303.56
303.556
303.552
303.548
303.542
303.536
303.529
303.522
303.513
303.503
303.492
303.48
303.467
303.451
303.434
303.415
303.394
303.37
303.343
303.312
303.278
303.239
303.195
303.144
303.086
303.02
302.943
302.854
302.752
302.635
302.504
301.554
301.583
301.612
301.642
301.672
301.702
301.732
301.762
301.792
301.821
301.851
301.881
301.91
301.94
301.969
301.998
302.026
302.055
302.083
302.111
302.138
302.165
302.192
302.219
302.245
302.271
302.297
302.322
302.347
302.371
302.396
302.42
302.443
302.467
302.489
302.512
302.534
302.556
302.578
302.599
302.62
302.641
302.662
302.682
302.702
302.721
302.741
302.76
302.779
302.797
302.816
302.834
302.851
302.869
302.886
302.903
302.92
302.937
302.953
302.969
302.985
303.001
303.016
303.031
303.046
303.061
303.075
303.089
303.103
303.117
303.13
303.143
303.156
303.168
303.18
303.192
303.204
303.215
303.227
303.237
303.248
303.258
303.268
303.278
303.287
303.297
303.306
303.314
303.323
303.331
303.338
303.346
303.353
303.36
303.367
303.373
303.38
303.386
303.391
303.397
303.402
303.407
303.412
303.416
303.42
303.424
303.428
303.432
303.435
303.438
303.441
303.443
303.446
303.448
303.45
303.452
303.453
303.454
303.455
303.456
303.457
303.457
303.457
303.457
303.456
303.455
303.454
303.452
303.45
303.448
303.445
303.441
303.437
303.433
303.427
303.421
303.415
303.407
303.399
303.389
303.378
303.366
303.353
303.338
303.321
303.302
303.281
303.257
303.231
303.201
303.167
303.128
303.085
303.035
302.979
302.914
302.839
302.754
302.656
302.546
302.424
301.479
301.507
301.534
301.561
301.589
301.617
301.645
301.673
301.701
301.729
301.757
301.785
301.813
301.84
301.868
301.895
301.923
301.95
301.977
302.003
302.03
302.056
302.082
302.108
302.133
302.159
302.183
302.208
302.232
302.256
302.28
302.304
302.327
302.35
302.372
302.394
302.416
302.438
302.459
302.48
302.501
302.522
302.542
302.562
302.582
302.601
302.62
302.639
302.658
302.676
302.695
302.713
302.73
302.748
302.765
302.782
302.799
302.815
302.832
302.848
302.863
302.879
302.894
302.909
302.924
302.939
302.953
302.967
302.981
302.995
303.008
303.021
303.034
303.046
303.058
303.07
303.082
303.094
303.105
303.115
303.126
303.136
303.146
303.156
303.166
303.175
303.184
303.192
303.201
303.209
303.217
303.224
303.232
303.239
303.245
303.252
303.258
303.264
303.27
303.275
303.28
303.285
303.29
303.295
303.299
303.303
303.307
303.31
303.314
303.317
303.319
303.322
303.325
303.327
303.329
303.33
303.332
303.333
303.334
303.335
303.336
303.336
303.336
303.336
303.335
303.334
303.333
303.331
303.329
303.327
303.324
303.321
303.317
303.312
303.307
303.301
303.295
303.287
303.279
303.269
303.259
303.247
303.234
303.219
303.203
303.184
303.163
303.14
303.114
303.084
303.051
303.013
302.971
302.922
302.867
302.804
302.732
302.651
302.558
302.455
302.341
301.404
301.429
301.455
301.48
301.506
301.532
301.558
301.584
301.61
301.636
301.662
301.688
301.715
301.741
301.767
301.793
301.819
301.844
301.87
301.896
301.921
301.946
301.971
301.996
302.02
302.044
302.068
302.092
302.116
302.139
302.162
302.185
302.208
302.23
302.252
302.274
302.295
302.316
302.337
302.358
302.379
302.399
302.419
302.438
302.458
302.477
302.496
302.515
302.533
302.551
302.569
302.587
302.605
302.622
302.639
302.656
302.673
302.689
302.705
302.721
302.737
302.752
302.768
302.783
302.797
302.812
302.826
302.84
302.854
302.868
302.881
302.894
302.907
302.919
302.931
302.943
302.955
302.966
302.977
302.988
302.999
303.009
303.019
303.029
303.038
303.048
303.057
303.065
303.074
303.082
303.09
303.097
303.104
303.111
303.118
303.125
303.131
303.137
303.143
303.148
303.153
303.158
303.163
303.168
303.172
303.176
303.18
303.183
303.187
303.19
303.192
303.195
303.198
303.2
303.202
303.203
303.205
303.206
303.207
303.208
303.209
303.209
303.209
303.209
303.208
303.207
303.206
303.205
303.203
303.2
303.198
303.194
303.19
303.186
303.181
303.175
303.169
303.162
303.153
303.144
303.134
303.122
303.109
303.095
303.079
303.061
303.04
303.017
302.992
302.963
302.93
302.893
302.852
302.805
302.751
302.69
302.622
302.544
302.457
302.36
302.254
301.328
301.351
301.375
301.398
301.422
301.446
301.47
301.494
301.519
301.543
301.567
301.592
301.616
301.641
301.665
301.69
301.714
301.739
301.763
301.787
301.811
301.835
301.859
301.882
301.906
301.929
301.952
301.975
301.998
302.02
302.043
302.065
302.087
302.108
302.13
302.151
302.172
302.192
302.213
302.233
302.253
302.273
302.292
302.312
302.331
302.35
302.368
302.387
302.405
302.423
302.441
302.458
302.475
302.493
302.509
302.526
302.543
302.559
302.575
302.591
302.606
302.621
302.637
302.651
302.666
302.681
302.695
302.709
302.722
302.736
302.749
302.762
302.775
302.787
302.799
302.811
302.823
302.834
302.845
302.856
302.867
302.877
302.887
302.897
302.906
302.915
302.924
302.933
302.941
302.949
302.957
302.965
302.972
302.979
302.986
302.992
302.998
303.004
303.01
303.016
303.021
303.026
303.031
303.035
303.039
303.043
303.047
303.051
303.054
303.057
303.06
303.063
303.065
303.067
303.069
303.071
303.073
303.074
303.075
303.076
303.076
303.077
303.077
303.076
303.076
303.075
303.074
303.072
303.071
303.068
303.066
303.062
303.059
303.054
303.049
303.044
303.038
303.031
303.023
303.014
303.004
302.992
302.98
302.965
302.95
302.932
302.912
302.89
302.865
302.836
302.805
302.769
302.728
302.683
302.631
302.573
302.508
302.435
302.353
302.263
302.164
301.252
301.273
301.294
301.316
301.338
301.36
301.382
301.405
301.427
301.45
301.473
301.495
301.518
301.541
301.564
301.587
301.61
301.633
301.655
301.678
301.701
301.724
301.746
301.768
301.791
301.813
301.835
301.857
301.879
301.9
301.922
301.943
301.964
301.985
302.005
302.026
302.046
302.066
302.086
302.106
302.125
302.144
302.163
302.182
302.201
302.219
302.238
302.256
302.273
302.291
302.308
302.326
302.343
302.359
302.376
302.392
302.409
302.424
302.44
302.456
302.471
302.486
302.501
302.516
302.531
302.545
302.559
302.573
302.586
302.6
302.613
302.625
302.638
302.65
302.662
302.674
302.686
302.697
302.708
302.719
302.729
302.74
302.749
302.759
302.769
302.778
302.787
302.795
302.803
302.812
302.819
302.827
302.834
302.841
302.848
302.854
302.861
302.866
302.872
302.878
302.883
302.888
302.893
302.897
302.901
302.905
302.909
302.913
302.916
302.919
302.922
302.925
302.927
302.929
302.931
302.933
302.935
302.936
302.937
302.938
302.938
302.939
302.939
302.939
302.938
302.937
302.936
302.935
302.933
302.931
302.928
302.925
302.921
302.917
302.913
302.907
302.901
302.894
302.886
302.878
302.868
302.857
302.845
302.831
302.815
302.798
302.779
302.757
302.733
302.705
302.675
302.64
302.601
302.557
302.508
302.453
302.391
302.322
302.246
302.162
302.071
301.174
301.194
301.214
301.234
301.254
301.274
301.295
301.315
301.336
301.357
301.378
301.399
301.42
301.441
301.463
301.484
301.505
301.527
301.548
301.569
301.591
301.612
301.633
301.654
301.675
301.696
301.717
301.738
301.759
301.779
301.8
301.82
301.84
301.86
301.88
301.899
301.919
301.938
301.957
301.976
301.995
302.014
302.032
302.05
302.069
302.086
302.104
302.122
302.139
302.156
302.173
302.19
302.206
302.223
302.239
302.255
302.271
302.287
302.302
302.318
302.333
302.348
302.362
302.377
302.391
302.405
302.419
302.432
302.446
302.459
302.472
302.485
302.497
302.509
302.521
302.533
302.544
302.555
302.566
302.577
302.587
302.598
302.607
302.617
302.626
302.635
302.644
302.653
302.661
302.669
302.677
302.684
302.691
302.698
302.705
302.711
302.718
302.724
302.729
302.735
302.74
302.745
302.749
302.754
302.758
302.762
302.766
302.77
302.773
302.776
302.779
302.781
302.784
302.786
302.788
302.79
302.791
302.793
302.794
302.795
302.795
302.796
302.796
302.796
302.795
302.794
302.793
302.792
302.79
302.788
302.786
302.783
302.779
302.775
302.77
302.765
302.759
302.753
302.745
302.737
302.727
302.716
302.705
302.691
302.676
302.66
302.641
302.62
302.596
302.57
302.54
302.507
302.47
302.428
302.381
302.329
302.271
302.206
302.135
302.058
301.974
301.097
301.115
301.133
301.151
301.17
301.188
301.207
301.226
301.245
301.264
301.283
301.303
301.322
301.342
301.362
301.381
301.401
301.421
301.441
301.461
301.481
301.5
301.52
301.54
301.56
301.58
301.599
301.619
301.638
301.658
301.677
301.696
301.716
301.735
301.753
301.772
301.791
301.809
301.828
301.846
301.864
301.882
301.899
301.917
301.934
301.952
301.969
301.986
302.002
302.019
302.035
302.052
302.068
302.084
302.1
302.115
302.131
302.146
302.161
302.176
302.191
302.205
302.22
302.234
302.248
302.262
302.275
302.289
302.302
302.315
302.327
302.34
302.352
302.364
302.376
302.387
302.399
302.41
302.42
302.431
302.441
302.451
302.461
302.47
302.48
302.489
302.497
302.506
302.514
302.522
302.529
302.537
302.544
302.551
302.557
302.564
302.57
302.576
302.581
302.587
302.592
302.597
302.602
302.606
302.61
302.614
302.618
302.621
302.625
302.628
302.631
302.633
302.636
302.638
302.64
302.642
302.643
302.644
302.646
302.646
302.647
302.647
302.648
302.647
302.647
302.646
302.645
302.644
302.642
302.64
302.638
302.635
302.632
302.628
302.623
302.618
302.613
302.606
302.599
302.591
302.582
302.571
302.56
302.547
302.533
302.516
302.498
302.478
302.456
302.43
302.402
302.37
302.335
302.295
302.251
302.202
302.147
302.087
302.022
301.95
301.873
301.019
301.036
301.052
301.069
301.086
301.103
301.12
301.137
301.154
301.172
301.19
301.207
301.225
301.243
301.261
301.28
301.298
301.316
301.334
301.353
301.371
301.39
301.408
301.427
301.445
301.463
301.482
301.5
301.518
301.537
301.555
301.573
301.591
301.609
301.627
301.644
301.662
301.68
301.697
301.714
301.731
301.748
301.765
301.782
301.799
301.815
301.832
301.848
301.864
301.88
301.896
301.912
301.927
301.943
301.958
301.973
301.988
302.003
302.018
302.032
302.046
302.061
302.075
302.088
302.102
302.115
302.129
302.142
302.155
302.167
302.18
302.192
302.204
302.216
302.227
302.238
302.249
302.26
302.271
302.281
302.291
302.301
302.31
302.32
302.329
302.338
302.346
302.355
302.363
302.37
302.378
302.385
302.392
302.399
302.406
302.412
302.418
302.424
302.429
302.435
302.44
302.445
302.449
302.454
302.458
302.462
302.465
302.469
302.472
302.475
302.478
302.481
302.483
302.485
302.487
302.489
302.49
302.492
302.493
302.494
302.494
302.495
302.495
302.495
302.494
302.494
302.493
302.492
302.49
302.488
302.486
302.483
302.48
302.476
302.472
302.467
302.461
302.455
302.448
302.44
302.432
302.422
302.411
302.398
302.385
302.369
302.352
302.333
302.311
302.287
302.26
302.23
302.196
302.159
302.118
302.072
302.021
301.966
301.905
301.84
301.769
300.942
300.957
300.972
300.987
301.002
301.017
301.033
301.049
301.064
301.08
301.096
301.113
301.129
301.145
301.162
301.179
301.195
301.212
301.229
301.246
301.263
301.28
301.297
301.314
301.331
301.348
301.365
301.382
301.399
301.416
301.433
301.45
301.467
301.483
301.5
301.517
301.533
301.55
301.566
301.583
301.599
301.615
301.631
301.647
301.663
301.678
301.694
301.71
301.725
301.74
301.755
301.77
301.785
301.8
301.815
301.829
301.844
301.858
301.872
301.886
301.9
301.914
301.927
301.941
301.954
301.967
301.98
301.992
302.005
302.017
302.029
302.041
302.053
302.064
302.075
302.086
302.097
302.108
302.118
302.128
302.138
302.147
302.157
302.166
302.175
302.183
302.192
302.2
302.208
302.215
302.223
302.23
302.237
302.244
302.25
302.256
302.262
302.268
302.273
302.279
302.284
302.288
302.293
302.297
302.301
302.305
302.309
302.312
302.315
302.318
302.321
302.324
302.326
302.328
302.33
302.332
302.334
302.335
302.336
302.337
302.337
302.338
302.338
302.338
302.338
302.337
302.336
302.335
302.334
302.332
302.329
302.327
302.324
302.32
302.316
302.312
302.306
302.3
302.294
302.286
302.278
302.268
302.258
302.246
302.233
302.218
302.202
302.183
302.163
302.14
302.115
302.087
302.055
302.02
301.982
301.939
301.892
301.841
301.786
301.726
301.662
300.865
300.878
300.892
300.905
300.919
300.933
300.947
300.961
300.976
300.99
301.005
301.019
301.034
301.049
301.064
301.079
301.094
301.11
301.125
301.14
301.156
301.171
301.187
301.203
301.218
301.234
301.249
301.265
301.281
301.297
301.312
301.328
301.343
301.359
301.375
301.39
301.406
301.421
301.436
301.452
301.467
301.482
301.497
301.512
301.527
301.542
301.556
301.571
301.586
301.6
301.614
301.629
301.643
301.657
301.671
301.685
301.699
301.712
301.726
301.739
301.753
301.766
301.779
301.791
301.804
301.817
301.829
301.841
301.853
301.865
301.877
301.888
301.899
301.911
301.921
301.932
301.943
301.953
301.963
301.973
301.982
301.991
302.001
302.009
302.018
302.026
302.035
302.043
302.05
302.058
302.065
302.072
302.079
302.085
302.091
302.097
302.103
302.109
302.114
302.119
302.124
302.129
302.133
302.137
302.141
302.145
302.149
302.152
302.155
302.158
302.161
302.164
302.166
302.168
302.17
302.172
302.173
302.175
302.176
302.176
302.177
302.178
302.178
302.178
302.178
302.177
302.176
302.175
302.174
302.172
302.17
302.167
302.164
302.161
302.157
302.153
302.148
302.142
302.136
302.129
302.121
302.112
302.102
302.091
302.078
302.064
302.049
302.032
302.012
301.991
301.967
301.941
301.911
301.879
301.844
301.804
301.762
301.715
301.665
301.61
301.553
300.789
300.801
300.813
300.825
300.837
300.85
300.862
300.875
300.888
300.901
300.914
300.927
300.941
300.954
300.968
300.981
300.995
301.009
301.023
301.037
301.051
301.065
301.079
301.093
301.107
301.122
301.136
301.15
301.165
301.179
301.193
301.208
301.222
301.236
301.251
301.265
301.279
301.294
301.308
301.322
301.336
301.35
301.364
301.378
301.392
301.406
301.42
301.433
301.447
301.461
301.474
301.488
301.501
301.514
301.528
301.541
301.554
301.567
301.579
301.592
301.605
301.617
301.63
301.642
301.654
301.666
301.678
301.689
301.701
301.712
301.723
301.734
301.745
301.756
301.766
301.777
301.787
301.796
301.806
301.815
301.825
301.834
301.843
301.851
301.859
301.868
301.875
301.883
301.891
301.898
301.905
301.912
301.918
301.924
301.931
301.936
301.942
301.947
301.953
301.958
301.962
301.967
301.971
301.975
301.979
301.983
301.986
301.99
301.993
301.996
301.998
302.001
302.003
302.005
302.007
302.009
302.01
302.012
302.013
302.014
302.014
302.015
302.015
302.015
302.015
302.014
302.013
302.012
302.011
302.009
302.007
302.005
302.002
301.999
301.996
301.991
301.987
301.981
301.975
301.969
301.961
301.953
301.943
301.933
301.921
301.908
301.894
301.878
301.86
301.84
301.818
301.793
301.766
301.737
301.704
301.668
301.629
301.587
301.541
301.493
301.441
300.714
300.725
300.735
300.746
300.757
300.768
300.78
300.791
300.802
300.814
300.826
300.837
300.849
300.861
300.873
300.886
300.898
300.91
300.923
300.935
300.948
300.961
300.973
300.986
300.999
301.012
301.025
301.038
301.051
301.064
301.077
301.09
301.103
301.116
301.129
301.142
301.155
301.168
301.181
301.194
301.207
301.22
301.233
301.246
301.259
301.272
301.285
301.297
301.31
301.323
301.335
301.348
301.36
301.373
301.385
301.398
301.41
301.422
301.434
301.446
301.458
301.47
301.481
301.493
301.504
301.516
301.527
301.538
301.549
301.559
301.57
301.581
301.591
301.601
301.611
301.621
301.63
301.64
301.649
301.658
301.667
301.675
301.684
301.692
301.7
301.708
301.715
301.723
301.73
301.737
301.744
301.75
301.756
301.763
301.768
301.774
301.78
301.785
301.79
301.795
301.799
301.804
301.808
301.812
301.816
301.819
301.822
301.826
301.829
301.831
301.834
301.836
301.839
301.841
301.843
301.844
301.846
301.847
301.848
301.849
301.85
301.85
301.85
301.85
301.85
301.85
301.849
301.848
301.847
301.845
301.843
301.841
301.839
301.836
301.832
301.828
301.824
301.819
301.814
301.807
301.8
301.792
301.784
301.774
301.763
301.751
301.737
301.722
301.706
301.687
301.667
301.645
301.62
301.593
301.563
301.531
301.496
301.458
301.417
301.373
301.327
300.641
300.65
300.66
300.669
300.679
300.689
300.699
300.709
300.719
300.729
300.739
300.75
300.76
300.771
300.782
300.793
300.804
300.815
300.826
300.837
300.848
300.859
300.871
300.882
300.894
300.905
300.917
300.928
300.94
300.952
300.964
300.975
300.987
300.999
301.011
301.023
301.034
301.046
301.058
301.07
301.082
301.094
301.105
301.117
301.129
301.141
301.153
301.164
301.176
301.188
301.199
301.211
301.222
301.234
301.245
301.257
301.268
301.279
301.29
301.302
301.313
301.324
301.335
301.345
301.356
301.367
301.377
301.388
301.398
301.408
301.418
301.428
301.438
301.447
301.456
301.466
301.475
301.484
301.492
301.501
301.509
301.518
301.526
301.533
301.541
301.548
301.556
301.563
301.569
301.576
301.583
301.589
301.595
301.601
301.606
301.612
301.617
301.622
301.627
301.631
301.636
301.64
301.644
301.648
301.651
301.655
301.658
301.661
301.664
301.667
301.669
301.672
301.674
301.676
301.677
301.679
301.68
301.682
301.683
301.684
301.684
301.685
301.685
301.685
301.685
301.685
301.684
301.683
301.682
301.681
301.679
301.677
301.674
301.672
301.669
301.665
301.661
301.656
301.651
301.645
301.639
301.632
301.623
301.614
301.604
301.593
301.581
301.567
301.552
301.535
301.517
301.496
301.474
301.45
301.423
301.394
301.362
301.328
301.292
301.253
301.212
300.57
300.578
300.586
300.595
300.603
300.612
300.62
300.629
300.638
300.647
300.656
300.665
300.675
300.684
300.693
300.703
300.713
300.722
300.732
300.742
300.752
300.762
300.772
300.782
300.792
300.802
300.813
300.823
300.833
300.844
300.854
300.865
300.875
300.886
300.896
300.907
300.918
300.928
300.939
300.95
300.96
300.971
300.982
300.992
301.003
301.013
301.024
301.035
301.045
301.056
301.067
301.077
301.088
301.098
301.109
301.119
301.13
301.14
301.15
301.16
301.171
301.181
301.191
301.201
301.211
301.221
301.23
301.24
301.25
301.259
301.268
301.277
301.287
301.295
301.304
301.313
301.321
301.33
301.338
301.346
301.354
301.362
301.369
301.376
301.384
301.391
301.397
301.404
301.411
301.417
301.423
301.429
301.434
301.44
301.445
301.45
301.455
301.46
301.465
301.469
301.473
301.477
301.481
301.485
301.488
301.492
301.495
301.498
301.5
301.503
301.505
301.508
301.51
301.511
301.513
301.515
301.516
301.517
301.518
301.519
301.52
301.52
301.521
301.521
301.521
301.52
301.52
301.519
301.518
301.517
301.515
301.513
301.511
301.509
301.506
301.502
301.499
301.494
301.49
301.484
301.478
301.472
301.464
301.456
301.447
301.437
301.425
301.413
301.399
301.384
301.367
301.349
301.329
301.307
301.283
301.258
301.23
301.2
301.168
301.133
301.097
300.502
300.509
300.516
300.523
300.53
300.538
300.545
300.553
300.561
300.569
300.576
300.584
300.592
300.601
300.609
300.617
300.625
300.634
300.642
300.651
300.66
300.668
300.677
300.686
300.695
300.704
300.713
300.722
300.731
300.74
300.75
300.759
300.768
300.777
300.787
300.796
300.806
300.815
300.824
300.834
300.843
300.853
300.862
300.872
300.881
300.891
300.901
300.91
300.92
300.929
300.939
300.948
300.958
300.967
300.977
300.986
300.996
301.005
301.014
301.024
301.033
301.042
301.052
301.061
301.07
301.079
301.088
301.097
301.105
301.114
301.123
301.131
301.139
301.148
301.156
301.164
301.172
301.179
301.187
301.194
301.202
301.209
301.216
301.223
301.229
301.236
301.242
301.248
301.254
301.26
301.266
301.272
301.277
301.282
301.287
301.292
301.297
301.301
301.305
301.309
301.313
301.317
301.321
301.324
301.328
301.331
301.334
301.336
301.339
301.341
301.344
301.346
301.348
301.349
301.351
301.353
301.354
301.355
301.356
301.357
301.357
301.358
301.358
301.358
301.358
301.358
301.358
301.357
301.356
301.355
301.353
301.352
301.35
301.347
301.345
301.342
301.338
301.335
301.33
301.325
301.32
301.314
301.307
301.3
301.291
301.282
301.272
301.261
301.249
301.235
301.22
301.204
301.186
301.167
301.146
301.123
301.099
301.073
301.045
301.015
300.983
300.436
300.443
300.449
300.455
300.461
300.468
300.474
300.481
300.487
300.494
300.501
300.508
300.514
300.521
300.529
300.536
300.543
300.55
300.558
300.565
300.572
300.58
300.588
300.595
300.603
300.611
300.619
300.626
300.634
300.642
300.65
300.658
300.667
300.675
300.683
300.691
300.699
300.708
300.716
300.724
300.732
300.741
300.749
300.758
300.766
300.774
300.783
300.791
300.8
300.808
300.817
300.825
300.834
300.842
300.851
300.859
300.868
300.876
300.884
300.893
300.901
300.91
300.918
300.926
300.934
300.942
300.95
300.958
300.966
300.974
300.982
300.99
300.997
301.005
301.012
301.02
301.027
301.034
301.041
301.048
301.054
301.061
301.067
301.074
301.08
301.086
301.092
301.097
301.103
301.108
301.114
301.119
301.124
301.129
301.133
301.138
301.142
301.146
301.15
301.154
301.158
301.161
301.165
301.168
301.171
301.174
301.176
301.179
301.182
301.184
301.186
301.188
301.19
301.191
301.193
301.194
301.196
301.197
301.198
301.198
301.199
301.2
301.2
301.2
301.2
301.2
301.199
301.199
301.198
301.197
301.196
301.194
301.192
301.19
301.188
301.185
301.182
301.179
301.175
301.17
301.166
301.16
301.154
301.148
301.14
301.132
301.123
301.113
301.102
301.09
301.077
301.063
301.047
301.031
301.012
300.993
300.971
300.949
300.924
300.899
300.871
300.375
300.38
300.385
300.391
300.396
300.401
300.407
300.413
300.418
300.424
300.43
300.435
300.441
300.447
300.453
300.459
300.465
300.472
300.478
300.484
300.491
300.497
300.504
300.51
300.517
300.523
300.53
300.537
300.544
300.551
300.557
300.564
300.571
300.578
300.585
300.592
300.6
300.607
300.614
300.621
300.628
300.636
300.643
300.65
300.658
300.665
300.672
300.68
300.687
300.694
300.702
300.709
300.717
300.724
300.732
300.739
300.747
300.754
300.762
300.769
300.776
300.784
300.791
300.798
300.806
300.813
300.82
300.827
300.834
300.841
300.848
300.855
300.862
300.869
300.876
300.882
300.889
300.895
300.901
300.908
300.914
300.92
300.925
300.931
300.937
300.942
300.948
300.953
300.958
300.963
300.968
300.972
300.977
300.981
300.985
300.989
300.993
300.997
301.001
301.004
301.008
301.011
301.014
301.017
301.02
301.023
301.025
301.028
301.03
301.032
301.034
301.036
301.038
301.039
301.041
301.042
301.043
301.044
301.045
301.046
301.046
301.047
301.047
301.047
301.047
301.047
301.047
301.046
301.045
301.045
301.043
301.042
301.041
301.039
301.037
301.034
301.032
301.028
301.025
301.021
301.017
301.012
301.007
301.001
300.994
300.987
300.979
300.971
300.961
300.951
300.939
300.927
300.914
300.899
300.883
300.866
300.848
300.829
300.808
300.786
300.763
300.318
300.322
300.327
300.331
300.336
300.34
300.345
300.349
300.354
300.359
300.364
300.369
300.374
300.379
300.384
300.389
300.394
300.399
300.404
300.41
300.415
300.421
300.426
300.432
300.437
300.443
300.448
300.454
300.46
300.466
300.472
300.477
300.483
300.489
300.495
300.501
300.507
300.513
300.52
300.526
300.532
300.538
300.544
300.551
300.557
300.563
300.57
300.576
300.582
300.589
300.595
300.602
300.608
300.615
300.621
300.628
300.634
300.641
300.647
300.653
300.66
300.666
300.673
300.679
300.686
300.692
300.698
300.705
300.711
300.717
300.723
300.729
300.735
300.741
300.747
300.753
300.759
300.765
300.77
300.776
300.781
300.786
300.792
300.797
300.802
300.807
300.811
300.816
300.821
300.825
300.829
300.834
300.838
300.842
300.846
300.849
300.853
300.856
300.86
300.863
300.866
300.869
300.872
300.874
300.877
300.879
300.882
300.884
300.886
300.888
300.89
300.891
300.893
300.894
300.896
300.897
300.898
300.899
300.9
300.901
300.901
300.902
300.902
300.902
300.902
300.902
300.902
300.901
300.901
300.9
300.899
300.898
300.896
300.895
300.893
300.891
300.888
300.886
300.883
300.879
300.876
300.871
300.867
300.862
300.856
300.85
300.843
300.836
300.827
300.819
300.809
300.798
300.787
300.774
300.761
300.747
300.731
300.715
300.697
300.679
300.659
300.266
300.27
300.273
300.277
300.281
300.284
300.288
300.292
300.296
300.3
300.304
300.308
300.312
300.316
300.32
300.325
300.329
300.333
300.338
300.342
300.346
300.351
300.355
300.36
300.365
300.369
300.374
300.379
300.384
300.389
300.393
300.398
300.403
300.408
300.413
300.418
300.424
300.429
300.434
300.439
300.444
300.449
300.455
300.46
300.465
300.471
300.476
300.482
300.487
300.492
300.498
300.503
300.509
300.514
300.52
300.525
300.531
300.537
300.542
300.548
300.553
300.559
300.564
300.57
300.575
300.581
300.586
300.592
300.597
300.603
300.608
300.613
300.619
300.624
300.629
300.634
300.639
300.644
300.649
300.654
300.659
300.663
300.668
300.672
300.677
300.681
300.685
300.689
300.693
300.697
300.701
300.705
300.709
300.712
300.715
300.719
300.722
300.725
300.728
300.731
300.734
300.736
300.739
300.741
300.744
300.746
300.748
300.75
300.752
300.753
300.755
300.757
300.758
300.759
300.761
300.762
300.763
300.764
300.764
300.765
300.766
300.766
300.766
300.766
300.766
300.766
300.766
300.766
300.765
300.765
300.764
300.763
300.762
300.76
300.759
300.757
300.755
300.753
300.75
300.747
300.744
300.74
300.736
300.732
300.727
300.722
300.716
300.71
300.703
300.695
300.687
300.678
300.668
300.658
300.647
300.635
300.622
300.608
300.594
300.578
300.562
300.22
300.222
300.225
300.228
300.231
300.234
300.238
300.241
300.244
300.247
300.25
300.254
300.257
300.26
300.264
300.267
300.271
300.274
300.278
300.282
300.285
300.289
300.293
300.296
300.3
300.304
300.308
300.312
300.316
300.32
300.324
300.328
300.332
300.336
300.34
300.345
300.349
300.353
300.357
300.362
300.366
300.37
300.375
300.379
300.384
300.388
300.393
300.397
300.402
300.406
300.411
300.415
300.42
300.425
300.429
300.434
300.439
300.443
300.448
300.453
300.458
300.462
300.467
300.472
300.476
300.481
300.486
300.49
300.495
300.5
300.504
300.509
300.513
300.518
300.522
300.527
300.531
300.535
300.539
300.544
300.548
300.552
300.556
300.56
300.563
300.567
300.571
300.574
300.578
300.581
300.585
300.588
300.591
300.594
300.597
300.6
300.603
300.606
300.608
300.611
300.613
300.616
300.618
300.62
300.622
300.624
300.626
300.628
300.629
300.631
300.632
300.634
300.635
300.636
300.637
300.638
300.639
300.64
300.641
300.641
300.642
300.642
300.642
300.643
300.643
300.643
300.642
300.642
300.642
300.641
300.64
300.64
300.639
300.637
300.636
300.635
300.633
300.631
300.629
300.626
300.624
300.62
300.617
300.613
300.609
300.605
300.6
300.595
300.589
300.583
300.576
300.568
300.56
300.552
300.543
300.533
300.522
300.511
300.499
300.486
300.473
300.179
300.181
300.184
300.186
300.189
300.191
300.194
300.196
300.199
300.201
300.204
300.207
300.209
300.212
300.215
300.218
300.22
300.223
300.226
300.229
300.232
300.235
300.238
300.241
300.244
300.248
300.251
300.254
300.257
300.26
300.264
300.267
300.27
300.274
300.277
300.281
300.284
300.288
300.291
300.295
300.298
300.302
300.305
300.309
300.313
300.316
300.32
300.324
300.328
300.331
300.335
300.339
300.343
300.347
300.351
300.355
300.358
300.362
300.366
300.37
300.374
300.378
300.382
300.386
300.39
300.394
300.398
300.402
300.406
300.409
300.413
300.417
300.421
300.425
300.428
300.432
300.436
300.439
300.443
300.447
300.45
300.454
300.457
300.46
300.464
300.467
300.47
300.473
300.476
300.479
300.482
300.485
300.487
300.49
300.493
300.495
300.498
300.5
300.502
300.505
300.507
300.509
300.511
300.513
300.514
300.516
300.518
300.519
300.521
300.522
300.523
300.525
300.526
300.527
300.528
300.529
300.529
300.53
300.531
300.531
300.532
300.532
300.532
300.533
300.533
300.533
300.532
300.532
300.532
300.531
300.531
300.53
300.529
300.528
300.527
300.526
300.525
300.523
300.521
300.519
300.517
300.514
300.511
300.508
300.505
300.501
300.497
300.493
300.488
300.483
300.477
300.471
300.465
300.458
300.45
300.442
300.433
300.424
300.415
300.404
300.393
300.145
300.147
300.149
300.151
300.153
300.155
300.157
300.159
300.161
300.163
300.165
300.167
300.169
300.172
300.174
300.176
300.178
300.181
300.183
300.185
300.188
300.19
300.193
300.195
300.198
300.2
300.203
300.205
300.208
300.211
300.213
300.216
300.219
300.222
300.224
300.227
300.23
300.233
300.236
300.239
300.242
300.244
300.247
300.25
300.253
300.256
300.26
300.263
300.266
300.269
300.272
300.275
300.278
300.281
300.285
300.288
300.291
300.294
300.298
300.301
300.304
300.307
300.311
300.314
300.317
300.321
300.324
300.327
300.33
300.334
300.337
300.34
300.343
300.346
300.349
300.353
300.356
300.359
300.362
300.365
300.368
300.371
300.373
300.376
300.379
300.382
300.384
300.387
300.39
300.392
300.395
300.397
300.399
300.402
300.404
300.406
300.408
300.41
300.412
300.414
300.416
300.418
300.419
300.421
300.423
300.424
300.425
300.427
300.428
300.429
300.43
300.432
300.433
300.433
300.434
300.435
300.436
300.436
300.437
300.437
300.438
300.438
300.439
300.439
300.439
300.439
300.439
300.439
300.438
300.438
300.437
300.437
300.436
300.435
300.434
300.433
300.432
300.431
300.429
300.428
300.426
300.424
300.421
300.419
300.416
300.413
300.41
300.406
300.402
300.398
300.393
300.388
300.383
300.377
300.371
300.365
300.358
300.35
300.342
300.334
300.325
300.118
300.12
300.121
300.123
300.124
300.126
300.128
300.129
300.131
300.133
300.134
300.136
300.138
300.14
300.141
300.143
300.145
300.147
300.149
300.151
300.153
300.155
300.157
300.159
300.161
300.163
300.165
300.167
300.169
300.172
300.174
300.176
300.178
300.18
300.183
300.185
300.187
300.19
300.192
300.194
300.197
300.199
300.202
300.204
300.207
300.209
300.212
300.214
300.217
300.219
300.222
300.225
300.227
300.23
300.233
300.235
300.238
300.241
300.243
300.246
300.249
300.252
300.254
300.257
300.26
300.262
300.265
300.268
300.271
300.273
300.276
300.279
300.281
300.284
300.287
300.289
300.292
300.294
300.297
300.3
300.302
300.305
300.307
300.309
300.312
300.314
300.316
300.319
300.321
300.323
300.325
300.327
300.329
300.331
300.333
300.335
300.337
300.338
300.34
300.342
300.343
300.345
300.346
300.348
300.349
300.35
300.352
300.353
300.354
300.355
300.356
300.357
300.358
300.359
300.359
300.36
300.361
300.361
300.362
300.362
300.363
300.363
300.363
300.363
300.363
300.364
300.363
300.363
300.363
300.363
300.362
300.362
300.361
300.361
300.36
300.359
300.358
300.357
300.356
300.354
300.353
300.351
300.349
300.347
300.345
300.342
300.339
300.336
300.333
300.33
300.326
300.322
300.317
300.313
300.308
300.302
300.297
300.291
300.284
300.278
300.271
300.099
300.1
300.102
300.103
300.104
300.106
300.107
300.108
300.11
300.111
300.113
300.114
300.116
300.117
300.119
300.12
300.122
300.123
300.125
300.127
300.128
300.13
300.132
300.133
300.135
300.137
300.138
300.14
300.142
300.144
300.146
300.148
300.15
300.151
300.153
300.155
300.157
300.159
300.161
300.163
300.165
300.167
300.17
300.172
300.174
300.176
300.178
300.18
300.182
300.185
300.187
300.189
300.191
300.194
300.196
300.198
300.2
300.203
300.205
300.207
300.21
300.212
300.214
300.217
300.219
300.221
300.224
300.226
300.228
300.231
300.233
300.235
300.238
300.24
300.242
300.244
300.247
300.249
300.251
300.253
300.255
300.257
300.26
300.262
300.264
300.266
300.268
300.27
300.272
300.273
300.275
300.277
300.279
300.281
300.282
300.284
300.285
300.287
300.289
300.29
300.291
300.293
300.294
300.295
300.297
300.298
300.299
300.3
300.301
300.302
300.303
300.304
300.304
300.305
300.306
300.306
300.307
300.307
300.308
300.308
300.309
300.309
300.309
300.309
300.309
300.31
300.31
300.309
300.309
300.309
300.309
300.308
300.308
300.307
300.307
300.306
300.305
300.304
300.303
300.302
300.3
300.299
300.297
300.295
300.294
300.291
300.289
300.287
300.284
300.281
300.278
300.274
300.271
300.267
300.262
300.258
300.253
300.248
300.243
300.237
300.231
300.089
300.09
300.091
300.092
300.094
300.095
300.096
300.097
300.098
300.1
300.101
300.102
300.104
300.105
300.106
300.108
300.109
300.111
300.112
300.113
300.115
300.116
300.118
300.119
300.121
300.123
300.124
300.126
300.127
300.129
300.131
300.132
300.134
300.136
300.138
300.139
300.141
300.143
300.145
300.147
300.148
300.15
300.152
300.154
300.156
300.158
300.16
300.162
300.164
300.166
300.168
300.17
300.172
300.174
300.176
300.178
300.18
300.182
300.184
300.186
300.189
300.191
300.193
300.195
300.197
300.199
300.201
300.203
300.205
300.208
300.21
300.212
300.214
300.216
300.218
300.22
300.222
300.224
300.226
300.228
300.23
300.232
300.234
300.236
300.238
300.24
300.241
300.243
300.245
300.247
300.248
300.25
300.252
300.253
300.255
300.256
300.258
300.259
300.261
300.262
300.263
300.264
300.266
300.267
300.268
300.269
300.27
300.271
300.272
300.273
300.274
300.275
300.275
300.276
300.277
300.277
300.278
300.278
300.279
300.279
300.279
300.28
300.28
300.28
300.28
300.28
300.28
300.28
300.28
300.28
300.28
300.279
300.279
300.278
300.278
300.277
300.276
300.275
300.274
300.273
300.272
300.271
300.269
300.268
300.266
300.264
300.262
300.259
300.257
300.254
300.251
300.248
300.245
300.242
300.238
300.234
300.229
300.225
300.22
300.215
300.21
302.613
301.966
301.524
301.19
300.929
300.722
300.557
300.427
300.323
300.242
300.179
300.131
300.094
300.067
300.047
300.032
300.022
300.015
300.01
300.006
300.004
300.002
300.001
300.001
300
300
300
300
300
300
300
300
300
300
300
300
300
300
300
300
300
300
300
300
300
300
300
300
300
300
300
302.611
301.965
301.523
301.19
300.929
300.722
300.557
300.427
300.323
300.242
300.179
300.131
300.094
300.067
300.047
300.032
300.022
300.015
300.01
300.006
300.004
300.002
300.001
300.001
300
300
300
300
300
300
300
300
300
300
300
300
300
300
300
300
300
300
300
300
300
300
300
300
300
300
300
302.605
301.964
301.523
301.19
300.929
300.722
300.557
300.427
300.323
300.242
300.179
300.131
300.094
300.067
300.047
300.032
300.022
300.015
300.01
300.006
300.004
300.002
300.001
300.001
300
300
300
300
300
300
300
300
300
300
300
300
300
300
300
300
300
300
300
300
300
300
300
300
300
300
300
302.596
301.962
301.522
301.189
300.929
300.722
300.557
300.427
300.323
300.242
300.179
300.131
300.094
300.067
300.047
300.032
300.022
300.015
300.01
300.006
300.004
300.002
300.001
300.001
300
300
300
300
300
300
300
300
300
300
300
300
300
300
300
300
300
300
300
300
300
300
300
300
300
300
300
302.584
301.959
301.521
301.189
300.929
300.722
300.558
300.427
300.323
300.242
300.179
300.131
300.094
300.067
300.047
300.032
300.022
300.015
300.01
300.006
300.004
300.002
300.001
300.001
300
300
300
300
300
300
300
300
300
300
300
300
300
300
300
300
300
300
300
300
300
300
300
300
300
300
300
302.569
301.955
301.519
301.188
300.928
300.722
300.557
300.427
300.323
300.242
300.179
300.131
300.095
300.067
300.047
300.033
300.022
300.015
300.01
300.006
300.004
300.002
300.001
300.001
300
300
300
300
300
300
300
300
300
300
300
300
300
300
300
300
300
300
300
300
300
300
300
300
300
300
300
302.55
301.949
301.517
301.187
300.928
300.722
300.557
300.427
300.323
300.242
300.179
300.131
300.095
300.067
300.047
300.033
300.022
300.015
300.01
300.006
300.004
300.002
300.001
300.001
300
300
300
300
300
300
300
300
300
300
300
300
300
300
300
300
300
300
300
300
300
300
300
300
300
300
300
302.528
301.942
301.514
301.186
300.927
300.721
300.557
300.427
300.323
300.242
300.179
300.131
300.095
300.067
300.047
300.033
300.022
300.015
300.01
300.006
300.004
300.002
300.001
300.001
300
300
300
300
300
300
300
300
300
300
300
300
300
300
300
300
300
300
300
300
300
300
300
300
300
300
300
302.502
301.933
301.51
301.183
300.926
300.721
300.557
300.427
300.323
300.242
300.18
300.131
300.095
300.067
300.047
300.033
300.022
300.015
300.01
300.006
300.004
300.002
300.001
300.001
300
300
300
300
300
300
300
300
300
300
300
300
300
300
300
300
300
300
300
300
300
300
300
300
300
300
300
302.472
301.922
301.505
301.181
300.924
300.72
300.557
300.426
300.323
300.242
300.18
300.131
300.095
300.067
300.047
300.033
300.022
300.015
300.01
300.006
300.004
300.002
300.001
300.001
300
300
300
300
300
300
300
300
300
300
300
300
300
300
300
300
300
300
300
300
300
300
300
300
300
300
300
302.439
301.908
301.498
301.177
300.922
300.719
300.556
300.426
300.323
300.242
300.18
300.131
300.095
300.067
300.047
300.033
300.022
300.015
300.01
300.006
300.004
300.002
300.001
300.001
300
300
300
300
300
300
300
300
300
300
300
300
300
300
300
300
300
300
300
300
300
300
300
300
300
300
300
302.401
301.892
301.49
301.173
300.92
300.717
300.555
300.425
300.323
300.242
300.179
300.131
300.095
300.068
300.047
300.033
300.022
300.015
300.01
300.006
300.004
300.002
300.001
300.001
300
300
300
300
300
300
300
300
300
300
300
300
300
300
300
300
300
300
300
300
300
300
300
300
300
300
300
302.36
301.872
301.48
301.167
300.916
300.715
300.553
300.424
300.322
300.242
300.179
300.131
300.095
300.067
300.047
300.033
300.022
300.015
300.01
300.006
300.004
300.002
300.001
300.001
300
300
300
300
300
300
300
300
300
300
300
300
300
300
300
300
300
300
300
300
300
300
300
300
300
300
300
302.314
301.849
301.467
301.159
300.912
300.712
300.552
300.423
300.321
300.241
300.179
300.131
300.095
300.067
300.047
300.033
300.022
300.015
300.01
300.006
300.004
300.002
300.001
300.001
300
300
300
300
300
300
300
300
300
300
300
300
300
300
300
300
300
300
300
300
300
300
300
300
300
300
300
302.264
301.823
301.452
301.15
300.906
300.708
300.549
300.422
300.32
300.241
300.179
300.131
300.095
300.067
300.047
300.033
300.022
300.015
300.01
300.006
300.004
300.002
300.001
300.001
300
300
300
300
300
300
300
300
300
300
300
300
300
300
300
300
300
300
300
300
300
300
300
300
300
300
300
302.21
301.792
301.434
301.139
300.899
300.704
300.546
300.42
300.319
300.24
300.178
300.13
300.094
300.067
300.047
300.033
300.022
300.015
300.01
300.006
300.004
300.002
300.001
300.001
300
300
300
300
300
300
300
300
300
300
300
300
300
300
300
300
300
300
300
300
300
300
300
300
300
300
300
302.151
301.757
301.413
301.126
300.89
300.698
300.542
300.417
300.317
300.238
300.177
300.13
300.094
300.067
300.047
300.033
300.022
300.015
300.01
300.006
300.004
300.002
300.001
300.001
300
300
300
300
300
300
300
300
300
300
300
300
300
300
300
300
300
300
300
300
300
300
300
300
300
300
300
302.088
301.718
301.388
301.11
300.879
300.691
300.537
300.413
300.315
300.237
300.176
300.129
300.093
300.067
300.047
300.032
300.022
300.015
300.01
300.006
300.004
300.002
300.001
300.001
300
300
300
300
300
300
300
300
300
300
300
300
300
300
300
300
300
300
300
300
300
300
300
300
300
300
300
302.02
301.674
301.36
301.091
300.867
300.682
300.531
300.409
300.312
300.235
300.175
300.128
300.093
300.066
300.047
300.032
300.022
300.015
300.01
300.006
300.004
300.002
300.001
300.001
300
300
300
300
300
300
300
300
300
300
300
300
300
300
300
300
300
300
300
300
300
300
300
300
300
300
300
301.948
301.625
301.327
301.069
300.852
300.672
300.524
300.404
300.308
300.232
300.173
300.127
300.092
300.066
300.046
300.032
300.022
300.015
300.01
300.006
300.004
300.002
300.001
300.001
300
300
300
300
300
300
300
300
300
300
300
300
300
300
300
300
300
300
300
300
300
300
300
300
300
300
300
301.871
301.571
301.291
301.044
300.834
300.659
300.515
300.398
300.304
300.229
300.171
300.125
300.091
300.065
300.046
300.032
300.022
300.014
300.01
300.006
300.004
300.002
300.001
300.001
300
300
300
300
300
300
300
300
300
300
300
300
300
300
300
300
300
300
300
300
300
300
300
300
300
300
300
301.79
301.513
301.25
301.016
300.814
300.645
300.505
300.391
300.299
300.226
300.168
300.124
300.09
300.064
300.045
300.031
300.021
300.014
300.009
300.006
300.004
300.002
300.001
300.001
300
300
300
300
300
300
300
300
300
300
300
300
300
300
300
300
300
300
300
300
300
300
300
300
300
300
300
301.705
301.45
301.204
300.983
300.791
300.628
300.493
300.382
300.293
300.221
300.165
300.121
300.088
300.063
300.044
300.031
300.021
300.014
300.009
300.006
300.004
300.002
300.001
300.001
300
300
300
300
300
300
300
300
300
300
300
300
300
300
300
300
300
300
300
300
300
300
300
300
300
300
300
301.616
301.382
301.155
300.947
300.765
300.609
300.479
300.372
300.285
300.216
300.161
300.119
300.086
300.062
300.044
300.03
300.021
300.014
300.009
300.006
300.004
300.002
300.001
300.001
300
300
300
300
300
300
300
300
300
300
300
300
300
300
300
300
300
300
300
300
300
300
300
300
300
300
300
301.523
301.31
301.1
300.907
300.735
300.588
300.464
300.361
300.277
300.21
300.157
300.116
300.084
300.06
300.043
300.03
300.02
300.014
300.009
300.006
300.004
300.002
300.001
300.001
300
300
300
300
300
300
300
300
300
300
300
300
300
300
300
300
300
300
300
300
300
300
300
300
300
300
300
301.427
301.233
301.042
300.863
300.703
300.564
300.446
300.348
300.268
300.203
300.152
300.112
300.082
300.059
300.041
300.029
300.02
300.013
300.009
300.006
300.003
300.002
300.001
300.001
300
300
300
300
300
300
300
300
300
300
300
300
300
300
300
300
300
300
300
300
300
300
300
300
300
300
300
301.327
301.153
300.979
300.815
300.667
300.537
300.426
300.333
300.257
300.195
300.147
300.108
300.079
300.057
300.04
300.028
300.019
300.013
300.008
300.005
300.003
300.002
300.001
300.001
300
300
300
300
300
300
300
300
300
300
300
300
300
300
300
300
300
300
300
300
300
300
300
300
300
300
300
301.226
301.07
300.913
300.764
300.628
300.507
300.404
300.317
300.245
300.187
300.14
300.104
300.076
300.054
300.039
300.027
300.018
300.012
300.008
300.005
300.003
300.002
300.001
300
300
300
300
300
300
300
300
300
300
300
300
300
300
300
300
300
300
300
300
300
300
300
300
300
300
300
300
301.122
300.984
300.844
300.71
300.586
300.476
300.38
300.299
300.232
300.177
300.133
300.099
300.072
300.052
300.037
300.026
300.018
300.012
300.008
300.005
300.003
300.002
300.001
300
300
300
300
300
300
300
300
300
300
300
300
300
300
300
300
300
300
300
300
300
300
300
300
300
300
300
300
301.018
300.897
300.773
300.653
300.542
300.441
300.354
300.279
300.217
300.166
300.125
300.093
300.068
300.049
300.035
300.024
300.017
300.011
300.007
300.005
300.003
300.002
300.001
300
300
300
300
300
300
300
300
300
300
300
300
300
300
300
300
300
300
300
300
300
300
300
300
300
300
300
300
300.915
300.809
300.7
300.595
300.495
300.405
300.326
300.258
300.202
300.155
300.117
300.087
300.064
300.046
300.033
300.023
300.016
300.011
300.007
300.004
300.003
300.002
300.001
300
300
300
300
300
300
300
300
300
300
300
300
300
300
300
300
300
300
300
300
300
300
300
300
300
300
300
300
300.812
300.721
300.627
300.535
300.448
300.368
300.297
300.236
300.185
300.142
300.108
300.081
300.059
300.043
300.03
300.021
300.015
300.01
300.006
300.004
300.003
300.001
300.001
300
300
300
300
300
300
300
300
300
300
300
300
300
300
300
300
300
300
300
300
300
300
300
300
300
300
300
300
300.713
300.635
300.555
300.475
300.399
300.33
300.268
300.214
300.168
300.129
300.098
300.074
300.054
300.039
300.028
300.02
300.013
300.009
300.006
300.004
300.002
300.001
300.001
300
300
300
300
300
300
300
300
300
300
300
300
299.999
299.999
299.999
299.999
299.999
299.999
299.999
299.999
299.999
299.999
299.999
299.999
299.999
299.999
299.999
299.999
300.617
300.552
300.484
300.416
300.352
300.292
300.238
300.19
300.15
300.116
300.089
300.066
300.049
300.036
300.025
300.018
300.012
300.008
300.005
300.003
300.002
300.001
300.001
300
300
300
300
300
300
300
300
299.999
299.999
299.999
299.999
299.999
299.999
299.999
299.999
299.999
299.999
299.999
299.999
299.999
299.999
299.999
299.999
299.999
299.999
299.999
299.999
300.527
300.473
300.416
300.36
300.305
300.254
300.208
300.167
300.132
300.103
300.079
300.059
300.044
300.032
300.023
300.016
300.011
300.007
300.005
300.003
300.002
300.001
300
300
300
300
300
300
300
299.999
299.999
299.999
299.999
299.999
299.999
299.999
299.999
299.999
299.999
299.999
299.999
299.999
299.999
299.999
299.999
299.999
299.999
299.999
299.999
299.999
299.999
300.444
300.4
300.353
300.307
300.261
300.219
300.18
300.145
300.115
300.09
300.069
300.052
300.039
300.028
300.02
300.014
300.01
300.006
300.004
300.003
300.002
300.001
300
300
300
300
300
300
299.999
299.999
299.999
299.999
299.999
299.999
299.999
299.999
299.999
299.999
299.999
299.999
299.999
299.999
299.999
299.999
299.999
299.999
299.999
299.999
299.999
299.999
299.999
300.37
300.334
300.296
300.258
300.221
300.186
300.153
300.124
300.099
300.078
300.06
300.045
300.034
300.025
300.018
300.012
300.008
300.006
300.004
300.002
300.001
300.001
300
300
300
300
300
300
299.999
299.999
299.999
299.999
299.999
299.999
299.999
299.999
299.999
299.999
299.999
299.999
299.999
299.999
299.999
299.999
299.999
299.999
299.999
299.999
299.999
299.999
299.999
300.307
300.277
300.247
300.216
300.186
300.157
300.13
300.106
300.085
300.067
300.052
300.039
300.029
300.021
300.015
300.011
300.007
300.005
300.003
300.002
300.001
300
300
300
300
300
300
299.999
299.999
299.999
299.999
299.999
299.999
299.999
299.999
299.999
299.999
299.999
299.999
299.999
299.999
299.999
299.999
299.999
299.999
299.999
299.999
299.999
299.999
299.999
299.999
300.255
300.232
300.207
300.182
300.157
300.133
300.111
300.091
300.073
300.058
300.045
300.034
300.025
300.019
300.013
300.009
300.006
300.004
300.003
300.002
300.001
300
300
300
300
300
300
299.999
299.999
299.999
299.999
299.999
299.999
299.999
299.999
299.999
299.999
299.999
299.999
299.999
299.999
299.999
299.999
299.999
299.999
299.999
299.999
299.999
299.999
299.999
299.999
300.218
300.199
300.178
300.157
300.136
300.116
300.097
300.079
300.064
300.051
300.039
300.03
300.023
300.017
300.012
300.008
300.006
300.004
300.002
300.001
300.001
300
300
300
300
300
299.999
299.999
299.999
299.999
299.999
299.999
299.999
299.999
299.999
299.999
299.999
299.999
299.999
299.999
299.999
299.999
299.999
299.999
299.999
299.999
299.999
299.999
299.999
299.999
299.999
300.198
300.181
300.162
300.143
300.124
300.106
300.089
300.073
300.059
300.047
300.037
300.028
300.021
300.015
300.011
300.008
300.005
300.004
300.002
300.001
300.001
300
300
300
300
300
299.999
299.999
299.999
299.999
299.999
299.999
299.999
299.999
299.999
299.999
299.999
299.999
299.999
299.999
299.999
299.999
299.999
299.999
299.999
299.999
299.999
299.999
299.999
299.999
299.999
)
;

boundaryField
{
    inlet
    {
        type            fixedValue;
        value           uniform 300;
    }
    outlet
    {
        type            zeroGradient;
    }
    top
    {
        type            zeroGradient;
    }
    slip-bottom
    {
        type            zeroGradient;
    }
    bottom
    {
        type            zeroGradient;
    }
    interface
    {
        type            fixedGradient;
        gradient        nonuniform List<scalar> 
161
(
66.7609
66.7609
45.5965
45.5965
45.5965
45.5965
34.1556
34.1556
34.1556
34.1556
29.6504
29.6504
29.6504
28.8873
28.8873
28.8873
28.8873
26.5407
26.5407
26.5407
25.7645
25.7645
25.7645
25.325
25.325
25.325
24.7669
24.7669
24.7669
24.2796
24.2796
24.2796
23.844
23.844
23.844
23.43
23.43
23.43
23.0489
23.0489
23.0489
22.3112
22.3112
22.8626
22.8626
22.8626
22.1618
22.1618
22.5017
22.5017
22.5017
21.8474
21.8474
21.8704
21.8704
21.8704
21.9854
21.9854
22.199
22.199
21.474
21.474
21.4357
21.4357
21.4893
21.4893
21.436
21.436
21.436
21.3664
21.3664
21.2979
21.2272
21.2272
21.1432
21.1432
21.0719
21.0719
20.7895
20.7895
21.1866
21.1866
21.0467
21.0467
20.8901
20.6587
20.6587
20.9432
20.9432
20.8386
20.5805
20.5805
20.823
20.611
20.611
20.7573
20.7573
20.5642
20.6912
20.6912
20.5305
20.639
20.4992
20.4992
20.5137
20.6028
20.6028
20.459
20.5187
20.4304
20.4304
20.4381
20.4622
20.49
20.49
20.4179
20.428
20.4456
20.4545
20.4545
20.434
20.4413
20.4476
20.4471
20.419
20.4734
20.4734
20.4793
20.473
20.4708
20.4673
20.4622
20.4556
20.4473
20.4375
20.4265
20.4147
20.4025
20.3907
20.3804
20.3728
20.3695
20.3721
20.3823
20.402
20.4347
20.4863
20.5703
20.7175
20.8385
20.4352
20.4682
20.9958
21.3598
21.864
22.4906
25.1293
22.6409
25.4589
28.2715
39.0243
)
;
    }
    defaultFaces
    {
        type            empty;
    }
}


// ************************************************************************* //
