/*--------------------------------*- C++ -*----------------------------------*\
| =========                 |                                                 |
| \\      /  F ield         | OpenFOAM: The Open Source CFD Toolbox           |
|  \\    /   O peration     | Version:  2106                                  |
|   \\  /    A nd           | Website:  www.openfoam.com                      |
|    \\/     M anipulation  |                                                 |
\*---------------------------------------------------------------------------*/
FoamFile
{
    version     2.0;
    format      ascii;
    arch        "LSB;label=32;scalar=64";
    class       volScalarField;
    location    "3.6";
    object      T;
}
// * * * * * * * * * * * * * * * * * * * * * * * * * * * * * * * * * * * * * //

dimensions      [0 0 0 1 0 0 0];

internalField   nonuniform List<scalar> 
12013
(
300.003
300.008
300.013
300.019
300.025
300.031
300.038
300.045
300.052
300.059
300.067
300.076
300.084
300.094
300.103
300.113
300.124
300.135
300.147
300.159
300.171
300.184
300.198
300.213
300.227
300.243
300.259
300.276
300.293
300.311
300.33
300.35
300.37
300.391
300.412
300.435
300.458
300.482
300.506
300.532
300.558
300.585
300.613
300.642
300.672
300.702
300.734
300.766
300.8
300.834
300.87
300.906
300.944
300.982
301.022
301.063
301.105
301.148
301.193
301.239
301.286
301.335
301.385
301.437
301.49
301.545
301.602
301.662
301.723
301.787
301.853
301.922
301.995
302.071
302.151
302.236
302.327
302.426
302.535
302.659
302.806
300.003
300.008
300.013
300.019
300.025
300.031
300.038
300.045
300.052
300.059
300.067
300.076
300.084
300.094
300.103
300.113
300.124
300.135
300.147
300.159
300.171
300.184
300.198
300.213
300.227
300.243
300.259
300.276
300.293
300.311
300.33
300.35
300.37
300.391
300.412
300.435
300.458
300.482
300.506
300.532
300.558
300.585
300.613
300.642
300.672
300.702
300.734
300.766
300.8
300.834
300.869
300.906
300.943
300.982
301.022
301.063
301.105
301.148
301.192
301.238
301.285
301.334
301.384
301.436
301.489
301.544
301.602
301.661
301.722
301.785
301.851
301.92
301.992
302.068
302.147
302.231
302.321
302.418
302.522
302.637
302.764
300.003
300.008
300.013
300.019
300.025
300.031
300.038
300.045
300.052
300.059
300.067
300.076
300.084
300.094
300.103
300.113
300.124
300.135
300.147
300.159
300.171
300.184
300.198
300.212
300.227
300.243
300.259
300.276
300.293
300.311
300.33
300.35
300.37
300.391
300.412
300.435
300.458
300.482
300.506
300.532
300.558
300.585
300.613
300.642
300.671
300.702
300.734
300.766
300.799
300.834
300.869
300.906
300.943
300.981
301.021
301.062
301.104
301.147
301.191
301.237
301.284
301.333
301.383
301.434
301.488
301.543
301.599
301.658
301.719
301.782
301.847
301.916
301.987
302.061
302.139
302.221
302.308
302.4
302.498
302.602
302.709
300.003
300.008
300.013
300.019
300.025
300.031
300.038
300.045
300.052
300.059
300.067
300.076
300.084
300.094
300.103
300.113
300.124
300.135
300.147
300.159
300.171
300.184
300.198
300.212
300.227
300.243
300.259
300.276
300.293
300.311
300.33
300.349
300.37
300.39
300.412
300.434
300.457
300.481
300.506
300.531
300.558
300.585
300.613
300.641
300.671
300.702
300.733
300.765
300.799
300.833
300.868
300.905
300.942
300.981
301.02
301.061
301.103
301.146
301.19
301.236
301.283
301.331
301.381
301.432
301.485
301.54
301.596
301.654
301.714
301.777
301.841
301.908
301.978
302.051
302.127
302.206
302.289
302.375
302.465
302.558
302.652
300.003
300.008
300.013
300.019
300.025
300.031
300.038
300.045
300.052
300.059
300.067
300.076
300.084
300.094
300.103
300.113
300.124
300.135
300.146
300.159
300.171
300.184
300.198
300.212
300.227
300.243
300.259
300.276
300.293
300.311
300.33
300.349
300.369
300.39
300.412
300.434
300.457
300.481
300.506
300.531
300.557
300.584
300.612
300.641
300.671
300.701
300.732
300.765
300.798
300.832
300.867
300.904
300.941
300.979
301.019
301.059
301.101
301.144
301.188
301.233
301.28
301.328
301.378
301.428
301.481
301.535
301.591
301.648
301.708
301.769
301.833
301.898
301.966
302.037
302.11
302.185
302.264
302.344
302.427
302.51
302.593
300.003
300.008
300.013
300.019
300.025
300.031
300.038
300.044
300.052
300.059
300.067
300.076
300.084
300.094
300.103
300.113
300.124
300.135
300.146
300.158
300.171
300.184
300.198
300.212
300.227
300.243
300.259
300.275
300.293
300.311
300.33
300.349
300.369
300.39
300.411
300.434
300.457
300.481
300.505
300.531
300.557
300.584
300.612
300.64
300.67
300.7
300.731
300.764
300.797
300.831
300.866
300.902
300.939
300.978
301.017
301.057
301.099
301.141
301.185
301.23
301.277
301.324
301.373
301.424
301.475
301.529
301.584
301.64
301.699
301.759
301.821
301.885
301.951
302.018
302.088
302.16
302.233
302.308
302.383
302.459
302.533
300.003
300.008
300.013
300.019
300.025
300.031
300.038
300.044
300.052
300.059
300.067
300.076
300.084
300.093
300.103
300.113
300.124
300.135
300.146
300.158
300.171
300.184
300.198
300.212
300.227
300.242
300.259
300.275
300.293
300.311
300.329
300.349
300.369
300.39
300.411
300.433
300.456
300.48
300.505
300.53
300.556
300.583
300.611
300.639
300.669
300.699
300.73
300.762
300.795
300.829
300.864
300.9
300.937
300.975
301.014
301.054
301.096
301.138
301.181
301.226
301.272
301.319
301.367
301.417
301.468
301.521
301.575
301.63
301.687
301.746
301.806
301.868
301.931
301.996
302.062
302.13
302.198
302.267
302.337
302.405
302.473
300.003
300.008
300.013
300.019
300.025
300.031
300.038
300.044
300.052
300.059
300.067
300.075
300.084
300.093
300.103
300.113
300.124
300.135
300.146
300.158
300.171
300.184
300.198
300.212
300.227
300.242
300.258
300.275
300.292
300.31
300.329
300.348
300.368
300.389
300.41
300.433
300.456
300.479
300.504
300.529
300.555
300.582
300.61
300.638
300.667
300.698
300.729
300.761
300.794
300.827
300.862
300.898
300.935
300.972
301.011
301.051
301.092
301.134
301.177
301.221
301.266
301.313
301.36
301.409
301.459
301.511
301.564
301.618
301.673
301.73
301.788
301.847
301.908
301.97
302.032
302.096
302.16
302.224
302.287
302.35
302.412
300.003
300.008
300.013
300.019
300.025
300.031
300.038
300.044
300.052
300.059
300.067
300.075
300.084
300.093
300.103
300.113
300.123
300.134
300.146
300.158
300.171
300.184
300.197
300.212
300.226
300.242
300.258
300.275
300.292
300.31
300.328
300.348
300.368
300.388
300.41
300.432
300.455
300.478
300.503
300.528
300.554
300.581
300.608
300.636
300.666
300.696
300.727
300.758
300.791
300.825
300.859
300.895
300.931
300.969
301.007
301.046
301.087
301.128
301.171
301.214
301.259
301.305
301.351
301.399
301.449
301.499
301.55
301.603
301.656
301.711
301.767
301.824
301.881
301.94
301.999
302.058
302.118
302.177
302.236
302.294
302.351
300.003
300.008
300.013
300.019
300.025
300.031
300.037
300.044
300.052
300.059
300.067
300.075
300.084
300.093
300.103
300.113
300.123
300.134
300.146
300.158
300.17
300.183
300.197
300.211
300.226
300.241
300.257
300.274
300.291
300.309
300.328
300.347
300.367
300.388
300.409
300.431
300.454
300.477
300.502
300.527
300.552
300.579
300.606
300.635
300.664
300.694
300.724
300.756
300.788
300.822
300.856
300.891
300.927
300.964
301.002
301.041
301.081
301.121
301.163
301.206
301.25
301.295
301.341
301.388
301.435
301.484
301.534
301.585
301.637
301.689
301.743
301.797
301.851
301.907
301.962
302.018
302.073
302.128
302.183
302.236
302.289
300.003
300.008
300.013
300.019
300.025
300.031
300.037
300.044
300.051
300.059
300.067
300.075
300.084
300.093
300.103
300.113
300.123
300.134
300.145
300.157
300.17
300.183
300.197
300.211
300.226
300.241
300.257
300.273
300.291
300.309
300.327
300.346
300.366
300.387
300.408
300.43
300.452
300.476
300.5
300.525
300.551
300.577
300.604
300.632
300.661
300.691
300.721
300.753
300.785
300.818
300.852
300.886
300.922
300.958
300.996
301.034
301.073
301.114
301.155
301.197
301.239
301.283
301.328
301.374
301.42
301.467
301.515
301.564
301.614
301.664
301.715
301.767
301.818
301.87
301.922
301.974
302.026
302.077
302.128
302.178
302.226
300.003
300.008
300.013
300.019
300.025
300.031
300.037
300.044
300.051
300.059
300.067
300.075
300.084
300.093
300.102
300.112
300.123
300.134
300.145
300.157
300.17
300.183
300.196
300.21
300.225
300.24
300.256
300.273
300.29
300.308
300.326
300.345
300.365
300.385
300.406
300.428
300.451
300.474
300.498
300.523
300.548
300.575
300.602
300.629
300.658
300.687
300.718
300.749
300.78
300.813
300.846
300.881
300.916
300.952
300.989
301.026
301.065
301.104
301.144
301.185
301.227
301.27
301.313
301.357
301.402
301.448
301.494
301.541
301.589
301.637
301.685
301.733
301.782
301.831
301.88
301.928
301.977
302.024
302.071
302.118
302.163
300.003
300.008
300.013
300.019
300.025
300.031
300.037
300.044
300.051
300.059
300.067
300.075
300.083
300.093
300.102
300.112
300.122
300.133
300.145
300.157
300.169
300.182
300.196
300.21
300.224
300.24
300.255
300.272
300.289
300.307
300.325
300.344
300.364
300.384
300.405
300.427
300.449
300.472
300.496
300.52
300.546
300.572
300.598
300.626
300.654
300.683
300.713
300.744
300.775
300.807
300.84
300.874
300.909
300.944
300.98
301.017
301.054
301.093
301.132
301.172
301.213
301.254
301.296
301.339
301.382
301.426
301.47
301.515
301.56
301.606
301.652
301.697
301.743
301.789
301.835
301.88
301.925
301.97
302.014
302.057
302.099
300.003
300.008
300.013
300.019
300.025
300.031
300.037
300.044
300.051
300.059
300.066
300.075
300.083
300.092
300.102
300.112
300.122
300.133
300.144
300.156
300.169
300.181
300.195
300.209
300.224
300.239
300.254
300.271
300.288
300.305
300.324
300.342
300.362
300.382
300.403
300.424
300.447
300.47
300.493
300.518
300.543
300.568
300.595
300.622
300.65
300.679
300.708
300.738
300.769
300.801
300.833
300.866
300.9
300.935
300.97
301.006
301.043
301.08
301.118
301.157
301.196
301.236
301.277
301.318
301.359
301.401
301.444
301.486
301.529
301.572
301.616
301.659
301.702
301.745
301.788
301.83
301.872
301.914
301.955
301.995
302.034
300.003
300.008
300.013
300.019
300.024
300.031
300.037
300.044
300.051
300.058
300.066
300.074
300.083
300.092
300.101
300.111
300.122
300.132
300.144
300.156
300.168
300.181
300.194
300.208
300.223
300.238
300.253
300.27
300.286
300.304
300.322
300.341
300.36
300.38
300.401
300.422
300.444
300.467
300.49
300.514
300.539
300.564
300.59
300.617
300.645
300.673
300.702
300.732
300.762
300.793
300.825
300.857
300.89
300.924
300.958
300.993
301.029
301.065
301.102
301.14
301.178
301.216
301.255
301.294
301.334
301.374
301.414
301.455
301.496
301.536
301.577
301.618
301.658
301.699
301.739
301.778
301.818
301.856
301.894
301.932
301.969
300.002
300.008
300.013
300.019
300.024
300.03
300.037
300.044
300.051
300.058
300.066
300.074
300.083
300.092
300.101
300.111
300.121
300.132
300.143
300.155
300.167
300.18
300.193
300.207
300.221
300.236
300.252
300.268
300.285
300.302
300.32
300.339
300.358
300.378
300.398
300.419
300.441
300.463
300.486
300.51
300.534
300.56
300.585
300.612
300.639
300.666
300.695
300.724
300.754
300.784
300.815
300.847
300.879
300.912
300.945
300.979
301.014
301.049
301.084
301.12
301.157
301.194
301.231
301.269
301.306
301.345
301.383
301.421
301.46
301.498
301.536
301.575
301.613
301.65
301.688
301.725
301.761
301.797
301.833
301.868
301.902
300.002
300.008
300.013
300.018
300.024
300.03
300.037
300.043
300.05
300.058
300.066
300.074
300.082
300.091
300.1
300.11
300.12
300.131
300.142
300.154
300.166
300.179
300.192
300.206
300.22
300.235
300.25
300.266
300.283
300.3
300.318
300.336
300.355
300.375
300.395
300.416
300.437
300.459
300.482
300.505
300.529
300.554
300.579
300.605
300.632
300.659
300.687
300.715
300.744
300.774
300.804
300.835
300.866
300.898
300.93
300.963
300.996
301.03
301.064
301.099
301.134
301.169
301.205
301.241
301.276
301.313
301.349
301.385
301.421
301.457
301.493
301.529
301.565
301.6
301.635
301.67
301.704
301.738
301.771
301.803
301.835
300.002
300.008
300.013
300.018
300.024
300.03
300.037
300.043
300.05
300.058
300.065
300.073
300.082
300.091
300.1
300.11
300.12
300.13
300.141
300.153
300.165
300.178
300.191
300.204
300.219
300.233
300.248
300.264
300.281
300.298
300.315
300.333
300.352
300.371
300.391
300.412
300.433
300.455
300.477
300.5
300.523
300.548
300.572
300.598
300.624
300.65
300.677
300.705
300.733
300.762
300.791
300.821
300.852
300.882
300.914
300.945
300.977
301.01
301.042
301.075
301.109
301.142
301.176
301.21
301.244
301.278
301.312
301.347
301.381
301.414
301.448
301.482
301.515
301.548
301.581
301.613
301.645
301.676
301.707
301.738
301.768
300.002
300.007
300.013
300.018
300.024
300.03
300.036
300.043
300.05
300.057
300.065
300.073
300.081
300.09
300.099
300.109
300.119
300.129
300.14
300.152
300.164
300.176
300.189
300.203
300.217
300.231
300.246
300.262
300.278
300.295
300.312
300.33
300.348
300.367
300.387
300.407
300.428
300.449
300.471
300.494
300.517
300.54
300.565
300.589
300.615
300.64
300.667
300.694
300.721
300.749
300.777
300.806
300.835
300.865
300.895
300.925
300.956
300.987
301.018
301.05
301.081
301.113
301.145
301.177
301.21
301.242
301.274
301.306
301.338
301.37
301.401
301.433
301.464
301.495
301.525
301.555
301.585
301.614
301.643
301.672
301.7
300.002
300.007
300.013
300.018
300.024
300.03
300.036
300.043
300.049
300.057
300.064
300.072
300.081
300.089
300.098
300.108
300.118
300.128
300.139
300.151
300.162
300.175
300.187
300.201
300.215
300.229
300.244
300.259
300.275
300.292
300.309
300.326
300.344
300.363
300.382
300.402
300.422
300.443
300.465
300.487
300.509
300.532
300.556
300.58
300.604
300.629
300.655
300.681
300.707
300.734
300.762
300.789
300.817
300.846
300.874
300.904
300.933
300.962
300.992
301.022
301.052
301.082
301.112
301.143
301.173
301.203
301.233
301.264
301.293
301.323
301.353
301.382
301.411
301.44
301.468
301.497
301.524
301.552
301.579
301.605
301.631
300.002
300.007
300.013
300.018
300.024
300.029
300.036
300.042
300.049
300.056
300.064
300.072
300.08
300.088
300.097
300.107
300.117
300.127
300.138
300.149
300.161
300.173
300.185
300.198
300.212
300.226
300.241
300.256
300.272
300.288
300.304
300.322
300.339
300.358
300.377
300.396
300.416
300.436
300.457
300.478
300.5
300.523
300.546
300.569
300.593
300.617
300.642
300.667
300.692
300.718
300.744
300.771
300.798
300.825
300.852
300.88
300.908
300.936
300.964
300.992
301.021
301.049
301.078
301.106
301.135
301.163
301.191
301.219
301.247
301.275
301.303
301.33
301.357
301.384
301.411
301.437
301.462
301.488
301.513
301.538
301.562
300.002
300.007
300.012
300.018
300.023
300.029
300.035
300.042
300.049
300.056
300.063
300.071
300.079
300.087
300.096
300.106
300.115
300.126
300.136
300.147
300.159
300.171
300.183
300.196
300.209
300.223
300.237
300.252
300.268
300.284
300.3
300.317
300.334
300.352
300.37
300.389
300.408
300.428
300.449
300.469
300.491
300.512
300.534
300.557
300.58
300.603
300.627
300.651
300.675
300.7
300.725
300.751
300.776
300.802
300.828
300.854
300.881
300.907
300.934
300.961
300.987
301.014
301.041
301.068
301.094
301.121
301.147
301.174
301.2
301.226
301.251
301.277
301.302
301.327
301.352
301.376
301.4
301.424
301.447
301.47
301.493
300.002
300.007
300.012
300.018
300.023
300.029
300.035
300.041
300.048
300.055
300.062
300.07
300.078
300.086
300.095
300.104
300.114
300.124
300.134
300.145
300.156
300.168
300.18
300.193
300.206
300.22
300.234
300.248
300.263
300.279
300.295
300.311
300.328
300.345
300.363
300.382
300.4
300.419
300.439
300.459
300.48
300.501
300.522
300.544
300.566
300.588
300.611
300.634
300.657
300.681
300.705
300.729
300.753
300.778
300.802
300.827
300.852
300.877
300.902
300.927
300.952
300.977
301.002
301.027
301.052
301.077
301.102
301.126
301.151
301.175
301.199
301.222
301.246
301.269
301.292
301.315
301.337
301.359
301.381
301.402
301.423
300.002
300.007
300.012
300.017
300.023
300.028
300.034
300.041
300.047
300.054
300.061
300.069
300.077
300.085
300.094
300.103
300.112
300.122
300.132
300.143
300.154
300.165
300.177
300.19
300.202
300.216
300.229
300.244
300.258
300.273
300.289
300.305
300.321
300.338
300.355
300.373
300.391
300.41
300.429
300.448
300.468
300.488
300.508
300.529
300.55
300.571
300.593
300.615
300.637
300.66
300.682
300.705
300.728
300.751
300.775
300.798
300.821
300.845
300.868
300.892
300.916
300.939
300.962
300.986
301.009
301.032
301.055
301.078
301.101
301.123
301.145
301.167
301.189
301.21
301.232
301.253
301.273
301.294
301.314
301.334
301.353
300.002
300.007
300.012
300.017
300.022
300.028
300.034
300.04
300.047
300.053
300.06
300.068
300.076
300.084
300.092
300.101
300.11
300.12
300.13
300.14
300.151
300.162
300.174
300.186
300.198
300.211
300.225
300.238
300.253
300.267
300.282
300.298
300.314
300.33
300.346
300.364
300.381
300.399
300.417
300.436
300.454
300.474
300.493
300.513
300.533
300.553
300.574
300.595
300.616
300.637
300.659
300.68
300.702
300.724
300.745
300.767
300.789
300.811
300.833
300.855
300.877
300.899
300.921
300.943
300.964
300.986
301.007
301.028
301.049
301.07
301.091
301.111
301.131
301.151
301.171
301.19
301.21
301.229
301.247
301.265
301.284
300.002
300.007
300.012
300.017
300.022
300.028
300.033
300.039
300.046
300.052
300.059
300.066
300.074
300.082
300.09
300.099
300.108
300.117
300.127
300.137
300.148
300.159
300.17
300.182
300.194
300.206
300.219
300.233
300.246
300.26
300.275
300.29
300.305
300.321
300.337
300.353
300.37
300.387
300.404
300.422
300.44
300.458
300.477
300.496
300.515
300.534
300.554
300.573
300.593
300.613
300.633
300.654
300.674
300.694
300.715
300.735
300.756
300.776
300.797
300.818
300.838
300.858
300.879
300.899
300.919
300.939
300.958
300.978
300.998
301.017
301.036
301.055
301.073
301.092
301.11
301.128
301.146
301.163
301.18
301.197
301.214
300.002
300.007
300.011
300.016
300.022
300.027
300.033
300.039
300.045
300.051
300.058
300.065
300.072
300.08
300.088
300.097
300.105
300.115
300.124
300.134
300.144
300.155
300.166
300.177
300.189
300.201
300.213
300.226
300.239
300.253
300.267
300.281
300.296
300.311
300.326
300.342
300.358
300.374
300.391
300.408
300.425
300.442
300.46
300.477
300.495
300.514
300.532
300.55
300.569
300.588
300.607
300.626
300.645
300.664
300.683
300.702
300.721
300.74
300.759
300.778
300.797
300.816
300.835
300.854
300.872
300.891
300.909
300.927
300.945
300.963
300.98
300.998
301.015
301.032
301.049
301.065
301.082
301.098
301.114
301.129
301.145
300.002
300.007
300.011
300.016
300.021
300.026
300.032
300.038
300.044
300.05
300.057
300.063
300.071
300.078
300.086
300.094
300.103
300.112
300.121
300.13
300.14
300.15
300.161
300.172
300.183
300.195
300.207
300.219
300.232
300.245
300.258
300.272
300.286
300.3
300.315
300.33
300.345
300.36
300.376
300.392
300.408
300.424
300.441
300.458
300.475
300.492
300.509
300.526
300.544
300.561
300.579
300.597
300.615
300.632
300.65
300.668
300.686
300.703
300.721
300.739
300.756
300.774
300.791
300.808
300.825
300.842
300.859
300.876
300.892
300.909
300.925
300.941
300.957
300.972
300.988
301.003
301.018
301.033
301.048
301.062
301.076
300.002
300.006
300.011
300.016
300.021
300.026
300.031
300.037
300.042
300.049
300.055
300.062
300.069
300.076
300.084
300.091
300.1
300.108
300.117
300.126
300.136
300.146
300.156
300.166
300.177
300.188
300.2
300.212
300.224
300.236
300.249
300.262
300.275
300.289
300.303
300.317
300.331
300.346
300.36
300.375
300.391
300.406
300.422
300.437
300.453
300.469
300.485
300.501
300.518
300.534
300.55
300.567
300.583
300.6
300.616
300.633
300.649
300.665
300.682
300.698
300.714
300.73
300.746
300.762
300.778
300.793
300.809
300.824
300.84
300.855
300.869
300.884
300.899
300.913
300.927
300.941
300.955
300.969
300.982
300.995
301.008
300.002
300.006
300.011
300.015
300.02
300.025
300.03
300.036
300.041
300.047
300.053
300.06
300.067
300.074
300.081
300.088
300.096
300.105
300.113
300.122
300.131
300.14
300.15
300.16
300.171
300.181
300.192
300.203
300.215
300.227
300.239
300.251
300.264
300.276
300.29
300.303
300.316
300.33
300.344
300.358
300.372
300.387
300.401
300.416
300.431
300.446
300.46
300.476
300.491
300.506
300.521
300.536
300.551
300.567
300.582
300.597
300.612
300.627
300.642
300.657
300.672
300.687
300.701
300.716
300.73
300.745
300.759
300.773
300.787
300.801
300.814
300.828
300.841
300.854
300.867
300.88
300.893
300.905
300.917
300.93
300.941
300.002
300.006
300.01
300.015
300.019
300.024
300.029
300.034
300.04
300.046
300.051
300.058
300.064
300.071
300.078
300.085
300.093
300.101
300.109
300.117
300.126
300.135
300.144
300.154
300.164
300.174
300.184
300.195
300.206
300.217
300.228
300.24
300.252
300.264
300.276
300.288
300.301
300.314
300.327
300.34
300.353
300.367
300.38
300.394
300.407
300.421
300.435
300.449
300.463
300.477
300.491
300.505
300.519
300.533
300.547
300.561
300.575
300.589
300.602
300.616
300.63
300.643
300.657
300.67
300.683
300.696
300.709
300.722
300.735
300.747
300.76
300.772
300.784
300.796
300.808
300.82
300.831
300.843
300.854
300.865
300.876
300.002
300.006
300.01
300.014
300.019
300.023
300.028
300.033
300.038
300.044
300.05
300.055
300.062
300.068
300.075
300.082
300.089
300.097
300.104
300.112
300.121
300.129
300.138
300.147
300.156
300.166
300.176
300.186
300.196
300.206
300.217
300.228
300.239
300.25
300.262
300.273
300.285
300.297
300.309
300.321
300.334
300.346
300.359
300.371
300.384
300.397
300.409
300.422
300.435
300.448
300.461
300.474
300.487
300.499
300.512
300.525
300.538
300.55
300.563
300.575
300.588
300.6
300.612
300.625
300.637
300.649
300.66
300.672
300.684
300.695
300.706
300.718
300.729
300.74
300.75
300.761
300.772
300.782
300.792
300.802
300.812
300.002
300.006
300.009
300.014
300.018
300.022
300.027
300.032
300.037
300.042
300.047
300.053
300.059
300.065
300.072
300.078
300.085
300.092
300.1
300.107
300.115
300.123
300.131
300.14
300.149
300.158
300.167
300.176
300.186
300.196
300.206
300.216
300.226
300.237
300.247
300.258
300.269
300.28
300.291
300.303
300.314
300.325
300.337
300.349
300.36
300.372
300.384
300.395
300.407
300.419
300.431
300.443
300.454
300.466
300.478
300.489
300.501
300.513
300.524
300.535
300.547
300.558
300.569
300.58
300.591
300.602
300.613
300.623
300.634
300.644
300.654
300.665
300.675
300.685
300.694
300.704
300.714
300.723
300.732
300.741
300.75
300.002
300.005
300.009
300.013
300.017
300.021
300.026
300.03
300.035
300.04
300.045
300.051
300.056
300.062
300.068
300.075
300.081
300.088
300.095
300.102
300.109
300.117
300.125
300.133
300.141
300.149
300.158
300.167
300.176
300.185
300.194
300.204
300.213
300.223
300.233
300.243
300.253
300.263
300.273
300.284
300.294
300.305
300.315
300.326
300.337
300.348
300.358
300.369
300.38
300.391
300.401
300.412
300.423
300.433
300.444
300.455
300.465
300.476
300.486
300.496
300.507
300.517
300.527
300.537
300.547
300.557
300.567
300.576
300.586
300.595
300.604
300.614
300.623
300.632
300.641
300.649
300.658
300.666
300.675
300.683
300.691
300.002
300.005
300.009
300.012
300.016
300.02
300.024
300.029
300.033
300.038
300.043
300.048
300.054
300.059
300.065
300.071
300.077
300.083
300.09
300.097
300.103
300.111
300.118
300.125
300.133
300.141
300.149
300.157
300.165
300.174
300.183
300.191
300.2
300.209
300.218
300.228
300.237
300.246
300.256
300.265
300.275
300.285
300.294
300.304
300.314
300.324
300.334
300.343
300.353
300.363
300.373
300.383
300.392
300.402
300.412
300.421
300.431
300.44
300.45
300.459
300.469
300.478
300.487
300.496
300.505
300.514
300.523
300.531
300.54
300.549
300.557
300.565
300.574
300.582
300.59
300.598
300.605
300.613
300.621
300.628
300.635
300.002
300.005
300.008
300.012
300.015
300.019
300.023
300.027
300.032
300.036
300.041
300.046
300.051
300.056
300.062
300.067
300.073
300.079
300.085
300.091
300.098
300.104
300.111
300.118
300.125
300.133
300.14
300.148
300.156
300.163
300.171
300.18
300.188
300.196
300.205
300.213
300.222
300.23
300.239
300.248
300.257
300.265
300.274
300.283
300.292
300.301
300.31
300.319
300.328
300.337
300.346
300.355
300.364
300.373
300.381
300.39
300.399
300.407
300.416
300.424
300.433
300.441
300.449
300.458
300.466
300.474
300.482
300.49
300.498
300.505
300.513
300.52
300.528
300.535
300.542
300.549
300.557
300.563
300.57
300.577
300.584
300.002
300.005
300.008
300.011
300.015
300.018
300.022
300.026
300.03
300.034
300.039
300.044
300.048
300.053
300.058
300.064
300.069
300.075
300.08
300.086
300.092
300.099
300.105
300.112
300.118
300.125
300.132
300.139
300.146
300.154
300.161
300.169
300.176
300.184
300.192
300.199
300.207
300.215
300.223
300.231
300.24
300.248
300.256
300.264
300.272
300.28
300.289
300.297
300.305
300.313
300.321
300.329
300.337
300.345
300.353
300.361
300.369
300.377
300.385
300.393
300.4
300.408
300.415
300.423
300.43
300.437
300.445
300.452
300.459
300.466
300.473
300.48
300.486
300.493
300.499
300.506
300.512
300.519
300.525
300.531
300.537
300.001
300.004
300.007
300.011
300.014
300.017
300.021
300.025
300.029
300.033
300.037
300.041
300.046
300.051
300.055
300.06
300.065
300.071
300.076
300.082
300.088
300.093
300.099
300.105
300.112
300.118
300.125
300.131
300.138
300.145
300.152
300.159
300.166
300.173
300.18
300.187
300.195
300.202
300.209
300.217
300.224
300.232
300.239
300.247
300.254
300.262
300.269
300.277
300.284
300.292
300.299
300.307
300.314
300.322
300.329
300.336
300.343
300.35
300.358
300.365
300.372
300.379
300.385
300.392
300.399
300.406
300.412
300.419
300.425
300.431
300.438
300.444
300.45
300.456
300.462
300.468
300.474
300.48
300.485
300.491
300.496
300.001
300.004
300.007
300.01
300.013
300.017
300.02
300.024
300.028
300.031
300.035
300.04
300.044
300.048
300.053
300.058
300.063
300.068
300.073
300.078
300.083
300.089
300.095
300.1
300.106
300.112
300.118
300.125
300.131
300.137
300.144
300.15
300.157
300.164
300.17
300.177
300.184
300.191
300.198
300.205
300.212
300.219
300.226
300.233
300.24
300.247
300.254
300.261
300.267
300.274
300.281
300.288
300.295
300.302
300.309
300.315
300.322
300.329
300.335
300.342
300.348
300.355
300.361
300.367
300.373
300.379
300.386
300.392
300.397
300.403
300.409
300.415
300.42
300.426
300.432
300.437
300.442
300.448
300.453
300.458
300.463
300.001
300.004
300.007
300.01
300.013
300.016
300.02
300.023
300.027
300.03
300.034
300.038
300.042
300.047
300.051
300.056
300.06
300.065
300.07
300.075
300.08
300.086
300.091
300.097
300.102
300.108
300.114
300.12
300.126
300.132
300.138
300.144
300.15
300.157
300.163
300.17
300.176
300.183
300.189
300.196
300.202
300.209
300.215
300.222
300.229
300.235
300.242
300.248
300.255
300.262
300.268
300.275
300.281
300.287
300.294
300.3
300.306
300.313
300.319
300.325
300.331
300.337
300.343
300.349
300.355
300.36
300.366
300.372
300.377
300.383
300.388
300.394
300.399
300.404
300.409
300.414
300.419
300.424
300.429
300.434
300.439
300.001
300.004
300.007
300.01
300.013
300.016
300.019
300.023
300.026
300.03
300.034
300.037
300.042
300.046
300.05
300.054
300.059
300.064
300.069
300.073
300.079
300.084
300.089
300.094
300.1
300.105
300.111
300.117
300.123
300.129
300.135
300.141
300.147
300.153
300.159
300.165
300.172
300.178
300.184
300.191
300.197
300.203
300.21
300.216
300.223
300.229
300.235
300.242
300.248
300.254
300.261
300.267
300.273
300.279
300.286
300.292
300.298
300.304
300.31
300.316
300.321
300.327
300.333
300.339
300.344
300.35
300.355
300.361
300.366
300.371
300.377
300.382
300.387
300.392
300.397
300.402
300.407
300.411
300.416
300.421
300.425
303.001
303.129
303.207
303.279
303.342
303.393
303.428
303.467
303.507
303.544
303.575
303.609
303.643
303.677
303.71
303.743
303.774
303.801
303.83
303.859
303.888
303.917
303.946
303.974
304.003
304.031
304.058
304.085
304.112
304.138
304.164
304.19
304.215
304.241
304.266
304.29
304.315
304.339
304.363
304.386
304.41
304.432
304.456
304.482
304.506
304.53
304.552
304.575
304.599
304.622
304.645
304.665
304.687
304.709
304.732
304.755
304.778
304.801
304.823
304.844
304.862
304.882
304.902
304.923
304.944
304.965
304.985
305.005
305.025
305.045
305.064
305.083
305.101
305.12
305.138
305.156
305.174
305.191
305.207
305.226
305.246
305.264
305.28
305.296
305.311
305.325
305.341
305.359
305.375
305.389
305.401
305.416
305.432
305.446
305.46
305.476
305.49
305.502
305.516
305.528
305.539
305.552
305.562
305.574
305.586
305.598
305.609
305.618
305.628
305.636
305.645
305.655
305.665
305.674
305.683
305.689
305.696
305.704
305.711
305.717
305.722
305.727
305.732
305.736
305.74
305.742
305.745
305.747
305.748
305.748
305.748
305.747
305.744
305.741
305.736
305.731
305.724
305.716
305.707
305.696
305.684
305.67
305.654
305.637
305.618
305.597
305.573
305.546
305.517
305.483
305.441
305.399
305.357
305.309
305.255
305.194
305.128
305.015
304.912
304.781
304.61
302.9
303.013
303.101
303.176
303.241
303.296
303.342
303.386
303.427
303.466
303.502
303.538
303.574
303.608
303.643
303.676
303.707
303.737
303.768
303.798
303.827
303.857
303.886
303.915
303.944
303.972
304
304.028
304.055
304.082
304.108
304.135
304.16
304.186
304.212
304.237
304.261
304.286
304.31
304.334
304.358
304.382
304.406
304.431
304.455
304.479
304.502
304.525
304.549
304.572
304.595
304.617
304.639
304.661
304.684
304.707
304.73
304.753
304.775
304.796
304.816
304.836
304.856
304.877
304.898
304.919
304.939
304.96
304.98
304.999
305.019
305.038
305.057
305.075
305.093
305.112
305.129
305.147
305.164
305.183
305.202
305.22
305.237
305.253
305.268
305.283
305.299
305.316
305.332
305.346
305.36
305.375
305.39
305.404
305.419
305.434
305.448
305.461
305.474
305.487
305.498
305.511
305.522
305.533
305.545
305.558
305.568
305.578
305.588
305.596
305.606
305.615
305.625
305.635
305.643
305.65
305.657
305.665
305.672
305.678
305.683
305.688
305.693
305.697
305.701
305.704
305.706
305.708
305.709
305.71
305.709
305.708
305.706
305.702
305.698
305.692
305.686
305.678
305.668
305.658
305.645
305.632
305.616
305.599
305.579
305.558
305.534
305.507
305.477
305.443
305.402
305.36
305.316
305.267
305.212
305.149
305.078
304.969
304.861
304.724
304.536
302.818
302.917
303.003
303.078
303.144
303.202
303.253
303.3
303.345
303.386
303.425
303.463
303.5
303.536
303.571
303.605
303.638
303.67
303.701
303.732
303.763
303.793
303.823
303.852
303.882
303.91
303.939
303.967
303.995
304.022
304.049
304.076
304.102
304.128
304.154
304.179
304.205
304.23
304.254
304.279
304.303
304.327
304.352
304.377
304.401
304.425
304.449
304.472
304.496
304.519
304.542
304.565
304.587
304.61
304.633
304.656
304.679
304.702
304.724
304.745
304.766
304.786
304.807
304.828
304.849
304.87
304.89
304.911
304.931
304.951
304.97
304.99
305.009
305.028
305.046
305.064
305.082
305.1
305.118
305.136
305.155
305.173
305.19
305.207
305.222
305.238
305.254
305.27
305.286
305.301
305.315
305.33
305.345
305.36
305.375
305.389
305.403
305.417
305.43
305.443
305.455
305.467
305.479
305.49
305.502
305.514
305.525
305.535
305.545
305.554
305.564
305.573
305.583
305.592
305.601
305.608
305.615
305.623
305.63
305.636
305.641
305.646
305.651
305.656
305.659
305.662
305.665
305.667
305.668
305.668
305.668
305.667
305.665
305.661
305.657
305.651
305.645
305.637
305.627
305.617
305.604
305.591
305.575
305.558
305.538
305.517
305.492
305.466
305.435
305.401
305.36
305.318
305.273
305.223
305.167
305.102
305.027
304.92
304.807
304.664
304.465
302.744
302.831
302.912
302.985
303.051
303.11
303.164
303.214
303.26
303.304
303.345
303.385
303.423
303.46
303.497
303.532
303.566
303.599
303.631
303.663
303.694
303.725
303.756
303.786
303.816
303.845
303.874
303.903
303.931
303.959
303.986
304.013
304.04
304.067
304.093
304.119
304.144
304.17
304.195
304.22
304.245
304.269
304.294
304.319
304.344
304.368
304.392
304.416
304.44
304.463
304.487
304.509
304.532
304.555
304.578
304.602
304.624
304.647
304.669
304.691
304.712
304.733
304.754
304.775
304.796
304.817
304.838
304.859
304.879
304.899
304.919
304.939
304.958
304.977
304.995
305.014
305.032
305.051
305.069
305.087
305.105
305.123
305.141
305.157
305.173
305.189
305.206
305.222
305.238
305.253
305.268
305.283
305.298
305.313
305.327
305.342
305.356
305.37
305.383
305.396
305.408
305.421
305.433
305.444
305.456
305.468
305.479
305.489
305.499
305.509
305.519
305.528
305.538
305.547
305.556
305.563
305.571
305.578
305.585
305.591
305.597
305.602
305.607
305.611
305.615
305.618
305.621
305.623
305.624
305.625
305.624
305.623
305.621
305.617
305.613
305.608
305.601
305.593
305.584
305.573
305.561
305.547
305.532
305.514
305.495
305.473
305.448
305.421
305.391
305.356
305.316
305.273
305.227
305.176
305.118
305.052
304.973
304.868
304.751
304.603
304.398
302.674
302.752
302.827
302.896
302.96
303.02
303.075
303.126
303.174
303.219
303.262
303.303
303.343
303.381
303.419
303.455
303.49
303.524
303.557
303.59
303.622
303.654
303.685
303.716
303.746
303.776
303.805
303.834
303.863
303.892
303.919
303.947
303.974
304.001
304.028
304.054
304.081
304.106
304.132
304.157
304.183
304.208
304.233
304.258
304.283
304.307
304.331
304.356
304.38
304.404
304.427
304.451
304.474
304.497
304.52
304.544
304.567
304.589
304.612
304.634
304.655
304.677
304.698
304.719
304.741
304.762
304.783
304.803
304.824
304.844
304.864
304.884
304.903
304.923
304.942
304.96
304.979
304.997
305.016
305.034
305.053
305.071
305.088
305.105
305.121
305.138
305.154
305.17
305.186
305.202
305.217
305.232
305.247
305.262
305.277
305.292
305.306
305.32
305.333
305.346
305.359
305.371
305.383
305.395
305.407
305.419
305.43
305.441
305.451
305.461
305.471
305.48
305.49
305.499
305.508
305.515
305.523
305.531
305.538
305.544
305.55
305.555
305.56
305.564
305.568
305.571
305.574
305.576
305.577
305.578
305.577
305.576
305.574
305.571
305.567
305.561
305.555
305.547
305.537
305.527
305.515
305.501
305.485
305.468
305.448
305.426
305.402
305.374
305.344
305.308
305.269
305.225
305.179
305.127
305.068
304.999
304.918
304.813
304.693
304.541
304.334
302.606
302.677
302.746
302.811
302.873
302.932
302.986
303.038
303.086
303.133
303.177
303.219
303.26
303.299
303.338
303.375
303.411
303.446
303.48
303.513
303.546
303.579
303.61
303.642
303.673
303.703
303.733
303.763
303.792
303.821
303.849
303.877
303.905
303.932
303.959
303.986
304.013
304.039
304.065
304.091
304.117
304.142
304.167
304.193
304.218
304.243
304.267
304.292
304.316
304.34
304.364
304.388
304.412
304.435
304.459
304.482
304.505
304.528
304.551
304.573
304.595
304.617
304.638
304.66
304.681
304.702
304.724
304.745
304.765
304.786
304.806
304.826
304.846
304.865
304.884
304.903
304.922
304.941
304.959
304.978
304.996
305.014
305.032
305.049
305.066
305.083
305.099
305.116
305.132
305.147
305.163
305.178
305.193
305.208
305.223
305.238
305.252
305.266
305.28
305.293
305.306
305.319
305.331
305.343
305.355
305.367
305.378
305.389
305.399
305.409
305.419
305.429
305.439
305.448
305.457
305.465
305.472
305.48
305.487
305.493
305.499
305.505
305.51
305.514
305.518
305.521
305.524
305.526
305.527
305.528
305.528
305.527
305.524
305.521
305.517
305.512
305.505
305.497
305.488
305.478
305.465
305.452
305.436
305.418
305.399
305.377
305.352
305.325
305.293
305.258
305.218
305.175
305.127
305.074
305.014
304.944
304.86
304.756
304.633
304.479
304.272
302.539
302.604
302.668
302.73
302.789
302.845
302.899
302.95
302.999
303.045
303.09
303.133
303.175
303.215
303.254
303.291
303.328
303.364
303.399
303.433
303.467
303.5
303.532
303.564
303.596
303.626
303.657
303.687
303.717
303.746
303.775
303.803
303.832
303.86
303.887
303.914
303.941
303.968
303.994
304.021
304.047
304.073
304.098
304.124
304.149
304.174
304.199
304.224
304.249
304.273
304.298
304.322
304.345
304.369
304.393
304.416
304.44
304.463
304.486
304.508
304.531
304.553
304.575
304.596
304.618
304.64
304.661
304.682
304.703
304.724
304.744
304.764
304.784
304.804
304.823
304.843
304.862
304.881
304.899
304.918
304.937
304.955
304.973
304.99
305.007
305.024
305.041
305.057
305.073
305.089
305.105
305.121
305.136
305.151
305.166
305.181
305.195
305.21
305.223
305.237
305.25
305.263
305.275
305.288
305.3
305.312
305.323
305.334
305.345
305.355
305.365
305.375
305.384
305.394
305.402
305.411
305.419
305.426
305.433
305.44
305.446
305.451
305.456
305.461
305.465
305.468
305.471
305.473
305.474
305.475
305.475
305.474
305.472
305.469
305.464
305.459
305.453
305.445
305.436
305.425
305.413
305.399
305.384
305.366
305.346
305.324
305.299
305.272
305.24
305.205
305.165
305.121
305.073
305.019
304.957
304.886
304.8
304.696
304.571
304.416
304.213
302.473
302.533
302.592
302.65
302.706
302.76
302.812
302.863
302.911
302.957
303.002
303.046
303.087
303.128
303.167
303.206
303.243
303.279
303.315
303.35
303.384
303.418
303.45
303.483
303.515
303.546
303.577
303.608
303.638
303.668
303.697
303.726
303.755
303.783
303.811
303.838
303.866
303.893
303.92
303.946
303.973
303.999
304.025
304.051
304.077
304.102
304.128
304.153
304.178
304.202
304.227
304.251
304.275
304.299
304.323
304.347
304.371
304.394
304.417
304.44
304.463
304.485
304.507
304.529
304.551
304.573
304.594
304.616
304.637
304.658
304.678
304.699
304.719
304.739
304.759
304.778
304.798
304.817
304.836
304.854
304.873
304.891
304.909
304.927
304.944
304.961
304.978
304.995
305.012
305.028
305.044
305.059
305.075
305.09
305.105
305.12
305.135
305.149
305.163
305.177
305.19
305.203
305.216
305.228
305.241
305.253
305.264
305.275
305.286
305.297
305.307
305.317
305.326
305.336
305.345
305.353
305.361
305.369
305.376
305.383
305.389
305.394
305.4
305.404
305.408
305.412
305.414
305.417
305.418
305.419
305.419
305.418
305.416
305.413
305.409
305.403
305.397
305.389
305.38
305.37
305.357
305.344
305.328
305.311
305.291
305.269
305.244
305.216
305.184
305.149
305.109
305.065
305.016
304.961
304.898
304.825
304.738
304.633
304.507
304.352
304.154
302.407
302.463
302.518
302.572
302.625
302.677
302.727
302.776
302.823
302.869
302.914
302.957
302.999
303.039
303.079
303.118
303.155
303.192
303.228
303.263
303.298
303.332
303.365
303.398
303.431
303.462
303.494
303.525
303.555
303.585
303.615
303.645
303.674
303.702
303.731
303.759
303.786
303.814
303.841
303.868
303.895
303.922
303.948
303.974
304
304.026
304.052
304.077
304.102
304.127
304.152
304.177
304.201
304.226
304.25
304.274
304.297
304.321
304.344
304.368
304.39
304.413
304.436
304.458
304.48
304.502
304.524
304.545
304.567
304.588
304.609
304.63
304.65
304.67
304.69
304.71
304.729
304.749
304.768
304.787
304.806
304.824
304.842
304.86
304.878
304.895
304.912
304.929
304.946
304.962
304.978
304.994
305.01
305.026
305.041
305.056
305.071
305.085
305.099
305.113
305.127
305.14
305.153
305.165
305.178
305.19
305.202
305.213
305.224
305.235
305.245
305.255
305.265
305.274
305.283
305.292
305.3
305.308
305.315
305.322
305.328
305.334
305.339
305.344
305.348
305.352
305.354
305.357
305.358
305.359
305.359
305.358
305.356
305.353
305.349
305.344
305.338
305.33
305.321
305.311
305.298
305.285
305.269
305.252
305.232
305.209
305.184
305.156
305.125
305.089
305.049
305.005
304.955
304.899
304.835
304.761
304.674
304.568
304.442
304.289
304.097
302.341
302.393
302.444
302.495
302.545
302.594
302.643
302.69
302.736
302.781
302.824
302.867
302.909
302.949
302.989
303.027
303.065
303.102
303.139
303.174
303.209
303.243
303.277
303.31
303.343
303.375
303.407
303.438
303.469
303.5
303.53
303.559
303.589
303.618
303.647
303.675
303.703
303.731
303.759
303.786
303.813
303.84
303.867
303.893
303.92
303.946
303.972
303.997
304.023
304.048
304.073
304.098
304.123
304.147
304.172
304.196
304.22
304.244
304.268
304.291
304.314
304.337
304.36
304.382
304.405
304.427
304.449
304.471
304.493
304.514
304.535
304.556
304.577
304.597
304.617
304.637
304.657
304.677
304.696
304.715
304.734
304.753
304.771
304.789
304.807
304.825
304.842
304.859
304.876
304.893
304.909
304.925
304.941
304.957
304.972
304.987
305.002
305.017
305.031
305.045
305.059
305.073
305.086
305.098
305.111
305.123
305.135
305.147
305.158
305.169
305.179
305.19
305.199
305.209
305.218
305.227
305.235
305.243
305.25
305.257
305.264
305.27
305.275
305.28
305.284
305.288
305.291
305.293
305.295
305.295
305.295
305.295
305.293
305.29
305.286
305.281
305.275
305.267
305.258
305.248
305.236
305.222
305.207
305.189
305.169
305.147
305.122
305.094
305.062
305.026
304.986
304.941
304.891
304.835
304.77
304.695
304.607
304.501
304.376
304.225
304.04
302.274
302.323
302.371
302.419
302.466
302.513
302.559
302.604
302.649
302.692
302.735
302.777
302.818
302.858
302.897
302.936
302.973
303.01
303.047
303.082
303.117
303.152
303.186
303.219
303.252
303.285
303.317
303.348
303.379
303.41
303.44
303.47
303.5
303.53
303.559
303.587
303.616
303.644
303.672
303.7
303.727
303.754
303.781
303.808
303.835
303.861
303.887
303.913
303.939
303.965
303.99
304.015
304.04
304.065
304.09
304.114
304.139
304.163
304.187
304.21
304.234
304.257
304.28
304.303
304.325
304.348
304.37
304.392
304.414
304.436
304.457
304.478
304.499
304.52
304.54
304.561
304.581
304.6
304.62
304.639
304.658
304.677
304.696
304.714
304.732
304.75
304.768
304.785
304.802
304.819
304.835
304.852
304.868
304.884
304.899
304.915
304.93
304.945
304.959
304.974
304.987
305.001
305.014
305.027
305.04
305.053
305.065
305.076
305.088
305.099
305.109
305.12
305.13
305.14
305.149
305.158
305.166
305.174
305.182
305.189
305.195
305.201
305.207
305.212
305.216
305.22
305.223
305.225
305.227
305.228
305.228
305.227
305.225
305.223
305.219
305.214
305.208
305.2
305.192
305.181
305.169
305.156
305.14
305.123
305.103
305.081
305.055
305.027
304.995
304.96
304.919
304.875
304.824
304.767
304.701
304.626
304.537
304.432
304.308
304.16
303.984
302.208
302.253
302.298
302.343
302.387
302.432
302.476
302.519
302.562
302.604
302.645
302.686
302.726
302.766
302.804
302.842
302.88
302.917
302.953
302.988
303.023
303.058
303.092
303.125
303.158
303.191
303.223
303.255
303.286
303.317
303.348
303.378
303.408
303.438
303.467
303.496
303.525
303.553
303.581
303.609
303.637
303.665
303.692
303.719
303.746
303.772
303.799
303.825
303.851
303.877
303.903
303.928
303.953
303.979
304.003
304.028
304.053
304.077
304.101
304.125
304.149
304.172
304.196
304.219
304.242
304.264
304.287
304.309
304.331
304.353
304.375
304.396
304.417
304.438
304.459
304.479
304.5
304.52
304.539
304.559
304.578
304.597
304.616
304.635
304.653
304.671
304.689
304.706
304.724
304.741
304.758
304.774
304.79
304.806
304.822
304.838
304.853
304.868
304.883
304.897
304.911
304.925
304.939
304.952
304.965
304.978
304.99
305.002
305.013
305.025
305.035
305.046
305.056
305.066
305.075
305.084
305.093
305.101
305.109
305.116
305.123
305.129
305.134
305.139
305.144
305.148
305.151
305.153
305.155
305.156
305.156
305.156
305.154
305.152
305.148
305.143
305.137
305.13
305.121
305.111
305.099
305.085
305.07
305.052
305.033
305.01
304.985
304.957
304.925
304.889
304.849
304.804
304.753
304.696
304.63
304.554
304.465
304.361
304.239
304.095
303.927
302.141
302.183
302.225
302.267
302.309
302.351
302.393
302.434
302.475
302.516
302.556
302.595
302.634
302.673
302.711
302.748
302.785
302.821
302.857
302.892
302.927
302.961
302.995
303.029
303.062
303.094
303.127
303.158
303.19
303.221
303.252
303.282
303.312
303.342
303.372
303.401
303.43
303.459
303.487
303.515
303.543
303.571
303.598
303.626
303.653
303.68
303.706
303.733
303.759
303.785
303.811
303.837
303.862
303.888
303.913
303.938
303.962
303.987
304.011
304.036
304.06
304.083
304.107
304.13
304.153
304.176
304.199
304.221
304.244
304.266
304.288
304.309
304.331
304.352
304.373
304.394
304.414
304.434
304.454
304.474
304.494
304.513
304.532
304.551
304.569
304.588
304.606
304.623
304.641
304.658
304.675
304.692
304.708
304.725
304.741
304.756
304.772
304.787
304.802
304.817
304.831
304.845
304.859
304.872
304.885
304.898
304.911
304.923
304.934
304.946
304.957
304.968
304.978
304.988
304.998
305.007
305.015
305.024
305.032
305.039
305.046
305.052
305.058
305.063
305.067
305.071
305.075
305.077
305.079
305.08
305.081
305.08
305.079
305.076
305.073
305.068
305.062
305.055
305.046
305.036
305.024
305.011
304.995
304.978
304.958
304.936
304.911
304.883
304.851
304.815
304.775
304.73
304.679
304.621
304.555
304.479
304.391
304.288
304.169
304.029
303.869
302.073
302.113
302.152
302.192
302.231
302.271
302.31
302.35
302.389
302.427
302.466
302.504
302.542
302.579
302.616
302.653
302.689
302.725
302.76
302.795
302.829
302.863
302.897
302.93
302.963
302.995
303.027
303.059
303.091
303.122
303.153
303.183
303.213
303.243
303.273
303.302
303.331
303.36
303.389
303.417
303.445
303.473
303.501
303.528
303.556
303.583
303.61
303.636
303.663
303.689
303.715
303.741
303.767
303.792
303.818
303.843
303.868
303.893
303.917
303.942
303.966
303.99
304.014
304.037
304.06
304.084
304.107
304.129
304.152
304.174
304.196
304.218
304.24
304.261
304.282
304.303
304.324
304.344
304.365
304.385
304.404
304.424
304.443
304.462
304.481
304.499
304.518
304.535
304.553
304.571
304.588
304.605
304.622
304.638
304.654
304.67
304.686
304.701
304.716
304.731
304.746
304.76
304.774
304.788
304.801
304.814
304.827
304.839
304.851
304.862
304.874
304.885
304.895
304.905
304.915
304.924
304.933
304.942
304.95
304.957
304.964
304.97
304.976
304.982
304.986
304.99
304.994
304.997
304.999
305
305
305
304.999
304.996
304.993
304.988
304.982
304.975
304.967
304.957
304.945
304.932
304.917
304.899
304.88
304.858
304.833
304.804
304.773
304.737
304.697
304.652
304.601
304.543
304.477
304.401
304.314
304.213
304.097
303.963
303.81
302.005
302.042
302.079
302.116
302.153
302.191
302.228
302.265
302.302
302.339
302.376
302.413
302.449
302.485
302.521
302.557
302.592
302.627
302.661
302.696
302.73
302.763
302.796
302.829
302.862
302.894
302.926
302.958
302.989
303.02
303.051
303.081
303.111
303.141
303.171
303.2
303.229
303.258
303.287
303.315
303.344
303.372
303.4
303.427
303.455
303.482
303.509
303.536
303.562
303.589
303.615
303.641
303.667
303.693
303.718
303.744
303.769
303.794
303.819
303.843
303.867
303.892
303.916
303.939
303.963
303.986
304.01
304.032
304.055
304.078
304.1
304.122
304.144
304.166
304.187
304.208
304.229
304.25
304.27
304.29
304.31
304.33
304.349
304.369
304.388
304.406
304.425
304.443
304.461
304.478
304.496
304.513
304.53
304.547
304.563
304.579
304.595
304.611
304.626
304.641
304.656
304.67
304.684
304.698
304.712
304.725
304.738
304.75
304.762
304.774
304.786
304.797
304.807
304.818
304.828
304.837
304.846
304.855
304.863
304.871
304.878
304.884
304.89
304.896
304.901
304.905
304.908
304.911
304.913
304.915
304.915
304.915
304.914
304.912
304.908
304.904
304.898
304.891
304.883
304.873
304.862
304.849
304.833
304.816
304.797
304.775
304.75
304.722
304.69
304.655
304.615
304.57
304.519
304.461
304.396
304.321
304.235
304.136
304.023
303.894
303.75
301.936
301.971
302.006
302.04
302.075
302.111
302.146
302.181
302.216
302.252
302.287
302.322
302.357
302.392
302.426
302.461
302.495
302.529
302.562
302.596
302.629
302.662
302.694
302.727
302.759
302.791
302.822
302.853
302.885
302.915
302.946
302.976
303.006
303.036
303.066
303.095
303.124
303.153
303.182
303.21
303.239
303.267
303.295
303.322
303.35
303.377
303.404
303.431
303.458
303.484
303.511
303.537
303.563
303.589
303.615
303.64
303.665
303.691
303.715
303.74
303.765
303.789
303.813
303.837
303.861
303.885
303.908
303.931
303.954
303.977
303.999
304.021
304.043
304.065
304.087
304.108
304.129
304.15
304.171
304.191
304.211
304.231
304.251
304.27
304.289
304.308
304.327
304.345
304.363
304.381
304.399
304.416
304.433
304.45
304.467
304.483
304.499
304.515
304.53
304.546
304.561
304.575
304.59
304.604
304.617
304.631
304.644
304.657
304.669
304.681
304.693
304.704
304.715
304.725
304.735
304.745
304.754
304.763
304.771
304.779
304.786
304.793
304.799
304.805
304.81
304.814
304.818
304.821
304.823
304.825
304.825
304.825
304.824
304.822
304.819
304.815
304.809
304.802
304.794
304.785
304.773
304.76
304.745
304.728
304.709
304.687
304.663
304.635
304.603
304.568
304.528
304.483
304.433
304.376
304.311
304.237
304.153
304.057
303.948
303.825
303.688
301.867
301.899
301.932
301.965
301.998
302.031
302.064
302.097
302.131
302.164
302.197
302.231
302.264
302.298
302.331
302.364
302.397
302.43
302.462
302.495
302.527
302.559
302.591
302.623
302.654
302.686
302.717
302.748
302.778
302.809
302.839
302.869
302.899
302.928
302.958
302.987
303.016
303.045
303.073
303.102
303.13
303.158
303.186
303.214
303.241
303.269
303.296
303.323
303.349
303.376
303.403
303.429
303.455
303.481
303.507
303.532
303.558
303.583
303.608
303.633
303.658
303.682
303.706
303.73
303.754
303.778
303.802
303.825
303.848
303.871
303.893
303.916
303.938
303.96
303.982
304.003
304.025
304.046
304.066
304.087
304.107
304.127
304.147
304.167
304.186
304.205
304.224
304.242
304.261
304.279
304.297
304.314
304.331
304.349
304.365
304.382
304.398
304.414
304.43
304.445
304.46
304.475
304.49
304.504
304.518
304.531
304.545
304.558
304.57
304.582
304.594
304.606
304.617
304.628
304.638
304.648
304.657
304.666
304.674
304.682
304.69
304.697
304.703
304.709
304.714
304.718
304.722
304.725
304.728
304.729
304.73
304.73
304.729
304.727
304.724
304.72
304.715
304.708
304.701
304.691
304.68
304.667
304.652
304.636
304.617
304.595
304.57
304.543
304.512
304.477
304.437
304.393
304.343
304.287
304.223
304.15
304.068
303.975
303.87
303.753
303.624
301.798
301.828
301.858
301.889
301.92
301.951
301.982
302.013
302.045
302.077
302.108
302.14
302.172
302.204
302.235
302.267
302.299
302.33
302.362
302.393
302.425
302.456
302.487
302.518
302.549
302.579
302.61
302.64
302.67
302.7
302.73
302.759
302.789
302.818
302.847
302.876
302.905
302.934
302.962
302.99
303.018
303.046
303.074
303.102
303.129
303.156
303.184
303.211
303.237
303.264
303.29
303.317
303.343
303.369
303.395
303.42
303.446
303.471
303.496
303.521
303.546
303.571
303.595
303.619
303.643
303.667
303.691
303.714
303.737
303.76
303.783
303.806
303.828
303.85
303.872
303.894
303.915
303.936
303.957
303.978
303.998
304.019
304.039
304.058
304.078
304.097
304.116
304.135
304.153
304.171
304.189
304.207
304.224
304.242
304.259
304.275
304.292
304.308
304.324
304.339
304.355
304.37
304.385
304.399
304.413
304.427
304.44
304.453
304.466
304.479
304.491
304.502
304.514
304.524
304.535
304.545
304.554
304.564
304.572
304.58
304.588
304.595
304.601
304.607
304.613
304.617
304.621
304.625
304.627
304.629
304.63
304.63
304.629
304.628
304.625
304.621
304.616
304.609
304.602
304.592
304.582
304.569
304.555
304.538
304.519
304.498
304.474
304.446
304.416
304.381
304.342
304.298
304.249
304.194
304.131
304.06
303.98
303.891
303.79
303.679
303.557
301.728
301.756
301.784
301.813
301.842
301.871
301.9
301.93
301.96
301.989
302.019
302.049
302.08
302.11
302.14
302.171
302.201
302.231
302.261
302.292
302.322
302.352
302.382
302.412
302.442
302.472
302.501
302.531
302.561
302.59
302.619
302.648
302.677
302.706
302.735
302.763
302.792
302.82
302.848
302.876
302.904
302.932
302.959
302.987
303.014
303.041
303.068
303.095
303.122
303.148
303.175
303.201
303.227
303.253
303.279
303.304
303.33
303.355
303.38
303.405
303.43
303.455
303.479
303.503
303.527
303.551
303.575
303.599
303.622
303.645
303.668
303.69
303.713
303.735
303.757
303.779
303.8
303.822
303.843
303.864
303.884
303.905
303.925
303.945
303.964
303.984
304.003
304.022
304.04
304.059
304.077
304.095
304.112
304.13
304.147
304.163
304.18
304.196
304.212
304.228
304.244
304.259
304.274
304.289
304.303
304.317
304.33
304.344
304.357
304.369
304.382
304.393
304.405
304.416
304.427
304.437
304.446
304.456
304.464
304.473
304.48
304.488
304.494
304.5
304.506
304.511
304.515
304.518
304.521
304.523
304.524
304.524
304.524
304.522
304.52
304.516
304.511
304.505
304.497
304.488
304.478
304.465
304.451
304.435
304.416
304.395
304.372
304.345
304.315
304.281
304.242
304.199
304.151
304.097
304.036
303.967
303.89
303.803
303.707
303.602
303.487
301.657
301.683
301.71
301.737
301.764
301.791
301.819
301.846
301.874
301.902
301.931
301.959
301.988
302.016
302.045
302.074
302.103
302.132
302.161
302.19
302.219
302.248
302.277
302.306
302.335
302.364
302.392
302.421
302.45
302.479
302.507
302.535
302.564
302.592
302.62
302.648
302.676
302.704
302.732
302.759
302.787
302.814
302.842
302.869
302.896
302.923
302.95
302.976
303.003
303.029
303.055
303.081
303.107
303.133
303.159
303.185
303.21
303.235
303.26
303.285
303.31
303.335
303.359
303.383
303.407
303.431
303.455
303.479
303.502
303.525
303.548
303.571
303.593
303.616
303.638
303.659
303.681
303.702
303.724
303.745
303.765
303.786
303.806
303.826
303.846
303.865
303.884
303.903
303.922
303.94
303.959
303.977
303.994
304.012
304.029
304.046
304.063
304.079
304.096
304.112
304.127
304.143
304.158
304.173
304.187
304.201
304.215
304.229
304.242
304.254
304.267
304.279
304.29
304.302
304.312
304.323
304.333
304.342
304.351
304.36
304.367
304.375
304.382
304.388
304.393
304.398
304.403
304.406
304.409
304.411
304.413
304.413
304.413
304.411
304.409
304.406
304.401
304.395
304.388
304.379
304.369
304.357
304.343
304.327
304.309
304.288
304.265
304.238
304.209
304.175
304.138
304.096
304.049
303.996
303.936
303.87
303.796
303.713
303.622
303.522
303.414
301.586
301.611
301.635
301.66
301.686
301.711
301.737
301.763
301.789
301.816
301.843
301.869
301.896
301.923
301.951
301.978
302.005
302.033
302.061
302.088
302.116
302.144
302.172
302.199
302.227
302.255
302.283
302.311
302.339
302.366
302.394
302.422
302.449
302.477
302.504
302.532
302.559
302.587
302.614
302.641
302.668
302.695
302.722
302.748
302.775
302.802
302.828
302.855
302.881
302.907
302.933
302.959
302.985
303.01
303.036
303.061
303.086
303.112
303.137
303.161
303.186
303.211
303.235
303.259
303.283
303.307
303.331
303.354
303.378
303.401
303.424
303.446
303.469
303.491
303.513
303.535
303.557
303.578
303.599
303.62
303.641
303.662
303.682
303.702
303.722
303.741
303.761
303.78
303.799
303.817
303.835
303.854
303.871
303.889
303.906
303.924
303.94
303.957
303.973
303.989
304.005
304.021
304.036
304.051
304.066
304.08
304.094
304.108
304.121
304.134
304.146
304.159
304.17
304.182
304.193
304.203
304.213
304.223
304.232
304.241
304.249
304.256
304.263
304.27
304.275
304.28
304.285
304.289
304.292
304.294
304.296
304.296
304.296
304.295
304.293
304.289
304.285
304.279
304.272
304.264
304.254
304.242
304.229
304.213
304.195
304.175
304.152
304.127
304.098
304.065
304.028
303.987
303.942
303.89
303.833
303.769
303.698
303.619
303.533
303.439
303.337
301.515
301.538
301.561
301.584
301.608
301.632
301.656
301.68
301.705
301.73
301.755
301.78
301.805
301.831
301.857
301.882
301.908
301.935
301.961
301.987
302.013
302.04
302.067
302.093
302.12
302.147
302.173
302.2
302.227
302.254
302.28
302.307
302.334
302.361
302.388
302.414
302.441
302.468
302.494
302.521
302.547
302.573
302.6
302.626
302.652
302.678
302.704
302.73
302.756
302.782
302.808
302.833
302.859
302.884
302.91
302.935
302.96
302.985
303.009
303.034
303.059
303.083
303.107
303.131
303.155
303.179
303.202
303.226
303.249
303.272
303.295
303.318
303.34
303.362
303.384
303.406
303.428
303.449
303.471
303.492
303.512
303.533
303.553
303.573
303.593
303.613
303.632
303.651
303.67
303.689
303.707
303.725
303.743
303.761
303.778
303.795
303.812
303.829
303.846
303.862
303.878
303.893
303.909
303.924
303.939
303.953
303.967
303.981
303.994
304.008
304.02
304.033
304.045
304.056
304.067
304.078
304.088
304.098
304.107
304.116
304.124
304.132
304.139
304.145
304.151
304.157
304.161
304.165
304.168
304.171
304.173
304.174
304.173
304.172
304.171
304.167
304.163
304.158
304.151
304.143
304.133
304.122
304.109
304.094
304.076
304.057
304.035
304.01
303.981
303.95
303.914
303.874
303.83
303.781
303.725
303.664
303.597
303.522
303.44
303.352
303.257
301.444
301.465
301.487
301.508
301.53
301.553
301.575
301.598
301.621
301.644
301.667
301.691
301.715
301.739
301.763
301.787
301.812
301.837
301.861
301.886
301.911
301.937
301.962
301.987
302.013
302.038
302.064
302.089
302.115
302.141
302.167
302.192
302.218
302.244
302.27
302.296
302.322
302.348
302.373
302.399
302.425
302.451
302.476
302.502
302.528
302.553
302.579
302.604
302.63
302.655
302.68
302.705
302.73
302.755
302.78
302.805
302.83
302.855
302.879
302.903
302.928
302.952
302.976
303
303.023
303.047
303.07
303.093
303.117
303.139
303.162
303.185
303.207
303.229
303.251
303.273
303.294
303.316
303.337
303.358
303.379
303.399
303.419
303.439
303.459
303.479
303.498
303.517
303.536
303.555
303.573
303.591
303.609
303.627
303.645
303.662
303.679
303.696
303.712
303.729
303.745
303.76
303.776
303.791
303.806
303.82
303.835
303.849
303.862
303.875
303.888
303.901
303.913
303.925
303.936
303.947
303.957
303.967
303.976
303.985
303.993
304.001
304.009
304.015
304.021
304.027
304.032
304.036
304.039
304.042
304.044
304.045
304.045
304.044
304.042
304.04
304.036
304.031
304.024
304.016
304.007
303.996
303.983
303.969
303.952
303.933
303.912
303.887
303.86
303.829
303.795
303.757
303.714
303.667
303.614
303.556
303.491
303.421
303.344
303.261
303.172
301.373
301.392
301.412
301.433
301.453
301.474
301.495
301.516
301.537
301.559
301.581
301.603
301.625
301.648
301.67
301.693
301.716
301.74
301.763
301.786
301.81
301.834
301.858
301.882
301.906
301.93
301.955
301.979
302.004
302.028
302.053
302.078
302.102
302.127
302.152
302.177
302.202
302.227
302.252
302.277
302.302
302.327
302.352
302.377
302.402
302.427
302.452
302.476
302.501
302.526
302.551
302.575
302.6
302.624
302.649
302.673
302.698
302.722
302.746
302.77
302.794
302.817
302.841
302.865
302.888
302.911
302.934
302.957
302.98
303.003
303.025
303.048
303.07
303.092
303.114
303.135
303.157
303.178
303.199
303.22
303.24
303.261
303.281
303.301
303.321
303.34
303.359
303.379
303.397
303.416
303.434
303.453
303.471
303.488
303.506
303.523
303.54
303.557
303.574
303.59
303.606
303.622
303.637
303.653
303.668
303.682
303.697
303.711
303.724
303.738
303.751
303.763
303.775
303.787
303.799
303.81
303.82
303.83
303.84
303.849
303.857
303.865
303.873
303.879
303.886
303.891
303.896
303.9
303.904
303.907
303.909
303.91
303.911
303.91
303.909
303.906
303.902
303.898
303.892
303.884
303.875
303.865
303.852
303.838
303.822
303.804
303.783
303.76
303.733
303.704
303.671
303.634
303.593
303.548
303.498
303.443
303.382
303.316
303.244
303.166
303.083
301.302
301.32
301.338
301.357
301.376
301.395
301.415
301.435
301.454
301.475
301.495
301.516
301.536
301.557
301.579
301.6
301.622
301.643
301.665
301.687
301.71
301.732
301.755
301.777
301.8
301.823
301.846
301.869
301.893
301.916
301.94
301.963
301.987
302.011
302.035
302.058
302.082
302.106
302.13
302.154
302.179
302.203
302.227
302.251
302.275
302.299
302.323
302.347
302.372
302.396
302.42
302.444
302.468
302.492
302.515
302.539
302.563
302.587
302.61
302.634
302.657
302.681
302.704
302.727
302.75
302.773
302.796
302.818
302.841
302.863
302.885
302.907
302.929
302.951
302.973
302.994
303.015
303.036
303.057
303.078
303.098
303.118
303.138
303.158
303.178
303.197
303.216
303.235
303.254
303.272
303.291
303.309
303.327
303.345
303.362
303.379
303.396
303.413
303.43
303.446
303.462
303.478
303.494
303.509
303.524
303.539
303.553
303.567
303.581
303.594
303.607
303.62
303.632
303.644
303.656
303.667
303.677
303.688
303.697
303.706
303.715
303.723
303.731
303.738
303.744
303.75
303.755
303.759
303.763
303.766
303.768
303.77
303.77
303.77
303.769
303.767
303.763
303.759
303.753
303.746
303.738
303.727
303.716
303.702
303.687
303.669
303.649
303.627
303.602
303.573
303.542
303.507
303.468
303.425
303.378
303.326
303.269
303.207
303.139
303.067
302.99
301.231
301.248
301.265
301.282
301.3
301.318
301.336
301.354
301.372
301.391
301.41
301.429
301.449
301.468
301.488
301.508
301.528
301.548
301.569
301.59
301.61
301.631
301.653
301.674
301.695
301.717
301.739
301.761
301.783
301.805
301.827
301.85
301.872
301.895
301.917
301.94
301.963
301.986
302.009
302.032
302.055
302.078
302.101
302.125
302.148
302.171
302.194
302.218
302.241
302.264
302.288
302.311
302.334
302.357
302.381
302.404
302.427
302.45
302.473
302.496
302.519
302.542
302.564
302.587
302.61
302.632
302.654
302.676
302.699
302.72
302.742
302.764
302.785
302.807
302.828
302.849
302.87
302.891
302.911
302.932
302.952
302.972
302.991
303.011
303.03
303.05
303.069
303.087
303.106
303.125
303.143
303.161
303.179
303.196
303.214
303.231
303.248
303.265
303.281
303.297
303.313
303.329
303.345
303.36
303.375
303.39
303.404
303.419
303.432
303.446
303.459
303.472
303.484
303.496
303.508
303.519
303.529
303.54
303.549
303.559
303.567
303.575
303.583
303.59
303.597
303.603
303.608
303.612
303.616
303.62
303.622
303.624
303.625
303.625
303.624
303.622
303.619
303.614
303.609
303.602
303.594
303.585
303.574
303.561
303.546
303.529
303.51
303.489
303.465
303.438
303.408
303.375
303.338
303.298
303.253
303.204
303.151
303.093
303.03
302.963
302.892
301.16
301.176
301.192
301.208
301.224
301.24
301.257
301.274
301.291
301.309
301.326
301.344
301.362
301.38
301.398
301.417
301.436
301.455
301.474
301.493
301.512
301.532
301.552
301.572
301.592
301.612
301.633
301.653
301.674
301.695
301.716
301.737
301.759
301.78
301.801
301.823
301.845
301.866
301.888
301.91
301.932
301.954
301.977
301.999
302.021
302.043
302.066
302.088
302.11
302.133
302.155
302.178
302.2
302.223
302.245
302.267
302.29
302.312
302.334
302.357
302.379
302.401
302.423
302.445
302.467
302.489
302.511
302.532
302.554
302.575
302.597
302.618
302.639
302.66
302.681
302.701
302.722
302.742
302.762
302.782
302.802
302.822
302.841
302.861
302.88
302.899
302.917
302.936
302.954
302.973
302.991
303.008
303.026
303.044
303.061
303.078
303.095
303.111
303.128
303.144
303.16
303.176
303.191
303.207
303.222
303.236
303.251
303.265
303.279
303.292
303.305
303.318
303.331
303.342
303.354
303.365
303.376
303.386
303.396
303.405
303.414
303.422
303.43
303.437
303.444
303.45
303.455
303.46
303.464
303.468
303.47
303.472
303.473
303.473
303.473
303.471
303.468
303.465
303.46
303.453
303.446
303.437
303.426
303.414
303.4
303.384
303.366
303.346
303.324
303.298
303.27
303.239
303.204
303.166
303.124
303.079
303.029
302.975
302.917
302.855
302.789
301.09
301.105
301.119
301.134
301.149
301.164
301.18
301.195
301.211
301.227
301.243
301.26
301.276
301.293
301.31
301.327
301.345
301.362
301.38
301.398
301.416
301.434
301.453
301.472
301.49
301.509
301.528
301.548
301.567
301.587
301.606
301.626
301.646
301.666
301.687
301.707
301.728
301.748
301.769
301.79
301.81
301.831
301.852
301.874
301.895
301.916
301.937
301.959
301.98
302.002
302.023
302.045
302.066
302.088
302.109
302.131
302.152
302.174
302.195
302.217
302.238
302.26
302.281
302.302
302.324
302.345
302.366
302.387
302.408
302.429
302.449
302.47
302.49
302.511
302.531
302.551
302.571
302.591
302.611
302.63
302.65
302.669
302.688
302.707
302.726
302.744
302.763
302.781
302.799
302.817
302.835
302.853
302.87
302.887
302.904
302.921
302.938
302.954
302.971
302.987
303.003
303.018
303.034
303.049
303.064
303.079
303.093
303.107
303.121
303.134
303.147
303.16
303.172
303.184
303.196
303.207
303.218
303.228
303.238
303.247
303.256
303.265
303.272
303.28
303.286
303.293
303.298
303.303
303.307
303.311
303.314
303.316
303.317
303.317
303.317
303.316
303.313
303.31
303.305
303.3
303.293
303.284
303.274
303.263
303.25
303.235
303.218
303.199
303.178
303.154
303.127
303.098
303.066
303.03
302.991
302.949
302.903
302.853
302.8
302.743
302.682
301.021
301.035
301.048
301.061
301.075
301.089
301.103
301.118
301.132
301.147
301.162
301.177
301.192
301.208
301.224
301.239
301.256
301.272
301.288
301.305
301.322
301.339
301.356
301.373
301.39
301.408
301.426
301.444
301.462
301.48
301.499
301.517
301.536
301.555
301.574
301.593
301.612
301.631
301.651
301.671
301.69
301.71
301.73
301.75
301.77
301.79
301.81
301.831
301.851
301.871
301.892
301.912
301.933
301.953
301.974
301.994
302.015
302.036
302.056
302.077
302.097
302.118
302.138
302.159
302.179
302.2
302.22
302.24
302.261
302.281
302.301
302.321
302.341
302.36
302.38
302.4
302.419
302.438
302.457
302.477
302.495
302.514
302.533
302.551
302.57
302.588
302.606
302.624
302.642
302.659
302.677
302.694
302.711
302.728
302.745
302.761
302.778
302.794
302.81
302.826
302.842
302.857
302.873
302.888
302.902
302.917
302.931
302.945
302.959
302.972
302.985
302.998
303.01
303.022
303.034
303.045
303.055
303.066
303.076
303.085
303.094
303.102
303.11
303.118
303.124
303.131
303.136
303.141
303.146
303.149
303.152
303.155
303.156
303.157
303.157
303.156
303.154
303.151
303.147
303.141
303.135
303.127
303.118
303.107
303.095
303.081
303.065
303.048
303.028
303.005
302.981
302.954
302.924
302.891
302.855
302.816
302.773
302.728
302.679
302.626
302.57
300.953
300.965
300.978
300.99
301.003
301.016
301.029
301.042
301.055
301.069
301.082
301.096
301.11
301.124
301.139
301.154
301.168
301.183
301.198
301.214
301.229
301.245
301.261
301.277
301.293
301.309
301.326
301.342
301.359
301.376
301.393
301.411
301.428
301.445
301.463
301.481
301.499
301.517
301.535
301.554
301.572
301.591
301.609
301.628
301.647
301.666
301.685
301.704
301.723
301.742
301.762
301.781
301.801
301.82
301.84
301.859
301.879
301.898
301.918
301.938
301.957
301.977
301.997
302.016
302.036
302.055
302.075
302.094
302.114
302.133
302.152
302.171
302.19
302.21
302.228
302.247
302.266
302.285
302.303
302.322
302.34
302.358
302.376
302.394
302.412
302.43
302.447
302.465
302.482
302.499
302.516
302.533
302.55
302.567
302.583
302.6
302.616
302.632
302.647
302.663
302.679
302.694
302.709
302.724
302.738
302.753
302.767
302.78
302.794
302.807
302.82
302.832
302.845
302.856
302.868
302.879
302.89
302.9
302.91
302.919
302.928
302.936
302.944
302.952
302.959
302.965
302.971
302.976
302.98
302.984
302.987
302.99
302.992
302.992
302.993
302.992
302.99
302.988
302.984
302.979
302.973
302.966
302.958
302.948
302.937
302.924
302.909
302.893
302.874
302.854
302.831
302.806
302.778
302.748
302.715
302.679
302.64
302.598
302.554
302.506
302.455
300.887
300.898
300.909
300.92
300.932
300.944
300.955
300.968
300.98
300.992
301.005
301.017
301.03
301.043
301.056
301.07
301.083
301.097
301.111
301.125
301.139
301.154
301.168
301.183
301.198
301.213
301.228
301.244
301.259
301.275
301.291
301.307
301.323
301.339
301.355
301.372
301.389
301.405
301.422
301.439
301.457
301.474
301.491
301.509
301.526
301.544
301.562
301.58
301.598
301.616
301.634
301.652
301.671
301.689
301.708
301.726
301.745
301.763
301.782
301.8
301.819
301.837
301.856
301.875
301.893
301.912
301.93
301.949
301.967
301.986
302.004
302.023
302.041
302.059
302.077
302.095
302.113
302.131
302.149
302.167
302.185
302.202
302.22
302.237
302.254
302.271
302.288
302.305
302.322
302.339
302.355
302.372
302.388
302.404
302.421
302.436
302.452
302.468
302.483
302.499
302.514
302.529
302.543
302.558
302.572
302.586
302.6
302.614
302.627
302.64
302.653
302.665
302.677
302.689
302.7
302.711
302.722
302.732
302.741
302.751
302.76
302.768
302.776
302.783
302.79
302.797
302.802
302.808
302.812
302.816
302.819
302.822
302.824
302.825
302.826
302.825
302.824
302.822
302.819
302.815
302.809
302.803
302.795
302.786
302.776
302.764
302.75
302.735
302.718
302.699
302.679
302.656
302.63
302.603
302.572
302.54
302.504
302.466
302.425
302.382
302.336
300.822
300.832
300.842
300.853
300.863
300.874
300.885
300.895
300.907
300.918
300.929
300.941
300.953
300.965
300.977
300.989
301.001
301.014
301.026
301.039
301.052
301.066
301.079
301.092
301.106
301.12
301.134
301.148
301.162
301.177
301.191
301.206
301.221
301.236
301.251
301.266
301.282
301.297
301.313
301.329
301.345
301.361
301.377
301.393
301.409
301.426
301.443
301.459
301.476
301.493
301.51
301.527
301.544
301.561
301.578
301.596
301.613
301.631
301.648
301.665
301.683
301.701
301.718
301.736
301.753
301.771
301.788
301.806
301.824
301.841
301.859
301.876
301.893
301.911
301.928
301.945
301.962
301.98
301.997
302.014
302.031
302.047
302.064
302.081
302.097
302.114
302.13
302.147
302.163
302.179
302.195
302.211
302.227
302.243
302.258
302.274
302.289
302.304
302.319
302.334
302.349
302.363
302.378
302.392
302.406
302.42
302.433
302.446
302.459
302.472
302.485
302.497
302.509
302.52
302.531
302.542
302.552
302.562
302.572
302.581
302.59
302.598
302.606
302.613
302.62
302.627
302.633
302.638
302.643
302.647
302.65
302.653
302.655
302.657
302.657
302.657
302.656
302.655
302.652
302.648
302.644
302.638
302.631
302.623
302.613
302.603
302.59
302.576
302.561
302.544
302.525
302.504
302.481
302.456
302.428
302.399
302.367
302.332
302.295
302.256
302.214
300.759
300.768
300.778
300.787
300.797
300.806
300.816
300.826
300.836
300.846
300.857
300.867
300.878
300.889
300.9
300.911
300.922
300.934
300.945
300.957
300.969
300.981
300.993
301.005
301.018
301.03
301.043
301.056
301.069
301.082
301.096
301.109
301.123
301.137
301.15
301.164
301.179
301.193
301.207
301.222
301.237
301.251
301.266
301.281
301.296
301.312
301.327
301.343
301.358
301.374
301.39
301.405
301.421
301.437
301.453
301.47
301.486
301.502
301.518
301.535
301.551
301.567
301.584
301.6
301.617
301.633
301.65
301.667
301.683
301.7
301.716
301.733
301.749
301.765
301.782
301.798
301.815
301.831
301.847
301.863
301.879
301.895
301.911
301.927
301.943
301.959
301.975
301.99
302.006
302.022
302.037
302.052
302.068
302.083
302.098
302.113
302.127
302.142
302.157
302.171
302.185
302.2
302.214
302.227
302.241
302.254
302.267
302.28
302.293
302.305
302.317
302.329
302.341
302.352
302.363
302.373
302.384
302.394
302.403
302.412
302.421
302.429
302.437
302.444
302.451
302.457
302.463
302.468
302.473
302.477
302.481
302.484
302.486
302.488
302.489
302.489
302.489
302.487
302.485
302.482
302.478
302.473
302.467
302.459
302.451
302.441
302.43
302.418
302.404
302.388
302.371
302.352
302.331
302.308
302.284
302.257
302.228
302.197
302.164
302.128
302.091
300.699
300.708
300.716
300.725
300.733
300.742
300.751
300.76
300.769
300.778
300.788
300.797
300.807
300.817
300.827
300.837
300.847
300.857
300.868
300.879
300.889
300.9
300.911
300.922
300.934
300.945
300.957
300.969
300.981
300.993
301.005
301.017
301.03
301.042
301.055
301.068
301.081
301.094
301.107
301.12
301.134
301.147
301.161
301.175
301.189
301.203
301.217
301.231
301.246
301.26
301.275
301.289
301.304
301.319
301.334
301.349
301.364
301.379
301.394
301.409
301.424
301.44
301.455
301.47
301.486
301.501
301.517
301.532
301.548
301.563
301.579
301.594
301.61
301.625
301.64
301.656
301.671
301.687
301.702
301.717
301.733
301.748
301.763
301.778
301.793
301.808
301.823
301.838
301.853
301.868
301.883
301.898
301.912
301.927
301.941
301.955
301.97
301.984
301.998
302.012
302.026
302.039
302.053
302.066
302.079
302.092
302.105
302.117
302.129
302.141
302.153
302.165
302.176
302.187
302.197
302.208
302.218
302.227
302.236
302.245
302.254
302.262
302.269
302.277
302.283
302.29
302.296
302.301
302.306
302.31
302.314
302.317
302.319
302.321
302.322
302.323
302.323
302.322
302.32
302.318
302.314
302.31
302.304
302.298
302.29
302.282
302.272
302.261
302.248
302.234
302.219
302.202
302.183
302.163
302.14
302.116
302.091
302.063
302.033
302.001
301.968
300.643
300.65
300.658
300.666
300.673
300.681
300.689
300.697
300.706
300.714
300.723
300.731
300.74
300.749
300.758
300.767
300.776
300.786
300.795
300.805
300.815
300.824
300.835
300.845
300.855
300.865
300.876
300.887
300.897
300.908
300.919
300.931
300.942
300.953
300.965
300.977
300.988
301
301.012
301.025
301.037
301.049
301.062
301.075
301.087
301.1
301.113
301.126
301.139
301.153
301.166
301.179
301.193
301.207
301.22
301.234
301.248
301.262
301.276
301.29
301.304
301.318
301.333
301.347
301.361
301.376
301.39
301.404
301.419
301.433
301.448
301.462
301.477
301.491
301.506
301.52
301.535
301.549
301.564
301.578
301.593
301.607
301.621
301.636
301.65
301.664
301.679
301.693
301.707
301.721
301.735
301.749
301.763
301.777
301.791
301.804
301.818
301.832
301.845
301.858
301.871
301.885
301.897
301.91
301.923
301.935
301.947
301.959
301.971
301.983
301.994
302.005
302.016
302.027
302.037
302.047
302.057
302.066
302.075
302.084
302.092
302.1
302.107
302.114
302.121
302.127
302.133
302.138
302.143
302.147
302.151
302.154
302.157
302.159
302.161
302.161
302.162
302.161
302.16
302.158
302.155
302.151
302.146
302.141
302.134
302.126
302.118
302.108
302.096
302.084
302.07
302.055
302.038
302.02
302.001
301.979
301.956
301.931
301.905
301.877
301.847
300.59
300.597
300.604
300.611
300.618
300.625
300.632
300.64
300.647
300.655
300.662
300.67
300.678
300.686
300.694
300.703
300.711
300.719
300.728
300.737
300.746
300.755
300.764
300.773
300.782
300.792
300.801
300.811
300.821
300.831
300.841
300.851
300.861
300.871
300.882
300.893
300.903
300.914
300.925
300.936
300.948
300.959
300.97
300.982
300.993
301.005
301.017
301.029
301.041
301.053
301.066
301.078
301.09
301.103
301.116
301.128
301.141
301.154
301.167
301.18
301.193
301.206
301.219
301.232
301.246
301.259
301.272
301.286
301.299
301.313
301.326
301.339
301.353
301.367
301.38
301.394
301.407
301.421
301.434
301.448
301.462
301.475
301.489
301.502
301.516
301.529
301.543
301.556
301.569
301.583
301.596
301.609
301.623
301.636
301.649
301.662
301.675
301.688
301.701
301.713
301.726
301.738
301.751
301.763
301.775
301.787
301.799
301.81
301.821
301.833
301.843
301.854
301.865
301.875
301.885
301.894
301.904
301.913
301.921
301.93
301.938
301.945
301.953
301.96
301.966
301.972
301.978
301.983
301.988
301.992
301.996
302
302.002
302.005
302.006
302.007
302.008
302.008
302.007
302.005
302.003
301.999
301.995
301.991
301.985
301.978
301.97
301.962
301.952
301.941
301.929
301.915
301.9
301.884
301.867
301.848
301.827
301.805
301.782
301.757
301.73
300.543
300.549
300.555
300.561
300.568
300.574
300.581
300.588
300.594
300.601
300.608
300.615
300.622
300.63
300.637
300.645
300.652
300.66
300.668
300.676
300.684
300.692
300.7
300.708
300.717
300.725
300.734
300.743
300.752
300.761
300.77
300.779
300.788
300.798
300.807
300.817
300.827
300.837
300.847
300.857
300.867
300.877
300.888
300.898
300.909
300.92
300.931
300.942
300.953
300.964
300.975
300.986
300.998
301.009
301.021
301.032
301.044
301.056
301.068
301.08
301.092
301.104
301.116
301.128
301.141
301.153
301.165
301.178
301.19
301.203
301.215
301.228
301.241
301.253
301.266
301.279
301.291
301.304
301.317
301.329
301.342
301.355
301.368
301.38
301.393
301.406
301.419
301.431
301.444
301.457
301.469
301.482
301.494
301.507
301.519
301.532
301.544
301.556
301.568
301.58
301.592
301.604
301.616
301.628
301.639
301.651
301.662
301.673
301.684
301.694
301.705
301.715
301.725
301.735
301.744
301.753
301.762
301.771
301.779
301.787
301.795
301.803
301.81
301.817
301.823
301.829
301.835
301.84
301.844
301.849
301.853
301.856
301.859
301.861
301.863
301.864
301.865
301.865
301.865
301.864
301.862
301.859
301.856
301.851
301.846
301.841
301.834
301.826
301.817
301.808
301.797
301.785
301.772
301.758
301.742
301.725
301.707
301.688
301.667
301.644
301.621
300.502
300.507
300.513
300.519
300.524
300.53
300.536
300.542
300.548
300.555
300.561
300.567
300.574
300.581
300.587
300.594
300.601
300.608
300.615
300.622
300.63
300.637
300.645
300.652
300.66
300.668
300.676
300.684
300.692
300.7
300.708
300.717
300.725
300.734
300.743
300.751
300.76
300.769
300.779
300.788
300.797
300.807
300.816
300.826
300.836
300.846
300.855
300.866
300.876
300.886
300.896
300.907
300.917
300.928
300.938
300.949
300.96
300.971
300.982
300.993
301.004
301.015
301.027
301.038
301.049
301.061
301.072
301.084
301.096
301.107
301.119
301.131
301.143
301.154
301.166
301.178
301.19
301.202
301.214
301.226
301.238
301.25
301.262
301.274
301.286
301.298
301.31
301.322
301.334
301.346
301.358
301.37
301.382
301.393
301.405
301.417
301.429
301.44
301.452
301.463
301.475
301.486
301.497
301.508
301.519
301.53
301.541
301.551
301.562
301.572
301.582
301.591
301.601
301.61
301.619
301.628
301.637
301.645
301.653
301.661
301.669
301.676
301.683
301.689
301.696
301.701
301.707
301.712
301.717
301.721
301.725
301.728
301.731
301.734
301.736
301.737
301.738
301.739
301.738
301.738
301.736
301.734
301.731
301.728
301.723
301.718
301.712
301.705
301.698
301.689
301.68
301.669
301.657
301.645
301.631
301.616
301.6
301.582
301.564
301.544
301.523
300.468
300.473
300.478
300.484
300.489
300.494
300.5
300.505
300.511
300.517
300.523
300.529
300.535
300.541
300.547
300.553
300.559
300.566
300.572
300.579
300.586
300.593
300.6
300.607
300.614
300.621
300.628
300.635
300.643
300.651
300.658
300.666
300.674
300.682
300.69
300.698
300.706
300.715
300.723
300.732
300.74
300.749
300.758
300.767
300.776
300.785
300.794
300.804
300.813
300.822
300.832
300.842
300.851
300.861
300.871
300.881
300.891
300.902
300.912
300.922
300.932
300.943
300.953
300.964
300.975
300.985
300.996
301.007
301.018
301.029
301.04
301.051
301.062
301.073
301.084
301.096
301.107
301.118
301.129
301.141
301.152
301.163
301.175
301.186
301.198
301.209
301.22
301.232
301.243
301.255
301.266
301.277
301.289
301.3
301.311
301.322
301.334
301.345
301.356
301.367
301.377
301.388
301.399
301.409
301.42
301.43
301.44
301.45
301.46
301.47
301.48
301.489
301.498
301.507
301.516
301.524
301.533
301.541
301.549
301.556
301.563
301.57
301.577
301.583
301.59
301.595
301.601
301.606
301.61
301.615
301.618
301.622
301.625
301.627
301.63
301.631
301.632
301.633
301.633
301.632
301.631
301.629
301.627
301.624
301.62
301.616
301.611
301.605
301.598
301.59
301.581
301.572
301.562
301.55
301.538
301.524
301.51
301.494
301.477
301.459
301.44
300.443
300.448
300.453
300.458
300.463
300.468
300.473
300.478
300.484
300.489
300.495
300.5
300.506
300.512
300.517
300.523
300.529
300.535
300.541
300.548
300.554
300.56
300.567
300.573
300.58
300.587
300.594
300.6
300.607
300.615
300.622
300.629
300.636
300.644
300.652
300.659
300.667
300.675
300.683
300.691
300.699
300.707
300.715
300.724
300.732
300.741
300.75
300.758
300.767
300.776
300.785
300.794
300.804
300.813
300.822
300.832
300.841
300.851
300.861
300.87
300.88
300.89
300.9
300.91
300.92
300.93
300.941
300.951
300.961
300.972
300.982
300.993
301.003
301.014
301.025
301.035
301.046
301.057
301.068
301.079
301.089
301.1
301.111
301.122
301.133
301.144
301.155
301.166
301.177
301.188
301.199
301.21
301.221
301.231
301.242
301.253
301.264
301.274
301.285
301.295
301.306
301.316
301.327
301.337
301.347
301.357
301.367
301.376
301.386
301.395
301.404
301.413
301.422
301.431
301.439
301.448
301.456
301.464
301.471
301.478
301.485
301.492
301.499
301.505
301.511
301.517
301.522
301.527
301.531
301.536
301.539
301.543
301.546
301.549
301.551
301.552
301.554
301.554
301.555
301.554
301.553
301.552
301.55
301.547
301.544
301.54
301.535
301.53
301.523
301.516
301.509
301.5
301.49
301.48
301.469
301.456
301.443
301.428
301.413
301.396
301.379
300.43
300.435
300.439
300.444
300.449
300.454
300.459
300.464
300.469
300.474
300.479
300.485
300.49
300.496
300.501
300.507
300.513
300.518
300.524
300.53
300.536
300.543
300.549
300.555
300.562
300.568
300.575
300.581
300.588
300.595
300.602
300.609
300.616
300.623
300.631
300.638
300.645
300.653
300.661
300.668
300.676
300.684
300.692
300.7
300.709
300.717
300.725
300.734
300.742
300.751
300.76
300.768
300.777
300.786
300.795
300.805
300.814
300.823
300.833
300.842
300.852
300.861
300.871
300.881
300.89
300.9
300.91
300.92
300.93
300.94
300.951
300.961
300.971
300.981
300.992
301.002
301.013
301.023
301.034
301.044
301.055
301.066
301.076
301.087
301.098
301.108
301.119
301.13
301.14
301.151
301.162
301.172
301.183
301.194
301.204
301.215
301.225
301.236
301.246
301.256
301.266
301.277
301.287
301.297
301.306
301.316
301.326
301.335
301.344
301.354
301.363
301.372
301.38
301.389
301.397
301.405
301.413
301.421
301.428
301.435
301.442
301.449
301.455
301.461
301.467
301.473
301.478
301.483
301.488
301.492
301.496
301.499
301.502
301.505
301.507
301.509
301.51
301.511
301.511
301.511
301.51
301.509
301.507
301.505
301.501
301.498
301.493
301.488
301.482
301.476
301.468
301.46
301.451
301.441
301.43
301.418
301.405
301.392
301.377
301.361
301.345
303.71
303.067
302.604
302.235
301.927
301.665
301.439
301.242
301.071
300.921
300.79
300.676
300.576
300.488
300.412
300.346
300.289
300.24
300.199
300.163
300.133
300.108
300.087
300.069
300.055
300.043
300.034
300.026
300.02
300.015
300.012
300.009
300.006
300.005
300.003
300.002
300.002
300.001
300.001
300
300
300
300
300
300
300
300
300
300
300
300
303.707
303.067
302.604
302.235
301.927
301.665
301.439
301.242
301.071
300.921
300.79
300.676
300.576
300.488
300.412
300.346
300.289
300.24
300.199
300.163
300.133
300.108
300.087
300.069
300.055
300.043
300.034
300.026
300.02
300.015
300.012
300.009
300.006
300.005
300.003
300.002
300.002
300.001
300.001
300
300
300
300
300
300
300
300
300
300
300
300
303.702
303.065
302.604
302.234
301.927
301.665
301.439
301.243
301.071
300.921
300.79
300.676
300.576
300.488
300.412
300.346
300.289
300.24
300.199
300.163
300.133
300.108
300.087
300.069
300.055
300.043
300.034
300.026
300.02
300.015
300.012
300.009
300.006
300.005
300.003
300.002
300.002
300.001
300.001
300
300
300
300
300
300
300
300
300
300
300
300
303.694
303.064
302.603
302.234
301.927
301.665
301.439
301.243
301.071
300.922
300.791
300.676
300.576
300.488
300.412
300.346
300.289
300.241
300.199
300.163
300.133
300.108
300.087
300.069
300.055
300.043
300.034
300.026
300.02
300.015
300.012
300.009
300.006
300.005
300.003
300.002
300.002
300.001
300.001
300
300
300
300
300
300
300
300
300
300
300
300
303.684
303.061
302.602
302.234
301.927
301.665
301.439
301.243
301.071
300.922
300.791
300.676
300.576
300.489
300.412
300.347
300.29
300.241
300.199
300.163
300.133
300.108
300.087
300.069
300.055
300.043
300.034
300.026
300.02
300.015
300.012
300.009
300.006
300.005
300.003
300.002
300.002
300.001
300.001
300
300
300
300
300
300
300
300
300
300
300
300
303.671
303.057
302.6
302.233
301.926
301.665
301.439
301.243
301.072
300.922
300.791
300.676
300.576
300.489
300.413
300.347
300.29
300.241
300.199
300.163
300.133
300.108
300.087
300.07
300.055
300.043
300.034
300.026
300.02
300.015
300.012
300.009
300.006
300.005
300.003
300.002
300.002
300.001
300.001
300
300
300
300
300
300
300
300
300
300
300
300
303.655
303.053
302.599
302.232
301.926
301.665
301.439
301.243
301.072
300.922
300.791
300.677
300.576
300.489
300.413
300.347
300.29
300.241
300.199
300.164
300.133
300.108
300.087
300.07
300.055
300.044
300.034
300.026
300.02
300.015
300.012
300.009
300.006
300.005
300.003
300.002
300.002
300.001
300.001
300
300
300
300
300
300
300
300
300
300
300
300
303.636
303.047
302.596
302.231
301.926
301.665
301.439
301.243
301.072
300.923
300.792
300.677
300.577
300.489
300.413
300.347
300.29
300.241
300.199
300.164
300.134
300.108
300.087
300.07
300.055
300.044
300.034
300.026
300.02
300.015
300.012
300.009
300.006
300.005
300.003
300.002
300.002
300.001
300.001
300
300
300
300
300
300
300
300
300
300
300
300
303.615
303.04
302.593
302.23
301.925
301.665
301.439
301.244
301.073
300.923
300.792
300.677
300.577
300.49
300.414
300.348
300.291
300.241
300.2
300.164
300.134
300.108
300.087
300.07
300.055
300.044
300.034
300.026
300.02
300.016
300.012
300.009
300.006
300.005
300.003
300.002
300.002
300.001
300.001
300
300
300
300
300
300
300
300
300
300
300
300
303.591
303.031
302.59
302.228
301.925
301.664
301.44
301.244
301.073
300.923
300.793
300.678
300.578
300.49
300.414
300.348
300.291
300.242
300.2
300.164
300.134
300.109
300.087
300.07
300.056
300.044
300.034
300.027
300.02
300.016
300.012
300.009
300.006
300.005
300.003
300.002
300.002
300.001
300.001
300
300
300
300
300
300
300
300
300
300
300
300
303.564
303.021
302.585
302.226
301.924
301.664
301.44
301.244
301.074
300.924
300.793
300.678
300.578
300.491
300.414
300.348
300.291
300.242
300.2
300.164
300.134
300.109
300.088
300.07
300.056
300.044
300.034
300.027
300.02
300.016
300.012
300.009
300.006
300.005
300.003
300.002
300.002
300.001
300.001
300
300
300
300
300
300
300
300
300
300
300
300
303.534
303.009
302.58
302.224
301.923
301.664
301.44
301.245
301.074
300.925
300.794
300.679
300.579
300.491
300.415
300.349
300.292
300.243
300.2
300.165
300.134
300.109
300.088
300.07
300.056
300.044
300.034
300.027
300.021
300.016
300.012
300.009
300.006
300.005
300.003
300.002
300.002
300.001
300.001
300
300
300
300
300
300
300
300
300
300
300
300
303.501
302.995
302.574
302.221
301.921
301.664
301.44
301.245
301.075
300.925
300.794
300.68
300.579
300.492
300.416
300.349
300.292
300.243
300.201
300.165
300.135
300.109
300.088
300.07
300.056
300.044
300.034
300.027
300.021
300.016
300.012
300.009
300.007
300.005
300.003
300.002
300.002
300.001
300.001
300
300
300
300
300
300
300
300
300
300
300
300
303.465
302.979
302.566
302.217
301.92
301.663
301.44
301.245
301.075
300.926
300.795
300.68
300.58
300.492
300.416
300.35
300.293
300.243
300.201
300.165
300.135
300.11
300.088
300.071
300.056
300.044
300.035
300.027
300.021
300.016
300.012
300.009
300.007
300.005
300.003
300.002
300.002
300.001
300.001
300
300
300
300
300
300
300
300
300
300
300
300
303.426
302.96
302.556
302.212
301.917
301.662
301.44
301.246
301.076
300.927
300.796
300.681
300.581
300.493
300.417
300.351
300.293
300.244
300.202
300.166
300.135
300.11
300.089
300.071
300.056
300.044
300.035
300.027
300.021
300.016
300.012
300.009
300.007
300.005
300.003
300.002
300.002
300.001
300.001
300
300
300
300
300
300
300
300
300
300
300
300
303.383
302.938
302.545
302.206
301.914
301.66
301.439
301.246
301.076
300.927
300.796
300.682
300.582
300.494
300.417
300.351
300.294
300.244
300.202
300.166
300.136
300.11
300.089
300.071
300.056
300.045
300.035
300.027
300.021
300.016
300.012
300.009
300.007
300.005
300.003
300.002
300.002
300.001
300.001
300
300
300
300
300
300
300
300
300
300
300
300
303.337
302.913
302.531
302.199
301.91
301.658
301.438
301.245
301.076
300.928
300.797
300.683
300.582
300.494
300.418
300.352
300.294
300.245
300.203
300.167
300.136
300.11
300.089
300.071
300.057
300.045
300.035
300.027
300.021
300.016
300.012
300.009
300.007
300.005
300.003
300.002
300.002
300.001
300.001
300
300
300
300
300
300
300
300
300
300
300
300
303.288
302.884
302.515
302.19
301.905
301.655
301.437
301.245
301.076
300.928
300.797
300.683
300.583
300.495
300.419
300.352
300.295
300.245
300.203
300.167
300.136
300.111
300.089
300.071
300.057
300.045
300.035
300.027
300.021
300.016
300.012
300.009
300.007
300.005
300.003
300.002
300.002
300.001
300.001
300
300
300
300
300
300
300
300
300
300
300
300
303.234
302.852
302.496
302.178
301.898
301.651
301.434
301.244
301.076
300.928
300.798
300.683
300.583
300.496
300.419
300.353
300.295
300.246
300.203
300.167
300.137
300.111
300.09
300.072
300.057
300.045
300.035
300.027
300.021
300.016
300.012
300.009
300.007
300.005
300.004
300.002
300.002
300.001
300.001
300
300
300
300
300
300
300
300
300
300
300
300
303.177
302.815
302.473
302.164
301.889
301.646
301.431
301.242
301.075
300.927
300.798
300.684
300.584
300.496
300.42
300.353
300.296
300.246
300.204
300.168
300.137
300.111
300.09
300.072
300.057
300.045
300.035
300.027
300.021
300.016
300.012
300.009
300.007
300.005
300.004
300.002
300.002
300.001
300.001
300
300
300
300
300
300
300
300
300
300
300
300
303.115
302.774
302.447
302.147
301.878
301.639
301.427
301.239
301.073
300.926
300.797
300.683
300.584
300.496
300.42
300.353
300.296
300.246
300.204
300.168
300.137
300.111
300.09
300.072
300.057
300.045
300.035
300.028
300.021
300.016
300.012
300.009
300.007
300.005
300.004
300.002
300.002
300.001
300.001
300
300
300
300
300
300
300
300
300
300
300
300
303.049
302.728
302.416
302.127
301.865
301.63
301.421
301.235
301.071
300.925
300.796
300.683
300.583
300.496
300.42
300.354
300.296
300.247
300.204
300.168
300.137
300.112
300.09
300.072
300.057
300.045
300.036
300.028
300.021
300.016
300.012
300.009
300.007
300.005
300.004
300.002
300.002
300.001
300.001
300
300
300
300
300
300
300
300
300
300
300
300
302.978
302.677
302.381
302.103
301.848
301.619
301.413
301.23
301.067
300.923
300.795
300.682
300.583
300.496
300.42
300.354
300.296
300.247
300.204
300.168
300.138
300.112
300.09
300.072
300.058
300.045
300.036
300.028
300.021
300.016
300.012
300.009
300.007
300.005
300.004
300.003
300.002
300.001
300.001
300
300
300
300
300
300
300
300
300
300
300
300
302.902
302.621
302.341
302.074
301.829
301.605
301.404
301.223
301.062
300.919
300.793
300.68
300.582
300.495
300.419
300.353
300.296
300.247
300.204
300.168
300.138
300.112
300.09
300.072
300.058
300.046
300.036
300.028
300.021
300.016
300.012
300.009
300.007
300.005
300.004
300.003
300.002
300.001
300.001
300
300
300
300
300
300
300
300
300
300
300
300
302.821
302.559
302.295
302.042
301.805
301.588
301.392
301.215
301.056
300.915
300.789
300.678
300.58
300.494
300.418
300.353
300.296
300.246
300.204
300.168
300.138
300.112
300.09
300.072
300.058
300.046
300.036
300.028
300.021
300.016
300.012
300.009
300.007
300.005
300.004
300.003
300.002
300.001
300.001
300
300
300
300
300
300
300
300
300
300
300
300
302.736
302.492
302.245
302.004
301.777
301.568
301.377
301.204
301.048
300.909
300.785
300.675
300.578
300.492
300.417
300.352
300.295
300.246
300.204
300.168
300.137
300.112
300.09
300.072
300.058
300.046
300.036
300.028
300.021
300.016
300.012
300.009
300.007
300.005
300.004
300.003
300.002
300.001
300.001
300
300
300
300
300
300
300
300
300
300
300
300
302.645
302.42
302.188
301.961
301.745
301.544
301.359
301.191
301.039
300.902
300.78
300.671
300.575
300.49
300.416
300.351
300.294
300.245
300.203
300.168
300.137
300.112
300.09
300.072
300.058
300.045
300.036
300.028
300.021
300.016
300.012
300.009
300.007
300.005
300.004
300.003
300.002
300.001
300.001
300
300
300
300
300
300
300
300
300
300
300
300
302.549
302.341
302.126
301.913
301.709
301.516
301.338
301.175
301.027
300.893
300.773
300.666
300.571
300.487
300.413
300.349
300.293
300.244
300.203
300.167
300.137
300.111
300.09
300.072
300.057
300.045
300.036
300.028
300.021
300.016
300.012
300.009
300.007
300.005
300.004
300.003
300.002
300.001
300.001
300
300
300
300
300
300
300
300
300
300
300
300
302.448
302.258
302.059
301.86
301.667
301.484
301.314
301.156
301.012
300.882
300.765
300.66
300.566
300.483
300.41
300.347
300.291
300.243
300.202
300.166
300.136
300.111
300.09
300.072
300.057
300.045
300.036
300.028
300.021
300.016
300.012
300.009
300.007
300.005
300.004
300.003
300.002
300.001
300.001
300
300
300
300
300
300
300
300
300
300
300
300
302.343
302.169
301.986
301.802
301.621
301.448
301.285
301.134
300.995
300.869
300.755
300.652
300.56
300.479
300.407
300.344
300.289
300.241
300.2
300.165
300.135
300.11
300.089
300.071
300.057
300.045
300.035
300.028
300.021
300.016
300.012
300.009
300.007
300.005
300.004
300.003
300.002
300.001
300.001
300
300
300
300
300
300
300
300
300
300
300
300
302.235
302.076
301.909
301.738
301.57
301.407
301.253
301.109
300.976
300.854
300.743
300.643
300.553
300.473
300.403
300.34
300.286
300.239
300.199
300.164
300.134
300.109
300.088
300.071
300.057
300.045
300.035
300.027
300.021
300.016
300.012
300.009
300.007
300.005
300.004
300.003
300.002
300.001
300.001
300
300
300
300
300
300
300
300
300
300
300
300
302.123
301.979
301.826
301.67
301.514
301.362
301.217
301.081
300.953
300.836
300.729
300.632
300.545
300.467
300.397
300.336
300.283
300.237
300.197
300.162
300.133
300.108
300.088
300.07
300.056
300.044
300.035
300.027
300.021
300.016
300.012
300.009
300.007
300.005
300.004
300.002
300.002
300.001
300.001
300
300
300
300
300
300
300
300
300
300
300
300
302.009
301.879
301.741
301.598
301.455
301.314
301.178
301.049
300.928
300.816
300.713
300.62
300.535
300.459
300.391
300.332
300.279
300.234
300.194
300.161
300.132
300.107
300.087
300.07
300.056
300.044
300.035
300.027
300.021
300.016
300.012
300.009
300.007
300.005
300.004
300.002
300.002
300.001
300.001
300
300
300
300
300
300
300
300
300
300
300
300
301.894
301.778
301.653
301.524
301.393
301.263
301.136
301.015
300.901
300.795
300.696
300.606
300.524
300.451
300.385
300.327
300.275
300.231
300.192
300.159
300.13
300.106
300.086
300.069
300.055
300.044
300.034
300.027
300.021
300.016
300.012
300.009
300.007
300.005
300.003
300.002
300.002
300.001
300.001
300
300
300
300
300
300
300
300
300
300
300
300
301.781
301.677
301.565
301.448
301.329
301.209
301.092
300.98
300.872
300.771
300.678
300.591
300.512
300.441
300.377
300.321
300.271
300.227
300.189
300.156
300.128
300.105
300.085
300.068
300.054
300.043
300.034
300.026
300.02
300.016
300.012
300.009
300.007
300.005
300.003
300.002
300.002
300.001
300.001
300
300
300
300
300
300
300
300
300
300
300
300
301.671
301.579
301.479
301.373
301.265
301.156
301.048
300.943
300.842
300.747
300.658
300.576
300.5
300.432
300.37
300.315
300.266
300.223
300.186
300.154
300.127
300.103
300.084
300.067
300.054
300.043
300.033
300.026
300.02
300.015
300.012
300.009
300.007
300.005
300.003
300.002
300.002
300.001
300.001
300
300
300
300
300
300
300
300
300
300
300
300
301.569
301.486
301.397
301.302
301.203
301.103
301.004
300.907
300.813
300.723
300.639
300.56
300.488
300.422
300.362
300.308
300.261
300.219
300.183
300.152
300.125
300.102
300.082
300.066
300.053
300.042
300.033
300.026
300.02
300.015
300.012
300.009
300.006
300.005
300.003
300.002
300.002
300.001
300.001
300
300
300
300
300
300
300
300
300
300
300
300
301.476
301.402
301.322
301.236
301.146
301.055
300.963
300.873
300.785
300.701
300.621
300.546
300.476
300.412
300.354
300.303
300.256
300.216
300.18
300.149
300.123
300.1
300.081
300.065
300.052
300.041
300.033
300.025
300.02
300.015
300.011
300.009
300.006
300.005
300.003
300.002
300.002
300.001
300.001
300
300
300
300
300
300
300
300
300
300
300
300
301.398
301.332
301.258
301.18
301.098
301.013
300.928
300.844
300.761
300.681
300.604
300.532
300.466
300.404
300.348
300.297
300.252
300.212
300.177
300.147
300.121
300.099
300.08
300.065
300.052
300.041
300.032
300.025
300.019
300.015
300.011
300.008
300.006
300.005
300.003
300.002
300.002
300.001
300.001
300
300
300
300
300
300
300
300
300
300
300
300
301.34
301.279
301.211
301.138
301.061
300.982
300.902
300.821
300.742
300.665
300.592
300.522
300.458
300.398
300.343
300.293
300.249
300.21
300.175
300.146
300.12
300.098
300.08
300.064
300.051
300.041
300.032
300.025
300.019
300.015
300.011
300.008
300.006
300.005
300.003
300.002
300.002
300.001
300.001
300
300
300
300
300
300
300
300
300
300
300
300
301.308
301.249
301.184
301.114
301.041
300.964
300.886
300.809
300.732
300.657
300.585
300.517
300.453
300.394
300.34
300.291
300.247
300.208
300.174
300.145
300.119
300.097
300.079
300.064
300.051
300.04
300.032
300.025
300.019
300.015
300.011
300.008
300.006
300.005
300.003
300.002
300.002
300.001
300.001
300
300
300
300
300
300
300
300
300
300
300
300
)
;

boundaryField
{
    inlet
    {
        type            fixedValue;
        value           uniform 300;
    }
    outlet
    {
        type            zeroGradient;
    }
    top
    {
        type            zeroGradient;
    }
    slip-bottom
    {
        type            zeroGradient;
    }
    bottom
    {
        type            zeroGradient;
    }
    interface
    {
        type            fixedGradient;
        gradient        nonuniform List<scalar> 
161
(
67.7744
67.7744
46.0292
46.0292
46.0292
46.0292
34.1463
34.1463
34.1463
34.1463
29.3412
29.3412
29.3412
28.5345
28.5345
28.5345
28.5345
25.9445
25.9445
25.9445
25.0745
25.0745
25.0745
24.565
24.565
24.565
23.912
23.912
23.912
23.3242
23.3242
23.3242
22.7807
22.7807
22.7807
22.2479
22.2479
22.2479
21.7421
21.7421
21.7421
20.7518
20.7518
21.4419
21.4419
21.4419
20.4677
20.4677
20.8988
20.8988
20.8988
19.9523
19.9523
19.9426
19.9426
19.9426
20.0642
20.0642
20.3542
20.3542
19.2539
19.2539
19.1595
19.1595
19.2015
19.2015
19.0831
19.0831
19.0831
18.9387
18.9387
18.7999
18.6571
18.6571
18.4859
18.4859
18.3343
18.3343
17.7884
17.7884
18.4875
18.4875
18.2117
18.2117
17.9026
17.4102
17.4102
17.9691
17.9691
17.7392
17.1521
17.1521
17.6708
17.1496
17.1496
17.4818
17.4818
16.9743
17.2903
17.2903
16.8352
17.1377
16.7068
16.7068
16.739
17.0268
17.0268
16.5384
16.7578
16.3996
16.3996
16.4125
16.4926
16.6238
16.6238
16.2412
16.2656
16.334
16.4221
16.4221
16.1426
16.1594
16.2067
16.2075
16.2433
16.1077
16.1077
16.1056
16.1202
16.1143
16.1056
16.0942
16.082
16.0681
16.0549
16.0405
16.0285
16.0163
16.0085
16.002
16.0033
16.0087
16.0259
16.0507
16.0918
16.1464
16.2276
16.3431
16.5329
16.6927
16.2956
16.3635
16.9752
17.4024
17.9753
18.6702
21.4047
18.9204
21.7954
24.5826
34.7706
)
;
    }
    defaultFaces
    {
        type            empty;
    }
}


// ************************************************************************* //
