/*--------------------------------*- C++ -*----------------------------------*\
| =========                 |                                                 |
| \\      /  F ield         | OpenFOAM: The Open Source CFD Toolbox           |
|  \\    /   O peration     | Version:  2106                                  |
|   \\  /    A nd           | Website:  www.openfoam.com                      |
|    \\/     M anipulation  |                                                 |
\*---------------------------------------------------------------------------*/
FoamFile
{
    version     2.0;
    format      ascii;
    arch        "LSB;label=32;scalar=64";
    class       volScalarField;
    location    "9.2";
    object      T;
}
// * * * * * * * * * * * * * * * * * * * * * * * * * * * * * * * * * * * * * //

dimensions      [0 0 0 1 0 0 0];

internalField   nonuniform List<scalar> 
12013
(
300.004
300.011
300.019
300.027
300.035
300.044
300.053
300.062
300.072
300.082
300.093
300.103
300.115
300.126
300.138
300.151
300.163
300.177
300.19
300.204
300.219
300.234
300.249
300.265
300.282
300.299
300.316
300.334
300.353
300.372
300.392
300.412
300.433
300.454
300.476
300.499
300.522
300.546
300.571
300.596
300.622
300.649
300.676
300.705
300.734
300.764
300.794
300.826
300.858
300.892
300.926
300.961
300.998
301.035
301.073
301.113
301.153
301.195
301.238
301.283
301.328
301.376
301.424
301.475
301.527
301.58
301.636
301.694
301.754
301.816
301.881
301.949
302.02
302.095
302.174
302.258
302.349
302.447
302.556
302.679
302.826
300.004
300.011
300.019
300.027
300.035
300.044
300.053
300.062
300.072
300.082
300.093
300.103
300.115
300.126
300.138
300.151
300.163
300.177
300.19
300.204
300.219
300.234
300.249
300.265
300.282
300.299
300.316
300.334
300.353
300.372
300.392
300.412
300.433
300.454
300.476
300.499
300.522
300.546
300.571
300.596
300.622
300.649
300.676
300.705
300.734
300.764
300.794
300.826
300.858
300.892
300.926
300.961
300.997
301.035
301.073
301.113
301.153
301.195
301.238
301.282
301.328
301.375
301.424
301.474
301.526
301.58
301.635
301.693
301.752
301.815
301.879
301.947
302.018
302.092
302.171
302.254
302.343
302.439
302.543
302.657
302.784
300.004
300.011
300.019
300.027
300.035
300.044
300.053
300.062
300.072
300.082
300.093
300.103
300.115
300.126
300.138
300.151
300.163
300.177
300.19
300.204
300.219
300.234
300.249
300.265
300.282
300.299
300.316
300.334
300.353
300.372
300.392
300.412
300.433
300.454
300.476
300.499
300.522
300.546
300.571
300.596
300.622
300.649
300.676
300.704
300.733
300.763
300.794
300.826
300.858
300.891
300.926
300.961
300.997
301.034
301.073
301.112
301.153
301.194
301.237
301.282
301.327
301.374
301.423
301.473
301.524
301.578
301.633
301.69
301.75
301.811
301.876
301.943
302.013
302.086
302.163
302.244
302.33
302.421
302.519
302.622
302.729
300.004
300.011
300.019
300.027
300.035
300.044
300.053
300.062
300.072
300.082
300.093
300.103
300.115
300.126
300.138
300.15
300.163
300.177
300.19
300.204
300.219
300.234
300.249
300.265
300.282
300.299
300.316
300.334
300.353
300.372
300.391
300.412
300.432
300.454
300.476
300.499
300.522
300.546
300.57
300.596
300.622
300.648
300.676
300.704
300.733
300.763
300.794
300.825
300.858
300.891
300.925
300.96
300.996
301.034
301.072
301.111
301.152
301.193
301.236
301.28
301.326
301.372
301.421
301.47
301.522
301.575
301.63
301.687
301.745
301.806
301.87
301.936
302.004
302.076
302.151
302.229
302.311
302.397
302.486
302.578
302.672
300.004
300.011
300.019
300.027
300.035
300.044
300.053
300.062
300.072
300.082
300.093
300.103
300.115
300.126
300.138
300.15
300.163
300.177
300.19
300.204
300.219
300.234
300.249
300.265
300.282
300.299
300.316
300.334
300.353
300.372
300.391
300.412
300.432
300.454
300.476
300.498
300.522
300.546
300.57
300.595
300.621
300.648
300.676
300.704
300.733
300.763
300.793
300.825
300.857
300.89
300.924
300.959
300.995
301.032
301.071
301.11
301.15
301.191
301.234
301.278
301.323
301.37
301.418
301.467
301.518
301.571
301.625
301.681
301.739
301.799
301.861
301.926
301.993
302.062
302.134
302.209
302.286
302.366
302.448
302.531
302.613
300.004
300.011
300.019
300.027
300.035
300.044
300.053
300.062
300.072
300.082
300.093
300.103
300.115
300.126
300.138
300.15
300.163
300.176
300.19
300.204
300.219
300.234
300.249
300.265
300.282
300.299
300.316
300.334
300.353
300.372
300.391
300.411
300.432
300.454
300.476
300.498
300.521
300.545
300.57
300.595
300.621
300.648
300.675
300.703
300.732
300.762
300.792
300.824
300.856
300.889
300.923
300.958
300.994
301.031
301.069
301.108
301.148
301.189
301.232
301.275
301.32
301.366
301.414
301.463
301.513
301.565
301.618
301.674
301.731
301.789
301.85
301.913
301.977
302.044
302.113
302.184
302.256
302.33
302.405
302.48
302.554
300.004
300.011
300.019
300.027
300.035
300.044
300.053
300.062
300.072
300.082
300.092
300.103
300.114
300.126
300.138
300.15
300.163
300.176
300.19
300.204
300.219
300.234
300.249
300.265
300.282
300.299
300.316
300.334
300.352
300.371
300.391
300.411
300.432
300.453
300.475
300.498
300.521
300.545
300.569
300.595
300.621
300.647
300.674
300.703
300.731
300.761
300.792
300.823
300.855
300.888
300.922
300.957
300.992
301.029
301.067
301.106
301.145
301.186
301.228
301.271
301.316
301.362
301.408
301.457
301.506
301.557
301.61
301.664
301.72
301.777
301.836
301.896
301.959
302.022
302.088
302.154
302.222
302.29
302.359
302.427
302.494
300.004
300.011
300.019
300.027
300.035
300.044
300.053
300.062
300.072
300.082
300.092
300.103
300.114
300.126
300.138
300.15
300.163
300.176
300.19
300.204
300.219
300.234
300.249
300.265
300.281
300.298
300.316
300.334
300.352
300.371
300.391
300.411
300.432
300.453
300.475
300.497
300.521
300.544
300.569
300.594
300.62
300.646
300.674
300.702
300.73
300.76
300.79
300.821
300.853
300.886
300.92
300.955
300.99
301.027
301.064
301.102
301.142
301.182
301.224
301.267
301.311
301.356
301.402
301.449
301.498
301.548
301.6
301.652
301.706
301.762
301.819
301.877
301.936
301.997
302.058
302.121
302.184
302.247
302.31
302.373
302.434
300.004
300.011
300.019
300.027
300.035
300.044
300.053
300.062
300.072
300.082
300.092
300.103
300.114
300.126
300.138
300.15
300.163
300.176
300.19
300.204
300.219
300.234
300.249
300.265
300.281
300.298
300.316
300.334
300.352
300.371
300.391
300.411
300.431
300.453
300.475
300.497
300.52
300.544
300.568
300.593
300.619
300.645
300.673
300.701
300.729
300.759
300.789
300.82
300.851
300.884
300.918
300.952
300.987
301.023
301.06
301.099
301.138
301.178
301.219
301.261
301.304
301.348
301.394
301.44
301.488
301.537
301.587
301.638
301.69
301.744
301.798
301.854
301.911
301.968
302.026
302.084
302.143
302.202
302.26
302.317
302.374
300.004
300.011
300.019
300.027
300.035
300.044
300.053
300.062
300.072
300.082
300.092
300.103
300.114
300.126
300.138
300.15
300.163
300.176
300.19
300.204
300.218
300.233
300.249
300.265
300.281
300.298
300.315
300.333
300.352
300.371
300.39
300.41
300.431
300.452
300.474
300.496
300.519
300.543
300.567
300.592
300.618
300.644
300.671
300.699
300.728
300.757
300.787
300.818
300.849
300.882
300.915
300.949
300.984
301.019
301.056
301.094
301.132
301.172
301.212
301.254
301.296
301.34
301.384
301.429
301.476
301.523
301.572
301.621
301.672
301.723
301.775
301.828
301.882
301.936
301.99
302.045
302.1
302.154
302.208
302.261
302.313
300.004
300.011
300.019
300.027
300.035
300.044
300.053
300.062
300.072
300.082
300.092
300.103
300.114
300.126
300.138
300.15
300.163
300.176
300.19
300.204
300.218
300.233
300.249
300.265
300.281
300.298
300.315
300.333
300.351
300.37
300.39
300.41
300.43
300.452
300.473
300.496
300.519
300.542
300.566
300.591
300.617
300.643
300.67
300.697
300.726
300.755
300.784
300.815
300.846
300.878
300.911
300.945
300.979
301.015
301.051
301.088
301.126
301.165
301.205
301.245
301.287
301.329
301.372
301.417
301.462
301.508
301.555
301.602
301.651
301.7
301.749
301.8
301.85
301.901
301.952
302.003
302.054
302.105
302.155
302.204
302.252
300.004
300.011
300.019
300.027
300.035
300.044
300.053
300.062
300.072
300.082
300.092
300.103
300.114
300.126
300.138
300.15
300.163
300.176
300.19
300.204
300.218
300.233
300.248
300.264
300.281
300.297
300.315
300.333
300.351
300.37
300.389
300.409
300.43
300.451
300.472
300.495
300.518
300.541
300.565
300.59
300.615
300.641
300.668
300.695
300.723
300.752
300.782
300.812
300.843
300.875
300.907
300.94
300.974
301.009
301.045
301.081
301.119
301.157
301.195
301.235
301.276
301.317
301.359
301.402
301.445
301.49
301.535
301.58
301.627
301.673
301.721
301.768
301.816
301.864
301.912
301.959
302.007
302.054
302.1
302.146
302.19
300.004
300.011
300.019
300.027
300.035
300.044
300.053
300.062
300.072
300.082
300.092
300.103
300.114
300.126
300.138
300.15
300.163
300.176
300.189
300.203
300.218
300.233
300.248
300.264
300.28
300.297
300.314
300.332
300.35
300.369
300.389
300.408
300.429
300.45
300.471
300.494
300.516
300.54
300.564
300.588
300.613
300.639
300.666
300.693
300.721
300.749
300.778
300.808
300.839
300.87
300.902
300.935
300.968
301.003
301.038
301.073
301.11
301.147
301.185
301.224
301.263
301.303
301.344
301.385
301.427
301.47
301.513
301.556
301.6
301.645
301.689
301.734
301.779
301.824
301.869
301.913
301.958
302.001
302.044
302.087
302.128
300.004
300.011
300.019
300.027
300.035
300.044
300.053
300.062
300.072
300.082
300.092
300.103
300.114
300.126
300.138
300.15
300.163
300.176
300.189
300.203
300.218
300.233
300.248
300.264
300.28
300.297
300.314
300.332
300.35
300.369
300.388
300.408
300.428
300.449
300.47
300.492
300.515
300.538
300.562
300.586
300.611
300.637
300.663
300.69
300.717
300.746
300.774
300.804
300.834
300.865
300.896
300.929
300.961
300.995
301.029
301.064
301.1
301.136
301.173
301.21
301.248
301.287
301.326
301.366
301.407
301.447
301.488
301.53
301.572
301.614
301.656
301.698
301.74
301.782
301.824
301.866
301.907
301.948
301.988
302.027
302.066
300.004
300.011
300.019
300.027
300.035
300.044
300.053
300.062
300.072
300.082
300.092
300.103
300.114
300.126
300.137
300.15
300.162
300.176
300.189
300.203
300.217
300.232
300.248
300.263
300.279
300.296
300.313
300.331
300.349
300.368
300.387
300.407
300.427
300.448
300.469
300.491
300.513
300.536
300.56
300.584
300.609
300.634
300.66
300.686
300.714
300.741
300.77
300.799
300.828
300.859
300.89
300.921
300.953
300.986
301.02
301.054
301.088
301.123
301.159
301.195
301.232
301.269
301.307
301.345
301.384
301.423
301.462
301.501
301.541
301.581
301.62
301.66
301.7
301.739
301.778
301.817
301.855
301.893
301.931
301.968
302.004
300.004
300.011
300.019
300.027
300.035
300.044
300.053
300.062
300.072
300.082
300.092
300.103
300.114
300.125
300.137
300.15
300.162
300.175
300.189
300.203
300.217
300.232
300.247
300.263
300.279
300.296
300.313
300.33
300.348
300.367
300.386
300.405
300.425
300.446
300.467
300.489
300.511
300.534
300.557
300.581
300.606
300.631
300.656
300.682
300.709
300.736
300.764
300.793
300.822
300.852
300.882
300.913
300.944
300.976
301.009
301.042
301.075
301.109
301.144
301.179
301.214
301.25
301.286
301.323
301.359
301.396
301.433
301.471
301.508
301.546
301.583
301.62
301.657
301.694
301.731
301.767
301.803
301.838
301.873
301.908
301.941
300.004
300.011
300.019
300.027
300.035
300.044
300.053
300.062
300.072
300.082
300.092
300.103
300.114
300.125
300.137
300.149
300.162
300.175
300.188
300.202
300.217
300.231
300.247
300.262
300.278
300.295
300.312
300.329
300.347
300.366
300.385
300.404
300.424
300.444
300.465
300.487
300.509
300.531
300.554
300.578
300.602
300.627
300.652
300.678
300.704
300.731
300.758
300.786
300.815
300.844
300.873
300.903
300.934
300.965
300.996
301.028
301.061
301.094
301.127
301.16
301.194
301.229
301.263
301.298
301.333
301.368
301.403
301.438
301.474
301.509
301.544
301.579
301.614
301.648
301.682
301.716
301.75
301.783
301.815
301.847
301.879
300.004
300.011
300.019
300.027
300.035
300.044
300.053
300.062
300.071
300.081
300.092
300.102
300.114
300.125
300.137
300.149
300.162
300.175
300.188
300.202
300.216
300.231
300.246
300.261
300.277
300.294
300.311
300.328
300.346
300.364
300.383
300.402
300.422
300.442
300.463
300.484
300.506
300.528
300.551
300.574
300.598
300.622
300.647
300.672
300.698
300.725
300.751
300.779
300.806
300.835
300.863
300.893
300.922
300.952
300.983
301.014
301.045
301.076
301.108
301.14
301.173
301.206
301.238
301.271
301.305
301.338
301.371
301.404
301.437
301.47
301.503
301.536
301.569
301.601
301.633
301.665
301.696
301.727
301.757
301.787
301.816
300.004
300.011
300.019
300.027
300.035
300.044
300.052
300.062
300.071
300.081
300.092
300.102
300.113
300.125
300.137
300.149
300.161
300.174
300.188
300.201
300.216
300.23
300.245
300.261
300.277
300.293
300.31
300.327
300.345
300.363
300.381
300.4
300.42
300.44
300.46
300.481
300.503
300.525
300.547
300.57
300.593
300.617
300.642
300.666
300.692
300.717
300.744
300.77
300.797
300.825
300.853
300.881
300.909
300.938
300.968
300.997
301.027
301.058
301.088
301.119
301.15
301.181
301.212
301.243
301.275
301.306
301.337
301.369
301.4
301.431
301.462
301.493
301.523
301.553
301.583
301.613
301.642
301.67
301.699
301.727
301.754
300.004
300.011
300.019
300.027
300.035
300.043
300.052
300.062
300.071
300.081
300.091
300.102
300.113
300.124
300.136
300.148
300.161
300.174
300.187
300.201
300.215
300.229
300.244
300.26
300.276
300.292
300.308
300.325
300.343
300.361
300.379
300.398
300.418
300.437
300.458
300.478
300.499
300.521
300.543
300.565
300.588
300.612
300.635
300.66
300.684
300.709
300.735
300.761
300.787
300.814
300.841
300.868
300.895
300.923
300.952
300.98
301.009
301.038
301.067
301.096
301.125
301.155
301.184
301.214
301.244
301.273
301.303
301.332
301.361
301.39
301.419
301.448
301.477
301.505
301.533
301.56
301.587
301.614
301.641
301.667
301.693
300.004
300.011
300.019
300.027
300.035
300.043
300.052
300.061
300.071
300.081
300.091
300.102
300.113
300.124
300.136
300.148
300.16
300.173
300.186
300.2
300.214
300.229
300.243
300.259
300.274
300.29
300.307
300.324
300.341
300.359
300.377
300.396
300.415
300.434
300.454
300.475
300.495
300.516
300.538
300.56
300.583
300.605
300.629
300.652
300.676
300.701
300.725
300.75
300.776
300.801
300.827
300.854
300.88
300.907
300.934
300.961
300.989
301.016
301.044
301.072
301.1
301.128
301.156
301.183
301.211
301.239
301.267
301.295
301.322
301.349
301.376
301.403
301.43
301.456
301.482
301.508
301.533
301.558
301.583
301.607
301.631
300.004
300.011
300.019
300.026
300.035
300.043
300.052
300.061
300.071
300.081
300.091
300.102
300.112
300.124
300.135
300.147
300.16
300.173
300.186
300.199
300.213
300.228
300.242
300.257
300.273
300.289
300.305
300.322
300.339
300.357
300.375
300.393
300.412
300.431
300.45
300.47
300.491
300.512
300.533
300.554
300.576
300.598
300.621
300.644
300.667
300.691
300.715
300.739
300.764
300.788
300.813
300.839
300.864
300.89
300.916
300.942
300.968
300.994
301.02
301.047
301.073
301.099
301.126
301.152
301.178
301.204
301.23
301.256
301.282
301.308
301.333
301.358
301.383
301.408
301.432
301.456
301.48
301.503
301.526
301.549
301.571
300.004
300.011
300.018
300.026
300.035
300.043
300.052
300.061
300.071
300.08
300.091
300.101
300.112
300.123
300.135
300.147
300.159
300.172
300.185
300.198
300.212
300.226
300.241
300.256
300.271
300.287
300.303
300.32
300.337
300.354
300.372
300.39
300.408
300.427
300.446
300.466
300.486
300.506
300.527
300.548
300.569
300.591
300.613
300.635
300.658
300.68
300.704
300.727
300.751
300.774
300.798
300.823
300.847
300.871
300.896
300.921
300.946
300.971
300.995
301.02
301.045
301.07
301.095
301.12
301.145
301.169
301.194
301.218
301.242
301.266
301.29
301.313
301.336
301.359
301.382
301.404
301.427
301.448
301.47
301.491
301.512
300.004
300.011
300.018
300.026
300.034
300.043
300.052
300.061
300.07
300.08
300.09
300.101
300.112
300.123
300.134
300.146
300.158
300.171
300.184
300.197
300.211
300.225
300.24
300.255
300.27
300.285
300.301
300.318
300.334
300.351
300.369
300.386
300.405
300.423
300.442
300.461
300.48
300.5
300.52
300.541
300.562
300.583
300.604
300.625
300.647
300.669
300.692
300.714
300.737
300.76
300.783
300.806
300.829
300.852
300.876
300.899
300.923
300.946
300.97
300.994
301.017
301.041
301.064
301.087
301.11
301.134
301.156
301.179
301.202
301.224
301.246
301.268
301.29
301.312
301.333
301.354
301.374
301.395
301.415
301.435
301.454
300.004
300.011
300.018
300.026
300.034
300.043
300.052
300.061
300.07
300.08
300.09
300.1
300.111
300.122
300.134
300.146
300.158
300.17
300.183
300.196
300.21
300.224
300.238
300.253
300.268
300.283
300.299
300.315
300.331
300.348
300.365
300.383
300.4
300.418
300.437
300.456
300.475
300.494
300.513
300.533
300.553
300.574
300.594
300.615
300.636
300.657
300.679
300.7
300.722
300.744
300.766
300.788
300.81
300.833
300.855
300.877
300.899
300.922
300.944
300.966
300.989
301.011
301.033
301.055
301.076
301.098
301.12
301.141
301.162
301.183
301.204
301.224
301.245
301.265
301.285
301.304
301.323
301.343
301.361
301.38
301.398
300.004
300.011
300.018
300.026
300.034
300.043
300.051
300.06
300.07
300.08
300.09
300.1
300.111
300.122
300.133
300.145
300.157
300.169
300.182
300.195
300.209
300.222
300.236
300.251
300.266
300.281
300.296
300.312
300.328
300.345
300.361
300.379
300.396
300.414
300.432
300.45
300.468
300.487
300.506
300.525
300.545
300.564
300.584
300.604
300.625
300.645
300.666
300.686
300.707
300.728
300.749
300.77
300.791
300.812
300.834
300.855
300.876
300.897
300.918
300.939
300.96
300.981
301.002
301.022
301.043
301.063
301.083
301.103
301.123
301.143
301.162
301.181
301.2
301.219
301.238
301.256
301.274
301.292
301.309
301.327
301.344
300.004
300.011
300.018
300.026
300.034
300.042
300.051
300.06
300.069
300.079
300.089
300.099
300.11
300.121
300.132
300.144
300.156
300.168
300.181
300.194
300.207
300.221
300.235
300.249
300.263
300.278
300.294
300.309
300.325
300.341
300.357
300.374
300.391
300.408
300.426
300.444
300.462
300.48
300.498
300.517
300.536
300.555
300.574
300.593
300.613
300.632
300.652
300.672
300.692
300.712
300.732
300.752
300.772
300.792
300.812
300.832
300.852
300.872
300.892
300.912
300.932
300.951
300.971
300.99
301.009
301.029
301.048
301.066
301.085
301.103
301.122
301.14
301.157
301.175
301.192
301.209
301.226
301.243
301.26
301.276
301.292
300.004
300.011
300.018
300.026
300.034
300.042
300.051
300.06
300.069
300.079
300.089
300.099
300.109
300.12
300.131
300.143
300.155
300.167
300.179
300.192
300.205
300.219
300.233
300.247
300.261
300.276
300.291
300.306
300.321
300.337
300.353
300.37
300.386
300.403
300.42
300.437
300.455
300.472
300.49
300.508
300.526
300.545
300.563
300.582
300.601
300.619
300.638
300.657
300.676
300.695
300.714
300.734
300.753
300.772
300.791
300.81
300.829
300.848
300.867
300.885
300.904
300.922
300.941
300.959
300.977
300.995
301.013
301.031
301.048
301.065
301.083
301.099
301.116
301.133
301.149
301.165
301.181
301.197
301.212
301.227
301.242
300.003
300.011
300.018
300.026
300.034
300.042
300.051
300.059
300.069
300.078
300.088
300.098
300.109
300.119
300.131
300.142
300.154
300.166
300.178
300.191
300.204
300.217
300.23
300.244
300.258
300.273
300.288
300.302
300.318
300.333
300.349
300.365
300.381
300.397
300.414
300.431
300.448
300.465
300.482
300.499
300.517
300.535
300.553
300.57
300.588
300.606
300.625
300.643
300.661
300.679
300.697
300.716
300.734
300.752
300.77
300.788
300.806
300.824
300.842
300.86
300.877
300.895
300.912
300.929
300.946
300.963
300.98
300.997
301.013
301.029
301.045
301.061
301.077
301.093
301.108
301.123
301.138
301.153
301.167
301.182
301.196
300.003
300.011
300.018
300.026
300.033
300.042
300.05
300.059
300.068
300.078
300.087
300.098
300.108
300.119
300.13
300.141
300.152
300.164
300.177
300.189
300.202
300.215
300.228
300.242
300.256
300.27
300.284
300.299
300.314
300.329
300.344
300.36
300.376
300.392
300.408
300.424
300.44
300.457
300.474
300.491
300.508
300.525
300.542
300.559
300.576
300.594
300.611
300.628
300.646
300.663
300.681
300.698
300.715
300.733
300.75
300.767
300.784
300.801
300.818
300.835
300.852
300.868
300.885
300.901
300.917
300.933
300.949
300.965
300.98
300.995
301.011
301.026
301.04
301.055
301.07
301.084
301.098
301.112
301.126
301.139
301.152
300.003
300.01
300.018
300.025
300.033
300.041
300.05
300.059
300.068
300.077
300.087
300.097
300.107
300.118
300.129
300.14
300.151
300.163
300.175
300.187
300.2
300.213
300.226
300.239
300.253
300.267
300.281
300.295
300.31
300.325
300.34
300.355
300.37
300.386
300.402
300.417
300.433
300.449
300.466
300.482
300.498
300.515
300.531
300.548
300.565
300.581
300.598
300.615
300.631
300.648
300.665
300.681
300.698
300.714
300.731
300.747
300.763
300.78
300.796
300.812
300.827
300.843
300.859
300.874
300.89
300.905
300.92
300.935
300.949
300.964
300.978
300.993
301.007
301.02
301.034
301.048
301.061
301.074
301.087
301.1
301.112
300.003
300.01
300.018
300.025
300.033
300.041
300.05
300.058
300.067
300.077
300.086
300.096
300.106
300.117
300.128
300.139
300.15
300.162
300.174
300.186
300.198
300.211
300.224
300.237
300.25
300.264
300.278
300.292
300.306
300.321
300.335
300.35
300.365
300.38
300.396
300.411
300.426
300.442
300.458
300.474
300.49
300.505
300.521
300.537
300.554
300.57
300.586
300.602
300.618
300.634
300.65
300.666
300.681
300.697
300.713
300.729
300.744
300.76
300.775
300.79
300.805
300.82
300.835
300.85
300.865
300.879
300.893
300.907
300.921
300.935
300.949
300.962
300.976
300.989
301.002
301.015
301.028
301.04
301.052
301.065
301.076
300.003
300.01
300.018
300.025
300.033
300.041
300.049
300.058
300.067
300.076
300.086
300.095
300.106
300.116
300.127
300.138
300.149
300.16
300.172
300.184
300.196
300.209
300.222
300.234
300.248
300.261
300.275
300.289
300.303
300.317
300.331
300.346
300.36
300.375
300.39
300.405
300.42
300.435
300.451
300.466
300.481
300.497
300.512
300.528
300.543
300.559
300.574
300.59
300.605
300.621
300.636
300.651
300.667
300.682
300.697
300.712
300.727
300.742
300.756
300.771
300.785
300.8
300.814
300.828
300.842
300.856
300.87
300.883
300.897
300.91
300.923
300.936
300.948
300.961
300.974
300.986
300.998
301.01
301.022
301.033
301.045
300.003
300.01
300.017
300.025
300.033
300.041
300.049
300.058
300.066
300.076
300.085
300.095
300.105
300.115
300.126
300.136
300.148
300.159
300.171
300.182
300.194
300.207
300.219
300.232
300.245
300.258
300.272
300.285
300.299
300.313
300.327
300.341
300.356
300.37
300.385
300.399
300.414
300.429
300.444
300.459
300.474
300.489
300.504
300.519
300.534
300.549
300.564
300.579
300.594
300.609
300.624
300.639
300.653
300.668
300.683
300.697
300.711
300.726
300.74
300.754
300.768
300.782
300.796
300.809
300.823
300.836
300.849
300.862
300.875
300.888
300.9
300.913
300.925
300.937
300.949
300.961
300.972
300.984
300.995
301.006
301.017
300.003
300.01
300.017
300.025
300.032
300.04
300.049
300.057
300.066
300.075
300.084
300.094
300.104
300.114
300.125
300.135
300.146
300.158
300.169
300.181
300.193
300.205
300.217
300.23
300.243
300.256
300.269
300.283
300.296
300.31
300.324
300.338
300.352
300.366
300.38
300.394
300.409
300.423
300.438
300.453
300.467
300.482
300.497
300.511
300.526
300.541
300.555
300.57
300.584
300.599
300.613
300.628
300.642
300.656
300.67
300.684
300.698
300.712
300.726
300.74
300.753
300.767
300.78
300.793
300.806
300.819
300.832
300.844
300.857
300.869
300.881
300.893
300.905
300.917
300.928
300.94
300.951
300.962
300.973
300.984
300.994
300.003
300.01
300.017
300.025
300.032
300.04
300.048
300.057
300.066
300.075
300.084
300.093
300.103
300.113
300.124
300.134
300.145
300.157
300.168
300.18
300.191
300.204
300.216
300.228
300.241
300.254
300.267
300.28
300.293
300.307
300.321
300.334
300.348
300.362
300.376
300.39
300.405
300.419
300.433
300.447
300.462
300.476
300.491
300.505
300.519
300.534
300.548
300.562
300.577
300.591
300.605
300.619
300.633
300.647
300.661
300.674
300.688
300.701
300.715
300.728
300.741
300.754
300.767
300.78
300.793
300.805
300.818
300.83
300.842
300.854
300.866
300.878
300.889
300.901
300.912
300.923
300.934
300.945
300.955
300.966
300.976
300.003
300.01
300.017
300.024
300.032
300.04
300.048
300.056
300.065
300.074
300.083
300.093
300.103
300.113
300.123
300.134
300.145
300.156
300.167
300.178
300.19
300.202
300.214
300.227
300.239
300.252
300.265
300.278
300.291
300.305
300.318
300.332
300.345
300.359
300.373
300.387
300.401
300.415
300.429
300.443
300.458
300.472
300.486
300.5
300.514
300.528
300.542
300.557
300.571
300.584
300.598
300.612
300.626
300.64
300.653
300.667
300.68
300.693
300.706
300.719
300.732
300.745
300.758
300.771
300.783
300.795
300.807
300.819
300.831
300.843
300.855
300.866
300.878
300.889
300.9
300.911
300.921
300.932
300.942
300.953
300.963
300.003
300.01
300.017
300.024
300.032
300.04
300.048
300.056
300.065
300.074
300.083
300.093
300.102
300.112
300.123
300.133
300.144
300.155
300.166
300.178
300.189
300.201
300.213
300.226
300.238
300.251
300.264
300.277
300.29
300.303
300.316
300.33
300.344
300.357
300.371
300.385
300.399
300.413
300.427
300.441
300.455
300.469
300.483
300.497
300.511
300.525
300.539
300.553
300.566
300.58
300.594
300.608
300.621
300.635
300.648
300.661
300.675
300.688
300.701
300.714
300.726
300.739
300.752
300.764
300.776
300.788
300.8
300.812
300.824
300.836
300.847
300.859
300.87
300.881
300.892
300.902
300.913
300.924
300.934
300.944
300.954
300.003
300.01
300.017
300.024
300.032
300.04
300.048
300.056
300.065
300.074
300.083
300.092
300.102
300.112
300.122
300.133
300.143
300.154
300.166
300.177
300.189
300.201
300.213
300.225
300.237
300.25
300.263
300.276
300.289
300.302
300.315
300.329
300.342
300.356
300.37
300.383
300.397
300.411
300.425
300.439
300.453
300.467
300.481
300.495
300.509
300.523
300.536
300.55
300.564
300.578
300.591
300.605
300.618
300.632
300.645
300.658
300.672
300.685
300.698
300.71
300.723
300.736
300.748
300.76
300.773
300.785
300.797
300.808
300.82
300.832
300.843
300.854
300.865
300.876
300.887
300.898
300.908
300.919
300.929
300.939
300.949
300.003
300.01
300.017
300.024
300.032
300.039
300.048
300.056
300.065
300.073
300.083
300.092
300.102
300.112
300.122
300.132
300.143
300.154
300.165
300.177
300.188
300.2
300.212
300.225
300.237
300.25
300.262
300.275
300.288
300.302
300.315
300.328
300.342
300.355
300.369
300.383
300.397
300.41
300.424
300.438
300.452
300.466
300.48
300.494
300.508
300.522
300.535
300.549
300.563
300.577
300.59
300.604
300.617
300.631
300.644
300.657
300.67
300.683
300.696
300.709
300.722
300.734
300.747
300.759
300.771
300.783
300.795
300.807
300.819
300.83
300.842
300.853
300.864
300.875
300.886
300.896
300.907
300.917
300.927
300.937
300.947
300.003
300.01
300.017
300.024
300.032
300.039
300.047
300.056
300.064
300.073
300.083
300.092
300.102
300.112
300.122
300.132
300.143
300.154
300.165
300.177
300.188
300.2
300.212
300.224
300.237
300.249
300.262
300.275
300.288
300.301
300.315
300.328
300.342
300.355
300.369
300.383
300.396
300.41
300.424
300.438
300.452
300.466
300.48
300.494
300.508
300.522
300.535
300.549
300.563
300.577
300.59
300.604
300.617
300.631
300.644
300.657
300.67
300.683
300.696
300.709
300.722
300.734
300.747
300.759
300.771
300.783
300.795
300.807
300.819
300.83
300.842
300.853
300.864
300.875
300.886
300.896
300.907
300.917
300.927
300.938
300.947
303.021
303.15
303.227
303.299
303.363
303.414
303.449
303.489
303.529
303.566
303.597
303.631
303.666
303.7
303.734
303.767
303.798
303.825
303.855
303.885
303.914
303.943
303.973
304.002
304.031
304.059
304.087
304.115
304.143
304.169
304.197
304.224
304.249
304.276
304.302
304.327
304.353
304.378
304.403
304.428
304.453
304.476
304.502
304.529
304.555
304.581
304.604
304.629
304.655
304.681
304.705
304.727
304.752
304.776
304.802
304.828
304.853
304.879
304.905
304.929
304.949
304.972
304.996
305.02
305.045
305.07
305.094
305.119
305.144
305.168
305.192
305.215
305.239
305.263
305.286
305.31
305.333
305.356
305.379
305.404
305.432
305.458
305.481
305.504
305.526
305.547
305.571
305.599
305.624
305.646
305.666
305.691
305.718
305.74
305.766
305.793
305.819
305.841
305.867
305.892
305.913
305.939
305.96
305.985
306.012
306.04
306.065
306.085
306.11
306.131
306.156
306.182
306.21
306.238
306.263
306.283
306.308
306.334
306.362
306.386
306.404
306.427
306.453
306.477
306.502
306.519
306.541
306.563
306.586
306.609
306.63
306.651
306.67
306.689
306.707
306.723
306.738
306.752
306.764
306.775
306.784
306.791
306.797
306.8
306.801
306.8
306.796
306.789
306.779
306.765
306.745
306.723
306.698
306.668
306.632
306.59
306.543
306.461
306.385
306.288
306.16
302.92
303.033
303.121
303.197
303.262
303.317
303.363
303.407
303.449
303.488
303.524
303.56
303.596
303.631
303.666
303.699
303.731
303.762
303.792
303.823
303.853
303.883
303.913
303.942
303.972
304.001
304.029
304.057
304.085
304.113
304.14
304.168
304.194
304.221
304.247
304.273
304.299
304.325
304.35
304.376
304.401
304.426
304.451
304.478
304.504
304.529
304.554
304.579
304.605
304.63
304.655
304.679
304.703
304.728
304.754
304.779
304.805
304.831
304.856
304.88
304.903
304.926
304.95
304.974
304.999
305.024
305.049
305.073
305.098
305.122
305.147
305.171
305.194
305.218
305.242
305.266
305.29
305.313
305.337
305.362
305.389
305.414
305.438
305.462
305.484
305.506
305.531
305.557
305.582
305.605
305.627
305.651
305.677
305.701
305.727
305.753
305.779
305.802
305.828
305.853
305.876
305.9
305.923
305.948
305.975
306.002
306.027
306.049
306.074
306.096
306.121
306.147
306.175
306.202
306.227
306.249
306.274
306.301
306.327
306.351
306.372
306.395
306.42
306.445
306.469
306.488
306.51
306.533
306.556
306.578
306.6
306.621
306.641
306.66
306.677
306.694
306.709
306.723
306.736
306.747
306.756
306.764
306.769
306.773
306.774
306.773
306.769
306.762
306.752
306.738
306.719
306.696
306.671
306.64
306.603
306.56
306.509
306.43
306.35
306.247
306.108
302.838
302.937
303.023
303.098
303.164
303.223
303.274
303.321
303.366
303.407
303.447
303.485
303.522
303.559
303.594
303.628
303.662
303.694
303.725
303.757
303.788
303.818
303.849
303.879
303.909
303.938
303.967
303.996
304.025
304.053
304.081
304.108
304.135
304.162
304.189
304.216
304.242
304.268
304.294
304.32
304.345
304.371
304.397
304.423
304.449
304.475
304.5
304.526
304.552
304.577
304.602
304.627
304.651
304.677
304.702
304.728
304.754
304.779
304.804
304.829
304.852
304.876
304.901
304.925
304.95
304.975
305
305.025
305.049
305.074
305.098
305.123
305.147
305.171
305.195
305.219
305.243
305.267
305.291
305.316
305.343
305.368
305.392
305.416
305.439
305.463
305.487
305.513
305.538
305.561
305.584
305.609
305.634
305.659
305.685
305.711
305.736
305.761
305.786
305.811
305.835
305.86
305.884
305.909
305.935
305.962
305.987
306.011
306.035
306.058
306.083
306.11
306.137
306.164
306.19
306.213
306.238
306.264
306.291
306.315
306.337
306.361
306.386
306.41
306.434
306.455
306.477
306.5
306.523
306.546
306.568
306.589
306.609
306.628
306.646
306.663
306.679
306.693
306.706
306.717
306.727
306.735
306.741
306.744
306.746
306.745
306.741
306.734
306.724
306.71
306.691
306.668
306.642
306.61
306.573
306.528
306.474
306.397
306.312
306.206
306.057
302.764
302.851
302.932
303.005
303.071
303.13
303.184
303.234
303.281
303.324
303.366
303.406
303.445
303.482
303.519
303.554
303.589
303.622
303.655
303.687
303.719
303.75
303.781
303.812
303.842
303.872
303.902
303.931
303.96
303.989
304.017
304.045
304.073
304.1
304.128
304.155
304.181
304.208
304.234
304.26
304.286
304.313
304.339
304.365
304.391
304.417
304.443
304.469
304.495
304.52
304.546
304.571
304.596
304.622
304.647
304.673
304.699
304.724
304.75
304.775
304.799
304.823
304.848
304.872
304.897
304.922
304.948
304.973
304.997
305.022
305.047
305.072
305.096
305.12
305.145
305.169
305.193
305.218
305.242
305.268
305.293
305.319
305.344
305.368
305.392
305.416
305.44
305.466
305.49
305.515
305.539
305.563
305.589
305.614
305.64
305.666
305.691
305.716
305.742
305.767
305.791
305.816
305.841
305.866
305.893
305.919
305.945
305.969
305.994
306.018
306.043
306.07
306.097
306.124
306.15
306.174
306.199
306.226
306.252
306.277
306.3
306.324
306.349
306.373
306.397
306.419
306.442
306.465
306.488
306.511
306.533
306.555
306.575
306.595
306.613
306.63
306.646
306.661
306.674
306.686
306.696
306.704
306.71
306.714
306.716
306.715
306.711
306.704
306.694
306.68
306.661
306.638
306.611
306.579
306.54
306.494
306.438
306.361
306.274
306.163
306.01
302.694
302.772
302.847
302.916
302.98
303.04
303.095
303.146
303.194
303.24
303.283
303.324
303.364
303.403
303.44
303.477
303.512
303.547
303.581
303.614
303.646
303.678
303.71
303.741
303.772
303.803
303.833
303.863
303.892
303.921
303.95
303.979
304.007
304.035
304.062
304.09
304.117
304.144
304.171
304.197
304.224
304.25
304.277
304.303
304.33
304.356
304.382
304.408
304.434
304.46
304.486
304.512
304.537
304.563
304.589
304.615
304.641
304.666
304.692
304.717
304.742
304.766
304.791
304.816
304.842
304.867
304.892
304.917
304.942
304.967
304.992
305.017
305.042
305.067
305.091
305.116
305.141
305.165
305.19
305.216
305.241
305.267
305.292
305.316
305.341
305.365
305.39
305.415
305.44
305.465
305.49
305.515
305.54
305.566
305.591
305.618
305.643
305.669
305.695
305.72
305.745
305.77
305.795
305.821
305.847
305.874
305.9
305.925
305.95
305.975
306
306.027
306.054
306.081
306.107
306.132
306.158
306.184
306.21
306.236
306.26
306.284
306.309
306.334
306.358
306.381
306.404
306.428
306.451
306.474
306.497
306.518
306.539
306.559
306.578
306.595
306.612
306.627
306.64
306.652
306.663
306.671
306.677
306.682
306.683
306.683
306.679
306.672
306.662
306.648
306.629
306.606
306.579
306.546
306.506
306.459
306.4
306.324
306.234
306.12
305.965
302.626
302.697
302.766
302.831
302.893
302.951
303.006
303.058
303.107
303.153
303.197
303.24
303.281
303.321
303.359
303.396
303.433
303.468
303.503
303.537
303.57
303.603
303.635
303.667
303.699
303.73
303.76
303.791
303.82
303.85
303.879
303.908
303.937
303.965
303.993
304.021
304.049
304.076
304.103
304.13
304.157
304.184
304.211
304.238
304.265
304.291
304.318
304.344
304.37
304.397
304.423
304.449
304.475
304.501
304.527
304.553
304.579
304.605
304.63
304.656
304.681
304.706
304.731
304.757
304.782
304.808
304.833
304.858
304.884
304.909
304.934
304.959
304.984
305.009
305.034
305.059
305.084
305.109
305.135
305.16
305.186
305.211
305.237
305.262
305.287
305.312
305.337
305.362
305.387
305.412
305.437
305.463
305.488
305.514
305.54
305.566
305.593
305.618
305.644
305.67
305.695
305.721
305.747
305.773
305.799
305.826
305.852
305.877
305.903
305.928
305.954
305.981
306.008
306.035
306.062
306.088
306.114
306.14
306.166
306.192
306.217
306.242
306.267
306.292
306.317
306.341
306.364
306.388
306.411
306.435
306.458
306.48
306.501
306.521
306.54
306.558
306.575
306.59
306.604
306.617
306.627
306.636
306.643
306.647
306.649
306.649
306.645
306.639
306.629
306.614
306.595
306.572
306.544
306.511
306.47
306.422
306.361
306.284
306.193
306.077
305.921
302.56
302.625
302.688
302.75
302.809
302.865
302.919
302.97
303.019
303.066
303.111
303.154
303.196
303.236
303.275
303.313
303.35
303.386
303.422
303.456
303.49
303.524
303.557
303.589
303.621
303.653
303.684
303.715
303.745
303.775
303.805
303.834
303.863
303.892
303.92
303.949
303.977
304.005
304.032
304.06
304.087
304.114
304.142
304.169
304.196
304.223
304.249
304.276
304.303
304.329
304.356
304.382
304.408
304.434
304.461
304.487
304.513
304.539
304.565
304.591
304.617
304.642
304.668
304.693
304.719
304.745
304.77
304.796
304.822
304.847
304.873
304.898
304.923
304.949
304.974
304.999
305.025
305.05
305.076
305.101
305.127
305.153
305.178
305.204
305.229
305.254
305.28
305.305
305.331
305.356
305.382
305.408
305.433
305.459
305.486
305.512
305.538
305.565
305.591
305.617
305.643
305.669
305.695
305.721
305.748
305.774
305.801
305.827
305.853
305.879
305.906
305.932
305.96
305.987
306.014
306.04
306.067
306.093
306.12
306.146
306.171
306.197
306.222
306.248
306.273
306.297
306.321
306.345
306.369
306.393
306.416
306.438
306.46
306.481
306.5
306.519
306.536
306.552
306.566
306.579
306.59
306.599
306.606
306.611
306.613
306.613
306.61
306.603
306.593
306.579
306.56
306.537
306.508
306.474
306.433
306.383
306.321
306.244
306.15
306.033
305.879
302.494
302.554
302.613
302.671
302.727
302.781
302.833
302.883
302.931
302.978
303.023
303.066
303.108
303.149
303.189
303.227
303.265
303.302
303.338
303.373
303.407
303.441
303.475
303.508
303.54
303.572
303.604
303.635
303.666
303.696
303.726
303.756
303.786
303.815
303.844
303.873
303.901
303.929
303.957
303.985
304.013
304.041
304.068
304.096
304.123
304.15
304.177
304.204
304.231
304.258
304.285
304.311
304.338
304.364
304.391
304.417
304.444
304.47
304.496
304.522
304.548
304.574
304.6
304.626
304.652
304.678
304.704
304.73
304.756
304.781
304.807
304.833
304.859
304.884
304.91
304.935
304.961
304.987
305.013
305.039
305.065
305.091
305.116
305.142
305.168
305.193
305.219
305.245
305.271
305.297
305.323
305.349
305.375
305.401
305.428
305.454
305.481
305.507
305.534
305.56
305.587
305.613
305.64
305.666
305.693
305.72
305.747
305.773
305.8
305.826
305.853
305.88
305.908
305.935
305.962
305.989
306.016
306.043
306.07
306.097
306.123
306.149
306.175
306.2
306.226
306.251
306.275
306.3
306.324
306.348
306.372
306.395
306.417
306.438
306.458
306.477
306.494
306.511
306.525
306.539
306.55
306.56
306.567
306.572
306.575
306.575
306.572
306.565
306.555
306.541
306.522
306.499
306.47
306.435
306.393
306.342
306.279
306.202
306.107
305.99
305.839
302.429
302.485
302.539
302.593
302.646
302.698
302.748
302.797
302.844
302.89
302.935
302.978
303.02
303.061
303.101
303.139
303.177
303.214
303.251
303.286
303.321
303.356
303.39
303.423
303.456
303.488
303.52
303.552
303.583
303.614
303.644
303.675
303.705
303.734
303.764
303.793
303.821
303.85
303.879
303.907
303.935
303.963
303.991
304.019
304.046
304.074
304.101
304.128
304.156
304.183
304.21
304.237
304.263
304.29
304.317
304.344
304.37
304.397
304.424
304.45
304.476
304.503
304.529
304.555
304.581
304.607
304.634
304.66
304.686
304.712
304.738
304.764
304.79
304.816
304.842
304.868
304.894
304.92
304.946
304.972
304.998
305.025
305.051
305.077
305.103
305.129
305.155
305.181
305.207
305.234
305.26
305.286
305.313
305.339
305.366
305.393
305.42
305.447
305.474
305.5
305.527
305.554
305.581
305.608
305.635
305.662
305.689
305.716
305.743
305.771
305.798
305.825
305.853
305.881
305.908
305.936
305.963
305.99
306.018
306.044
306.071
306.098
306.124
306.15
306.176
306.202
306.227
306.252
306.277
306.301
306.325
306.348
306.37
306.392
306.413
306.432
306.45
306.467
306.482
306.496
306.508
306.518
306.526
306.531
306.534
306.534
306.532
306.525
306.516
306.501
306.483
306.459
306.43
306.395
306.352
306.3
306.236
306.158
306.063
305.946
305.8
302.364
302.416
302.467
302.517
302.567
302.616
302.665
302.712
302.758
302.802
302.846
302.889
302.93
302.971
303.011
303.05
303.088
303.125
303.162
303.198
303.233
303.267
303.302
303.335
303.368
303.401
303.434
303.465
303.497
303.528
303.559
303.59
303.62
303.65
303.68
303.709
303.738
303.767
303.796
303.825
303.853
303.881
303.91
303.938
303.966
303.993
304.021
304.049
304.076
304.104
304.131
304.158
304.185
304.212
304.239
304.266
304.293
304.32
304.347
304.374
304.4
304.427
304.453
304.48
304.506
304.533
304.559
304.586
304.612
304.639
304.665
304.691
304.718
304.744
304.77
304.796
304.823
304.849
304.876
304.902
304.928
304.955
304.981
305.008
305.034
305.061
305.087
305.114
305.14
305.167
305.193
305.22
305.247
305.274
305.301
305.328
305.355
305.383
305.41
305.437
305.464
305.491
305.519
305.546
305.574
305.601
305.629
305.656
305.684
305.711
305.739
305.767
305.795
305.823
305.851
305.879
305.906
305.934
305.962
305.989
306.016
306.043
306.07
306.097
306.123
306.149
306.175
306.201
306.226
306.251
306.275
306.299
306.322
306.344
306.365
306.385
306.403
306.421
306.436
306.451
306.463
306.473
306.482
306.488
306.491
306.492
306.489
306.483
306.474
306.46
306.441
306.418
306.388
306.353
306.309
306.256
306.192
306.114
306.019
305.903
305.761
302.299
302.347
302.395
302.442
302.489
302.536
302.582
302.627
302.671
302.715
302.758
302.799
302.84
302.881
302.92
302.959
302.997
303.034
303.07
303.106
303.142
303.177
303.211
303.245
303.278
303.311
303.344
303.376
303.408
303.439
303.47
303.501
303.532
303.562
303.592
303.622
303.651
303.681
303.71
303.739
303.767
303.796
303.825
303.853
303.881
303.909
303.937
303.965
303.993
304.02
304.048
304.076
304.103
304.13
304.158
304.185
304.212
304.239
304.266
304.293
304.32
304.347
304.374
304.401
304.428
304.454
304.481
304.508
304.535
304.561
304.588
304.615
304.641
304.668
304.694
304.721
304.748
304.774
304.801
304.828
304.855
304.881
304.908
304.935
304.962
304.989
305.015
305.042
305.069
305.096
305.123
305.15
305.178
305.205
305.232
305.26
305.287
305.315
305.342
305.37
305.397
305.425
305.453
305.481
305.508
305.536
305.564
305.592
305.62
305.648
305.676
305.705
305.733
305.761
305.79
305.818
305.846
305.874
305.903
305.93
305.958
305.986
306.013
306.04
306.067
306.094
306.12
306.146
306.172
306.197
306.222
306.246
306.27
306.292
306.314
306.334
306.353
306.371
306.388
306.402
306.415
306.426
306.435
306.442
306.446
306.447
306.445
306.439
306.429
306.416
306.397
306.374
306.344
306.308
306.264
306.211
306.147
306.068
305.974
305.86
305.724
302.235
302.279
302.324
302.368
302.413
302.457
302.5
302.543
302.586
302.628
302.669
302.71
302.75
302.79
302.828
302.867
302.904
302.941
302.977
303.013
303.049
303.083
303.118
303.152
303.185
303.218
303.251
303.283
303.315
303.347
303.378
303.409
303.44
303.471
303.501
303.531
303.561
303.59
303.62
303.649
303.678
303.707
303.736
303.764
303.793
303.821
303.849
303.878
303.906
303.934
303.961
303.989
304.017
304.045
304.072
304.1
304.127
304.155
304.182
304.209
304.236
304.264
304.291
304.318
304.345
304.372
304.399
304.426
304.453
304.48
304.507
304.534
304.561
304.588
304.615
304.642
304.669
304.696
304.723
304.75
304.777
304.804
304.831
304.858
304.885
304.913
304.94
304.967
304.994
305.022
305.049
305.077
305.104
305.132
305.16
305.187
305.215
305.243
305.271
305.299
305.327
305.355
305.383
305.411
305.44
305.468
305.496
305.525
305.553
305.582
305.61
305.639
305.668
305.697
305.725
305.754
305.783
305.811
305.84
305.868
305.897
305.925
305.953
305.98
306.008
306.035
306.062
306.088
306.115
306.141
306.166
306.191
306.215
306.238
306.26
306.281
306.301
306.319
306.336
306.352
306.365
306.377
306.386
306.393
306.398
306.399
306.397
306.392
306.383
306.369
306.351
306.328
306.298
306.262
306.218
306.164
306.1
306.022
305.929
305.818
305.687
302.17
302.211
302.253
302.295
302.336
302.378
302.419
302.46
302.501
302.542
302.581
302.621
302.66
302.698
302.736
302.774
302.811
302.847
302.883
302.919
302.954
302.989
303.023
303.057
303.09
303.123
303.156
303.188
303.22
303.252
303.284
303.315
303.346
303.376
303.407
303.437
303.467
303.497
303.527
303.556
303.585
303.614
303.643
303.672
303.701
303.73
303.758
303.786
303.815
303.843
303.871
303.899
303.927
303.955
303.983
304.011
304.038
304.066
304.094
304.121
304.149
304.176
304.203
304.231
304.258
304.286
304.313
304.34
304.368
304.395
304.422
304.449
304.477
304.504
304.531
304.558
304.586
304.613
304.641
304.668
304.695
304.723
304.75
304.778
304.805
304.833
304.86
304.888
304.916
304.943
304.971
304.999
305.027
305.055
305.083
305.111
305.139
305.168
305.196
305.224
305.253
305.281
305.31
305.339
305.367
305.396
305.425
305.454
305.483
305.511
305.541
305.57
305.599
305.628
305.657
305.687
305.716
305.745
305.774
305.803
305.832
305.86
305.889
305.917
305.945
305.973
306
306.027
306.054
306.081
306.107
306.132
306.156
306.18
306.203
306.225
306.245
306.264
306.282
306.298
306.312
306.324
306.334
306.342
306.347
306.349
306.348
306.343
306.334
306.321
306.303
306.28
306.25
306.214
306.17
306.116
306.052
305.975
305.883
305.775
305.65
302.105
302.144
302.183
302.222
302.261
302.3
302.339
302.378
302.417
302.456
302.494
302.532
302.57
302.607
302.644
302.681
302.717
302.753
302.788
302.823
302.858
302.892
302.926
302.96
302.993
303.026
303.059
303.091
303.123
303.155
303.186
303.217
303.248
303.279
303.31
303.34
303.37
303.4
303.43
303.46
303.489
303.518
303.548
303.577
303.606
303.634
303.663
303.692
303.72
303.749
303.777
303.805
303.833
303.862
303.89
303.918
303.946
303.973
304.001
304.029
304.057
304.085
304.112
304.14
304.168
304.195
304.223
304.251
304.278
304.306
304.333
304.361
304.388
304.416
304.444
304.471
304.499
304.527
304.554
304.582
304.61
304.638
304.665
304.693
304.721
304.749
304.777
304.805
304.833
304.861
304.889
304.917
304.946
304.974
305.003
305.031
305.06
305.089
305.117
305.146
305.175
305.204
305.233
305.262
305.291
305.32
305.349
305.379
305.408
305.438
305.467
305.497
305.526
305.556
305.586
305.615
305.645
305.675
305.704
305.734
305.763
305.792
305.821
305.85
305.879
305.907
305.935
305.963
305.99
306.017
306.044
306.07
306.095
306.119
306.143
306.165
306.186
306.206
306.224
306.241
306.256
306.269
306.279
306.288
306.293
306.296
306.295
306.291
306.283
306.27
306.252
306.229
306.2
306.164
306.12
306.067
306.003
305.927
305.838
305.733
305.614
302.04
302.076
302.113
302.149
302.186
302.223
302.26
302.297
302.334
302.371
302.407
302.444
302.48
302.516
302.552
302.588
302.623
302.658
302.692
302.727
302.761
302.795
302.828
302.861
302.894
302.927
302.959
302.992
303.023
303.055
303.087
303.118
303.149
303.179
303.21
303.24
303.271
303.301
303.331
303.36
303.39
303.419
303.449
303.478
303.507
303.536
303.565
303.594
303.622
303.651
303.679
303.708
303.736
303.765
303.793
303.821
303.849
303.877
303.905
303.934
303.962
303.99
304.017
304.045
304.073
304.101
304.129
304.157
304.185
304.213
304.241
304.269
304.296
304.324
304.352
304.38
304.408
304.436
304.464
304.492
304.52
304.548
304.577
304.605
304.633
304.661
304.69
304.718
304.746
304.775
304.803
304.832
304.861
304.89
304.918
304.947
304.976
305.006
305.035
305.064
305.093
305.123
305.152
305.181
305.211
305.241
305.27
305.3
305.33
305.36
305.39
305.42
305.45
305.48
305.51
305.541
305.571
305.601
305.631
305.661
305.691
305.721
305.75
305.78
305.809
305.838
305.867
305.895
305.923
305.951
305.978
306.004
306.03
306.055
306.079
306.102
306.124
306.144
306.163
306.181
306.196
306.21
306.221
306.23
306.237
306.24
306.24
306.236
306.229
306.216
306.199
306.177
306.148
306.112
306.069
306.016
305.954
305.879
305.792
305.692
305.577
301.975
302.009
302.043
302.077
302.112
302.147
302.182
302.217
302.252
302.287
302.322
302.356
302.391
302.426
302.46
302.495
302.529
302.563
302.597
302.63
302.663
302.697
302.729
302.762
302.795
302.827
302.859
302.891
302.922
302.954
302.985
303.016
303.047
303.078
303.108
303.138
303.169
303.199
303.229
303.258
303.288
303.317
303.347
303.376
303.405
303.434
303.463
303.492
303.521
303.55
303.579
303.607
303.636
303.664
303.693
303.721
303.749
303.778
303.806
303.834
303.863
303.891
303.919
303.947
303.975
304.004
304.032
304.06
304.088
304.116
304.144
304.172
304.201
304.229
304.257
304.285
304.314
304.342
304.37
304.399
304.427
304.455
304.484
304.513
304.541
304.57
304.598
304.627
304.656
304.685
304.714
304.743
304.772
304.801
304.83
304.86
304.889
304.919
304.948
304.978
305.008
305.038
305.067
305.097
305.127
305.157
305.188
305.218
305.248
305.279
305.309
305.34
305.37
305.401
305.431
305.462
305.493
305.523
305.554
305.585
305.615
305.645
305.676
305.706
305.735
305.765
305.794
305.823
305.852
305.88
305.908
305.935
305.962
305.987
306.012
306.036
306.058
306.079
306.099
306.117
306.134
306.148
306.16
306.17
306.177
306.181
306.182
306.179
306.172
306.161
306.144
306.122
306.094
306.059
306.016
305.965
305.903
305.831
305.746
305.65
305.541
301.91
301.942
301.974
302.006
302.039
302.071
302.104
302.137
302.17
302.203
302.237
302.27
302.303
302.336
302.369
302.402
302.435
302.468
302.501
302.534
302.566
302.598
302.63
302.662
302.694
302.726
302.758
302.789
302.82
302.851
302.882
302.913
302.943
302.974
303.004
303.034
303.065
303.094
303.124
303.154
303.184
303.213
303.242
303.272
303.301
303.33
303.359
303.388
303.417
303.446
303.475
303.503
303.532
303.561
303.589
303.618
303.646
303.675
303.703
303.732
303.76
303.789
303.817
303.846
303.874
303.902
303.931
303.959
303.988
304.016
304.044
304.073
304.101
304.13
304.158
304.187
304.215
304.244
304.273
304.301
304.33
304.359
304.388
304.417
304.446
304.475
304.504
304.533
304.562
304.591
304.621
304.65
304.68
304.709
304.739
304.769
304.798
304.828
304.858
304.888
304.919
304.949
304.979
305.01
305.04
305.071
305.101
305.132
305.163
305.194
305.225
305.256
305.287
305.318
305.349
305.38
305.411
305.442
305.474
305.505
305.536
305.567
305.597
305.628
305.658
305.689
305.719
305.748
305.777
305.806
305.835
305.862
305.89
305.916
305.941
305.966
305.989
306.011
306.032
306.051
306.068
306.083
306.096
306.107
306.115
306.119
306.121
306.119
306.113
306.102
306.086
306.065
306.038
306.004
305.962
305.912
305.852
305.782
305.7
305.608
305.505
301.846
301.875
301.905
301.935
301.966
301.997
302.028
302.059
302.09
302.121
302.153
302.184
302.216
302.248
302.279
302.311
302.343
302.374
302.406
302.437
302.469
302.5
302.532
302.563
302.594
302.625
302.656
302.687
302.717
302.748
302.778
302.809
302.839
302.869
302.899
302.929
302.959
302.989
303.018
303.048
303.077
303.107
303.136
303.165
303.194
303.224
303.253
303.282
303.311
303.339
303.368
303.397
303.426
303.455
303.483
303.512
303.541
303.569
303.598
303.626
303.655
303.684
303.712
303.741
303.769
303.798
303.827
303.855
303.884
303.912
303.941
303.97
303.999
304.027
304.056
304.085
304.114
304.143
304.172
304.201
304.23
304.259
304.288
304.317
304.347
304.376
304.405
304.435
304.464
304.494
304.524
304.554
304.583
304.613
304.644
304.674
304.704
304.734
304.765
304.795
304.826
304.857
304.887
304.918
304.949
304.98
305.011
305.042
305.074
305.105
305.136
305.168
305.2
305.231
305.263
305.294
305.326
305.358
305.39
305.421
305.453
305.484
305.516
305.547
305.578
305.609
305.639
305.669
305.699
305.729
305.758
305.786
305.814
305.841
305.867
305.893
305.917
305.939
305.961
305.981
305.999
306.015
306.029
306.04
306.049
306.055
306.057
306.056
306.051
306.041
306.026
306.006
305.98
305.947
305.906
305.857
305.8
305.732
305.654
305.566
305.468
301.782
301.809
301.837
301.866
301.894
301.923
301.952
301.981
302.011
302.04
302.07
302.1
302.13
302.16
302.19
302.221
302.251
302.281
302.312
302.342
302.373
302.403
302.433
302.463
302.494
302.524
302.554
302.584
302.614
302.644
302.674
302.704
302.734
302.763
302.793
302.823
302.852
302.882
302.911
302.94
302.97
302.999
303.028
303.057
303.086
303.115
303.144
303.173
303.202
303.231
303.26
303.288
303.317
303.346
303.375
303.403
303.432
303.461
303.49
303.518
303.547
303.576
303.604
303.633
303.662
303.691
303.719
303.748
303.777
303.806
303.835
303.864
303.893
303.922
303.951
303.98
304.009
304.038
304.067
304.097
304.126
304.156
304.185
304.215
304.244
304.274
304.304
304.334
304.363
304.393
304.424
304.454
304.484
304.514
304.545
304.575
304.606
304.637
304.668
304.699
304.73
304.761
304.792
304.823
304.855
304.886
304.918
304.949
304.981
305.013
305.045
305.077
305.109
305.141
305.173
305.205
305.238
305.27
305.302
305.334
305.366
305.398
305.43
305.462
305.494
305.525
305.556
305.587
305.618
305.648
305.677
305.707
305.735
305.763
305.79
305.816
305.841
305.864
305.886
305.907
305.926
305.943
305.958
305.97
305.98
305.987
305.99
305.99
305.986
305.977
305.963
305.944
305.919
305.888
305.849
305.802
305.746
305.682
305.608
305.524
305.431
301.718
301.744
301.77
301.797
301.823
301.85
301.878
301.905
301.933
301.961
301.989
302.017
302.046
302.074
302.103
302.132
302.161
302.19
302.219
302.248
302.277
302.307
302.336
302.365
302.394
302.424
302.453
302.482
302.512
302.541
302.57
302.599
302.628
302.658
302.687
302.716
302.745
302.774
302.803
302.832
302.861
302.89
302.919
302.948
302.976
303.005
303.034
303.063
303.092
303.12
303.149
303.178
303.207
303.235
303.264
303.293
303.322
303.35
303.379
303.408
303.437
303.466
303.494
303.523
303.552
303.581
303.61
303.639
303.668
303.697
303.726
303.755
303.784
303.813
303.843
303.872
303.901
303.931
303.96
303.99
304.02
304.049
304.079
304.109
304.139
304.169
304.199
304.229
304.259
304.29
304.32
304.351
304.382
304.412
304.443
304.474
304.505
304.536
304.568
304.599
304.63
304.662
304.694
304.725
304.757
304.789
304.821
304.853
304.885
304.918
304.95
304.983
305.015
305.048
305.08
305.113
305.146
305.178
305.211
305.244
305.277
305.309
305.342
305.374
305.406
305.438
305.47
305.501
305.533
305.563
305.594
305.623
305.653
305.681
305.709
305.735
305.761
305.785
305.808
305.83
305.85
305.868
305.883
305.897
305.907
305.915
305.92
305.921
305.918
305.91
305.898
305.88
305.857
305.827
305.79
305.745
305.692
305.631
305.56
305.481
305.394
301.655
301.68
301.704
301.729
301.754
301.779
301.805
301.831
301.857
301.883
301.91
301.936
301.963
301.99
302.017
302.045
302.072
302.1
302.128
302.156
302.184
302.212
302.24
302.268
302.296
302.325
302.353
302.381
302.41
302.438
302.467
302.495
302.524
302.552
302.581
302.609
302.638
302.666
302.695
302.723
302.752
302.781
302.809
302.838
302.866
302.895
302.923
302.952
302.98
303.009
303.038
303.066
303.095
303.124
303.152
303.181
303.21
303.238
303.267
303.296
303.325
303.353
303.382
303.411
303.44
303.469
303.498
303.527
303.556
303.586
303.615
303.644
303.673
303.703
303.732
303.762
303.791
303.821
303.851
303.881
303.911
303.941
303.971
304.001
304.031
304.061
304.092
304.122
304.153
304.184
304.214
304.245
304.276
304.307
304.339
304.37
304.401
304.433
304.465
304.496
304.528
304.56
304.592
304.624
304.657
304.689
304.722
304.754
304.787
304.819
304.852
304.885
304.918
304.951
304.984
305.018
305.051
305.084
305.117
305.15
305.184
305.217
305.25
305.283
305.315
305.348
305.38
305.412
305.444
305.475
305.506
305.537
305.567
305.596
305.624
305.651
305.678
305.703
305.727
305.749
305.77
305.789
305.805
305.82
305.832
305.841
305.846
305.848
305.847
305.84
305.83
305.813
305.792
305.764
305.729
305.687
305.637
305.579
305.512
305.438
305.355
301.594
301.616
301.639
301.662
301.686
301.709
301.733
301.758
301.782
301.807
301.832
301.857
301.882
301.908
301.934
301.96
301.986
302.012
302.039
302.065
302.092
302.119
302.146
302.173
302.2
302.227
302.255
302.282
302.309
302.337
302.365
302.392
302.42
302.448
302.476
302.503
302.531
302.559
302.587
302.615
302.643
302.671
302.7
302.728
302.756
302.784
302.812
302.841
302.869
302.897
302.926
302.954
302.982
303.011
303.039
303.068
303.097
303.125
303.154
303.183
303.211
303.24
303.269
303.298
303.327
303.356
303.385
303.414
303.443
303.473
303.502
303.531
303.561
303.59
303.62
303.65
303.68
303.709
303.739
303.769
303.8
303.83
303.86
303.89
303.921
303.952
303.982
304.013
304.044
304.075
304.106
304.137
304.169
304.2
304.232
304.263
304.295
304.327
304.359
304.391
304.423
304.456
304.488
304.521
304.554
304.586
304.619
304.652
304.685
304.719
304.752
304.785
304.819
304.852
304.886
304.919
304.953
304.987
305.02
305.054
305.088
305.121
305.155
305.188
305.221
305.255
305.287
305.32
305.352
305.384
305.416
305.447
305.477
305.507
305.536
305.564
305.591
305.617
305.642
305.665
305.687
305.706
305.724
305.74
305.752
305.762
305.769
305.773
305.772
305.768
305.758
305.744
305.724
305.698
305.666
305.626
305.58
305.525
305.463
305.393
305.316
301.533
301.554
301.575
301.597
301.619
301.641
301.664
301.687
301.71
301.733
301.756
301.78
301.804
301.828
301.852
301.877
301.902
301.927
301.952
301.977
302.003
302.028
302.054
302.08
302.106
302.132
302.158
302.185
302.211
302.238
302.264
302.291
302.318
302.345
302.372
302.399
302.426
302.454
302.481
302.508
302.536
302.563
302.591
302.619
302.646
302.674
302.702
302.73
302.758
302.786
302.814
302.842
302.87
302.898
302.927
302.955
302.983
303.012
303.04
303.069
303.098
303.126
303.155
303.184
303.213
303.242
303.271
303.3
303.329
303.359
303.388
303.418
303.447
303.477
303.507
303.536
303.566
303.596
303.626
303.657
303.687
303.717
303.748
303.779
303.809
303.84
303.871
303.902
303.933
303.965
303.996
304.027
304.059
304.091
304.123
304.155
304.187
304.219
304.251
304.284
304.317
304.349
304.382
304.415
304.448
304.481
304.515
304.548
304.582
304.615
304.649
304.683
304.717
304.751
304.785
304.819
304.853
304.887
304.921
304.955
304.989
305.023
305.057
305.091
305.125
305.158
305.192
305.225
305.258
305.29
305.322
305.354
305.385
305.415
305.445
305.474
305.502
305.528
305.554
305.578
305.6
305.621
305.639
305.656
305.67
305.681
305.689
305.694
305.695
305.692
305.684
305.672
305.654
305.63
305.601
305.564
305.521
305.47
305.412
305.347
305.275
301.474
301.493
301.514
301.534
301.554
301.575
301.596
301.618
301.639
301.661
301.683
301.705
301.728
301.751
301.774
301.797
301.82
301.844
301.868
301.892
301.916
301.94
301.965
301.989
302.014
302.039
302.065
302.09
302.115
302.141
302.167
302.192
302.218
302.244
302.271
302.297
302.323
302.35
302.376
302.403
302.43
302.457
302.484
302.511
302.538
302.565
302.593
302.62
302.648
302.675
302.703
302.731
302.758
302.786
302.814
302.842
302.871
302.899
302.927
302.956
302.984
303.013
303.041
303.07
303.099
303.128
303.157
303.186
303.215
303.245
303.274
303.303
303.333
303.363
303.393
303.423
303.453
303.483
303.513
303.543
303.574
303.604
303.635
303.666
303.697
303.728
303.759
303.79
303.822
303.853
303.885
303.916
303.948
303.98
304.013
304.045
304.077
304.11
304.143
304.175
304.208
304.241
304.275
304.308
304.341
304.375
304.409
304.442
304.476
304.51
304.544
304.578
304.613
304.647
304.681
304.716
304.75
304.785
304.819
304.854
304.888
304.923
304.957
304.992
305.026
305.06
305.094
305.127
305.16
305.193
305.226
305.258
305.29
305.321
305.351
305.38
305.409
305.436
305.462
305.487
305.51
305.532
305.551
305.569
305.584
305.596
305.605
305.612
305.614
305.613
305.607
305.596
305.581
305.56
305.533
305.5
305.46
305.413
305.36
305.299
305.232
301.416
301.435
301.454
301.472
301.492
301.511
301.531
301.551
301.571
301.592
301.612
301.633
301.655
301.676
301.698
301.72
301.742
301.764
301.787
301.809
301.832
301.855
301.879
301.902
301.926
301.95
301.974
301.998
302.023
302.047
302.072
302.097
302.122
302.147
302.172
302.198
302.223
302.249
302.275
302.301
302.327
302.353
302.379
302.406
302.432
302.459
302.486
302.512
302.539
302.567
302.594
302.621
302.649
302.676
302.704
302.731
302.759
302.787
302.815
302.843
302.872
302.9
302.929
302.957
302.986
303.015
303.044
303.073
303.102
303.131
303.16
303.19
303.219
303.249
303.279
303.309
303.339
303.369
303.399
303.43
303.46
303.491
303.522
303.553
303.584
303.615
303.646
303.678
303.709
303.741
303.773
303.805
303.837
303.869
303.902
303.934
303.967
304
304.033
304.066
304.099
304.132
304.166
304.2
304.233
304.267
304.301
304.335
304.37
304.404
304.438
304.473
304.507
304.542
304.577
304.611
304.646
304.681
304.716
304.751
304.786
304.821
304.855
304.89
304.925
304.959
304.993
305.027
305.061
305.094
305.127
305.16
305.192
305.223
305.254
305.284
305.313
305.341
305.367
305.393
305.417
305.439
305.46
305.478
305.494
305.508
305.518
305.526
305.53
305.53
305.526
305.518
305.505
305.486
305.462
305.432
305.396
305.354
305.305
305.249
305.187
301.361
301.378
301.396
301.413
301.431
301.45
301.468
301.487
301.506
301.525
301.545
301.564
301.584
301.605
301.625
301.646
301.667
301.688
301.709
301.731
301.752
301.774
301.796
301.819
301.841
301.864
301.887
301.91
301.934
301.957
301.981
302.005
302.029
302.053
302.077
302.102
302.126
302.151
302.176
302.201
302.227
302.252
302.278
302.303
302.329
302.355
302.381
302.408
302.434
302.461
302.487
302.514
302.541
302.568
302.595
302.623
302.65
302.678
302.705
302.733
302.761
302.789
302.818
302.846
302.874
302.903
302.932
302.961
302.99
303.019
303.048
303.077
303.107
303.137
303.166
303.196
303.226
303.257
303.287
303.317
303.348
303.379
303.41
303.441
303.472
303.503
303.534
303.566
303.598
303.63
303.662
303.694
303.726
303.759
303.791
303.824
303.857
303.89
303.923
303.956
303.99
304.023
304.057
304.091
304.125
304.159
304.193
304.228
304.262
304.297
304.332
304.366
304.401
304.436
304.471
304.506
304.541
304.576
304.612
304.647
304.682
304.717
304.752
304.787
304.822
304.857
304.891
304.925
304.959
304.993
305.026
305.059
305.092
305.123
305.155
305.185
305.214
305.243
305.27
305.296
305.321
305.344
305.365
305.384
305.402
305.416
305.428
305.437
305.443
305.445
305.443
305.436
305.426
305.41
305.389
305.362
305.33
305.291
305.247
305.196
305.14
301.308
301.324
301.34
301.357
301.374
301.391
301.408
301.426
301.444
301.462
301.48
301.499
301.518
301.537
301.556
301.575
301.595
301.615
301.635
301.656
301.676
301.697
301.718
301.739
301.761
301.782
301.804
301.826
301.849
301.871
301.894
301.917
301.94
301.963
301.986
302.01
302.034
302.058
302.082
302.106
302.131
302.155
302.18
302.205
302.23
302.256
302.281
302.307
302.332
302.358
302.385
302.411
302.437
302.464
302.49
302.517
302.544
302.572
302.599
302.626
302.654
302.682
302.71
302.738
302.766
302.794
302.823
302.851
302.88
302.909
302.938
302.967
302.997
303.026
303.056
303.086
303.116
303.146
303.176
303.207
303.237
303.268
303.299
303.33
303.361
303.393
303.424
303.456
303.488
303.52
303.552
303.584
303.616
303.649
303.682
303.715
303.748
303.781
303.814
303.848
303.881
303.915
303.949
303.983
304.017
304.052
304.086
304.121
304.155
304.19
304.225
304.26
304.295
304.33
304.365
304.401
304.436
304.471
304.507
304.542
304.577
304.613
304.648
304.683
304.718
304.753
304.788
304.822
304.857
304.89
304.924
304.957
304.99
305.022
305.053
305.084
305.114
305.143
305.17
305.197
305.222
305.246
305.268
305.288
305.306
305.321
305.335
305.345
305.352
305.355
305.355
305.351
305.343
305.33
305.312
305.289
305.26
305.226
305.186
305.14
305.089
301.257
301.273
301.288
301.304
301.319
301.336
301.352
301.368
301.385
301.402
301.419
301.437
301.455
301.473
301.491
301.509
301.528
301.547
301.566
301.585
301.604
301.624
301.644
301.664
301.685
301.705
301.726
301.747
301.768
301.79
301.812
301.833
301.856
301.878
301.9
301.923
301.946
301.969
301.992
302.016
302.039
302.063
302.087
302.112
302.136
302.161
302.185
302.21
302.235
302.261
302.286
302.312
302.338
302.364
302.39
302.416
302.443
302.469
302.496
302.523
302.55
302.578
302.605
302.633
302.661
302.689
302.717
302.746
302.774
302.803
302.832
302.861
302.89
302.919
302.949
302.979
303.008
303.038
303.069
303.099
303.13
303.16
303.191
303.222
303.253
303.285
303.316
303.348
303.38
303.412
303.444
303.476
303.509
303.542
303.574
303.607
303.64
303.674
303.707
303.741
303.775
303.808
303.842
303.877
303.911
303.945
303.98
304.015
304.05
304.084
304.119
304.155
304.19
304.225
304.26
304.296
304.331
304.367
304.402
304.438
304.473
304.508
304.544
304.579
304.614
304.649
304.684
304.719
304.753
304.787
304.821
304.854
304.887
304.919
304.95
304.981
305.011
305.041
305.069
305.096
305.121
305.145
305.168
305.189
305.208
305.224
305.238
305.25
305.258
305.263
305.265
305.263
305.257
305.247
305.232
305.212
305.187
305.157
305.121
305.08
305.034
301.21
301.224
301.239
301.253
301.268
301.283
301.299
301.314
301.33
301.346
301.363
301.379
301.396
301.413
301.43
301.447
301.465
301.483
301.501
301.519
301.537
301.556
301.575
301.594
301.614
301.633
301.653
301.673
301.693
301.714
301.735
301.756
301.777
301.798
301.82
301.842
301.864
301.886
301.908
301.931
301.954
301.977
302
302.023
302.047
302.071
302.095
302.119
302.144
302.168
302.193
302.218
302.243
302.269
302.294
302.32
302.346
302.372
302.399
302.425
302.452
302.479
302.506
302.533
302.561
302.589
302.616
302.645
302.673
302.701
302.73
302.759
302.788
302.817
302.846
302.876
302.905
302.935
302.965
302.995
303.026
303.056
303.087
303.118
303.149
303.181
303.212
303.244
303.276
303.308
303.34
303.372
303.405
303.437
303.47
303.503
303.536
303.57
303.603
303.637
303.67
303.704
303.739
303.773
303.807
303.842
303.876
303.911
303.946
303.981
304.016
304.051
304.086
304.122
304.157
304.192
304.228
304.263
304.299
304.334
304.37
304.405
304.44
304.476
304.511
304.546
304.581
304.615
304.649
304.683
304.717
304.75
304.783
304.815
304.847
304.878
304.908
304.937
304.966
304.993
305.019
305.043
305.066
305.087
305.107
305.124
305.139
305.152
305.161
305.168
305.172
305.172
305.168
305.16
305.148
305.131
305.11
305.084
305.053
305.017
304.976
301.166
301.179
301.193
301.207
301.221
301.235
301.25
301.264
301.279
301.294
301.31
301.325
301.341
301.357
301.373
301.39
301.407
301.423
301.441
301.458
301.476
301.493
301.511
301.53
301.548
301.567
301.586
301.605
301.624
301.644
301.664
301.684
301.704
301.724
301.745
301.766
301.787
301.809
301.83
301.852
301.874
301.896
301.919
301.941
301.964
301.987
302.011
302.034
302.058
302.082
302.106
302.131
302.155
302.18
302.205
302.23
302.256
302.281
302.307
302.333
302.36
302.386
302.413
302.44
302.467
302.494
302.522
302.549
302.577
302.605
302.633
302.662
302.691
302.72
302.749
302.778
302.807
302.837
302.867
302.897
302.927
302.958
302.988
303.019
303.05
303.081
303.113
303.144
303.176
303.208
303.24
303.272
303.305
303.337
303.37
303.403
303.436
303.469
303.503
303.537
303.57
303.604
303.638
303.672
303.707
303.741
303.776
303.81
303.845
303.88
303.915
303.95
303.985
304.021
304.056
304.091
304.127
304.162
304.197
304.233
304.268
304.303
304.339
304.374
304.409
304.444
304.478
304.513
304.547
304.581
304.614
304.647
304.68
304.712
304.743
304.774
304.804
304.833
304.862
304.889
304.915
304.94
304.963
304.984
305.004
305.022
305.038
305.051
305.062
305.07
305.075
305.077
305.076
305.07
305.061
305.047
305.03
305.007
304.98
304.949
304.913
301.125
301.138
301.151
301.164
301.177
301.191
301.205
301.219
301.233
301.247
301.262
301.276
301.291
301.307
301.322
301.338
301.354
301.37
301.386
301.402
301.419
301.436
301.453
301.471
301.488
301.506
301.524
301.543
301.561
301.58
301.599
301.618
301.637
301.657
301.677
301.697
301.718
301.738
301.759
301.78
301.801
301.823
301.844
301.866
301.889
301.911
301.934
301.957
301.98
302.003
302.026
302.05
302.074
302.098
302.123
302.148
302.172
302.198
302.223
302.248
302.274
302.3
302.326
302.353
302.38
302.406
302.433
302.461
302.488
302.516
302.544
302.572
302.6
302.629
302.658
302.687
302.716
302.745
302.775
302.805
302.835
302.865
302.896
302.926
302.957
302.988
303.019
303.051
303.082
303.114
303.146
303.178
303.21
303.243
303.276
303.308
303.341
303.375
303.408
303.441
303.475
303.509
303.543
303.577
303.611
303.645
303.68
303.714
303.749
303.784
303.819
303.854
303.889
303.924
303.959
303.994
304.029
304.064
304.099
304.134
304.169
304.205
304.239
304.274
304.309
304.343
304.378
304.412
304.446
304.479
304.512
304.545
304.577
304.609
304.64
304.671
304.701
304.73
304.758
304.785
304.811
304.835
304.859
304.881
304.901
304.919
304.935
304.95
304.961
304.97
304.977
304.98
304.981
304.977
304.971
304.96
304.945
304.927
304.904
304.877
304.845
301.088
301.101
301.113
301.125
301.138
301.151
301.164
301.177
301.191
301.204
301.218
301.232
301.247
301.261
301.276
301.291
301.306
301.321
301.337
301.353
301.369
301.385
301.401
301.418
301.435
301.452
301.469
301.487
301.504
301.522
301.541
301.559
301.578
301.597
301.616
301.635
301.655
301.675
301.695
301.715
301.736
301.757
301.778
301.799
301.82
301.842
301.864
301.886
301.909
301.932
301.954
301.978
302.001
302.025
302.049
302.073
302.097
302.122
302.146
302.171
302.197
302.222
302.248
302.274
302.3
302.327
302.353
302.38
302.407
302.435
302.462
302.49
302.518
302.546
302.575
302.603
302.632
302.661
302.691
302.72
302.75
302.78
302.81
302.84
302.871
302.902
302.933
302.964
302.995
303.027
303.059
303.091
303.123
303.155
303.188
303.22
303.253
303.286
303.319
303.352
303.386
303.419
303.453
303.487
303.521
303.555
303.589
303.624
303.658
303.692
303.727
303.762
303.796
303.831
303.866
303.901
303.936
303.97
304.005
304.04
304.075
304.109
304.144
304.178
304.212
304.246
304.28
304.314
304.347
304.38
304.413
304.445
304.477
304.508
304.539
304.569
304.598
304.627
304.655
304.681
304.707
304.731
304.755
304.776
304.797
304.815
304.832
304.847
304.859
304.869
304.877
304.881
304.883
304.882
304.878
304.87
304.858
304.843
304.824
304.801
304.773
301.056
301.068
301.079
301.091
301.104
301.116
301.128
301.141
301.154
301.167
301.18
301.194
301.207
301.221
301.235
301.25
301.264
301.279
301.294
301.309
301.324
301.34
301.356
301.372
301.388
301.404
301.421
301.438
301.455
301.472
301.49
301.508
301.526
301.544
301.562
301.581
301.6
301.619
301.639
301.658
301.678
301.698
301.719
301.74
301.76
301.782
301.803
301.825
301.846
301.869
301.891
301.914
301.936
301.959
301.983
302.006
302.03
302.054
302.079
302.103
302.128
302.153
302.178
302.204
302.229
302.255
302.282
302.308
302.335
302.362
302.389
302.416
302.444
302.472
302.5
302.528
302.557
302.586
302.615
302.644
302.674
302.703
302.733
302.763
302.793
302.824
302.855
302.886
302.917
302.948
302.98
303.011
303.043
303.075
303.107
303.14
303.172
303.205
303.238
303.271
303.304
303.337
303.371
303.404
303.438
303.472
303.505
303.539
303.573
303.608
303.642
303.676
303.71
303.745
303.779
303.813
303.848
303.882
303.916
303.951
303.985
304.019
304.053
304.086
304.12
304.154
304.187
304.22
304.252
304.285
304.317
304.348
304.379
304.41
304.44
304.469
304.498
304.526
304.553
304.579
304.605
304.629
304.652
304.673
304.693
304.712
304.728
304.743
304.756
304.767
304.775
304.781
304.785
304.785
304.783
304.777
304.768
304.756
304.74
304.721
304.698
301.028
301.039
301.051
301.062
301.074
301.086
301.098
301.11
301.122
301.135
301.148
301.161
301.174
301.187
301.201
301.214
301.228
301.243
301.257
301.271
301.286
301.301
301.316
301.332
301.348
301.363
301.38
301.396
301.412
301.429
301.446
301.463
301.481
301.499
301.516
301.535
301.553
301.572
301.591
301.61
301.629
301.649
301.669
301.689
301.709
301.73
301.75
301.772
301.793
301.814
301.836
301.858
301.881
301.903
301.926
301.949
301.973
301.996
302.02
302.044
302.068
302.093
302.118
302.143
302.168
302.194
302.22
302.246
302.272
302.299
302.326
302.353
302.38
302.407
302.435
302.463
302.491
302.52
302.548
302.577
302.607
302.636
302.665
302.695
302.725
302.755
302.786
302.816
302.847
302.878
302.909
302.941
302.972
303.004
303.036
303.068
303.1
303.132
303.165
303.197
303.23
303.263
303.296
303.329
303.362
303.396
303.429
303.463
303.496
303.53
303.564
303.597
303.631
303.665
303.699
303.732
303.766
303.8
303.834
303.867
303.901
303.934
303.967
304
304.033
304.066
304.098
304.13
304.162
304.194
304.225
304.256
304.286
304.316
304.345
304.373
304.401
304.428
304.455
304.48
304.505
304.528
304.551
304.572
304.591
304.61
304.626
304.641
304.654
304.666
304.675
304.681
304.686
304.688
304.687
304.683
304.677
304.667
304.654
304.639
304.619
301.005
301.016
301.027
301.038
301.049
301.061
301.072
301.084
301.096
301.108
301.121
301.133
301.146
301.159
301.172
301.185
301.199
301.213
301.226
301.241
301.255
301.269
301.284
301.299
301.314
301.33
301.345
301.361
301.377
301.394
301.41
301.427
301.444
301.461
301.479
301.496
301.514
301.532
301.551
301.569
301.588
301.608
301.627
301.647
301.666
301.687
301.707
301.728
301.748
301.77
301.791
301.813
301.835
301.857
301.879
301.902
301.925
301.948
301.971
301.995
302.019
302.043
302.068
302.092
302.117
302.142
302.168
302.194
302.22
302.246
302.272
302.299
302.326
302.353
302.38
302.408
302.436
302.464
302.492
302.521
302.55
302.579
302.608
302.637
302.667
302.697
302.727
302.757
302.787
302.818
302.849
302.88
302.911
302.942
302.974
303.005
303.037
303.069
303.101
303.133
303.166
303.198
303.231
303.263
303.296
303.329
303.362
303.395
303.428
303.461
303.494
303.527
303.56
303.593
303.626
303.659
303.692
303.725
303.758
303.791
303.823
303.856
303.888
303.92
303.952
303.984
304.016
304.047
304.078
304.108
304.138
304.168
304.197
304.226
304.254
304.282
304.309
304.335
304.36
304.385
304.409
304.431
304.453
304.473
304.493
304.51
304.527
304.541
304.555
304.566
304.575
304.583
304.588
304.591
304.591
304.59
304.585
304.578
304.568
304.555
304.539
300.987
300.997
301.008
301.019
301.03
301.041
301.052
301.064
301.075
301.087
301.099
301.111
301.124
301.137
301.149
301.162
301.175
301.189
301.202
301.216
301.23
301.244
301.259
301.273
301.288
301.303
301.319
301.334
301.35
301.366
301.382
301.398
301.415
301.432
301.449
301.466
301.484
301.502
301.52
301.538
301.556
301.575
301.594
301.613
301.633
301.653
301.673
301.693
301.713
301.734
301.755
301.777
301.798
301.82
301.842
301.864
301.887
301.91
301.933
301.956
301.98
302.003
302.028
302.052
302.077
302.101
302.127
302.152
302.177
302.203
302.229
302.256
302.282
302.309
302.336
302.364
302.391
302.419
302.447
302.475
302.503
302.532
302.561
302.59
302.619
302.649
302.678
302.708
302.738
302.768
302.799
302.829
302.86
302.891
302.922
302.953
302.984
303.016
303.047
303.079
303.111
303.143
303.175
303.207
303.239
303.271
303.303
303.336
303.368
303.4
303.433
303.465
303.497
303.53
303.562
303.594
303.626
303.658
303.69
303.722
303.754
303.786
303.817
303.848
303.879
303.91
303.94
303.97
304
304.03
304.059
304.087
304.115
304.143
304.17
304.196
304.222
304.247
304.272
304.295
304.318
304.34
304.36
304.38
304.398
304.416
304.431
304.446
304.459
304.47
304.48
304.487
304.493
304.497
304.498
304.498
304.495
304.49
304.482
304.472
304.459
300.973
300.983
300.994
301.004
301.015
301.026
301.037
301.049
301.06
301.072
301.084
301.096
301.108
301.12
301.133
301.145
301.158
301.171
301.185
301.198
301.212
301.226
301.24
301.255
301.269
301.284
301.299
301.314
301.33
301.345
301.361
301.377
301.394
301.41
301.427
301.444
301.461
301.479
301.497
301.515
301.533
301.551
301.57
301.589
301.608
301.628
301.647
301.667
301.688
301.708
301.729
301.75
301.771
301.793
301.814
301.837
301.859
301.881
301.904
301.927
301.95
301.974
301.998
302.022
302.046
302.071
302.096
302.121
302.146
302.172
302.197
302.223
302.25
302.276
302.303
302.33
302.357
302.384
302.412
302.44
302.468
302.496
302.525
302.553
302.582
302.611
302.641
302.67
302.7
302.729
302.759
302.789
302.82
302.85
302.881
302.911
302.942
302.973
303.004
303.035
303.066
303.098
303.129
303.16
303.192
303.223
303.255
303.286
303.318
303.35
303.381
303.413
303.444
303.476
303.507
303.539
303.57
303.601
303.632
303.663
303.693
303.724
303.754
303.784
303.814
303.844
303.873
303.902
303.931
303.959
303.987
304.014
304.041
304.068
304.093
304.119
304.143
304.167
304.19
304.213
304.234
304.255
304.275
304.294
304.311
304.328
304.343
304.357
304.369
304.38
304.39
304.397
304.403
304.408
304.41
304.411
304.409
304.405
304.399
304.391
304.381
300.964
300.974
300.985
300.995
301.006
301.016
301.027
301.039
301.05
301.061
301.073
301.085
301.097
301.109
301.122
301.134
301.147
301.16
301.173
301.187
301.2
301.214
301.228
301.242
301.256
301.271
301.286
301.301
301.316
301.332
301.347
301.363
301.38
301.396
301.413
301.429
301.447
301.464
301.481
301.499
301.517
301.536
301.554
301.573
301.592
301.611
301.631
301.651
301.671
301.691
301.712
301.732
301.753
301.775
301.796
301.818
301.84
301.862
301.885
301.908
301.931
301.954
301.978
302.002
302.026
302.05
302.075
302.1
302.125
302.15
302.175
302.201
302.227
302.253
302.28
302.307
302.333
302.361
302.388
302.415
302.443
302.471
302.499
302.528
302.556
302.585
302.614
302.643
302.672
302.701
302.731
302.76
302.79
302.82
302.85
302.88
302.91
302.941
302.971
303.001
303.032
303.063
303.093
303.124
303.155
303.186
303.217
303.247
303.278
303.309
303.34
303.371
303.401
303.432
303.462
303.493
303.523
303.553
303.583
303.613
303.643
303.672
303.701
303.73
303.759
303.788
303.816
303.844
303.871
303.898
303.925
303.951
303.977
304.002
304.027
304.051
304.074
304.097
304.119
304.14
304.161
304.18
304.199
304.217
304.233
304.249
304.263
304.277
304.289
304.299
304.308
304.316
304.322
304.327
304.33
304.331
304.33
304.328
304.323
304.317
304.308
300.959
300.969
300.979
300.99
301
301.011
301.022
301.033
301.044
301.056
301.067
301.079
301.091
301.103
301.116
301.128
301.141
301.154
301.167
301.18
301.194
301.207
301.221
301.235
301.25
301.264
301.279
301.294
301.309
301.324
301.34
301.356
301.372
301.388
301.405
301.422
301.439
301.456
301.473
301.491
301.509
301.527
301.546
301.564
301.583
301.602
301.622
301.642
301.662
301.682
301.702
301.723
301.744
301.765
301.786
301.808
301.83
301.852
301.875
301.897
301.92
301.943
301.967
301.99
302.014
302.039
302.063
302.088
302.112
302.137
302.163
302.188
302.214
302.24
302.266
302.293
302.319
302.346
302.373
302.401
302.428
302.456
302.483
302.511
302.54
302.568
302.596
302.625
302.654
302.683
302.712
302.741
302.77
302.8
302.829
302.859
302.888
302.918
302.948
302.978
303.008
303.038
303.068
303.098
303.128
303.158
303.189
303.219
303.249
303.279
303.309
303.339
303.369
303.398
303.428
303.458
303.487
303.516
303.545
303.574
303.603
303.631
303.66
303.688
303.715
303.743
303.77
303.797
303.823
303.849
303.874
303.9
303.924
303.948
303.972
303.995
304.017
304.039
304.06
304.08
304.099
304.118
304.135
304.152
304.168
304.183
304.197
304.209
304.221
304.231
304.24
304.247
304.253
304.258
304.261
304.263
304.263
304.261
304.258
304.253
304.246
300.957
300.967
300.978
300.988
300.999
301.009
301.02
301.031
301.042
301.054
301.065
301.077
301.089
301.101
301.114
301.126
301.139
301.152
301.165
301.178
301.191
301.205
301.219
301.233
301.247
301.262
301.277
301.292
301.307
301.322
301.338
301.353
301.37
301.386
301.402
301.419
301.436
301.453
301.471
301.488
301.506
301.524
301.543
301.561
301.58
301.6
301.619
301.639
301.658
301.679
301.699
301.72
301.74
301.762
301.783
301.805
301.826
301.848
301.871
301.893
301.916
301.939
301.963
301.986
302.01
302.034
302.058
302.083
302.108
302.132
302.158
302.183
302.209
302.234
302.26
302.287
302.313
302.34
302.367
302.394
302.421
302.448
302.476
302.503
302.531
302.559
302.587
302.616
302.644
302.673
302.701
302.73
302.759
302.788
302.817
302.846
302.876
302.905
302.934
302.964
302.993
303.023
303.052
303.082
303.111
303.141
303.171
303.2
303.23
303.259
303.288
303.318
303.347
303.376
303.405
303.434
303.462
303.491
303.519
303.547
303.575
303.603
303.63
303.657
303.684
303.711
303.737
303.763
303.788
303.813
303.838
303.862
303.886
303.909
303.932
303.954
303.975
303.996
304.016
304.035
304.054
304.072
304.088
304.105
304.12
304.134
304.147
304.159
304.17
304.18
304.188
304.196
304.202
304.206
304.21
304.211
304.212
304.211
304.208
304.204
304.198
300.957
300.967
300.978
300.988
300.999
301.009
301.02
301.031
301.043
301.054
301.066
301.077
301.089
301.101
301.114
301.126
301.139
301.152
301.165
301.178
301.192
301.205
301.219
301.233
301.248
301.262
301.277
301.292
301.307
301.322
301.338
301.354
301.37
301.386
301.403
301.419
301.436
301.454
301.471
301.489
301.507
301.525
301.543
301.562
301.581
301.6
301.619
301.639
301.659
301.679
301.699
301.72
301.741
301.762
301.783
301.805
301.827
301.849
301.871
301.893
301.916
301.939
301.963
301.986
302.01
302.034
302.058
302.082
302.107
302.132
302.157
302.182
302.208
302.233
302.259
302.285
302.312
302.338
302.365
302.392
302.419
302.446
302.473
302.501
302.528
302.556
302.584
302.612
302.641
302.669
302.697
302.726
302.755
302.783
302.812
302.841
302.87
302.899
302.928
302.957
302.987
303.016
303.045
303.074
303.104
303.133
303.162
303.191
303.22
303.249
303.278
303.307
303.336
303.365
303.393
303.421
303.45
303.478
303.506
303.533
303.561
303.588
303.615
303.642
303.668
303.694
303.72
303.745
303.77
303.794
303.818
303.842
303.865
303.888
303.91
303.931
303.952
303.972
303.992
304.011
304.029
304.046
304.062
304.078
304.093
304.106
304.119
304.131
304.141
304.151
304.159
304.166
304.172
304.177
304.18
304.182
304.183
304.182
304.18
304.176
304.171
305.496
304.981
304.582
304.244
303.947
303.683
303.445
303.23
303.032
302.85
302.681
302.522
302.373
302.232
302.098
301.97
301.849
301.733
301.623
301.517
301.417
301.321
301.229
301.142
301.059
300.98
300.906
300.835
300.768
300.705
300.645
300.589
300.537
300.488
300.442
300.4
300.36
300.324
300.29
300.26
300.232
300.206
300.183
300.163
300.145
300.129
300.116
300.105
300.096
300.09
300.087
305.494
304.981
304.582
304.244
303.947
303.683
303.445
303.23
303.032
302.85
302.681
302.522
302.373
302.232
302.098
301.97
301.849
301.733
301.623
301.517
301.417
301.321
301.229
301.142
301.059
300.98
300.906
300.835
300.768
300.705
300.645
300.589
300.537
300.488
300.442
300.4
300.36
300.324
300.29
300.26
300.232
300.206
300.183
300.163
300.145
300.129
300.116
300.105
300.096
300.09
300.087
305.49
304.98
304.582
304.244
303.947
303.683
303.445
303.23
303.033
302.851
302.681
302.523
302.373
302.232
302.098
301.97
301.849
301.733
301.623
301.518
301.417
301.321
301.23
301.142
301.059
300.981
300.906
300.835
300.768
300.705
300.645
300.589
300.537
300.488
300.442
300.4
300.36
300.324
300.29
300.26
300.232
300.206
300.183
300.163
300.145
300.129
300.116
300.105
300.096
300.09
300.087
305.485
304.979
304.581
304.243
303.947
303.683
303.445
303.23
303.033
302.851
302.681
302.523
302.373
302.232
302.098
301.971
301.849
301.734
301.623
301.518
301.417
301.321
301.23
301.143
301.06
300.981
300.906
300.835
300.768
300.705
300.645
300.589
300.537
300.488
300.442
300.4
300.36
300.324
300.291
300.26
300.232
300.206
300.184
300.163
300.145
300.129
300.116
300.105
300.096
300.09
300.087
305.478
304.977
304.581
304.243
303.947
303.683
303.446
303.23
303.033
302.851
302.682
302.523
302.374
302.233
302.099
301.971
301.85
301.734
301.624
301.518
301.418
301.322
301.23
301.143
301.06
300.981
300.906
300.835
300.768
300.705
300.646
300.59
300.537
300.488
300.442
300.4
300.361
300.324
300.291
300.26
300.232
300.207
300.184
300.163
300.145
300.129
300.116
300.105
300.096
300.09
300.087
305.469
304.975
304.58
304.243
303.947
303.683
303.446
303.231
303.034
302.852
302.682
302.524
302.375
302.233
302.099
301.972
301.85
301.735
301.624
301.519
301.418
301.322
301.231
301.144
301.061
300.982
300.907
300.836
300.769
300.706
300.646
300.59
300.538
300.488
300.443
300.4
300.361
300.324
300.291
300.26
300.232
300.207
300.184
300.163
300.145
300.129
300.116
300.105
300.096
300.09
300.087
305.458
304.972
304.579
304.243
303.947
303.683
303.446
303.231
303.034
302.853
302.683
302.525
302.375
302.234
302.1
301.973
301.851
301.736
301.625
301.52
301.419
301.323
301.232
301.144
301.061
300.982
300.907
300.837
300.769
300.706
300.646
300.59
300.538
300.489
300.443
300.401
300.361
300.325
300.291
300.26
300.232
300.207
300.184
300.163
300.145
300.129
300.116
300.105
300.096
300.09
300.087
305.446
304.968
304.578
304.242
303.947
303.684
303.447
303.232
303.036
302.854
302.685
302.526
302.377
302.236
302.101
301.974
301.853
301.737
301.626
301.521
301.42
301.324
301.233
301.145
301.062
300.983
300.908
300.837
300.77
300.707
300.647
300.591
300.539
300.489
300.444
300.401
300.362
300.325
300.292
300.261
300.233
300.207
300.184
300.164
300.145
300.13
300.116
300.105
300.096
300.09
300.087
305.432
304.964
304.576
304.242
303.948
303.685
303.448
303.234
303.037
302.855
302.686
302.528
302.378
302.237
302.103
301.976
301.854
301.738
301.628
301.522
301.422
301.325
301.234
301.146
301.063
300.984
300.909
300.838
300.771
300.708
300.648
300.592
300.539
300.49
300.444
300.402
300.362
300.326
300.292
300.261
300.233
300.207
300.184
300.164
300.146
300.13
300.116
300.105
300.096
300.09
300.087
305.416
304.959
304.575
304.242
303.948
303.686
303.45
303.236
303.039
302.858
302.689
302.53
302.381
302.239
302.105
301.978
301.856
301.74
301.63
301.524
301.423
301.327
301.235
301.148
301.065
300.986
300.911
300.839
300.772
300.709
300.649
300.593
300.54
300.491
300.445
300.402
300.363
300.326
300.292
300.262
300.233
300.208
300.185
300.164
300.146
300.13
300.116
300.105
300.097
300.091
300.087
305.399
304.953
304.573
304.242
303.949
303.688
303.452
303.238
303.042
302.86
302.691
302.533
302.384
302.242
302.108
301.98
301.859
301.743
301.632
301.526
301.426
301.329
301.237
301.15
301.067
300.987
300.912
300.841
300.774
300.71
300.65
300.594
300.541
300.492
300.446
300.403
300.363
300.327
300.293
300.262
300.234
300.208
300.185
300.164
300.146
300.13
300.117
300.105
300.097
300.091
300.088
305.381
304.947
304.571
304.243
303.951
303.69
303.455
303.241
303.045
302.864
302.695
302.536
302.387
302.246
302.111
301.984
301.862
301.746
301.635
301.529
301.428
301.332
301.24
301.152
301.069
300.99
300.914
300.843
300.775
300.712
300.652
300.595
300.542
300.493
300.447
300.404
300.364
300.328
300.294
300.263
300.235
300.209
300.186
300.165
300.147
300.131
300.117
300.106
300.097
300.091
300.088
305.361
304.94
304.57
304.243
303.953
303.693
303.459
303.245
303.049
302.868
302.699
302.541
302.392
302.25
302.116
301.988
301.866
301.75
301.639
301.533
301.432
301.335
301.243
301.155
301.072
300.992
300.917
300.845
300.777
300.714
300.653
300.597
300.544
300.494
300.448
300.405
300.365
300.329
300.295
300.264
300.235
300.209
300.186
300.165
300.147
300.131
300.117
300.106
300.097
300.091
300.088
305.341
304.933
304.568
304.245
303.956
303.697
303.463
303.25
303.055
302.874
302.705
302.546
302.397
302.255
302.121
301.993
301.871
301.754
301.643
301.537
301.436
301.339
301.247
301.159
301.075
300.995
300.919
300.848
300.78
300.716
300.656
300.599
300.546
300.496
300.45
300.407
300.367
300.33
300.296
300.265
300.236
300.21
300.187
300.166
300.147
300.131
300.118
300.106
300.097
300.091
300.088
305.319
304.925
304.567
304.246
303.96
303.702
303.469
303.257
303.061
302.88
302.712
302.553
302.404
302.262
302.127
301.999
301.877
301.76
301.649
301.542
301.441
301.344
301.251
301.163
301.079
300.999
300.923
300.851
300.783
300.719
300.658
300.601
300.548
300.498
300.452
300.408
300.368
300.331
300.297
300.266
300.237
300.211
300.188
300.167
300.148
300.132
300.118
300.107
300.098
300.092
300.088
305.297
304.916
304.565
304.249
303.965
303.708
303.476
303.264
303.069
302.889
302.72
302.561
302.411
302.269
302.135
302.006
301.884
301.767
301.655
301.548
301.446
301.349
301.256
301.168
301.083
301.003
300.927
300.855
300.786
300.722
300.661
300.604
300.55
300.5
300.454
300.41
300.37
300.333
300.298
300.267
300.238
300.212
300.188
300.167
300.149
300.132
300.119
300.107
300.098
300.092
300.089
305.273
304.907
304.564
304.252
303.971
303.716
303.485
303.273
303.079
302.898
302.73
302.571
302.421
302.279
302.143
302.015
301.892
301.775
301.663
301.556
301.453
301.356
301.262
301.173
301.089
301.008
300.932
300.859
300.79
300.726
300.665
300.607
300.553
300.503
300.456
300.412
300.372
300.334
300.3
300.268
300.239
300.213
300.189
300.168
300.15
300.133
300.119
300.108
300.099
300.092
300.089
305.249
304.898
304.564
304.257
303.978
303.725
303.495
303.284
303.09
302.91
302.741
302.582
302.432
302.289
302.154
302.025
301.902
301.784
301.671
301.564
301.461
301.363
301.269
301.18
301.095
301.014
300.937
300.864
300.795
300.73
300.669
300.611
300.557
300.506
300.459
300.415
300.374
300.336
300.302
300.27
300.241
300.214
300.191
300.169
300.15
300.134
300.12
300.108
300.099
300.093
300.089
305.224
304.889
304.564
304.262
303.986
303.736
303.507
303.297
303.104
302.923
302.755
302.596
302.445
302.302
302.166
302.037
301.913
301.795
301.682
301.574
301.471
301.372
301.278
301.188
301.102
301.021
300.943
300.87
300.801
300.735
300.673
300.615
300.561
300.51
300.462
300.418
300.377
300.339
300.304
300.272
300.242
300.216
300.192
300.17
300.151
300.135
300.12
300.109
300.1
300.093
300.09
305.199
304.879
304.564
304.268
303.997
303.748
303.521
303.313
303.119
302.939
302.77
302.611
302.46
302.317
302.181
302.05
301.926
301.807
301.694
301.585
301.482
301.382
301.287
301.197
301.111
301.029
300.951
300.877
300.807
300.741
300.679
300.62
300.565
300.514
300.466
300.421
300.38
300.341
300.306
300.274
300.244
300.217
300.193
300.172
300.152
300.136
300.121
300.109
300.1
300.094
300.09
305.171
304.869
304.565
304.276
304.009
303.763
303.538
303.33
303.137
302.957
302.788
302.629
302.478
302.334
302.197
302.066
301.941
301.822
301.708
301.599
301.494
301.394
301.299
301.208
301.121
301.038
300.959
300.885
300.814
300.748
300.685
300.626
300.57
300.518
300.47
300.425
300.383
300.344
300.309
300.276
300.246
300.219
300.195
300.173
300.154
300.137
300.122
300.11
300.101
300.094
300.091
305.143
304.857
304.565
304.285
304.022
303.78
303.556
303.35
303.158
302.978
302.809
302.649
302.498
302.354
302.216
302.085
301.959
301.839
301.724
301.614
301.509
301.408
301.312
301.22
301.132
301.049
300.969
300.894
300.823
300.755
300.692
300.632
300.576
300.523
300.475
300.429
300.387
300.348
300.312
300.279
300.249
300.221
300.197
300.175
300.155
300.138
300.123
300.111
300.101
300.095
300.091
305.113
304.844
304.566
304.294
304.037
303.799
303.578
303.372
303.181
303.002
302.833
302.673
302.521
302.376
302.238
302.105
301.979
301.858
301.742
301.631
301.525
301.424
301.326
301.234
301.145
301.061
300.98
300.904
300.832
300.764
300.7
300.639
300.583
300.529
300.48
300.434
300.391
300.351
300.315
300.282
300.251
300.224
300.199
300.176
300.156
300.139
300.124
300.112
300.102
300.095
300.092
305.082
304.83
304.565
304.303
304.053
303.819
303.601
303.398
303.207
303.028
302.859
302.699
302.546
302.401
302.262
302.129
302.002
301.88
301.763
301.651
301.544
301.441
301.343
301.249
301.16
301.074
300.993
300.916
300.843
300.774
300.709
300.648
300.59
300.536
300.486
300.439
300.396
300.356
300.319
300.285
300.254
300.226
300.201
300.178
300.158
300.141
300.125
300.113
300.103
300.096
300.093
305.048
304.813
304.563
304.312
304.07
303.841
303.626
303.425
303.236
303.058
302.889
302.728
302.575
302.429
302.29
302.156
302.028
301.905
301.787
301.674
301.565
301.462
301.362
301.267
301.177
301.09
301.008
300.93
300.855
300.785
300.719
300.657
300.598
300.544
300.493
300.445
300.401
300.36
300.323
300.289
300.257
300.229
300.203
300.18
300.16
300.142
300.127
300.114
300.104
300.097
300.093
305.011
304.794
304.559
304.32
304.086
303.864
303.653
303.455
303.267
303.09
302.921
302.761
302.607
302.461
302.32
302.186
302.056
301.932
301.813
301.699
301.59
301.485
301.384
301.288
301.196
301.108
301.024
300.945
300.869
300.798
300.731
300.667
300.608
300.552
300.5
300.452
300.407
300.366
300.328
300.293
300.261
300.232
300.206
300.183
300.162
300.144
300.128
300.115
300.105
300.098
300.094
304.971
304.772
304.552
304.326
304.102
303.887
303.681
303.486
303.301
303.125
302.957
302.796
302.643
302.496
302.354
302.219
302.089
301.963
301.843
301.728
301.617
301.51
301.408
301.31
301.217
301.128
301.043
300.962
300.885
300.812
300.744
300.679
300.618
300.562
300.509
300.459
300.414
300.371
300.333
300.297
300.265
300.235
300.209
300.185
300.164
300.146
300.13
300.117
300.106
300.099
300.095
304.928
304.745
304.542
304.329
304.116
303.909
303.709
303.518
303.336
303.162
302.995
302.835
302.681
302.533
302.392
302.255
302.124
301.998
301.876
301.759
301.647
301.539
301.435
301.336
301.241
301.15
301.063
300.981
300.902
300.828
300.758
300.692
300.63
300.572
300.518
300.468
300.421
300.378
300.338
300.302
300.269
300.239
300.212
300.188
300.166
300.148
300.131
300.118
300.108
300.1
300.096
304.88
304.715
304.527
304.329
304.128
303.929
303.737
303.551
303.372
303.2
303.034
302.875
302.722
302.574
302.432
302.295
302.163
302.035
301.912
301.794
301.68
301.57
301.465
301.364
301.267
301.175
301.086
301.002
300.922
300.846
300.774
300.707
300.643
300.584
300.528
300.477
300.429
300.385
300.345
300.308
300.274
300.243
300.215
300.191
300.169
300.15
300.133
300.12
300.109
300.101
300.097
304.828
304.679
304.508
304.324
304.136
303.947
303.762
303.582
303.408
303.239
303.076
302.918
302.765
302.618
302.475
302.338
302.205
302.076
301.952
301.832
301.717
301.605
301.498
301.395
301.296
301.202
301.111
301.025
300.943
300.866
300.792
300.723
300.658
300.597
300.54
300.487
300.438
300.393
300.351
300.313
300.279
300.247
300.219
300.194
300.172
300.152
300.135
300.121
300.11
300.103
300.098
304.771
304.638
304.483
304.315
304.139
303.962
303.785
303.612
303.443
303.278
303.118
302.962
302.81
302.664
302.521
302.383
302.249
302.12
301.995
301.873
301.756
301.643
301.534
301.429
301.328
301.232
301.139
301.051
300.967
300.887
300.812
300.741
300.674
300.611
300.553
300.498
300.448
300.402
300.359
300.32
300.284
300.252
300.223
300.197
300.175
300.155
300.137
300.123
300.112
300.104
300.1
304.709
304.592
304.453
304.299
304.137
303.971
303.805
303.639
303.476
303.316
303.159
303.006
302.856
302.711
302.569
302.431
302.297
302.166
302.04
301.917
301.799
301.684
301.573
301.466
301.363
301.264
301.169
301.079
300.993
300.911
300.833
300.76
300.691
300.627
300.566
300.51
300.459
300.411
300.367
300.327
300.29
300.257
300.228
300.201
300.178
300.157
300.14
300.125
300.114
300.105
300.101
304.643
304.54
304.417
304.278
304.13
303.976
303.819
303.662
303.506
303.352
303.199
303.05
302.903
302.759
302.618
302.48
302.346
302.215
302.088
301.964
301.844
301.727
301.614
301.505
301.4
301.299
301.202
301.109
301.02
300.936
300.856
300.781
300.71
300.643
300.581
300.524
300.47
300.421
300.376
300.334
300.297
300.263
300.232
300.205
300.181
300.16
300.142
300.127
300.115
300.107
300.102
304.573
304.484
304.375
304.251
304.116
303.974
303.829
303.681
303.532
303.384
303.237
303.092
302.948
302.806
302.667
302.53
302.396
302.265
302.137
302.012
301.891
301.772
301.658
301.547
301.439
301.336
301.236
301.141
301.05
300.963
300.881
300.803
300.73
300.661
300.597
300.538
300.482
300.432
300.385
300.342
300.304
300.269
300.237
300.209
300.185
300.163
300.145
300.129
300.117
300.109
300.104
304.5
304.423
304.328
304.218
304.096
303.967
303.832
303.694
303.554
303.413
303.272
303.131
302.991
302.852
302.715
302.58
302.447
302.316
302.187
302.062
301.939
301.819
301.703
301.59
301.48
301.374
301.272
301.174
301.081
300.992
300.907
300.827
300.751
300.68
300.614
300.552
300.495
300.443
300.395
300.351
300.311
300.275
300.242
300.214
300.188
300.166
300.147
300.131
300.119
300.11
300.105
304.427
304.361
304.278
304.181
304.072
303.955
303.831
303.703
303.571
303.438
303.303
303.167
303.032
302.896
302.762
302.628
302.496
302.366
302.237
302.111
301.987
301.866
301.748
301.633
301.522
301.414
301.309
301.209
301.113
301.021
300.933
300.851
300.773
300.699
300.631
300.567
300.509
300.454
300.405
300.359
300.318
300.281
300.248
300.218
300.192
300.169
300.15
300.133
300.121
300.112
300.107
304.354
304.299
304.227
304.141
304.044
303.938
303.825
303.707
303.584
303.458
303.329
303.199
303.068
302.936
302.805
302.673
302.543
302.413
302.285
302.159
302.035
301.913
301.793
301.676
301.563
301.453
301.346
301.243
301.144
301.05
300.96
300.875
300.795
300.719
300.648
300.583
300.522
300.466
300.414
300.368
300.325
300.287
300.253
300.222
300.195
300.172
300.152
300.136
300.123
300.113
300.108
304.287
304.239
304.177
304.101
304.015
303.919
303.816
303.707
303.592
303.473
303.351
303.226
303.1
302.972
302.843
302.714
302.586
302.457
302.33
302.203
302.079
301.956
301.835
301.717
301.602
301.49
301.381
301.276
301.175
301.078
300.986
300.898
300.816
300.738
300.665
300.597
300.535
300.477
300.424
300.376
300.332
300.293
300.258
300.226
300.199
300.175
300.154
300.138
300.124
300.115
300.11
304.228
304.187
304.132
304.065
303.987
303.9
303.806
303.704
303.596
303.484
303.368
303.248
303.126
303.002
302.876
302.749
302.622
302.495
302.368
302.242
302.117
301.994
301.872
301.753
301.636
301.523
301.412
301.305
301.202
301.104
301.009
300.919
300.835
300.755
300.68
300.611
300.546
300.487
300.433
300.383
300.338
300.298
300.262
300.23
300.202
300.177
300.157
300.139
300.126
300.116
300.111
304.182
304.146
304.097
304.036
303.965
303.885
303.796
303.701
303.599
303.491
303.38
303.264
303.145
303.024
302.9
302.775
302.65
302.524
302.398
302.272
302.147
302.023
301.901
301.781
301.664
301.549
301.437
301.329
301.224
301.124
301.028
300.936
300.85
300.768
300.692
300.621
300.555
300.495
300.439
300.389
300.343
300.302
300.266
300.233
300.204
300.179
300.158
300.141
300.127
300.117
300.112
304.156
304.123
304.076
304.019
303.952
303.875
303.79
303.698
303.599
303.495
303.386
303.273
303.156
303.036
302.914
302.79
302.666
302.54
302.415
302.289
302.164
302.04
301.918
301.798
301.68
301.564
301.452
301.342
301.237
301.136
301.039
300.946
300.859
300.776
300.699
300.627
300.561
300.5
300.444
300.392
300.346
300.305
300.268
300.235
300.206
300.181
300.159
300.141
300.127
300.117
300.112
)
;

boundaryField
{
    inlet
    {
        type            fixedValue;
        value           uniform 300;
    }
    outlet
    {
        type            zeroGradient;
    }
    top
    {
        type            zeroGradient;
    }
    slip-bottom
    {
        type            zeroGradient;
    }
    bottom
    {
        type            zeroGradient;
    }
    interface
    {
        type            fixedGradient;
        gradient        nonuniform List<scalar> 
161
(
68.0024
68.0024
46.2185
46.2185
46.2185
46.2185
34.3087
34.3087
34.3087
34.3087
29.4876
29.4876
29.4876
28.6902
28.6902
28.6902
28.6902
26.0856
26.0856
26.0856
25.218
25.218
25.218
24.7136
24.7136
24.7136
24.0626
24.0626
24.0626
23.4754
23.4754
23.4754
22.9305
22.9305
22.9305
22.3926
22.3926
22.3926
21.8792
21.8792
21.8792
20.8408
20.8408
21.5904
21.5904
21.5904
20.552
20.552
21.0363
21.0363
21.0363
20.0051
20.0051
20.0016
20.0016
20.0016
20.1435
20.1435
20.4923
20.4923
19.2334
19.2334
19.125
19.125
19.1722
19.1722
19.0318
19.0318
19.0318
18.8569
18.8569
18.6849
18.5029
18.5029
18.2775
18.2775
18.0737
18.0737
17.3073
17.3073
18.2766
18.2766
17.8896
17.8896
17.4486
16.6841
16.6841
17.539
17.539
17.1827
16.2095
16.2095
17.0714
16.153
16.153
16.7467
16.7467
15.7989
16.4044
16.4044
15.4974
16.1253
15.2026
15.2026
15.2654
15.9297
15.9297
14.789
15.3504
14.4014
14.4014
14.4183
14.6176
15.03
15.03
13.8317
13.8831
14.0803
14.4417
14.4417
13.2869
13.3129
13.4838
13.4797
13.8351
12.7588
12.7588
12.6677
12.7363
12.6677
12.582
12.4843
12.3785
12.2679
12.1538
12.0379
11.9212
11.8052
11.6912
11.5807
11.4758
11.3783
11.2906
11.2144
11.1521
11.1067
11.0838
11.0937
11.1568
11.2279
11.0713
11.0928
11.4242
11.7124
12.1246
12.6445
14.6617
12.96
15.108
17.2459
24.8589
)
;
    }
    defaultFaces
    {
        type            empty;
    }
}


// ************************************************************************* //
