/*--------------------------------*- C++ -*----------------------------------*\
| =========                 |                                                 |
| \\      /  F ield         | OpenFOAM: The Open Source CFD Toolbox           |
|  \\    /   O peration     | Version:  2106                                  |
|   \\  /    A nd           | Website:  www.openfoam.com                      |
|    \\/     M anipulation  |                                                 |
\*---------------------------------------------------------------------------*/
FoamFile
{
    version     2.0;
    format      ascii;
    arch        "LSB;label=32;scalar=64";
    class       volScalarField;
    location    "4";
    object      T;
}
// * * * * * * * * * * * * * * * * * * * * * * * * * * * * * * * * * * * * * //

dimensions      [0 0 0 1 0 0 0];

internalField   nonuniform List<scalar> 
12013
(
300.003
300.008
300.014
300.02
300.027
300.033
300.04
300.048
300.055
300.063
300.072
300.081
300.09
300.1
300.11
300.12
300.131
300.143
300.155
300.167
300.18
300.194
300.208
300.223
300.238
300.254
300.27
300.287
300.305
300.323
300.342
300.362
300.382
300.403
300.425
300.448
300.471
300.495
300.52
300.545
300.572
300.599
300.627
300.656
300.686
300.716
300.748
300.78
300.814
300.848
300.883
300.92
300.957
300.996
301.036
301.076
301.118
301.162
301.206
301.252
301.299
301.348
301.398
301.449
301.503
301.558
301.615
301.674
301.736
301.799
301.866
301.935
302.007
302.083
302.163
302.249
302.34
302.439
302.548
302.672
302.819
300.003
300.008
300.014
300.02
300.027
300.033
300.04
300.048
300.055
300.063
300.072
300.081
300.09
300.1
300.11
300.12
300.131
300.143
300.155
300.167
300.18
300.194
300.208
300.223
300.238
300.254
300.27
300.287
300.305
300.323
300.342
300.362
300.382
300.403
300.425
300.448
300.471
300.495
300.52
300.545
300.572
300.599
300.627
300.656
300.686
300.716
300.748
300.78
300.814
300.848
300.883
300.92
300.957
300.996
301.035
301.076
301.118
301.161
301.206
301.251
301.299
301.347
301.397
301.449
301.502
301.557
301.614
301.673
301.734
301.798
301.864
301.933
302.005
302.08
302.16
302.244
302.334
302.43
302.535
302.65
302.777
300.003
300.008
300.014
300.02
300.027
300.033
300.04
300.048
300.055
300.063
300.072
300.081
300.09
300.1
300.11
300.12
300.131
300.143
300.155
300.167
300.18
300.194
300.208
300.223
300.238
300.254
300.27
300.287
300.305
300.323
300.342
300.362
300.382
300.403
300.425
300.448
300.471
300.495
300.52
300.545
300.572
300.599
300.627
300.656
300.685
300.716
300.747
300.78
300.813
300.848
300.883
300.919
300.957
300.995
301.035
301.075
301.117
301.16
301.205
301.25
301.297
301.346
301.396
301.447
301.501
301.555
301.612
301.671
301.732
301.795
301.86
301.928
301.999
302.074
302.152
302.234
302.321
302.413
302.511
302.615
302.723
300.003
300.008
300.014
300.02
300.027
300.033
300.04
300.048
300.055
300.063
300.072
300.081
300.09
300.1
300.11
300.12
300.131
300.143
300.155
300.167
300.18
300.194
300.208
300.222
300.238
300.254
300.27
300.287
300.305
300.323
300.342
300.362
300.382
300.403
300.425
300.447
300.471
300.495
300.519
300.545
300.571
300.598
300.626
300.655
300.685
300.716
300.747
300.779
300.813
300.847
300.882
300.919
300.956
300.994
301.034
301.074
301.116
301.159
301.203
301.249
301.296
301.344
301.394
301.445
301.498
301.552
301.609
301.667
301.727
301.789
301.854
301.921
301.991
302.064
302.139
302.219
302.302
302.388
302.478
302.571
302.665
300.003
300.008
300.014
300.02
300.027
300.033
300.04
300.048
300.055
300.063
300.072
300.081
300.09
300.1
300.11
300.12
300.131
300.143
300.155
300.167
300.18
300.194
300.208
300.222
300.238
300.253
300.27
300.287
300.305
300.323
300.342
300.362
300.382
300.403
300.425
300.447
300.47
300.494
300.519
300.545
300.571
300.598
300.626
300.655
300.684
300.715
300.746
300.779
300.812
300.846
300.881
300.918
300.955
300.993
301.032
301.073
301.115
301.157
301.201
301.247
301.293
301.341
301.391
301.441
301.494
301.548
301.604
301.661
301.72
301.782
301.845
301.911
301.979
302.049
302.122
302.198
302.276
302.357
302.44
302.523
302.606
300.003
300.008
300.014
300.02
300.027
300.033
300.04
300.048
300.055
300.063
300.072
300.081
300.09
300.099
300.11
300.12
300.131
300.143
300.154
300.167
300.18
300.194
300.208
300.222
300.238
300.253
300.27
300.287
300.304
300.323
300.342
300.361
300.382
300.403
300.424
300.447
300.47
300.494
300.519
300.544
300.57
300.597
300.625
300.654
300.684
300.714
300.745
300.778
300.811
300.845
300.88
300.916
300.953
300.991
301.031
301.071
301.112
301.155
301.199
301.244
301.29
301.337
301.386
301.437
301.488
301.542
301.597
301.653
301.712
301.772
301.834
301.897
301.963
302.031
302.101
302.173
302.246
302.321
302.396
302.472
302.546
300.003
300.008
300.014
300.02
300.027
300.033
300.04
300.048
300.055
300.063
300.072
300.081
300.09
300.099
300.109
300.12
300.131
300.142
300.154
300.167
300.18
300.193
300.207
300.222
300.237
300.253
300.27
300.287
300.304
300.323
300.341
300.361
300.381
300.402
300.424
300.446
300.47
300.493
300.518
300.544
300.57
300.597
300.625
300.653
300.683
300.713
300.744
300.776
300.809
300.843
300.878
300.914
300.951
300.989
301.028
301.068
301.109
301.151
301.195
301.239
301.285
301.332
301.381
301.43
301.481
301.534
301.588
301.643
301.7
301.759
301.819
301.881
301.944
302.009
302.075
302.143
302.211
302.28
302.35
302.419
302.486
300.003
300.008
300.014
300.02
300.027
300.033
300.04
300.048
300.055
300.063
300.072
300.081
300.09
300.099
300.109
300.12
300.131
300.142
300.154
300.167
300.18
300.193
300.207
300.222
300.237
300.253
300.269
300.286
300.304
300.322
300.341
300.361
300.381
300.402
300.424
300.446
300.469
300.493
300.517
300.543
300.569
300.596
300.623
300.652
300.681
300.712
300.743
300.775
300.808
300.841
300.876
300.912
300.949
300.986
301.025
301.065
301.105
301.147
301.19
301.234
301.279
301.326
301.374
301.422
301.473
301.524
301.577
301.631
301.686
301.743
301.801
301.86
301.921
301.983
302.045
302.109
302.173
302.237
302.301
302.364
302.425
300.003
300.008
300.014
300.02
300.027
300.033
300.04
300.048
300.055
300.063
300.072
300.08
300.09
300.099
300.109
300.12
300.131
300.142
300.154
300.167
300.18
300.193
300.207
300.222
300.237
300.253
300.269
300.286
300.304
300.322
300.341
300.36
300.38
300.401
300.423
300.445
300.468
300.492
300.516
300.542
300.568
300.595
300.622
300.651
300.68
300.71
300.741
300.773
300.805
300.839
300.873
300.909
300.945
300.983
301.021
301.06
301.101
301.142
301.184
301.228
301.272
301.318
301.365
301.413
301.462
301.512
301.563
301.616
301.67
301.724
301.78
301.837
301.894
301.953
302.012
302.071
302.131
302.19
302.249
302.307
302.364
300.003
300.008
300.014
300.02
300.027
300.033
300.04
300.048
300.055
300.063
300.072
300.08
300.09
300.099
300.109
300.12
300.131
300.142
300.154
300.166
300.179
300.193
300.207
300.221
300.236
300.252
300.269
300.285
300.303
300.321
300.34
300.36
300.38
300.4
300.422
300.444
300.467
300.491
300.515
300.54
300.566
300.593
300.62
300.649
300.678
300.708
300.738
300.77
300.802
300.836
300.87
300.905
300.941
300.978
301.016
301.055
301.095
301.135
301.177
301.22
301.264
301.308
301.354
301.401
301.449
301.498
301.547
301.598
301.65
301.703
301.756
301.81
301.865
301.92
301.975
302.031
302.086
302.142
302.196
302.25
302.303
300.003
300.008
300.014
300.02
300.027
300.033
300.04
300.047
300.055
300.063
300.071
300.08
300.089
300.099
300.109
300.119
300.13
300.142
300.154
300.166
300.179
300.192
300.206
300.221
300.236
300.252
300.268
300.285
300.302
300.321
300.339
300.359
300.379
300.4
300.421
300.443
300.466
300.489
300.514
300.539
300.565
300.591
300.618
300.646
300.675
300.705
300.736
300.767
300.799
300.832
300.866
300.901
300.936
300.973
301.01
301.048
301.087
301.128
301.169
301.21
301.253
301.297
301.342
301.387
301.434
301.481
301.529
301.578
301.628
301.678
301.729
301.78
301.832
301.884
301.936
301.988
302.04
302.091
302.142
302.191
302.24
300.003
300.008
300.014
300.02
300.027
300.033
300.04
300.047
300.055
300.063
300.071
300.08
300.089
300.099
300.109
300.119
300.13
300.142
300.153
300.166
300.179
300.192
300.206
300.22
300.236
300.251
300.267
300.284
300.302
300.32
300.338
300.358
300.378
300.398
300.42
300.442
300.464
300.488
300.512
300.537
300.562
300.589
300.616
300.644
300.672
300.702
300.732
300.763
300.795
300.827
300.861
300.895
300.93
300.966
301.003
301.04
301.079
301.118
301.158
301.199
301.241
301.284
301.327
301.371
301.416
301.462
301.508
301.555
301.602
301.65
301.699
301.747
301.796
301.845
301.894
301.942
301.991
302.038
302.085
302.132
302.177
300.003
300.008
300.014
300.02
300.026
300.033
300.04
300.047
300.055
300.063
300.071
300.08
300.089
300.099
300.109
300.119
300.13
300.141
300.153
300.165
300.178
300.192
300.205
300.22
300.235
300.25
300.267
300.283
300.301
300.319
300.337
300.357
300.376
300.397
300.418
300.44
300.463
300.486
300.51
300.535
300.56
300.586
300.613
300.64
300.669
300.698
300.728
300.758
300.79
300.822
300.855
300.889
300.923
300.958
300.994
301.031
301.069
301.107
301.147
301.186
301.227
301.268
301.31
301.353
301.396
301.44
301.484
301.529
301.574
301.62
301.666
301.712
301.757
301.803
301.849
301.895
301.94
301.984
302.028
302.071
302.113
300.003
300.008
300.014
300.02
300.026
300.033
300.04
300.047
300.055
300.063
300.071
300.08
300.089
300.098
300.108
300.119
300.129
300.141
300.153
300.165
300.178
300.191
300.205
300.219
300.234
300.25
300.266
300.282
300.3
300.318
300.336
300.355
300.375
300.395
300.416
300.438
300.46
300.484
300.507
300.532
300.557
300.583
300.609
300.637
300.665
300.693
300.723
300.753
300.784
300.816
300.848
300.881
300.915
300.949
300.985
301.021
301.057
301.095
301.133
301.172
301.211
301.251
301.291
301.332
301.374
301.416
301.458
301.501
301.544
301.587
301.63
301.673
301.717
301.76
301.802
301.845
301.887
301.928
301.969
302.01
302.049
300.003
300.008
300.014
300.02
300.026
300.033
300.04
300.047
300.055
300.063
300.071
300.079
300.089
300.098
300.108
300.118
300.129
300.14
300.152
300.164
300.177
300.19
300.204
300.218
300.233
300.249
300.265
300.281
300.298
300.316
300.334
300.353
300.373
300.393
300.414
300.436
300.458
300.481
300.504
300.528
300.553
300.579
300.605
300.632
300.66
300.688
300.717
300.747
300.777
300.808
300.84
300.872
300.905
300.939
300.973
301.008
301.044
301.08
301.117
301.155
301.193
301.231
301.27
301.309
301.349
301.389
301.429
301.47
301.511
301.551
301.592
301.633
301.673
301.714
301.754
301.793
301.833
301.871
301.91
301.947
301.984
300.003
300.008
300.014
300.02
300.026
300.033
300.04
300.047
300.054
300.062
300.071
300.079
300.088
300.098
300.108
300.118
300.129
300.14
300.151
300.164
300.176
300.189
300.203
300.217
300.232
300.247
300.263
300.28
300.297
300.314
300.333
300.351
300.371
300.391
300.412
300.433
300.455
300.477
300.501
300.525
300.549
300.574
300.6
300.627
300.654
300.682
300.71
300.739
300.769
300.799
300.83
300.862
300.894
300.927
300.961
300.995
301.029
301.064
301.1
301.136
301.172
301.209
301.246
301.284
301.322
301.36
301.398
301.437
301.475
301.513
301.552
301.59
301.628
301.666
301.703
301.74
301.777
301.813
301.849
301.884
301.918
300.003
300.008
300.014
300.02
300.026
300.033
300.04
300.047
300.054
300.062
300.07
300.079
300.088
300.097
300.107
300.117
300.128
300.139
300.151
300.163
300.175
300.188
300.202
300.216
300.231
300.246
300.262
300.278
300.295
300.312
300.331
300.349
300.368
300.388
300.409
300.43
300.451
300.474
300.497
300.52
300.544
300.569
300.594
300.62
300.647
300.674
300.702
300.731
300.76
300.789
300.82
300.85
300.882
300.914
300.946
300.979
301.012
301.046
301.08
301.115
301.15
301.185
301.221
301.256
301.292
301.328
301.365
301.401
301.437
301.473
301.509
301.545
301.581
301.616
301.651
301.686
301.72
301.754
301.787
301.82
301.852
300.003
300.008
300.014
300.02
300.026
300.033
300.039
300.046
300.054
300.062
300.07
300.078
300.087
300.097
300.106
300.117
300.127
300.138
300.15
300.162
300.174
300.187
300.201
300.215
300.229
300.244
300.26
300.276
300.293
300.31
300.328
300.346
300.365
300.385
300.405
300.426
300.447
300.469
300.492
300.515
300.539
300.563
300.588
300.613
300.639
300.666
300.693
300.721
300.749
300.778
300.807
300.837
300.868
300.898
300.93
300.961
300.994
301.026
301.059
301.092
301.125
301.159
301.193
301.227
301.261
301.295
301.329
301.363
301.397
301.431
301.465
301.499
301.532
301.565
301.598
301.63
301.662
301.694
301.725
301.755
301.785
300.003
300.008
300.014
300.02
300.026
300.032
300.039
300.046
300.054
300.061
300.069
300.078
300.087
300.096
300.106
300.116
300.126
300.137
300.149
300.161
300.173
300.186
300.199
300.213
300.228
300.243
300.258
300.274
300.29
300.307
300.325
300.343
300.362
300.381
300.401
300.422
300.443
300.464
300.486
300.509
300.532
300.556
300.58
300.605
300.631
300.657
300.683
300.71
300.737
300.765
300.794
300.823
300.852
300.882
300.912
300.942
300.973
301.004
301.035
301.067
301.098
301.13
301.162
301.195
301.227
301.259
301.291
301.323
301.355
301.387
301.419
301.45
301.481
301.512
301.543
301.573
301.603
301.632
301.661
301.69
301.718
300.003
300.008
300.014
300.02
300.026
300.032
300.039
300.046
300.053
300.061
300.069
300.077
300.086
300.095
300.105
300.115
300.125
300.136
300.148
300.159
300.172
300.184
300.198
300.211
300.226
300.24
300.256
300.271
300.288
300.304
300.322
300.34
300.358
300.377
300.396
300.417
300.437
300.458
300.48
300.502
300.525
300.548
300.572
300.596
300.621
300.646
300.671
300.698
300.724
300.751
300.779
300.806
300.835
300.863
300.892
300.921
300.95
300.98
301.01
301.04
301.07
301.1
301.13
301.161
301.191
301.221
301.252
301.282
301.312
301.342
301.371
301.401
301.43
301.459
301.487
301.515
301.543
301.571
301.598
301.624
301.65
300.003
300.008
300.014
300.019
300.025
300.032
300.039
300.046
300.053
300.06
300.068
300.077
300.086
300.095
300.104
300.114
300.124
300.135
300.146
300.158
300.17
300.183
300.196
300.209
300.223
300.238
300.253
300.268
300.284
300.301
300.318
300.335
300.354
300.372
300.391
300.411
300.431
300.452
300.473
300.494
300.516
300.539
300.562
300.586
300.609
300.634
300.659
300.684
300.71
300.735
300.762
300.788
300.815
300.843
300.87
300.898
300.926
300.954
300.982
301.011
301.039
301.068
301.096
301.125
301.153
301.182
301.21
301.238
301.267
301.294
301.322
301.35
301.377
301.404
301.43
301.457
301.482
301.508
301.533
301.558
301.582
300.003
300.008
300.013
300.019
300.025
300.032
300.038
300.045
300.052
300.06
300.068
300.076
300.085
300.094
300.103
300.113
300.123
300.134
300.145
300.156
300.168
300.181
300.193
300.207
300.221
300.235
300.25
300.265
300.281
300.297
300.313
300.331
300.348
300.367
300.385
300.404
300.424
300.444
300.465
300.486
300.507
300.529
300.551
300.574
300.597
300.621
300.644
300.669
300.693
300.718
300.743
300.769
300.795
300.821
300.847
300.873
300.9
300.926
300.953
300.98
301.007
301.034
301.06
301.087
301.114
301.141
301.167
301.194
301.22
301.246
301.272
301.297
301.323
301.348
301.373
301.397
301.421
301.445
301.468
301.492
301.514
300.003
300.008
300.013
300.019
300.025
300.031
300.038
300.045
300.052
300.059
300.067
300.075
300.084
300.093
300.102
300.112
300.122
300.132
300.143
300.154
300.166
300.178
300.191
300.204
300.218
300.232
300.246
300.261
300.276
300.292
300.309
300.325
300.343
300.36
300.378
300.397
300.416
300.436
300.455
300.476
300.497
300.518
300.539
300.561
300.583
300.606
300.629
300.652
300.676
300.699
300.724
300.748
300.772
300.797
300.822
300.847
300.872
300.897
300.922
300.947
300.973
300.998
301.023
301.048
301.073
301.098
301.123
301.148
301.172
301.196
301.22
301.244
301.268
301.291
301.314
301.337
301.359
301.382
301.403
301.425
301.446
300.003
300.008
300.013
300.019
300.025
300.031
300.037
300.044
300.051
300.059
300.066
300.074
300.083
300.091
300.101
300.11
300.12
300.13
300.141
300.152
300.164
300.176
300.188
300.201
300.214
300.228
300.242
300.257
300.272
300.287
300.303
300.319
300.336
300.353
300.371
300.389
300.407
300.426
300.445
300.465
300.485
300.505
300.526
300.547
300.568
300.59
300.612
300.634
300.657
300.679
300.702
300.725
300.748
300.772
300.795
300.819
300.842
300.866
300.89
300.913
300.937
300.961
300.984
301.008
301.031
301.054
301.078
301.1
301.123
301.146
301.168
301.19
301.212
301.234
301.255
301.277
301.297
301.318
301.338
301.358
301.378
300.003
300.008
300.013
300.019
300.024
300.03
300.037
300.043
300.05
300.058
300.065
300.073
300.081
300.09
300.099
300.108
300.118
300.128
300.139
300.15
300.161
300.173
300.185
300.197
300.21
300.224
300.237
300.252
300.266
300.281
300.297
300.313
300.329
300.345
300.362
300.38
300.398
300.416
300.434
300.453
300.472
300.492
300.512
300.532
300.552
300.573
300.594
300.615
300.636
300.658
300.679
300.701
300.723
300.745
300.767
300.789
300.811
300.833
300.856
300.878
300.9
300.922
300.944
300.966
300.988
301.01
301.031
301.052
301.074
301.095
301.115
301.136
301.156
301.176
301.196
301.216
301.235
301.254
301.273
301.292
301.31
300.002
300.008
300.013
300.018
300.024
300.03
300.036
300.043
300.05
300.057
300.064
300.072
300.08
300.089
300.097
300.106
300.116
300.126
300.136
300.147
300.158
300.169
300.181
300.193
300.206
300.219
300.232
300.246
300.26
300.275
300.29
300.305
300.321
300.337
300.353
300.37
300.387
300.405
300.422
300.44
300.459
300.477
300.496
300.515
300.535
300.554
300.574
300.594
300.614
300.634
300.655
300.675
300.696
300.717
300.737
300.758
300.779
300.8
300.821
300.841
300.862
300.883
300.903
300.923
300.944
300.964
300.984
301.004
301.023
301.043
301.062
301.081
301.1
301.119
301.137
301.155
301.173
301.191
301.208
301.225
301.242
300.002
300.007
300.013
300.018
300.024
300.029
300.036
300.042
300.049
300.056
300.063
300.071
300.079
300.087
300.095
300.104
300.114
300.123
300.133
300.144
300.154
300.166
300.177
300.189
300.201
300.214
300.227
300.24
300.254
300.268
300.282
300.297
300.312
300.327
300.343
300.359
300.376
300.392
300.409
300.426
300.444
300.462
300.48
300.498
300.516
300.535
300.553
300.572
300.591
300.61
300.629
300.649
300.668
300.687
300.707
300.726
300.746
300.765
300.784
300.804
300.823
300.842
300.861
300.88
300.899
300.917
300.936
300.954
300.973
300.991
301.008
301.026
301.044
301.061
301.078
301.095
301.111
301.128
301.144
301.16
301.175
300.002
300.007
300.012
300.018
300.023
300.029
300.035
300.041
300.048
300.055
300.062
300.069
300.077
300.085
300.093
300.102
300.111
300.12
300.13
300.14
300.151
300.161
300.173
300.184
300.196
300.208
300.22
300.233
300.247
300.26
300.274
300.288
300.302
300.317
300.332
300.348
300.363
300.379
300.395
300.412
300.428
300.445
300.462
300.479
300.496
300.514
300.531
300.549
300.567
300.585
300.603
300.621
300.639
300.657
300.675
300.693
300.711
300.729
300.747
300.765
300.783
300.801
300.818
300.836
300.853
300.871
300.888
300.905
300.922
300.938
300.955
300.971
300.987
301.003
301.019
301.034
301.05
301.065
301.08
301.094
301.109
300.002
300.007
300.012
300.017
300.023
300.028
300.034
300.04
300.047
300.053
300.06
300.067
300.075
300.083
300.091
300.099
300.108
300.117
300.127
300.136
300.146
300.157
300.168
300.179
300.19
300.202
300.214
300.226
300.239
300.252
300.265
300.278
300.292
300.306
300.321
300.335
300.35
300.365
300.38
300.396
300.411
300.427
300.443
300.459
300.476
300.492
300.509
300.525
300.542
300.559
300.575
300.592
300.609
300.626
300.643
300.66
300.676
300.693
300.71
300.726
300.743
300.759
300.776
300.792
300.808
300.824
300.84
300.855
300.871
300.886
300.901
300.916
300.931
300.946
300.96
300.975
300.989
301.003
301.016
301.03
301.043
300.002
300.007
300.012
300.017
300.022
300.027
300.033
300.039
300.045
300.052
300.059
300.066
300.073
300.08
300.088
300.097
300.105
300.114
300.123
300.132
300.142
300.152
300.162
300.173
300.184
300.195
300.207
300.218
300.23
300.243
300.255
300.268
300.281
300.295
300.308
300.322
300.336
300.35
300.365
300.379
300.394
300.409
300.424
300.439
300.454
300.47
300.485
300.5
300.516
300.532
300.547
300.563
300.578
300.594
300.61
300.625
300.641
300.656
300.672
300.687
300.702
300.717
300.732
300.747
300.762
300.777
300.792
300.806
300.82
300.834
300.848
300.862
300.876
300.889
300.903
300.916
300.929
300.942
300.954
300.967
300.979
300.002
300.007
300.011
300.016
300.021
300.027
300.032
300.038
300.044
300.05
300.057
300.064
300.071
300.078
300.086
300.093
300.102
300.11
300.119
300.128
300.137
300.147
300.157
300.167
300.177
300.188
300.199
300.21
300.222
300.233
300.245
300.257
300.27
300.282
300.295
300.308
300.321
300.335
300.348
300.362
300.376
300.39
300.404
300.418
300.432
300.446
300.461
300.475
300.49
300.504
300.519
300.533
300.548
300.562
300.576
300.591
300.605
300.619
300.634
300.648
300.662
300.676
300.69
300.703
300.717
300.731
300.744
300.757
300.77
300.783
300.796
300.809
300.821
300.834
300.846
300.858
300.87
300.882
300.893
300.905
300.916
300.002
300.006
300.011
300.016
300.021
300.026
300.031
300.037
300.043
300.049
300.055
300.061
300.068
300.075
300.083
300.09
300.098
300.106
300.115
300.123
300.132
300.141
300.151
300.16
300.17
300.18
300.191
300.201
300.212
300.223
300.235
300.246
300.258
300.27
300.282
300.294
300.306
300.319
300.332
300.344
300.357
300.37
300.383
300.397
300.41
300.423
300.436
300.45
300.463
300.477
300.49
300.503
300.517
300.53
300.543
300.557
300.57
300.583
300.596
300.609
300.622
300.635
300.647
300.66
300.672
300.685
300.697
300.709
300.721
300.733
300.745
300.757
300.768
300.779
300.791
300.802
300.813
300.823
300.834
300.844
300.855
300.002
300.006
300.011
300.015
300.02
300.025
300.03
300.035
300.041
300.047
300.053
300.059
300.066
300.073
300.08
300.087
300.094
300.102
300.11
300.118
300.127
300.135
300.144
300.154
300.163
300.173
300.182
300.193
300.203
300.213
300.224
300.235
300.246
300.257
300.268
300.28
300.291
300.303
300.315
300.327
300.339
300.351
300.363
300.375
300.387
300.4
300.412
300.424
300.437
300.449
300.461
300.474
300.486
300.498
300.51
300.523
300.535
300.547
300.559
300.571
300.583
300.594
300.606
300.618
300.629
300.64
300.652
300.663
300.674
300.685
300.695
300.706
300.716
300.727
300.737
300.747
300.757
300.767
300.777
300.786
300.796
300.002
300.006
300.01
300.015
300.019
300.024
300.029
300.034
300.039
300.045
300.051
300.057
300.063
300.07
300.076
300.083
300.09
300.098
300.105
300.113
300.121
300.13
300.138
300.147
300.156
300.165
300.174
300.183
300.193
300.203
300.213
300.223
300.233
300.244
300.254
300.265
300.276
300.287
300.298
300.309
300.32
300.331
300.342
300.354
300.365
300.376
300.388
300.399
300.411
300.422
300.433
300.445
300.456
300.467
300.479
300.49
300.501
300.512
300.523
300.534
300.545
300.555
300.566
300.577
300.587
300.597
300.608
300.618
300.628
300.638
300.648
300.657
300.667
300.676
300.686
300.695
300.704
300.713
300.722
300.731
300.739
300.002
300.006
300.01
300.014
300.018
300.023
300.028
300.033
300.038
300.043
300.049
300.055
300.061
300.067
300.073
300.08
300.086
300.093
300.101
300.108
300.116
300.124
300.132
300.14
300.148
300.157
300.165
300.174
300.183
300.193
300.202
300.212
300.221
300.231
300.241
300.251
300.261
300.271
300.281
300.291
300.302
300.312
300.322
300.333
300.343
300.354
300.364
300.375
300.385
300.396
300.406
300.417
300.427
300.437
300.448
300.458
300.468
300.478
300.488
300.498
300.508
300.518
300.528
300.538
300.547
300.557
300.566
300.575
300.585
300.594
300.603
300.611
300.62
300.629
300.637
300.646
300.654
300.662
300.67
300.678
300.686
300.002
300.006
300.009
300.013
300.018
300.022
300.027
300.031
300.036
300.041
300.047
300.052
300.058
300.064
300.07
300.076
300.083
300.089
300.096
300.103
300.11
300.118
300.125
300.133
300.141
300.149
300.157
300.166
300.174
300.183
300.191
300.2
300.209
300.218
300.228
300.237
300.246
300.256
300.265
300.275
300.284
300.294
300.303
300.313
300.323
300.332
300.342
300.352
300.362
300.371
300.381
300.39
300.4
300.409
300.419
300.428
300.438
300.447
300.456
300.465
300.474
300.483
300.492
300.501
300.51
300.519
300.527
300.536
300.544
300.552
300.561
300.569
300.577
300.585
300.592
300.6
300.608
300.615
300.622
300.63
300.637
300.002
300.005
300.009
300.013
300.017
300.021
300.026
300.03
300.035
300.04
300.045
300.05
300.055
300.061
300.067
300.073
300.079
300.085
300.092
300.098
300.105
300.112
300.119
300.127
300.134
300.142
300.149
300.157
300.165
300.173
300.182
300.19
300.198
300.207
300.215
300.224
300.233
300.241
300.25
300.259
300.268
300.277
300.286
300.295
300.304
300.313
300.322
300.331
300.34
300.348
300.357
300.366
300.375
300.384
300.392
300.401
300.41
300.418
300.427
300.435
300.444
300.452
300.46
300.468
300.476
300.484
300.492
300.5
300.507
300.515
300.523
300.53
300.537
300.545
300.552
300.559
300.566
300.572
300.579
300.586
300.592
300.002
300.005
300.009
300.012
300.016
300.02
300.025
300.029
300.033
300.038
300.043
300.048
300.053
300.059
300.064
300.07
300.076
300.082
300.088
300.094
300.101
300.107
300.114
300.121
300.128
300.135
300.142
300.15
300.157
300.165
300.173
300.181
300.188
300.196
300.204
300.212
300.221
300.229
300.237
300.245
300.254
300.262
300.27
300.279
300.287
300.295
300.304
300.312
300.32
300.328
300.337
300.345
300.353
300.361
300.369
300.377
300.385
300.393
300.401
300.409
300.416
300.424
300.432
300.439
300.447
300.454
300.461
300.468
300.475
300.482
300.489
300.496
300.503
300.51
300.516
300.523
300.529
300.535
300.542
300.548
300.554
300.002
300.005
300.008
300.012
300.016
300.02
300.024
300.028
300.032
300.037
300.041
300.046
300.051
300.056
300.062
300.067
300.073
300.079
300.084
300.09
300.097
300.103
300.109
300.116
300.123
300.13
300.137
300.144
300.151
300.158
300.165
300.173
300.18
300.188
300.195
300.203
300.211
300.218
300.226
300.234
300.242
300.25
300.257
300.265
300.273
300.281
300.289
300.296
300.304
300.312
300.32
300.327
300.335
300.343
300.35
300.358
300.365
300.372
300.38
300.387
300.394
300.401
300.408
300.415
300.422
300.429
300.436
300.443
300.449
300.456
300.462
300.469
300.475
300.481
300.487
300.493
300.499
300.505
300.511
300.517
300.522
300.002
300.005
300.008
300.012
300.015
300.019
300.023
300.027
300.031
300.036
300.04
300.045
300.05
300.055
300.06
300.065
300.071
300.076
300.082
300.088
300.094
300.1
300.106
300.112
300.119
300.125
300.132
300.139
300.146
300.153
300.16
300.167
300.174
300.181
300.188
300.196
300.203
300.211
300.218
300.225
300.233
300.24
300.248
300.255
300.263
300.27
300.278
300.285
300.292
300.3
300.307
300.315
300.322
300.329
300.336
300.343
300.35
300.357
300.364
300.371
300.378
300.385
300.392
300.398
300.405
300.411
300.418
300.424
300.43
300.436
300.442
300.449
300.454
300.46
300.466
300.472
300.478
300.483
300.489
300.494
300.499
300.002
300.005
300.008
300.011
300.015
300.019
300.023
300.027
300.031
300.035
300.04
300.044
300.049
300.054
300.059
300.064
300.069
300.075
300.081
300.086
300.092
300.098
300.104
300.11
300.117
300.123
300.13
300.136
300.143
300.15
300.157
300.164
300.171
300.178
300.185
300.192
300.199
300.206
300.213
300.221
300.228
300.235
300.243
300.25
300.257
300.264
300.272
300.279
300.286
300.293
300.3
300.307
300.314
300.321
300.328
300.335
300.342
300.349
300.356
300.362
300.369
300.376
300.382
300.389
300.395
300.401
300.408
300.414
300.42
300.426
300.432
300.438
300.443
300.449
300.455
300.46
300.466
300.471
300.476
300.482
300.487
303.014
303.143
303.221
303.293
303.356
303.408
303.443
303.483
303.522
303.559
303.59
303.625
303.659
303.693
303.727
303.76
303.791
303.818
303.847
303.877
303.906
303.935
303.964
303.993
304.022
304.05
304.077
304.105
304.132
304.159
304.185
304.212
304.237
304.263
304.289
304.313
304.338
304.363
304.387
304.411
304.435
304.458
304.483
304.509
304.534
304.558
304.58
304.604
304.629
304.653
304.676
304.697
304.72
304.743
304.766
304.79
304.814
304.838
304.861
304.883
304.902
304.922
304.943
304.965
304.987
305.009
305.03
305.052
305.073
305.093
305.114
305.134
305.153
305.173
305.192
305.212
305.23
305.249
305.267
305.286
305.308
305.328
305.346
305.363
305.379
305.394
305.411
305.431
305.448
305.463
305.477
305.493
305.511
305.526
305.542
305.559
305.575
305.588
305.603
305.618
305.63
305.644
305.655
305.669
305.682
305.697
305.709
305.719
305.73
305.74
305.75
305.762
305.773
305.785
305.794
305.802
305.81
305.82
305.828
305.836
305.841
305.848
305.854
305.86
305.865
305.869
305.872
305.875
305.878
305.88
305.88
305.88
305.879
305.877
305.873
305.868
305.863
305.855
305.847
305.837
305.825
305.812
305.797
305.78
305.761
305.74
305.717
305.691
305.661
305.627
305.586
305.544
305.502
305.454
305.4
305.339
305.273
305.161
305.059
304.929
304.76
302.913
303.027
303.115
303.191
303.256
303.311
303.357
303.401
303.442
303.482
303.518
303.554
303.59
303.625
303.659
303.692
303.724
303.755
303.785
303.815
303.845
303.875
303.905
303.934
303.963
303.992
304.02
304.048
304.075
304.102
304.129
304.156
304.182
304.208
304.234
304.26
304.285
304.31
304.335
304.359
304.384
304.408
304.432
304.458
304.483
304.507
304.531
304.555
304.579
304.603
304.626
304.649
304.672
304.695
304.719
304.742
304.766
304.79
304.813
304.835
304.855
304.876
304.898
304.919
304.941
304.963
304.985
305.006
305.027
305.048
305.069
305.089
305.109
305.129
305.148
305.168
305.187
305.206
305.224
305.244
305.265
305.284
305.302
305.32
305.336
305.353
305.37
305.389
305.406
305.422
305.437
305.453
305.47
305.485
305.501
305.518
305.534
305.548
305.563
305.577
305.59
305.604
305.616
305.629
305.643
305.657
305.669
305.68
305.691
305.701
305.712
305.723
305.735
305.746
305.755
305.764
305.772
305.781
305.79
305.798
305.804
305.81
305.817
305.822
305.827
305.831
305.835
305.838
305.841
305.842
305.843
305.843
305.842
305.839
305.836
305.831
305.825
305.818
305.81
305.8
305.788
305.775
305.76
305.743
305.724
305.703
305.679
305.653
305.623
305.589
305.548
305.506
305.463
305.414
305.359
305.296
305.225
305.117
305.009
304.873
304.687
302.831
302.931
303.017
303.092
303.158
303.217
303.268
303.315
303.36
303.401
303.441
303.479
303.516
303.552
303.588
303.622
303.655
303.687
303.719
303.75
303.78
303.811
303.841
303.871
303.901
303.93
303.959
303.987
304.015
304.043
304.07
304.097
304.124
304.15
304.177
304.203
304.228
304.254
304.279
304.304
304.329
304.353
304.378
304.404
304.429
304.453
304.478
304.502
304.526
304.55
304.574
304.597
304.62
304.644
304.668
304.691
304.715
304.739
304.762
304.784
304.805
304.827
304.848
304.87
304.892
304.914
304.936
304.958
304.979
305
305.021
305.041
305.062
305.082
305.101
305.121
305.14
305.16
305.179
305.198
305.218
305.238
305.256
305.274
305.291
305.308
305.326
305.344
305.361
305.377
305.393
305.409
305.426
305.442
305.458
305.474
305.49
305.505
305.52
305.534
305.547
305.561
305.574
305.587
305.601
305.614
305.627
305.638
305.649
305.66
305.671
305.682
305.694
305.704
305.714
305.723
305.732
305.741
305.749
305.757
305.763
305.77
305.776
305.782
305.787
305.791
305.795
305.798
305.801
305.802
305.803
305.803
305.802
305.8
305.796
305.792
305.786
305.779
305.77
305.76
305.749
305.736
305.721
305.704
305.685
305.663
305.64
305.613
305.583
305.548
305.508
305.466
305.421
305.371
305.315
305.25
305.175
305.069
304.956
304.815
304.618
302.757
302.845
302.926
302.999
303.065
303.124
303.178
303.228
303.275
303.319
303.36
303.4
303.439
303.477
303.513
303.548
303.582
303.616
303.648
303.68
303.712
303.743
303.774
303.805
303.835
303.864
303.894
303.923
303.951
303.979
304.007
304.035
304.062
304.089
304.116
304.142
304.168
304.194
304.219
304.245
304.27
304.295
304.321
304.346
304.371
304.396
304.421
304.445
304.47
304.494
304.518
304.542
304.566
304.589
304.613
304.637
304.661
304.684
304.708
304.73
304.752
304.774
304.796
304.818
304.84
304.862
304.884
304.906
304.928
304.949
304.97
304.991
305.011
305.031
305.051
305.071
305.091
305.11
305.13
305.149
305.169
305.189
305.208
305.226
305.243
305.26
305.278
305.296
305.313
305.33
305.346
305.363
305.379
305.395
305.412
305.428
305.444
305.459
305.474
305.488
305.502
305.516
305.529
305.542
305.556
305.569
305.582
305.594
305.605
305.616
305.627
305.638
305.65
305.661
305.67
305.68
305.689
305.698
305.706
305.714
305.721
305.727
305.734
305.739
305.745
305.749
305.753
305.756
305.758
305.76
305.761
305.761
305.76
305.758
305.754
305.75
305.744
305.737
305.728
305.718
305.707
305.694
305.679
305.662
305.643
305.621
305.597
305.57
305.54
305.505
305.465
305.422
305.377
305.326
305.268
305.202
305.123
305.018
304.902
304.755
304.553
302.687
302.766
302.841
302.91
302.975
303.034
303.089
303.14
303.189
303.234
303.277
303.319
303.359
303.397
303.435
303.471
303.506
303.541
303.574
303.607
303.64
303.672
303.703
303.734
303.765
303.795
303.825
303.854
303.884
303.912
303.941
303.969
303.996
304.024
304.051
304.078
304.104
304.13
304.157
304.182
304.208
304.234
304.259
304.285
304.31
304.336
304.361
304.385
304.41
304.435
304.459
304.483
304.507
304.531
304.555
304.579
304.603
304.627
304.65
304.673
304.696
304.718
304.74
304.763
304.785
304.807
304.829
304.851
304.873
304.894
304.916
304.936
304.957
304.978
304.998
305.018
305.038
305.058
305.077
305.097
305.117
305.137
305.156
305.174
305.192
305.21
305.227
305.245
305.263
305.28
305.296
305.313
305.33
305.346
305.362
305.379
305.394
305.41
305.425
305.439
305.454
305.467
305.481
305.495
305.508
305.522
305.534
305.546
305.558
305.569
305.58
305.592
305.603
305.614
305.624
305.633
305.642
305.651
305.66
305.668
305.675
305.682
305.688
305.694
305.699
305.703
305.707
305.711
305.713
305.715
305.716
305.716
305.715
305.713
305.709
305.705
305.699
305.692
305.684
305.674
305.662
305.649
305.634
305.617
305.598
305.576
305.552
305.525
305.494
305.46
305.42
305.377
305.33
305.278
305.219
305.151
305.07
304.965
304.845
304.695
304.49
302.619
302.691
302.76
302.825
302.887
302.946
303.001
303.052
303.101
303.148
303.192
303.235
303.276
303.315
303.354
303.391
303.427
303.463
303.497
303.531
303.564
303.597
303.629
303.66
303.692
303.722
303.753
303.783
303.812
303.841
303.87
303.899
303.927
303.955
303.982
304.009
304.036
304.063
304.09
304.116
304.142
304.168
304.194
304.22
304.246
304.271
304.297
304.322
304.347
304.372
304.396
304.421
304.445
304.469
304.494
304.518
304.542
304.566
304.589
304.612
304.635
304.658
304.681
304.703
304.726
304.748
304.771
304.793
304.815
304.836
304.858
304.879
304.9
304.921
304.941
304.962
304.982
305.002
305.022
305.042
305.062
305.081
305.1
305.119
305.137
305.155
305.173
305.191
305.209
305.226
305.243
305.26
305.277
305.293
305.31
305.326
305.342
305.357
305.373
305.387
305.402
305.416
305.43
305.444
305.457
305.471
305.483
305.496
305.508
305.519
305.531
305.542
305.553
305.564
305.574
305.584
305.593
305.602
305.611
305.619
305.626
305.633
305.639
305.645
305.651
305.655
305.659
305.662
305.665
305.667
305.668
305.668
305.667
305.665
305.662
305.657
305.652
305.645
305.636
305.626
305.615
305.602
305.587
305.57
305.55
305.529
305.505
305.477
305.446
305.411
305.371
305.328
305.281
305.227
305.167
305.097
305.014
304.909
304.787
304.634
304.43
302.553
302.618
302.682
302.744
302.803
302.859
302.913
302.965
303.014
303.061
303.105
303.149
303.19
303.231
303.27
303.308
303.345
303.381
303.416
303.451
303.485
303.518
303.551
303.583
303.614
303.646
303.677
303.707
303.737
303.767
303.796
303.825
303.854
303.882
303.91
303.938
303.965
303.992
304.019
304.046
304.072
304.099
304.125
304.151
304.177
304.203
304.229
304.254
304.28
304.305
304.33
304.354
304.379
304.404
304.428
304.453
304.477
304.501
304.525
304.548
304.571
304.595
304.617
304.64
304.663
304.686
304.708
304.731
304.753
304.775
304.796
304.818
304.839
304.86
304.881
304.902
304.922
304.942
304.962
304.983
305.003
305.022
305.042
305.06
305.079
305.097
305.116
305.134
305.152
305.169
305.186
305.203
305.22
305.237
305.254
305.27
305.286
305.302
305.317
305.332
305.347
305.361
305.375
305.389
305.403
305.416
305.429
305.442
305.454
305.466
305.477
305.489
305.5
305.511
305.521
305.531
305.541
305.55
305.559
305.567
305.574
305.581
305.588
305.594
305.599
305.604
305.608
305.611
305.614
305.616
305.617
305.617
305.616
305.614
305.611
305.607
305.601
305.594
305.586
305.576
305.565
305.551
305.536
305.519
305.5
305.478
305.454
305.426
305.395
305.36
305.32
305.276
305.228
305.174
305.112
305.041
304.956
304.851
304.727
304.573
304.371
302.486
302.547
302.606
302.664
302.72
302.775
302.827
302.877
302.926
302.973
303.018
303.061
303.103
303.144
303.184
303.222
303.26
303.296
303.332
303.367
303.402
303.436
303.469
303.502
303.534
303.566
303.597
303.628
303.658
303.688
303.718
303.747
303.776
303.805
303.834
303.862
303.89
303.917
303.945
303.972
303.999
304.026
304.052
304.079
304.105
304.131
304.157
304.183
304.208
304.234
304.259
304.284
304.309
304.334
304.359
304.383
304.408
304.432
304.456
304.48
304.504
304.527
304.55
304.573
304.597
304.619
304.642
304.665
304.687
304.709
304.731
304.753
304.774
304.796
304.817
304.838
304.858
304.879
304.899
304.92
304.94
304.96
304.979
304.998
305.017
305.036
305.054
305.073
305.091
305.108
305.126
305.143
305.16
305.177
305.194
305.211
305.227
305.243
305.258
305.273
305.288
305.303
305.317
305.331
305.345
305.359
305.372
305.385
305.397
305.409
305.421
305.433
305.444
305.455
305.465
305.475
305.485
305.494
305.503
305.511
305.519
305.526
305.533
305.539
305.544
305.549
305.553
305.557
305.56
305.561
305.563
305.563
305.562
305.56
305.557
305.553
305.547
305.541
305.532
305.523
305.511
305.498
305.483
305.466
305.447
305.425
305.4
305.372
305.341
305.306
305.266
305.222
305.173
305.118
305.055
304.982
304.895
304.79
304.665
304.511
304.315
302.42
302.476
302.532
302.586
302.639
302.691
302.742
302.791
302.838
302.884
302.929
302.972
303.014
303.055
303.095
303.134
303.172
303.209
303.245
303.281
303.316
303.35
303.384
303.417
303.45
303.482
303.513
303.545
303.576
303.606
303.636
303.666
303.696
303.725
303.754
303.782
303.81
303.838
303.866
303.894
303.921
303.948
303.975
304.002
304.029
304.055
304.081
304.107
304.133
304.159
304.185
304.21
304.235
304.26
304.285
304.31
304.335
304.36
304.384
304.408
304.432
304.456
304.479
304.503
304.526
304.549
304.572
304.595
304.617
304.64
304.662
304.684
304.706
304.727
304.749
304.77
304.791
304.812
304.832
304.853
304.873
304.893
304.913
304.933
304.952
304.971
304.989
305.008
305.026
305.044
305.062
305.079
305.097
305.114
305.131
305.147
305.164
305.18
305.196
305.211
305.226
305.241
305.255
305.27
305.284
305.297
305.311
305.324
305.336
305.349
305.361
305.372
305.384
305.395
305.406
305.416
305.426
305.435
305.444
305.452
305.46
305.467
305.474
305.48
305.486
305.491
305.495
305.499
305.502
305.504
305.505
305.505
305.504
305.503
305.5
305.496
305.49
305.484
305.475
305.466
305.454
305.441
305.426
305.409
305.39
305.368
305.343
305.315
305.284
305.248
305.208
305.164
305.114
305.059
304.995
304.92
304.833
304.728
304.602
304.449
304.259
302.355
302.406
302.458
302.509
302.559
302.609
302.657
302.705
302.751
302.796
302.84
302.883
302.924
302.965
303.005
303.044
303.082
303.119
303.156
303.192
303.227
303.261
303.295
303.329
303.362
303.395
303.427
303.458
303.49
303.52
303.551
303.581
303.611
303.64
303.67
303.698
303.727
303.755
303.784
303.812
303.839
303.867
303.894
303.921
303.948
303.975
304.001
304.028
304.054
304.08
304.106
304.132
304.157
304.183
304.208
304.233
304.258
304.283
304.307
304.332
304.356
304.38
304.404
304.428
304.451
304.475
304.498
304.521
304.544
304.566
304.589
304.611
304.633
304.655
304.677
304.698
304.72
304.741
304.761
304.782
304.803
304.823
304.843
304.863
304.882
304.901
304.92
304.939
304.957
304.976
304.994
305.011
305.029
305.046
305.063
305.08
305.097
305.113
305.129
305.145
305.16
305.175
305.19
305.204
305.219
305.232
305.246
305.259
305.272
305.284
305.297
305.309
305.32
305.331
305.342
305.353
305.363
305.372
305.381
305.39
305.398
305.405
305.412
305.418
305.424
305.429
305.434
305.437
305.44
305.442
305.444
305.444
305.443
305.442
305.439
305.435
305.43
305.423
305.415
305.405
305.394
305.381
305.366
305.349
305.33
305.308
305.283
305.255
305.223
305.188
305.148
305.103
305.053
304.996
304.931
304.856
304.768
304.663
304.538
304.387
304.204
302.288
302.337
302.385
302.433
302.48
302.527
302.574
302.619
302.664
302.708
302.751
302.793
302.834
302.874
302.914
302.952
302.99
303.027
303.064
303.1
303.135
303.17
303.204
303.238
303.271
303.304
303.336
303.368
303.4
303.431
303.462
303.492
303.522
303.552
303.582
303.611
303.64
303.669
303.697
303.725
303.753
303.781
303.809
303.836
303.863
303.891
303.917
303.944
303.971
303.997
304.023
304.049
304.075
304.101
304.126
304.152
304.177
304.202
304.227
304.251
304.276
304.3
304.324
304.348
304.372
304.396
304.419
304.443
304.466
304.489
304.512
304.534
304.556
304.579
304.601
304.622
304.644
304.665
304.686
304.707
304.728
304.748
304.769
304.789
304.808
304.828
304.847
304.866
304.885
304.903
304.921
304.939
304.957
304.975
304.992
305.009
305.026
305.042
305.059
305.074
305.09
305.105
305.12
305.135
305.149
305.163
305.177
305.19
305.204
305.216
305.229
305.241
305.253
305.264
305.275
305.285
305.296
305.305
305.314
305.323
305.331
305.339
305.346
305.352
305.358
305.363
305.368
305.372
305.375
305.377
305.379
305.379
305.379
305.377
305.374
305.37
305.365
305.359
305.351
305.341
305.33
305.317
305.302
305.285
305.266
305.244
305.219
305.191
305.159
305.124
305.084
305.039
304.988
304.931
304.865
304.79
304.701
304.596
304.472
304.325
304.149
302.222
302.267
302.312
302.357
302.402
302.447
302.491
302.534
302.577
302.619
302.661
302.702
302.742
302.782
302.821
302.859
302.897
302.934
302.97
303.006
303.041
303.076
303.111
303.144
303.178
303.211
303.243
303.275
303.307
303.338
303.369
303.4
303.43
303.461
303.49
303.52
303.549
303.578
303.607
303.635
303.664
303.692
303.72
303.747
303.775
303.802
303.829
303.856
303.883
303.91
303.936
303.962
303.989
304.014
304.04
304.066
304.091
304.117
304.142
304.167
304.192
304.216
304.241
304.265
304.289
304.313
304.337
304.36
304.384
304.407
304.43
304.453
304.475
304.498
304.52
304.542
304.564
304.585
304.607
304.628
304.649
304.67
304.69
304.71
304.73
304.75
304.769
304.789
304.808
304.826
304.845
304.863
304.881
304.899
304.916
304.934
304.951
304.967
304.984
305
305.016
305.031
305.046
305.061
305.076
305.09
305.104
305.118
305.131
305.144
305.157
305.169
305.181
305.192
305.203
305.214
305.224
305.234
305.244
305.253
305.261
305.269
305.276
305.282
305.288
305.294
305.299
305.302
305.306
305.308
305.31
305.31
305.31
305.308
305.306
305.302
305.297
305.291
305.283
305.273
305.262
305.249
305.235
305.218
305.198
305.176
305.152
305.124
305.092
305.056
305.016
304.971
304.92
304.862
304.796
304.72
304.632
304.528
304.406
304.262
304.094
302.155
302.197
302.24
302.282
302.324
302.366
302.408
302.45
302.491
302.531
302.572
302.611
302.651
302.689
302.727
302.765
302.802
302.839
302.875
302.91
302.946
302.98
303.014
303.048
303.081
303.114
303.147
303.179
303.211
303.242
303.274
303.305
303.335
303.365
303.395
303.425
303.455
303.484
303.513
303.541
303.57
303.598
303.626
303.654
303.682
303.71
303.737
303.764
303.791
303.818
303.845
303.871
303.898
303.924
303.95
303.976
304.002
304.027
304.053
304.078
304.103
304.128
304.152
304.177
304.201
304.226
304.25
304.273
304.297
304.321
304.344
304.367
304.39
304.412
304.435
304.457
304.479
304.501
304.523
304.544
304.565
304.586
304.607
304.628
304.648
304.668
304.687
304.707
304.726
304.745
304.764
304.782
304.801
304.819
304.836
304.854
304.871
304.888
304.904
304.921
304.937
304.953
304.968
304.983
304.998
305.012
305.027
305.04
305.054
305.067
305.08
305.092
305.105
305.116
305.128
305.139
305.149
305.159
305.169
305.178
305.186
305.194
305.201
305.208
305.214
305.22
305.225
305.229
305.232
305.235
305.236
305.237
305.237
305.236
305.233
305.23
305.225
305.218
305.211
305.202
305.191
305.178
305.163
305.146
305.127
305.105
305.08
305.052
305.021
304.985
304.945
304.899
304.848
304.79
304.724
304.648
304.56
304.457
304.338
304.199
304.039
302.088
302.128
302.167
302.207
302.247
302.286
302.326
302.365
302.405
302.444
302.482
302.521
302.559
302.596
302.633
302.67
302.707
302.742
302.778
302.813
302.848
302.882
302.916
302.95
302.983
303.016
303.048
303.08
303.112
303.144
303.175
303.206
303.236
303.267
303.297
303.327
303.356
303.386
303.415
303.444
303.473
303.501
303.529
303.558
303.585
303.613
303.641
303.668
303.695
303.723
303.749
303.776
303.803
303.829
303.856
303.882
303.908
303.933
303.959
303.984
304.01
304.035
304.06
304.085
304.109
304.134
304.158
304.182
304.206
304.23
304.253
304.276
304.3
304.323
304.345
304.368
304.39
304.412
304.434
304.456
304.477
304.498
304.519
304.54
304.561
304.581
304.601
304.621
304.64
304.659
304.678
304.697
304.715
304.734
304.752
304.769
304.787
304.804
304.821
304.837
304.853
304.869
304.885
304.9
304.916
304.93
304.945
304.959
304.972
304.986
304.999
305.012
305.024
305.036
305.047
305.059
305.069
305.079
305.089
305.098
305.107
305.115
305.123
305.13
305.136
305.142
305.147
305.151
305.154
305.157
305.159
305.16
305.16
305.159
305.156
305.153
305.148
305.142
305.134
305.125
305.115
305.102
305.087
305.071
305.051
305.03
305.005
304.977
304.945
304.91
304.87
304.824
304.773
304.715
304.649
304.573
304.486
304.385
304.268
304.134
303.983
302.021
302.057
302.095
302.132
302.169
302.207
302.244
302.282
302.319
302.356
302.393
302.43
302.467
302.503
302.539
302.575
302.61
302.645
302.68
302.715
302.749
302.783
302.816
302.849
302.882
302.915
302.947
302.979
303.011
303.042
303.073
303.104
303.135
303.165
303.195
303.225
303.255
303.284
303.314
303.343
303.371
303.4
303.429
303.457
303.485
303.513
303.541
303.568
303.596
303.623
303.65
303.677
303.704
303.73
303.757
303.783
303.809
303.835
303.861
303.887
303.912
303.938
303.963
303.988
304.013
304.037
304.062
304.086
304.11
304.134
304.158
304.182
304.205
304.228
304.251
304.274
304.296
304.319
304.341
304.363
304.385
304.406
304.427
304.448
304.469
304.489
304.51
304.53
304.549
304.569
304.588
304.607
304.626
304.644
304.662
304.68
304.698
304.715
304.732
304.749
304.765
304.782
304.797
304.813
304.828
304.843
304.858
304.872
304.886
304.9
304.913
304.926
304.939
304.951
304.962
304.974
304.985
304.995
305.005
305.014
305.023
305.031
305.039
305.046
305.053
305.059
305.064
305.068
305.072
305.075
305.077
305.078
305.078
305.077
305.075
305.072
305.067
305.061
305.054
305.045
305.034
305.022
305.007
304.991
304.972
304.95
304.925
304.898
304.866
304.831
304.791
304.746
304.695
304.637
304.571
304.496
304.41
304.311
304.198
304.069
303.925
301.952
301.987
302.022
302.057
302.092
302.127
302.163
302.198
302.233
302.269
302.304
302.339
302.375
302.409
302.444
302.479
302.513
302.547
302.581
302.615
302.648
302.682
302.715
302.747
302.78
302.812
302.844
302.875
302.907
302.938
302.969
303
303.03
303.061
303.091
303.121
303.15
303.18
303.209
303.238
303.267
303.296
303.324
303.352
303.381
303.409
303.437
303.464
303.492
303.519
303.546
303.574
303.6
303.627
303.654
303.68
303.707
303.733
303.759
303.785
303.81
303.836
303.861
303.886
303.912
303.936
303.961
303.986
304.01
304.034
304.058
304.082
304.106
304.129
304.152
304.175
304.198
304.221
304.243
304.265
304.287
304.309
304.33
304.351
304.372
304.393
304.413
304.434
304.454
304.473
304.493
304.512
304.531
304.55
304.568
304.586
304.604
304.621
304.639
304.656
304.672
304.689
304.705
304.721
304.736
304.751
304.766
304.781
304.795
304.809
304.822
304.836
304.848
304.861
304.873
304.884
304.895
304.906
304.916
304.925
304.935
304.943
304.951
304.958
304.965
304.971
304.976
304.981
304.985
304.988
304.99
304.991
304.991
304.991
304.989
304.986
304.981
304.976
304.968
304.96
304.949
304.937
304.923
304.906
304.887
304.866
304.842
304.814
304.783
304.747
304.708
304.663
304.612
304.555
304.49
304.416
304.331
304.235
304.125
304.002
303.866
301.884
301.916
301.949
301.982
302.015
302.048
302.081
302.115
302.148
302.182
302.215
302.249
302.283
302.316
302.35
302.383
302.416
302.449
302.482
302.515
302.547
302.58
302.612
302.644
302.676
302.708
302.739
302.77
302.801
302.832
302.863
302.893
302.923
302.954
302.983
303.013
303.043
303.072
303.101
303.13
303.159
303.188
303.216
303.245
303.273
303.301
303.329
303.357
303.384
303.412
303.439
303.466
303.493
303.52
303.547
303.573
303.6
303.626
303.652
303.678
303.704
303.73
303.755
303.781
303.806
303.831
303.856
303.881
303.905
303.93
303.954
303.978
304.002
304.025
304.049
304.072
304.095
304.118
304.14
304.163
304.185
304.207
304.228
304.25
304.271
304.292
304.312
304.333
304.353
304.373
304.393
304.412
304.431
304.45
304.469
304.487
304.505
304.523
304.54
304.558
304.574
304.591
304.607
304.623
304.639
304.655
304.67
304.684
304.699
304.713
304.727
304.74
304.753
304.766
304.778
304.789
304.801
304.811
304.822
304.832
304.841
304.85
304.858
304.865
304.872
304.878
304.884
304.889
304.893
304.896
304.898
304.9
304.9
304.899
304.898
304.895
304.891
304.885
304.878
304.87
304.859
304.847
304.833
304.817
304.798
304.777
304.753
304.726
304.695
304.66
304.621
304.576
304.526
304.469
304.405
304.332
304.25
304.156
304.051
303.934
303.805
301.815
301.845
301.876
301.907
301.937
301.969
302
302.032
302.063
302.095
302.127
302.159
302.191
302.223
302.255
302.287
302.319
302.351
302.383
302.414
302.446
302.477
302.509
302.54
302.571
302.602
302.633
302.663
302.694
302.724
302.755
302.785
302.814
302.844
302.874
302.903
302.933
302.962
302.991
303.02
303.048
303.077
303.105
303.134
303.162
303.19
303.218
303.245
303.273
303.301
303.328
303.355
303.382
303.409
303.436
303.463
303.489
303.515
303.542
303.568
303.594
303.62
303.645
303.671
303.696
303.721
303.746
303.771
303.796
303.82
303.845
303.869
303.893
303.917
303.94
303.964
303.987
304.01
304.033
304.055
304.077
304.1
304.121
304.143
304.164
304.186
304.206
304.227
304.247
304.268
304.287
304.307
304.326
304.345
304.364
304.383
304.401
304.419
304.437
304.454
304.471
304.488
304.505
304.521
304.537
304.552
304.568
304.583
304.597
304.612
304.626
304.639
304.652
304.665
304.678
304.689
304.701
304.712
304.723
304.733
304.742
304.751
304.759
304.767
304.774
304.78
304.786
304.791
304.795
304.799
304.801
304.803
304.804
304.803
304.802
304.799
304.795
304.79
304.783
304.775
304.765
304.753
304.739
304.723
304.705
304.684
304.66
304.633
304.603
304.568
304.529
304.485
304.436
304.38
304.317
304.246
304.166
304.076
303.975
303.863
303.741
301.746
301.774
301.803
301.831
301.86
301.89
301.919
301.949
301.979
302.009
302.039
302.069
302.1
302.13
302.161
302.191
302.222
302.252
302.283
302.313
302.344
302.374
302.405
302.435
302.465
302.495
302.526
302.555
302.585
302.615
302.645
302.674
302.704
302.733
302.762
302.791
302.82
302.849
302.878
302.906
302.935
302.963
302.992
303.02
303.048
303.076
303.103
303.131
303.159
303.186
303.213
303.24
303.267
303.294
303.321
303.348
303.374
303.401
303.427
303.453
303.479
303.505
303.531
303.556
303.582
303.607
303.632
303.657
303.682
303.707
303.731
303.755
303.78
303.803
303.827
303.851
303.874
303.897
303.92
303.943
303.965
303.988
304.01
304.031
304.053
304.074
304.095
304.116
304.137
304.157
304.177
304.197
304.216
304.236
304.255
304.273
304.292
304.31
304.328
304.346
304.363
304.38
304.397
304.413
304.429
304.445
304.461
304.476
304.491
304.505
304.519
304.533
304.546
304.559
304.572
304.584
304.596
304.607
304.618
304.628
304.638
304.647
304.655
304.663
304.671
304.677
304.683
304.688
304.693
304.696
304.699
304.701
304.702
304.702
304.7
304.698
304.694
304.689
304.683
304.674
304.665
304.653
304.64
304.624
304.606
304.586
304.562
304.536
304.506
304.472
304.433
304.39
304.342
304.287
304.226
304.157
304.079
303.992
303.896
303.79
303.675
301.676
301.703
301.729
301.756
301.784
301.811
301.839
301.867
301.895
301.923
301.952
301.98
302.009
302.038
302.067
302.096
302.125
302.154
302.184
302.213
302.242
302.271
302.301
302.33
302.359
302.388
302.418
302.447
302.476
302.505
302.534
302.563
302.592
302.62
302.649
302.678
302.706
302.735
302.763
302.791
302.819
302.847
302.875
302.903
302.931
302.959
302.986
303.014
303.041
303.068
303.095
303.122
303.149
303.176
303.203
303.229
303.256
303.282
303.309
303.335
303.361
303.387
303.412
303.438
303.463
303.489
303.514
303.539
303.564
303.589
303.613
303.638
303.662
303.686
303.71
303.733
303.757
303.78
303.803
303.826
303.848
303.871
303.893
303.915
303.937
303.958
303.979
304
304.021
304.042
304.062
304.082
304.101
304.121
304.14
304.159
304.177
304.196
304.214
304.232
304.249
304.266
304.283
304.3
304.316
304.332
304.348
304.363
304.378
304.393
304.408
304.422
304.435
304.448
304.461
304.473
304.485
304.497
304.508
304.518
304.528
304.537
304.546
304.554
304.562
304.569
304.575
304.58
304.585
304.588
304.591
304.593
304.594
304.595
304.593
304.591
304.588
304.583
304.577
304.569
304.56
304.548
304.535
304.52
304.502
304.482
304.459
304.433
304.404
304.37
304.333
304.291
304.243
304.19
304.131
304.064
303.989
303.906
303.814
303.714
303.606
301.607
301.631
301.656
301.681
301.707
301.733
301.759
301.785
301.811
301.838
301.865
301.892
301.919
301.946
301.974
302.001
302.029
302.057
302.085
302.112
302.141
302.169
302.197
302.225
302.253
302.281
302.309
302.338
302.366
302.394
302.422
302.45
302.478
302.507
302.535
302.563
302.59
302.618
302.646
302.674
302.702
302.729
302.757
302.784
302.812
302.839
302.866
302.893
302.921
302.948
302.975
303.001
303.028
303.055
303.081
303.108
303.134
303.16
303.187
303.213
303.239
303.264
303.29
303.316
303.341
303.366
303.392
303.417
303.442
303.466
303.491
303.515
303.54
303.564
303.587
303.611
303.635
303.658
303.681
303.704
303.727
303.749
303.772
303.794
303.815
303.837
303.858
303.879
303.9
303.921
303.941
303.961
303.981
304.001
304.02
304.039
304.058
304.076
304.094
304.112
304.13
304.147
304.164
304.181
304.198
304.214
304.23
304.245
304.261
304.276
304.29
304.304
304.318
304.332
304.345
304.357
304.369
304.381
304.392
304.403
304.413
304.422
304.431
304.44
304.447
304.454
304.461
304.466
304.471
304.475
304.478
304.48
304.482
304.482
304.481
304.479
304.476
304.471
304.466
304.458
304.449
304.438
304.425
304.411
304.393
304.374
304.351
304.326
304.297
304.265
304.228
304.187
304.141
304.089
304.032
303.967
303.896
303.817
303.73
303.635
303.533
301.537
301.56
301.583
301.607
301.63
301.654
301.679
301.703
301.728
301.753
301.778
301.804
301.829
301.855
301.881
301.907
301.933
301.96
301.986
302.013
302.039
302.066
302.093
302.12
302.147
302.174
302.201
302.229
302.256
302.283
302.31
302.337
302.365
302.392
302.419
302.446
302.474
302.501
302.528
302.555
302.582
302.61
302.637
302.664
302.691
302.717
302.744
302.771
302.798
302.825
302.851
302.878
302.904
302.931
302.957
302.983
303.009
303.035
303.061
303.087
303.113
303.139
303.164
303.19
303.215
303.24
303.265
303.29
303.315
303.34
303.364
303.389
303.413
303.437
303.461
303.485
303.508
303.532
303.555
303.578
303.6
303.623
303.645
303.667
303.689
303.711
303.732
303.753
303.774
303.795
303.816
303.836
303.856
303.875
303.895
303.914
303.933
303.951
303.97
303.988
304.005
304.023
304.04
304.057
304.074
304.09
304.106
304.122
304.137
304.153
304.167
304.182
304.196
304.209
304.222
304.235
304.247
304.259
304.271
304.281
304.292
304.301
304.311
304.319
304.327
304.334
304.341
304.347
304.352
304.356
304.359
304.362
304.363
304.364
304.363
304.361
304.359
304.354
304.349
304.342
304.333
304.322
304.31
304.296
304.279
304.26
304.238
304.213
304.185
304.154
304.118
304.079
304.034
303.984
303.929
303.867
303.799
303.724
303.642
303.552
303.457
301.467
301.489
301.51
301.532
301.554
301.577
301.599
301.622
301.646
301.669
301.693
301.716
301.74
301.765
301.789
301.814
301.838
301.863
301.889
301.914
301.939
301.965
301.99
302.016
302.042
302.068
302.094
302.12
302.146
302.172
302.198
302.224
302.251
302.277
302.304
302.33
302.356
302.383
302.409
302.436
302.462
302.489
302.515
302.542
302.568
302.594
302.621
302.647
302.673
302.7
302.726
302.752
302.778
302.804
302.83
302.856
302.882
302.908
302.933
302.959
302.984
303.01
303.035
303.061
303.086
303.111
303.136
303.161
303.185
303.21
303.234
303.258
303.283
303.307
303.33
303.354
303.378
303.401
303.424
303.447
303.47
303.492
303.514
303.537
303.558
303.58
303.602
303.623
303.644
303.664
303.685
303.705
303.725
303.745
303.764
303.783
303.802
303.821
303.84
303.858
303.876
303.893
303.911
303.928
303.944
303.961
303.977
303.993
304.009
304.024
304.039
304.053
304.067
304.081
304.095
304.107
304.12
304.132
304.143
304.155
304.165
304.175
304.184
304.193
304.201
304.208
304.215
304.221
304.226
304.231
304.234
304.237
304.239
304.24
304.239
304.238
304.235
304.231
304.226
304.219
304.211
304.201
304.189
304.175
304.159
304.141
304.12
304.096
304.069
304.038
304.004
303.966
303.923
303.875
303.822
303.763
303.698
303.627
303.55
303.466
303.377
301.398
301.417
301.438
301.458
301.479
301.5
301.521
301.542
301.564
301.586
301.608
301.63
301.653
301.675
301.698
301.721
301.745
301.768
301.792
301.816
301.84
301.864
301.888
301.913
301.937
301.962
301.987
302.011
302.036
302.061
302.087
302.112
302.137
302.163
302.188
302.213
302.239
302.265
302.29
302.316
302.341
302.367
302.393
302.419
302.444
302.47
302.496
302.522
302.547
302.573
302.599
302.624
302.65
302.675
302.701
302.726
302.752
302.777
302.803
302.828
302.853
302.878
302.903
302.928
302.953
302.978
303.003
303.027
303.052
303.076
303.1
303.125
303.148
303.172
303.196
303.22
303.243
303.266
303.289
303.312
303.335
303.357
303.379
303.401
303.423
303.445
303.466
303.487
303.508
303.529
303.549
303.57
303.59
303.609
303.629
303.648
303.667
303.686
303.704
303.723
303.74
303.758
303.776
303.793
303.81
303.826
303.843
303.859
303.874
303.89
303.905
303.919
303.934
303.948
303.961
303.974
303.987
303.999
304.011
304.022
304.032
304.043
304.052
304.061
304.069
304.077
304.084
304.09
304.095
304.1
304.104
304.107
304.109
304.11
304.11
304.109
304.106
304.103
304.098
304.092
304.084
304.074
304.063
304.049
304.034
304.016
303.996
303.973
303.947
303.917
303.885
303.848
303.807
303.761
303.711
303.655
303.594
303.527
303.454
303.376
303.292
301.328
301.347
301.365
301.384
301.403
301.423
301.443
301.463
301.483
301.503
301.524
301.545
301.566
301.587
301.608
301.63
301.652
301.674
301.696
301.719
301.741
301.764
301.787
301.81
301.834
301.857
301.88
301.904
301.928
301.952
301.976
302
302.024
302.048
302.073
302.097
302.122
302.146
302.171
302.196
302.221
302.245
302.27
302.295
302.32
302.345
302.37
302.395
302.42
302.445
302.47
302.495
302.52
302.545
302.57
302.595
302.62
302.645
302.67
302.695
302.72
302.744
302.769
302.794
302.818
302.843
302.867
302.891
302.915
302.94
302.963
302.987
303.011
303.035
303.058
303.081
303.105
303.128
303.15
303.173
303.195
303.218
303.24
303.262
303.283
303.305
303.326
303.347
303.368
303.389
303.409
303.429
303.449
303.469
303.489
303.508
303.527
303.545
303.564
303.582
303.6
303.618
303.635
303.653
303.67
303.686
303.703
303.719
303.735
303.75
303.765
303.78
303.794
303.808
303.822
303.835
303.848
303.86
303.872
303.883
303.894
303.905
303.914
303.923
303.932
303.94
303.947
303.953
303.959
303.964
303.968
303.971
303.973
303.974
303.975
303.974
303.972
303.969
303.964
303.958
303.951
303.942
303.931
303.918
303.903
303.886
303.867
303.845
303.82
303.792
303.76
303.725
303.686
303.643
303.595
303.543
303.485
303.423
303.355
303.281
303.203
301.259
301.276
301.294
301.311
301.329
301.347
301.365
301.384
301.403
301.422
301.441
301.46
301.48
301.5
301.52
301.54
301.561
301.581
301.602
301.623
301.645
301.666
301.688
301.709
301.731
301.753
301.776
301.798
301.821
301.843
301.866
301.889
301.912
301.935
301.958
301.982
302.005
302.029
302.052
302.076
302.1
302.124
302.148
302.172
302.196
302.22
302.244
302.268
302.293
302.317
302.341
302.366
302.39
302.414
302.439
302.463
302.487
302.512
302.536
302.56
302.584
302.609
302.633
302.657
302.681
302.705
302.729
302.753
302.777
302.8
302.824
302.847
302.871
302.894
302.917
302.94
302.963
302.986
303.008
303.031
303.053
303.075
303.097
303.118
303.14
303.161
303.182
303.203
303.224
303.245
303.265
303.285
303.305
303.324
303.344
303.363
303.382
303.4
303.419
303.437
303.455
303.473
303.49
303.508
303.525
303.541
303.558
303.574
303.59
303.605
303.62
303.635
303.65
303.664
303.678
303.691
303.704
303.716
303.728
303.74
303.751
303.761
303.771
303.78
303.789
303.797
303.804
303.811
303.816
303.821
303.826
303.829
303.832
303.833
303.834
303.833
303.832
303.829
303.825
303.819
303.812
303.804
303.793
303.781
303.767
303.751
303.733
303.712
303.688
303.661
303.632
303.598
303.561
303.521
303.476
303.426
303.372
303.314
303.251
303.183
303.11
301.191
301.207
301.223
301.239
301.256
301.272
301.289
301.306
301.324
301.341
301.359
301.377
301.396
301.414
301.433
301.452
301.471
301.49
301.51
301.529
301.549
301.569
301.59
301.61
301.631
301.651
301.672
301.693
301.715
301.736
301.758
301.779
301.801
301.823
301.845
301.867
301.89
301.912
301.935
301.958
301.98
302.003
302.026
302.049
302.072
302.095
302.119
302.142
302.165
302.189
302.212
302.236
302.259
302.283
302.306
302.33
302.354
302.377
302.401
302.425
302.448
302.472
302.495
302.519
302.542
302.566
302.589
302.612
302.636
302.659
302.682
302.705
302.728
302.751
302.773
302.796
302.819
302.841
302.863
302.885
302.907
302.929
302.95
302.972
302.993
303.014
303.035
303.056
303.076
303.096
303.116
303.136
303.156
303.175
303.195
303.214
303.233
303.251
303.27
303.288
303.306
303.323
303.341
303.358
303.375
303.392
303.408
303.424
303.44
303.456
303.471
303.486
303.5
303.514
303.528
303.541
303.554
303.567
303.579
303.591
303.602
303.612
303.622
303.631
303.64
303.648
303.656
303.663
303.669
303.674
303.678
303.682
303.685
303.687
303.687
303.687
303.686
303.684
303.68
303.675
303.668
303.66
303.651
303.639
303.626
303.611
303.593
303.574
303.551
303.526
303.498
303.467
303.432
303.394
303.352
303.306
303.255
303.201
303.142
303.079
303.012
301.123
301.138
301.153
301.168
301.183
301.198
301.214
301.23
301.246
301.263
301.279
301.296
301.313
301.33
301.347
301.365
301.383
301.401
301.419
301.437
301.456
301.474
301.493
301.512
301.532
301.551
301.571
301.591
301.611
301.631
301.651
301.672
301.692
301.713
301.734
301.755
301.776
301.797
301.819
301.84
301.862
301.884
301.906
301.927
301.95
301.972
301.994
302.016
302.039
302.061
302.084
302.106
302.129
302.152
302.174
302.197
302.22
302.243
302.266
302.288
302.311
302.334
302.357
302.38
302.403
302.425
302.448
302.471
302.493
302.516
302.539
302.561
302.583
302.606
302.628
302.65
302.672
302.694
302.716
302.737
302.759
302.78
302.801
302.822
302.843
302.864
302.884
302.905
302.925
302.945
302.965
302.984
303.004
303.023
303.042
303.061
303.08
303.098
303.116
303.134
303.152
303.17
303.187
303.204
303.221
303.238
303.254
303.27
303.286
303.301
303.317
303.331
303.346
303.36
303.374
303.387
303.4
303.413
303.425
303.437
303.448
303.458
303.468
303.478
303.487
303.495
303.503
303.509
303.516
303.521
303.526
303.53
303.533
303.535
303.536
303.536
303.535
303.533
303.53
303.525
303.52
303.512
303.503
303.493
303.48
303.466
303.45
303.431
303.41
303.386
303.36
303.331
303.298
303.263
303.223
303.181
303.134
303.084
303.029
302.971
302.909
301.057
301.07
301.084
301.098
301.112
301.126
301.14
301.155
301.17
301.185
301.2
301.216
301.232
301.247
301.264
301.28
301.296
301.313
301.33
301.347
301.364
301.382
301.399
301.417
301.435
301.453
301.472
301.49
301.509
301.528
301.547
301.566
301.585
301.605
301.624
301.644
301.664
301.684
301.704
301.725
301.745
301.766
301.787
301.807
301.828
301.849
301.871
301.892
301.913
301.935
301.956
301.978
301.999
302.021
302.043
302.065
302.087
302.109
302.131
302.153
302.175
302.197
302.219
302.241
302.263
302.285
302.307
302.329
302.351
302.373
302.394
302.416
302.438
302.46
302.481
302.503
302.524
302.545
302.567
302.588
302.609
302.629
302.65
302.671
302.691
302.711
302.732
302.752
302.771
302.791
302.81
302.83
302.849
302.868
302.886
302.905
302.923
302.942
302.96
302.977
302.995
303.012
303.03
303.047
303.063
303.08
303.096
303.112
303.128
303.143
303.158
303.173
303.188
303.202
303.216
303.229
303.242
303.255
303.267
303.278
303.289
303.3
303.31
303.32
303.329
303.337
303.345
303.352
303.358
303.364
303.369
303.373
303.376
303.378
303.38
303.38
303.38
303.378
303.375
303.371
303.366
303.359
303.351
303.341
303.33
303.317
303.301
303.284
303.264
303.242
303.218
303.191
303.161
303.128
303.091
303.052
303.009
302.963
302.913
302.859
302.802
300.991
301.003
301.016
301.029
301.042
301.055
301.068
301.082
301.096
301.109
301.124
301.138
301.152
301.167
301.182
301.197
301.212
301.228
301.243
301.259
301.275
301.291
301.308
301.324
301.341
301.358
301.375
301.392
301.409
301.427
301.445
301.463
301.481
301.499
301.517
301.536
301.555
301.574
301.593
301.612
301.631
301.65
301.67
301.69
301.709
301.729
301.749
301.769
301.79
301.81
301.83
301.851
301.872
301.892
301.913
301.934
301.955
301.976
301.997
302.018
302.039
302.06
302.081
302.102
302.123
302.145
302.166
302.187
302.208
302.229
302.25
302.271
302.292
302.313
302.334
302.355
302.376
302.396
302.417
302.437
302.458
302.478
302.498
302.518
302.538
302.558
302.577
302.597
302.616
302.635
302.654
302.673
302.692
302.71
302.729
302.747
302.765
302.783
302.801
302.818
302.836
302.853
302.87
302.886
302.903
302.919
302.935
302.951
302.967
302.982
302.997
303.012
303.026
303.04
303.054
303.067
303.08
303.093
303.105
303.116
303.128
303.138
303.148
303.158
303.167
303.175
303.183
303.19
303.197
303.203
303.208
303.212
303.215
303.218
303.22
303.221
303.221
303.219
303.217
303.214
303.209
303.203
303.195
303.186
303.176
303.164
303.149
303.133
303.115
303.095
303.072
303.047
303.02
302.989
302.956
302.92
302.88
302.838
302.792
302.743
302.691
300.927
300.939
300.95
300.962
300.974
300.986
300.998
301.01
301.023
301.036
301.049
301.062
301.075
301.089
301.103
301.116
301.13
301.145
301.159
301.174
301.188
301.203
301.219
301.234
301.249
301.265
301.281
301.297
301.313
301.329
301.346
301.362
301.379
301.396
301.413
301.431
301.448
301.466
301.484
301.502
301.52
301.538
301.556
301.575
301.593
301.612
301.631
301.65
301.669
301.688
301.707
301.727
301.746
301.766
301.785
301.805
301.825
301.845
301.865
301.885
301.905
301.925
301.945
301.965
301.986
302.006
302.026
302.046
302.066
302.087
302.107
302.127
302.147
302.167
302.187
302.207
302.227
302.247
302.267
302.287
302.307
302.326
302.346
302.365
302.384
302.403
302.422
302.441
302.46
302.479
302.497
302.516
302.534
302.552
302.57
302.588
302.606
302.623
302.64
302.658
302.675
302.691
302.708
302.725
302.741
302.757
302.773
302.788
302.804
302.819
302.834
302.848
302.862
302.876
302.89
302.903
302.916
302.928
302.94
302.952
302.963
302.974
302.984
302.993
303.002
303.011
303.019
303.026
303.032
303.038
303.044
303.048
303.052
303.055
303.057
303.058
303.058
303.057
303.056
303.053
303.048
303.043
303.036
303.028
303.019
303.008
302.995
302.98
302.963
302.945
302.924
302.901
302.876
302.848
302.817
302.784
302.748
302.71
302.668
302.623
302.576
300.865
300.875
300.886
300.897
300.908
300.919
300.93
300.941
300.953
300.965
300.977
300.989
301.001
301.013
301.026
301.039
301.052
301.065
301.078
301.091
301.105
301.119
301.133
301.147
301.161
301.175
301.19
301.205
301.22
301.235
301.25
301.266
301.281
301.297
301.313
301.329
301.345
301.362
301.378
301.395
301.412
301.429
301.446
301.463
301.48
301.498
301.516
301.533
301.551
301.569
301.587
301.606
301.624
301.642
301.661
301.679
301.698
301.717
301.736
301.755
301.774
301.793
301.812
301.831
301.85
301.869
301.889
301.908
301.927
301.946
301.966
301.985
302.004
302.023
302.043
302.062
302.081
302.1
302.119
302.138
302.157
302.176
302.194
302.213
302.232
302.25
302.268
302.287
302.305
302.323
302.341
302.359
302.376
302.394
302.411
302.429
302.446
302.463
302.48
302.497
302.513
302.53
302.546
302.562
302.578
302.594
302.61
302.625
302.64
302.655
302.669
302.684
302.698
302.711
302.725
302.738
302.75
302.763
302.774
302.786
302.797
302.807
302.817
302.827
302.836
302.844
302.852
302.86
302.866
302.872
302.878
302.882
302.886
302.889
302.892
302.893
302.894
302.893
302.892
302.89
302.886
302.882
302.876
302.868
302.86
302.85
302.838
302.825
302.81
302.793
302.774
302.753
302.73
302.705
302.677
302.647
302.614
302.579
302.541
302.501
302.458
300.805
300.815
300.824
300.834
300.844
300.854
300.865
300.875
300.886
300.896
300.907
300.918
300.929
300.941
300.952
300.964
300.976
300.988
301
301.012
301.025
301.037
301.05
301.063
301.076
301.09
301.103
301.117
301.13
301.144
301.158
301.173
301.187
301.202
301.216
301.231
301.246
301.261
301.277
301.292
301.308
301.324
301.34
301.356
301.372
301.388
301.405
301.421
301.438
301.455
301.472
301.489
301.506
301.523
301.54
301.558
301.575
301.593
301.611
301.628
301.646
301.664
301.682
301.7
301.718
301.737
301.755
301.773
301.791
301.809
301.828
301.846
301.864
301.883
301.901
301.919
301.937
301.955
301.974
301.992
302.01
302.028
302.046
302.063
302.081
302.099
302.117
302.134
302.152
302.169
302.186
302.204
302.221
302.238
302.255
302.271
302.288
302.305
302.321
302.337
302.354
302.37
302.386
302.401
302.417
302.432
302.447
302.462
302.477
302.491
302.506
302.52
302.533
302.547
302.56
302.573
302.585
302.597
302.609
302.62
302.631
302.641
302.651
302.661
302.67
302.678
302.686
302.693
302.7
302.706
302.712
302.716
302.721
302.724
302.726
302.728
302.729
302.729
302.728
302.726
302.724
302.72
302.714
302.708
302.7
302.691
302.681
302.669
302.655
302.64
302.623
302.604
302.583
302.561
302.536
302.509
302.479
302.448
302.414
302.377
302.339
300.748
300.757
300.765
300.774
300.784
300.793
300.802
300.812
300.821
300.831
300.841
300.851
300.861
300.872
300.882
300.893
300.904
300.915
300.926
300.937
300.949
300.96
300.972
300.984
300.996
301.008
301.02
301.033
301.046
301.058
301.071
301.084
301.098
301.111
301.125
301.138
301.152
301.166
301.18
301.195
301.209
301.224
301.238
301.253
301.268
301.283
301.299
301.314
301.329
301.345
301.361
301.377
301.393
301.409
301.425
301.441
301.458
301.474
301.491
301.507
301.524
301.541
301.558
301.575
301.592
301.609
301.626
301.643
301.66
301.677
301.695
301.712
301.729
301.746
301.764
301.781
301.798
301.815
301.833
301.85
301.867
301.884
301.901
301.918
301.935
301.952
301.969
301.986
302.003
302.019
302.036
302.052
302.069
302.085
302.102
302.118
302.134
302.15
302.166
302.181
302.197
302.213
302.228
302.243
302.258
302.273
302.288
302.302
302.317
302.331
302.345
302.358
302.372
302.385
302.398
302.41
302.422
302.434
302.445
302.456
302.467
302.477
302.487
302.496
302.505
302.514
302.521
302.529
302.535
302.542
302.547
302.552
302.556
302.56
302.563
302.565
302.566
302.566
302.566
302.565
302.562
302.559
302.555
302.549
302.542
302.534
302.525
302.514
302.502
302.489
302.473
302.457
302.438
302.417
302.395
302.371
302.344
302.316
302.286
302.253
302.218
300.694
300.702
300.71
300.718
300.726
300.735
300.743
300.752
300.761
300.77
300.779
300.788
300.798
300.807
300.817
300.826
300.836
300.846
300.857
300.867
300.877
300.888
300.899
300.91
300.921
300.932
300.943
300.954
300.966
300.978
300.99
301.002
301.014
301.026
301.039
301.051
301.064
301.077
301.09
301.103
301.116
301.13
301.143
301.157
301.171
301.185
301.199
301.213
301.228
301.242
301.257
301.271
301.286
301.301
301.316
301.331
301.346
301.362
301.377
301.393
301.408
301.424
301.44
301.456
301.471
301.487
301.503
301.519
301.536
301.552
301.568
301.584
301.6
301.617
301.633
301.649
301.665
301.682
301.698
301.714
301.731
301.747
301.763
301.779
301.795
301.811
301.828
301.844
301.86
301.875
301.891
301.907
301.923
301.939
301.954
301.97
301.985
302.001
302.016
302.031
302.046
302.061
302.076
302.091
302.105
302.12
302.134
302.148
302.162
302.175
302.189
302.202
302.215
302.228
302.24
302.252
302.264
302.275
302.287
302.297
302.308
302.318
302.327
302.336
302.345
302.353
302.361
302.368
302.375
302.381
302.387
302.392
302.396
302.4
302.403
302.405
302.407
302.408
302.408
302.407
302.405
302.402
302.399
302.394
302.388
302.381
302.373
302.364
302.353
302.341
302.327
302.312
302.296
302.277
302.257
302.236
302.212
302.187
302.16
302.131
302.1
300.644
300.651
300.659
300.666
300.674
300.681
300.689
300.697
300.705
300.713
300.722
300.73
300.739
300.747
300.756
300.765
300.774
300.783
300.793
300.802
300.812
300.821
300.831
300.841
300.851
300.861
300.872
300.882
300.893
300.904
300.914
300.925
300.937
300.948
300.959
300.971
300.983
300.994
301.006
301.019
301.031
301.043
301.056
301.068
301.081
301.094
301.107
301.12
301.133
301.147
301.16
301.174
301.187
301.201
301.215
301.229
301.243
301.257
301.272
301.286
301.301
301.315
301.33
301.345
301.36
301.374
301.389
301.404
301.419
301.435
301.45
301.465
301.48
301.495
301.511
301.526
301.541
301.557
301.572
301.587
301.603
301.618
301.633
301.649
301.664
301.679
301.695
301.71
301.725
301.74
301.755
301.77
301.786
301.8
301.815
301.83
301.845
301.86
301.874
301.889
301.903
301.918
301.932
301.946
301.96
301.974
301.988
302.001
302.015
302.028
302.041
302.053
302.066
302.078
302.09
302.102
302.113
302.124
302.135
302.146
302.156
302.166
302.175
302.184
302.192
302.2
302.208
302.215
302.222
302.228
302.234
302.239
302.243
302.247
302.25
302.253
302.255
302.256
302.256
302.256
302.254
302.252
302.249
302.245
302.24
302.234
302.227
302.219
302.21
302.199
302.187
302.174
302.159
302.143
302.125
302.106
302.085
302.063
302.038
302.012
301.985
300.599
300.606
300.612
300.619
300.626
300.633
300.64
300.648
300.655
300.662
300.67
300.678
300.686
300.694
300.702
300.71
300.718
300.726
300.735
300.744
300.752
300.761
300.77
300.779
300.789
300.798
300.807
300.817
300.827
300.837
300.847
300.857
300.867
300.877
300.888
300.899
300.909
300.92
300.931
300.942
300.954
300.965
300.977
300.988
301
301.012
301.024
301.036
301.048
301.061
301.073
301.086
301.098
301.111
301.124
301.137
301.15
301.163
301.177
301.19
301.203
301.217
301.231
301.244
301.258
301.272
301.286
301.3
301.314
301.328
301.342
301.357
301.371
301.385
301.4
301.414
301.428
301.443
301.457
301.472
301.486
301.501
301.515
301.53
301.544
301.559
301.573
301.588
301.602
301.617
301.631
301.645
301.66
301.674
301.688
301.702
301.717
301.731
301.745
301.759
301.772
301.786
301.8
301.813
301.827
301.84
301.853
301.866
301.879
301.892
301.904
301.916
301.928
301.94
301.952
301.963
301.974
301.985
301.995
302.005
302.015
302.025
302.034
302.042
302.051
302.059
302.066
302.073
302.08
302.086
302.091
302.096
302.101
302.105
302.108
302.111
302.113
302.114
302.115
302.115
302.114
302.113
302.11
302.107
302.103
302.098
302.092
302.085
302.076
302.067
302.056
302.045
302.032
302.017
302.002
301.985
301.966
301.946
301.925
301.901
301.877
300.56
300.566
300.572
300.578
300.585
300.591
300.598
300.605
300.611
300.618
300.625
300.632
300.64
300.647
300.654
300.662
300.669
300.677
300.685
300.693
300.701
300.709
300.718
300.726
300.734
300.743
300.752
300.761
300.77
300.779
300.788
300.797
300.807
300.816
300.826
300.836
300.846
300.856
300.866
300.876
300.887
300.897
300.908
300.919
300.93
300.941
300.952
300.963
300.974
300.986
300.997
301.009
301.021
301.033
301.045
301.057
301.069
301.081
301.094
301.106
301.119
301.131
301.144
301.157
301.17
301.183
301.196
301.209
301.222
301.235
301.249
301.262
301.276
301.289
301.303
301.316
301.33
301.343
301.357
301.371
301.384
301.398
301.412
301.426
301.439
301.453
301.467
301.481
301.494
301.508
301.522
301.535
301.549
301.563
301.576
301.59
301.603
301.617
301.63
301.644
301.657
301.67
301.683
301.696
301.709
301.722
301.734
301.747
301.759
301.771
301.783
301.795
301.806
301.818
301.829
301.84
301.85
301.861
301.871
301.88
301.89
301.899
301.908
301.916
301.924
301.932
301.939
301.946
301.953
301.959
301.964
301.969
301.974
301.978
301.981
301.984
301.987
301.988
301.989
301.99
301.989
301.988
301.986
301.984
301.98
301.976
301.971
301.964
301.957
301.949
301.94
301.929
301.918
301.905
301.891
301.876
301.859
301.841
301.822
301.802
301.78
300.528
300.534
300.539
300.545
300.551
300.557
300.563
300.57
300.576
300.582
300.589
300.595
300.602
300.609
300.616
300.623
300.63
300.637
300.644
300.652
300.659
300.667
300.675
300.682
300.69
300.698
300.707
300.715
300.723
300.732
300.74
300.749
300.758
300.767
300.776
300.785
300.794
300.804
300.813
300.823
300.832
300.842
300.852
300.862
300.872
300.883
300.893
300.904
300.914
300.925
300.936
300.947
300.958
300.969
300.98
300.991
301.003
301.014
301.026
301.038
301.049
301.061
301.073
301.085
301.098
301.11
301.122
301.134
301.147
301.159
301.172
301.185
301.197
301.21
301.223
301.236
301.249
301.262
301.274
301.287
301.301
301.314
301.327
301.34
301.353
301.366
301.379
301.392
301.405
301.419
301.432
301.445
301.458
301.471
301.484
301.497
301.51
301.523
301.536
301.548
301.561
301.574
301.586
301.599
301.611
301.623
301.635
301.647
301.659
301.671
301.682
301.694
301.705
301.716
301.727
301.737
301.747
301.757
301.767
301.776
301.786
301.794
301.803
301.811
301.819
301.827
301.834
301.841
301.847
301.853
301.858
301.863
301.868
301.872
301.875
301.878
301.881
301.883
301.884
301.885
301.885
301.884
301.882
301.88
301.877
301.874
301.869
301.864
301.857
301.85
301.842
301.832
301.822
301.811
301.798
301.784
301.77
301.753
301.736
301.717
301.698
300.505
300.51
300.515
300.521
300.527
300.532
300.538
300.544
300.55
300.556
300.562
300.569
300.575
300.581
300.588
300.594
300.601
300.608
300.615
300.622
300.629
300.636
300.643
300.651
300.658
300.666
300.674
300.682
300.689
300.697
300.706
300.714
300.722
300.731
300.739
300.748
300.757
300.766
300.775
300.784
300.793
300.802
300.812
300.821
300.831
300.841
300.85
300.86
300.87
300.881
300.891
300.901
300.912
300.922
300.933
300.944
300.955
300.966
300.977
300.988
300.999
301.01
301.022
301.033
301.045
301.056
301.068
301.08
301.092
301.104
301.116
301.128
301.14
301.152
301.165
301.177
301.189
301.202
301.214
301.227
301.239
301.252
301.264
301.277
301.29
301.302
301.315
301.328
301.34
301.353
301.366
301.378
301.391
301.404
301.416
301.429
301.441
301.454
301.466
301.479
301.491
301.503
301.515
301.527
301.539
301.551
301.563
301.574
301.586
301.597
301.608
301.619
301.63
301.641
301.651
301.661
301.671
301.681
301.69
301.699
301.708
301.717
301.725
301.733
301.741
301.748
301.755
301.762
301.768
301.774
301.779
301.784
301.789
301.793
301.797
301.8
301.802
301.804
301.806
301.807
301.807
301.806
301.805
301.803
301.801
301.798
301.793
301.789
301.783
301.776
301.769
301.76
301.751
301.74
301.729
301.716
301.703
301.688
301.672
301.655
301.636
300.492
300.497
300.502
300.508
300.513
300.519
300.524
300.53
300.536
300.542
300.548
300.554
300.56
300.566
300.573
300.579
300.585
300.592
300.599
300.606
300.612
300.619
300.626
300.634
300.641
300.648
300.656
300.663
300.671
300.679
300.687
300.695
300.703
300.711
300.719
300.728
300.736
300.745
300.753
300.762
300.771
300.78
300.789
300.799
300.808
300.817
300.827
300.837
300.846
300.856
300.866
300.876
300.886
300.897
300.907
300.918
300.928
300.939
300.95
300.96
300.971
300.982
300.993
301.005
301.016
301.027
301.039
301.05
301.062
301.073
301.085
301.097
301.109
301.121
301.133
301.145
301.157
301.169
301.181
301.193
301.205
301.218
301.23
301.242
301.255
301.267
301.28
301.292
301.304
301.317
301.329
301.342
301.354
301.366
301.379
301.391
301.403
301.416
301.428
301.44
301.452
301.464
301.476
301.488
301.499
301.511
301.522
301.534
301.545
301.556
301.567
301.578
301.588
301.599
301.609
301.619
301.629
301.638
301.648
301.657
301.665
301.674
301.682
301.69
301.698
301.705
301.712
301.718
301.724
301.73
301.736
301.741
301.745
301.749
301.753
301.756
301.758
301.761
301.762
301.763
301.763
301.763
301.762
301.76
301.758
301.755
301.751
301.747
301.741
301.735
301.728
301.72
301.711
301.701
301.69
301.678
301.665
301.651
301.636
301.62
301.602
303.874
303.237
302.775
302.404
302.093
301.827
301.596
301.394
301.216
301.059
300.92
300.798
300.689
300.594
300.51
300.435
300.37
300.314
300.264
300.222
300.185
300.153
300.126
300.103
300.084
300.068
300.055
300.043
300.034
300.027
300.021
300.016
300.013
300.01
300.007
300.005
300.004
300.003
300.002
300.001
300.001
300
300
300
300
300
300
300
300
300
300
303.872
303.236
302.775
302.404
302.093
301.827
301.596
301.394
301.216
301.059
300.92
300.798
300.689
300.594
300.51
300.435
300.37
300.314
300.264
300.222
300.185
300.153
300.126
300.103
300.084
300.068
300.055
300.043
300.034
300.027
300.021
300.016
300.013
300.01
300.007
300.005
300.004
300.003
300.002
300.001
300.001
300
300
300
300
300
300
300
300
300
300
303.867
303.235
302.774
302.404
302.093
301.827
301.596
301.394
301.216
301.059
300.92
300.798
300.69
300.594
300.51
300.436
300.371
300.314
300.264
300.222
300.185
300.153
300.126
300.103
300.084
300.068
300.055
300.044
300.034
300.027
300.021
300.016
300.013
300.01
300.007
300.005
300.004
300.003
300.002
300.001
300.001
300
300
300
300
300
300
300
300
300
300
303.859
303.233
302.773
302.403
302.093
301.827
301.596
301.394
301.216
301.059
300.921
300.798
300.69
300.594
300.51
300.436
300.371
300.314
300.264
300.222
300.185
300.153
300.126
300.103
300.084
300.068
300.055
300.044
300.034
300.027
300.021
300.016
300.013
300.01
300.007
300.005
300.004
300.003
300.002
300.001
300.001
300
300
300
300
300
300
300
300
300
300
303.849
303.231
302.772
302.403
302.093
301.827
301.596
301.394
301.216
301.059
300.921
300.798
300.69
300.594
300.51
300.436
300.371
300.314
300.265
300.222
300.185
300.153
300.126
300.103
300.084
300.068
300.055
300.044
300.034
300.027
300.021
300.016
300.013
300.01
300.007
300.005
300.004
300.003
300.002
300.001
300.001
300
300
300
300
300
300
300
300
300
300
303.836
303.227
302.771
302.402
302.093
301.827
301.596
301.394
301.216
301.06
300.921
300.798
300.69
300.594
300.51
300.436
300.371
300.314
300.265
300.222
300.185
300.153
300.126
300.103
300.084
300.068
300.055
300.044
300.035
300.027
300.021
300.016
300.013
300.01
300.007
300.005
300.004
300.003
300.002
300.001
300.001
300
300
300
300
300
300
300
300
300
300
303.821
303.223
302.769
302.402
302.093
301.827
301.597
301.395
301.217
301.06
300.921
300.799
300.69
300.595
300.51
300.436
300.371
300.314
300.265
300.222
300.185
300.153
300.126
300.104
300.084
300.068
300.055
300.044
300.035
300.027
300.021
300.016
300.013
300.01
300.007
300.005
300.004
300.003
300.002
300.001
300.001
300
300
300
300
300
300
300
300
300
300
303.803
303.217
302.767
302.401
302.092
301.827
301.597
301.395
301.217
301.06
300.922
300.799
300.691
300.595
300.511
300.437
300.372
300.315
300.265
300.222
300.185
300.154
300.127
300.104
300.084
300.068
300.055
300.044
300.035
300.027
300.021
300.016
300.013
300.01
300.007
300.005
300.004
300.003
300.002
300.001
300.001
300
300
300
300
300
300
300
300
300
300
303.782
303.21
302.764
302.4
302.092
301.827
301.597
301.395
301.218
301.061
300.922
300.8
300.691
300.596
300.511
300.437
300.372
300.315
300.266
300.223
300.186
300.154
300.127
300.104
300.085
300.068
300.055
300.044
300.035
300.027
300.021
300.016
300.013
300.01
300.007
300.005
300.004
300.003
300.002
300.001
300.001
300
300
300
300
300
300
300
300
300
300
303.759
303.202
302.761
302.398
302.092
301.827
301.597
301.396
301.218
301.061
300.923
300.8
300.692
300.596
300.512
300.438
300.372
300.315
300.266
300.223
300.186
300.154
300.127
300.104
300.085
300.068
300.055
300.044
300.035
300.027
300.021
300.017
300.013
300.01
300.007
300.005
300.004
300.003
300.002
300.001
300.001
300
300
300
300
300
300
300
300
300
300
303.733
303.193
302.757
302.397
302.091
301.827
301.598
301.396
301.219
301.062
300.924
300.801
300.693
300.597
300.512
300.438
300.373
300.316
300.266
300.223
300.186
300.154
300.127
300.104
300.085
300.069
300.055
300.044
300.035
300.027
300.021
300.017
300.013
300.01
300.007
300.005
300.004
300.003
300.002
300.001
300.001
300
300
300
300
300
300
300
300
300
300
303.705
303.182
302.752
302.395
302.09
301.828
301.598
301.397
301.22
301.063
300.925
300.802
300.693
300.598
300.513
300.439
300.373
300.316
300.267
300.224
300.187
300.155
300.128
300.104
300.085
300.069
300.055
300.044
300.035
300.028
300.021
300.017
300.013
300.01
300.007
300.005
300.004
300.003
300.002
300.001
300.001
300
300
300
300
300
300
300
300
300
300
303.673
303.169
302.747
302.392
302.09
301.828
301.599
301.398
301.221
301.064
300.926
300.803
300.694
300.599
300.514
300.439
300.374
300.317
300.267
300.224
300.187
300.155
300.128
300.105
300.085
300.069
300.055
300.044
300.035
300.028
300.022
300.017
300.013
300.01
300.007
300.005
300.004
300.003
300.002
300.001
300.001
300.001
300
300
300
300
300
300
300
300
300
303.639
303.153
302.74
302.389
302.088
301.827
301.599
301.399
301.222
301.065
300.927
300.804
300.695
300.599
300.515
300.44
300.375
300.318
300.268
300.225
300.187
300.155
300.128
300.105
300.086
300.069
300.056
300.044
300.035
300.028
300.022
300.017
300.013
300.01
300.007
300.005
300.004
300.003
300.002
300.001
300.001
300.001
300
300
300
300
300
300
300
300
300
303.602
303.136
302.732
302.385
302.087
301.827
301.6
301.399
301.223
301.066
300.928
300.805
300.696
300.6
300.516
300.441
300.376
300.318
300.269
300.225
300.188
300.156
300.129
300.105
300.086
300.069
300.056
300.045
300.035
300.028
300.022
300.017
300.013
300.01
300.007
300.005
300.004
300.003
300.002
300.001
300.001
300.001
300
300
300
300
300
300
300
300
300
303.562
303.116
302.722
302.381
302.085
301.827
301.6
301.4
301.224
301.067
300.929
300.806
300.698
300.602
300.517
300.442
300.377
300.319
300.269
300.226
300.188
300.156
300.129
300.106
300.086
300.07
300.056
300.045
300.035
300.028
300.022
300.017
300.013
300.01
300.007
300.006
300.004
300.003
300.002
300.001
300.001
300.001
300
300
300
300
300
300
300
300
300
303.518
303.093
302.71
302.375
302.082
301.826
301.6
301.401
301.225
301.069
300.93
300.808
300.699
300.603
300.518
300.443
300.377
300.32
300.27
300.226
300.189
300.157
300.129
300.106
300.086
300.07
300.056
300.045
300.036
300.028
300.022
300.017
300.013
300.01
300.007
300.006
300.004
300.003
300.002
300.001
300.001
300.001
300
300
300
300
300
300
300
300
300
303.472
303.067
302.696
302.367
302.078
301.824
301.6
301.401
301.226
301.07
300.931
300.809
300.7
300.604
300.519
300.444
300.378
300.321
300.271
300.227
300.19
300.157
300.13
300.106
300.087
300.07
300.056
300.045
300.036
300.028
300.022
300.017
300.013
300.01
300.008
300.006
300.004
300.003
300.002
300.001
300.001
300.001
300
300
300
300
300
300
300
300
300
303.421
303.037
302.679
302.358
302.073
301.822
301.599
301.401
301.226
301.071
300.933
300.81
300.701
300.605
300.52
300.445
300.379
300.322
300.271
300.228
300.19
300.158
300.13
300.107
300.087
300.07
300.057
300.045
300.036
300.028
300.022
300.017
300.013
300.01
300.008
300.006
300.004
300.003
300.002
300.001
300.001
300.001
300
300
300
300
300
300
300
300
300
303.367
303.003
302.659
302.346
302.067
301.818
301.597
301.401
301.227
301.072
300.934
300.811
300.702
300.606
300.521
300.446
300.38
300.322
300.272
300.228
300.191
300.158
300.131
300.107
300.087
300.071
300.057
300.045
300.036
300.028
300.022
300.017
300.013
300.01
300.008
300.006
300.004
300.003
300.002
300.001
300.001
300.001
300
300
300
300
300
300
300
300
300
303.309
302.966
302.635
302.332
302.058
301.813
301.595
301.4
301.227
301.072
300.934
300.812
300.704
300.607
300.522
300.447
300.381
300.323
300.273
300.229
300.191
300.159
300.131
300.108
300.088
300.071
300.057
300.046
300.036
300.029
300.022
300.017
300.013
300.01
300.008
300.006
300.004
300.003
300.002
300.001
300.001
300.001
300
300
300
300
300
300
300
300
300
303.247
302.923
302.608
302.314
302.047
301.807
301.591
301.398
301.226
301.072
300.935
300.813
300.704
300.608
300.523
300.448
300.382
300.324
300.273
300.23
300.192
300.159
300.131
300.108
300.088
300.071
300.057
300.046
300.036
300.029
300.022
300.017
300.013
300.01
300.008
300.006
300.004
300.003
300.002
300.001
300.001
300.001
300
300
300
300
300
300
300
300
300
303.18
302.876
302.576
302.293
302.034
301.798
301.586
301.395
301.224
301.071
300.935
300.813
300.705
300.609
300.524
300.449
300.383
300.325
300.274
300.23
300.192
300.16
300.132
300.108
300.088
300.072
300.058
300.046
300.037
300.029
300.023
300.017
300.013
300.01
300.008
300.006
300.004
300.003
300.002
300.001
300.001
300.001
300
300
300
300
300
300
300
300
300
303.109
302.824
302.54
302.268
302.017
301.787
301.579
301.391
301.222
301.07
300.935
300.813
300.705
300.609
300.524
300.449
300.383
300.325
300.275
300.231
300.193
300.16
300.132
300.109
300.089
300.072
300.058
300.046
300.037
300.029
300.023
300.018
300.014
300.01
300.008
300.006
300.004
300.003
300.002
300.001
300.001
300.001
300
300
300
300
300
300
300
300
300
303.033
302.767
302.498
302.239
301.997
301.773
301.57
301.385
301.218
301.068
300.933
300.813
300.705
300.61
300.525
300.45
300.384
300.326
300.275
300.231
300.193
300.16
300.133
300.109
300.089
300.072
300.058
300.046
300.037
300.029
300.023
300.018
300.014
300.01
300.008
300.006
300.004
300.003
300.002
300.001
300.001
300.001
300
300
300
300
300
300
300
300
300
302.952
302.704
302.452
302.206
301.973
301.757
301.558
301.377
301.213
301.065
300.931
300.812
300.705
300.61
300.525
300.45
300.384
300.326
300.275
300.231
300.193
300.161
300.133
300.109
300.089
300.072
300.058
300.046
300.037
300.029
300.023
300.018
300.014
300.01
300.008
300.006
300.004
300.003
300.002
300.001
300.001
300.001
300
300
300
300
300
300
300
300
300
302.865
302.636
302.4
302.167
301.945
301.736
301.543
301.367
301.206
301.06
300.928
300.81
300.704
300.609
300.525
300.45
300.384
300.326
300.276
300.232
300.194
300.161
300.133
300.109
300.089
300.072
300.058
300.047
300.037
300.029
300.023
300.018
300.014
300.01
300.008
300.006
300.004
300.003
300.002
300.002
300.001
300.001
300
300
300
300
300
300
300
300
300
302.774
302.562
302.342
302.123
301.912
301.712
301.526
301.354
301.197
301.053
300.924
300.807
300.702
300.608
300.524
300.449
300.384
300.326
300.276
300.232
300.194
300.161
300.133
300.109
300.089
300.072
300.058
300.047
300.037
300.029
300.023
300.018
300.014
300.01
300.008
300.006
300.004
300.003
300.002
300.002
300.001
300.001
300
300
300
300
300
300
300
300
300
302.678
302.483
302.279
302.074
301.874
301.684
301.505
301.338
301.185
301.045
300.918
300.803
300.699
300.606
300.522
300.449
300.383
300.326
300.275
300.232
300.194
300.161
300.133
300.109
300.089
300.072
300.058
300.047
300.037
300.029
300.023
300.018
300.014
300.01
300.008
300.006
300.004
300.003
300.002
300.002
300.001
300.001
300
300
300
300
300
300
300
300
300
302.577
302.399
302.21
302.019
301.832
301.651
301.48
301.32
301.171
301.035
300.91
300.797
300.695
300.603
300.521
300.447
300.382
300.325
300.275
300.231
300.193
300.161
300.133
300.109
300.089
300.072
300.058
300.047
300.037
300.029
300.023
300.018
300.014
300.01
300.008
300.006
300.004
300.003
300.002
300.002
300.001
300.001
300
300
300
300
300
300
300
300
300
302.473
302.31
302.137
301.96
301.784
301.614
301.451
301.298
301.155
301.023
300.901
300.79
300.69
300.599
300.518
300.445
300.381
300.324
300.274
300.231
300.193
300.161
300.133
300.109
300.089
300.072
300.058
300.047
300.037
300.029
300.023
300.018
300.014
300.01
300.008
300.006
300.004
300.003
300.002
300.002
300.001
300.001
300
300
300
300
300
300
300
300
300
302.364
302.216
302.058
301.896
301.733
301.573
301.419
301.273
301.136
301.008
300.89
300.782
300.684
300.595
300.514
300.443
300.379
300.323
300.273
300.23
300.192
300.16
300.132
300.109
300.089
300.072
300.058
300.047
300.037
300.029
300.023
300.018
300.014
300.01
300.008
300.006
300.004
300.003
300.002
300.002
300.001
300.001
300
300
300
300
300
300
300
300
300
302.254
302.12
301.976
301.827
301.677
301.528
301.383
301.245
301.114
300.991
300.877
300.772
300.676
300.589
300.51
300.44
300.377
300.321
300.272
300.229
300.192
300.159
300.132
300.108
300.089
300.072
300.058
300.046
300.037
300.029
300.023
300.018
300.014
300.01
300.008
300.006
300.004
300.003
300.002
300.002
300.001
300.001
300
300
300
300
300
300
300
300
300
302.142
302.022
301.892
301.756
301.618
301.479
301.344
301.214
301.089
300.972
300.863
300.761
300.668
300.582
300.505
300.436
300.374
300.319
300.27
300.228
300.191
300.159
300.131
300.108
300.088
300.072
300.058
300.046
300.037
300.029
300.023
300.018
300.014
300.01
300.008
300.006
300.004
300.003
300.002
300.002
300.001
300.001
300
300
300
300
300
300
300
300
300
302.032
301.924
301.806
301.683
301.556
301.429
301.303
301.181
301.063
300.951
300.846
300.748
300.658
300.575
300.5
300.431
300.37
300.316
300.268
300.226
300.189
300.158
300.131
300.107
300.088
300.071
300.057
300.046
300.037
300.029
300.023
300.018
300.014
300.01
300.008
300.006
300.004
300.003
300.002
300.002
300.001
300.001
300
300
300
300
300
300
300
300
300
301.924
301.827
301.722
301.61
301.495
301.378
301.261
301.147
301.036
300.93
300.829
300.735
300.648
300.567
300.493
300.427
300.367
300.313
300.266
300.224
300.188
300.157
300.13
300.107
300.087
300.071
300.057
300.046
300.036
300.029
300.023
300.017
300.013
300.01
300.008
300.006
300.004
300.003
300.002
300.001
300.001
300.001
300
300
300
300
300
300
300
300
300
301.823
301.736
301.642
301.541
301.435
301.327
301.219
301.113
301.008
300.908
300.812
300.721
300.637
300.559
300.487
300.422
300.363
300.31
300.264
300.223
300.187
300.156
300.129
300.106
300.087
300.07
300.057
300.045
300.036
300.029
300.022
300.017
300.013
300.01
300.008
300.006
300.004
300.003
300.002
300.001
300.001
300.001
300
300
300
300
300
300
300
300
300
301.731
301.653
301.568
301.476
301.38
301.281
301.18
301.08
300.982
300.887
300.795
300.708
300.627
300.551
300.481
300.417
300.359
300.308
300.262
300.221
300.185
300.155
300.128
300.105
300.086
300.07
300.056
300.045
300.036
300.028
300.022
300.017
300.013
300.01
300.008
300.006
300.004
300.003
300.002
300.001
300.001
300.001
300
300
300
300
300
300
300
300
300
301.654
301.583
301.505
301.421
301.332
301.24
301.146
301.052
300.959
300.868
300.78
300.697
300.618
300.544
300.475
300.413
300.356
300.305
300.26
300.219
300.184
300.154
300.127
300.105
300.086
300.07
300.056
300.045
300.036
300.028
300.022
300.017
300.013
300.01
300.008
300.006
300.004
300.003
300.002
300.001
300.001
300.001
300
300
300
300
300
300
300
300
300
301.596
301.531
301.458
301.38
301.296
301.21
301.121
301.031
300.942
300.854
300.769
300.688
300.611
300.538
300.471
300.409
300.353
300.303
300.258
300.218
300.183
300.153
300.127
300.104
300.085
300.069
300.056
300.045
300.036
300.028
300.022
300.017
300.013
300.01
300.008
300.006
300.004
300.003
300.002
300.001
300.001
300.001
300
300
300
300
300
300
300
300
300
301.563
301.501
301.432
301.356
301.276
301.192
301.106
301.019
300.932
300.846
300.763
300.683
300.607
300.535
300.469
300.408
300.352
300.302
300.257
300.217
300.183
300.152
300.126
300.104
300.085
300.069
300.056
300.045
300.036
300.028
300.022
300.017
300.013
300.01
300.008
300.006
300.004
300.003
300.002
300.001
300.001
300.001
300
300
300
300
300
300
300
300
300
)
;

boundaryField
{
    inlet
    {
        type            fixedValue;
        value           uniform 300;
    }
    outlet
    {
        type            zeroGradient;
    }
    top
    {
        type            zeroGradient;
    }
    slip-bottom
    {
        type            zeroGradient;
    }
    bottom
    {
        type            zeroGradient;
    }
    interface
    {
        type            fixedGradient;
        gradient        nonuniform List<scalar> 
161
(
67.8971
67.8971
46.1047
46.1047
46.1047
46.1047
34.1895
34.1895
34.1895
34.1895
29.3649
29.3649
29.3649
28.5572
28.5572
28.5572
28.5572
25.9518
25.9518
25.9518
25.0773
25.0773
25.0773
24.5651
24.5651
24.5651
23.9075
23.9075
23.9075
23.3147
23.3147
23.3147
22.7654
22.7654
22.7654
22.2256
22.2256
22.2256
21.7118
21.7118
21.7118
20.6998
20.6998
21.4066
21.4066
21.4066
20.4063
20.4063
20.8502
20.8502
20.8502
19.8723
19.8723
19.8602
19.8602
19.8602
19.9835
19.9835
20.2853
20.2853
19.1359
19.1359
19.0334
19.0334
19.0727
19.0727
18.9437
18.9437
18.9437
18.7867
18.7867
18.6356
18.4796
18.4796
18.292
18.292
18.1248
18.1248
17.5311
17.5311
18.28
18.28
17.9783
17.9783
17.6407
17.1
17.1
17.7064
17.7064
17.453
16.8059
16.8059
17.3741
16.7967
16.7967
17.1632
17.1632
16.5983
16.9502
16.9502
16.4407
16.7809
16.295
16.295
16.3312
16.659
16.659
16.1025
16.3556
15.9404
15.9404
15.9541
16.0457
16.2008
16.2008
15.7466
15.7734
15.8529
15.9612
15.9612
15.6143
15.6322
15.6891
15.6895
15.745
15.5496
15.5496
15.543
15.5621
15.5536
15.5412
15.5262
15.5096
15.4921
15.4745
15.4571
15.4408
15.4263
15.4145
15.4066
15.4043
15.4093
15.4236
15.449
15.4879
15.5442
15.6243
15.7426
15.9323
16.0962
15.7045
15.7775
16.3908
16.8227
17.3996
18.099
20.8286
18.3644
21.2277
24.0031
34.0605
)
;
    }
    defaultFaces
    {
        type            empty;
    }
}


// ************************************************************************* //
