/*--------------------------------*- C++ -*----------------------------------*\
| =========                 |                                                 |
| \\      /  F ield         | OpenFOAM: The Open Source CFD Toolbox           |
|  \\    /   O peration     | Version:  2106                                  |
|   \\  /    A nd           | Website:  www.openfoam.com                      |
|    \\/     M anipulation  |                                                 |
\*---------------------------------------------------------------------------*/
FoamFile
{
    version     2.0;
    format      ascii;
    arch        "LSB;label=32;scalar=64";
    class       volScalarField;
    location    "4.8";
    object      T;
}
// * * * * * * * * * * * * * * * * * * * * * * * * * * * * * * * * * * * * * //

dimensions      [0 0 0 1 0 0 0];

internalField   nonuniform List<scalar> 
12013
(
300.003
300.009
300.016
300.022
300.029
300.037
300.044
300.052
300.061
300.07
300.079
300.088
300.098
300.108
300.119
300.13
300.142
300.154
300.166
300.18
300.193
300.207
300.222
300.237
300.253
300.269
300.286
300.303
300.321
300.34
300.359
300.379
300.4
300.421
300.443
300.466
300.489
300.513
300.538
300.564
300.59
300.617
300.645
300.674
300.704
300.734
300.766
300.798
300.831
300.865
300.901
300.937
300.974
301.012
301.052
301.092
301.134
301.177
301.221
301.267
301.314
301.362
301.412
301.463
301.516
301.571
301.628
301.687
301.748
301.811
301.878
301.947
302.019
302.095
302.175
302.26
302.351
302.45
302.56
302.684
302.831
300.003
300.009
300.016
300.022
300.029
300.037
300.044
300.052
300.061
300.07
300.079
300.088
300.098
300.108
300.119
300.13
300.142
300.154
300.166
300.18
300.193
300.207
300.222
300.237
300.253
300.269
300.286
300.303
300.321
300.34
300.359
300.379
300.4
300.421
300.443
300.466
300.489
300.513
300.538
300.564
300.59
300.617
300.645
300.674
300.704
300.734
300.766
300.798
300.831
300.865
300.9
300.937
300.974
301.012
301.051
301.092
301.134
301.177
301.221
301.266
301.313
301.361
301.411
301.463
301.516
301.57
301.627
301.686
301.747
301.81
301.876
301.945
302.016
302.092
302.171
302.255
302.345
302.442
302.547
302.662
302.789
300.003
300.009
300.016
300.022
300.029
300.037
300.044
300.052
300.061
300.07
300.079
300.088
300.098
300.108
300.119
300.13
300.142
300.154
300.166
300.18
300.193
300.207
300.222
300.237
300.253
300.269
300.286
300.303
300.321
300.34
300.359
300.379
300.4
300.421
300.443
300.466
300.489
300.513
300.538
300.563
300.59
300.617
300.645
300.674
300.703
300.734
300.765
300.798
300.831
300.865
300.9
300.936
300.973
301.012
301.051
301.091
301.133
301.176
301.22
301.265
301.312
301.36
301.41
301.461
301.514
301.569
301.625
301.683
301.744
301.807
301.872
301.94
302.011
302.085
302.163
302.246
302.332
302.425
302.523
302.626
302.735
300.003
300.009
300.016
300.022
300.029
300.037
300.044
300.052
300.061
300.07
300.079
300.088
300.098
300.108
300.119
300.13
300.142
300.154
300.166
300.179
300.193
300.207
300.222
300.237
300.253
300.269
300.286
300.303
300.321
300.34
300.359
300.379
300.4
300.421
300.443
300.465
300.489
300.513
300.538
300.563
300.59
300.617
300.645
300.673
300.703
300.734
300.765
300.797
300.83
300.864
300.899
300.936
300.973
301.011
301.05
301.09
301.132
301.175
301.219
301.264
301.31
301.358
301.408
301.459
301.511
301.566
301.622
301.68
301.739
301.802
301.866
301.933
302.003
302.075
302.151
302.23
302.313
302.4
302.49
302.583
302.677
300.003
300.009
300.016
300.022
300.029
300.037
300.044
300.052
300.061
300.07
300.079
300.088
300.098
300.108
300.119
300.13
300.142
300.154
300.166
300.179
300.193
300.207
300.222
300.237
300.252
300.269
300.286
300.303
300.321
300.34
300.359
300.379
300.399
300.421
300.443
300.465
300.489
300.513
300.537
300.563
300.589
300.616
300.644
300.673
300.703
300.733
300.764
300.796
300.83
300.864
300.899
300.935
300.972
301.01
301.049
301.089
301.13
301.173
301.217
301.262
301.308
301.356
301.405
301.455
301.507
301.561
301.617
301.674
301.733
301.794
301.857
301.923
301.991
302.061
302.134
302.21
302.288
302.369
302.451
302.535
302.618
300.003
300.009
300.016
300.022
300.029
300.037
300.044
300.052
300.061
300.069
300.079
300.088
300.098
300.108
300.119
300.13
300.142
300.154
300.166
300.179
300.193
300.207
300.222
300.237
300.252
300.269
300.285
300.303
300.321
300.34
300.359
300.379
300.399
300.42
300.442
300.465
300.488
300.512
300.537
300.563
300.589
300.616
300.644
300.672
300.702
300.732
300.763
300.795
300.828
300.862
300.897
300.933
300.97
301.008
301.047
301.087
301.128
301.17
301.214
301.259
301.305
301.352
301.4
301.451
301.502
301.555
301.61
301.666
301.724
301.784
301.846
301.91
301.975
302.043
302.113
302.184
302.258
302.332
302.408
302.483
302.558
300.003
300.009
300.016
300.022
300.029
300.037
300.044
300.052
300.061
300.069
300.079
300.088
300.098
300.108
300.119
300.13
300.142
300.154
300.166
300.179
300.193
300.207
300.221
300.237
300.252
300.268
300.285
300.303
300.321
300.339
300.359
300.378
300.399
300.42
300.442
300.465
300.488
300.512
300.536
300.562
300.588
300.615
300.643
300.671
300.701
300.731
300.762
300.794
300.827
300.861
300.896
300.931
300.968
301.006
301.044
301.084
301.125
301.167
301.21
301.255
301.3
301.347
301.395
301.444
301.495
301.547
301.601
301.656
301.713
301.771
301.831
301.893
301.956
302.021
302.087
302.154
302.223
302.292
302.361
302.43
302.498
300.003
300.009
300.016
300.022
300.029
300.037
300.044
300.052
300.061
300.069
300.078
300.088
300.098
300.108
300.119
300.13
300.142
300.154
300.166
300.179
300.193
300.207
300.221
300.236
300.252
300.268
300.285
300.302
300.32
300.339
300.358
300.378
300.399
300.42
300.441
300.464
300.487
300.511
300.536
300.561
300.587
300.614
300.642
300.67
300.7
300.73
300.761
300.793
300.825
300.859
300.894
300.929
300.966
301.003
301.041
301.081
301.121
301.163
301.206
301.249
301.294
301.341
301.388
301.437
301.487
301.538
301.59
301.644
301.699
301.756
301.814
301.873
301.933
301.995
302.057
302.121
302.185
302.249
302.312
302.376
302.437
300.003
300.009
300.016
300.022
300.029
300.037
300.044
300.052
300.061
300.069
300.078
300.088
300.098
300.108
300.119
300.13
300.141
300.153
300.166
300.179
300.192
300.207
300.221
300.236
300.252
300.268
300.285
300.302
300.32
300.339
300.358
300.378
300.398
300.419
300.441
300.463
300.486
300.51
300.535
300.56
300.586
300.613
300.641
300.669
300.698
300.728
300.759
300.791
300.823
300.857
300.891
300.926
300.962
300.999
301.038
301.077
301.117
301.158
301.2
301.243
301.287
301.333
301.379
301.427
301.476
301.526
301.577
301.629
301.683
301.737
301.793
301.85
301.907
301.965
302.024
302.084
302.143
302.202
302.261
302.319
302.376
300.003
300.009
300.016
300.022
300.029
300.037
300.044
300.052
300.061
300.069
300.078
300.088
300.098
300.108
300.119
300.13
300.141
300.153
300.166
300.179
300.192
300.206
300.221
300.236
300.251
300.268
300.284
300.302
300.32
300.338
300.357
300.377
300.397
300.418
300.44
300.462
300.486
300.509
300.534
300.559
300.585
300.612
300.639
300.667
300.696
300.726
300.757
300.788
300.821
300.854
300.888
300.923
300.958
300.995
301.033
301.071
301.111
301.151
301.193
301.236
301.279
301.324
301.369
301.416
301.463
301.512
301.561
301.612
301.663
301.716
301.769
301.823
301.878
301.933
301.988
302.043
302.099
302.154
302.209
302.262
302.315
300.003
300.009
300.016
300.022
300.029
300.037
300.044
300.052
300.061
300.069
300.078
300.088
300.098
300.108
300.118
300.13
300.141
300.153
300.166
300.179
300.192
300.206
300.22
300.236
300.251
300.267
300.284
300.301
300.319
300.337
300.357
300.376
300.397
300.418
300.439
300.461
300.484
300.508
300.532
300.558
300.583
300.61
300.637
300.665
300.694
300.724
300.754
300.785
300.817
300.85
300.884
300.918
300.954
300.99
301.027
301.065
301.104
301.144
301.185
301.226
301.269
301.312
301.357
301.402
301.448
301.495
301.543
301.592
301.641
301.691
301.742
301.793
301.845
301.897
301.949
302.001
302.052
302.104
302.154
302.204
302.253
300.003
300.009
300.016
300.022
300.029
300.037
300.044
300.052
300.06
300.069
300.078
300.088
300.097
300.108
300.118
300.129
300.141
300.153
300.165
300.178
300.192
300.206
300.22
300.235
300.251
300.267
300.283
300.301
300.318
300.337
300.356
300.375
300.396
300.416
300.438
300.46
300.483
300.507
300.531
300.556
300.581
300.608
300.635
300.663
300.691
300.721
300.751
300.782
300.813
300.846
300.879
300.913
300.948
300.984
301.02
301.058
301.096
301.135
301.175
301.216
301.257
301.299
301.343
301.387
301.431
301.477
301.523
301.569
301.617
301.664
301.712
301.761
301.81
301.858
301.907
301.956
302.004
302.051
302.099
302.145
302.19
300.003
300.009
300.016
300.022
300.029
300.037
300.044
300.052
300.06
300.069
300.078
300.087
300.097
300.107
300.118
300.129
300.141
300.153
300.165
300.178
300.191
300.205
300.22
300.235
300.25
300.266
300.283
300.3
300.318
300.336
300.355
300.374
300.394
300.415
300.437
300.459
300.481
300.505
300.529
300.554
300.579
300.605
300.632
300.66
300.688
300.717
300.747
300.777
300.808
300.84
300.873
300.907
300.941
300.976
301.012
301.049
301.086
301.124
301.163
301.203
301.243
301.284
301.326
301.369
301.412
301.455
301.499
301.544
301.589
301.634
301.68
301.726
301.772
301.817
301.863
301.908
301.953
301.998
302.042
302.085
302.127
300.003
300.009
300.016
300.022
300.029
300.036
300.044
300.052
300.06
300.069
300.078
300.087
300.097
300.107
300.118
300.129
300.14
300.152
300.165
300.177
300.191
300.205
300.219
300.234
300.249
300.265
300.282
300.299
300.317
300.335
300.354
300.373
300.393
300.414
300.435
300.457
300.479
300.503
300.526
300.551
300.576
300.602
300.629
300.656
300.684
300.713
300.742
300.772
300.803
300.834
300.867
300.9
300.933
300.968
301.003
301.039
301.075
301.112
301.15
301.189
301.228
301.267
301.308
301.349
301.39
301.432
301.474
301.516
301.559
301.602
301.645
301.688
301.731
301.774
301.817
301.859
301.901
301.943
301.984
302.024
302.063
300.003
300.009
300.016
300.022
300.029
300.036
300.044
300.052
300.06
300.069
300.078
300.087
300.097
300.107
300.118
300.128
300.14
300.152
300.164
300.177
300.19
300.204
300.218
300.233
300.249
300.264
300.281
300.298
300.315
300.334
300.352
300.372
300.391
300.412
300.433
300.455
300.477
300.5
300.524
300.548
300.573
300.598
300.625
300.652
300.679
300.707
300.736
300.766
300.796
300.827
300.859
300.891
300.924
300.958
300.992
301.027
301.062
301.098
301.135
301.172
301.21
301.248
301.287
301.326
301.366
301.406
301.446
301.486
301.526
301.567
301.608
301.648
301.689
301.729
301.769
301.809
301.848
301.886
301.925
301.962
301.999
300.003
300.009
300.015
300.022
300.029
300.036
300.044
300.052
300.06
300.069
300.077
300.087
300.097
300.107
300.117
300.128
300.139
300.151
300.164
300.176
300.19
300.203
300.218
300.232
300.248
300.263
300.28
300.297
300.314
300.332
300.351
300.37
300.389
300.41
300.431
300.452
300.474
300.497
300.52
300.544
300.569
300.594
300.62
300.647
300.674
300.702
300.73
300.759
300.789
300.819
300.85
300.881
300.914
300.946
300.98
301.013
301.048
301.083
301.118
301.154
301.19
301.227
301.264
301.302
301.339
301.377
301.415
301.453
301.492
301.53
301.568
301.606
301.644
301.682
301.719
301.756
301.793
301.829
301.865
301.9
301.934
300.003
300.009
300.015
300.022
300.029
300.036
300.044
300.052
300.06
300.068
300.077
300.086
300.096
300.106
300.117
300.128
300.139
300.151
300.163
300.176
300.189
300.203
300.217
300.231
300.246
300.262
300.278
300.295
300.312
300.33
300.349
300.368
300.387
300.407
300.428
300.449
300.471
300.494
300.517
300.54
300.564
300.589
300.615
300.641
300.667
300.695
300.723
300.751
300.78
300.81
300.84
300.87
300.902
300.933
300.966
300.998
301.032
301.065
301.099
301.134
301.169
301.204
301.239
301.275
301.311
301.347
301.383
301.419
301.455
301.491
301.527
301.563
301.598
301.633
301.668
301.703
301.737
301.771
301.804
301.837
301.869
300.003
300.009
300.015
300.022
300.029
300.036
300.044
300.051
300.06
300.068
300.077
300.086
300.096
300.106
300.116
300.127
300.138
300.15
300.162
300.175
300.188
300.201
300.216
300.23
300.245
300.261
300.277
300.293
300.31
300.328
300.346
300.365
300.384
300.404
300.425
300.446
300.467
300.489
300.512
300.535
300.559
300.584
300.609
300.634
300.66
300.687
300.714
300.742
300.77
300.799
300.828
300.858
300.888
300.919
300.95
300.982
301.014
301.046
301.079
301.112
301.145
301.178
301.212
301.246
301.28
301.314
301.348
301.382
301.416
301.45
301.484
301.517
301.55
301.583
301.616
301.648
301.68
301.712
301.743
301.773
301.803
300.003
300.009
300.015
300.022
300.029
300.036
300.043
300.051
300.059
300.068
300.077
300.086
300.095
300.105
300.116
300.126
300.138
300.149
300.161
300.174
300.187
300.2
300.214
300.229
300.244
300.259
300.275
300.291
300.308
300.326
300.344
300.362
300.381
300.401
300.421
300.442
300.463
300.485
300.507
300.53
300.553
300.577
300.602
300.627
300.652
300.678
300.705
300.732
300.759
300.787
300.815
300.844
300.873
300.903
300.933
300.963
300.994
301.025
301.056
301.088
301.119
301.151
301.183
301.215
301.247
301.279
301.311
301.343
301.375
301.407
301.439
301.47
301.501
301.532
301.563
301.593
301.623
301.652
301.681
301.709
301.738
300.003
300.009
300.015
300.022
300.029
300.036
300.043
300.051
300.059
300.067
300.076
300.085
300.095
300.105
300.115
300.126
300.137
300.148
300.16
300.173
300.186
300.199
300.213
300.227
300.242
300.257
300.273
300.289
300.306
300.323
300.341
300.359
300.378
300.397
300.417
300.437
300.458
300.479
300.501
300.524
300.546
300.57
300.594
300.618
300.643
300.668
300.694
300.72
300.747
300.774
300.801
300.829
300.857
300.885
300.914
300.943
300.972
301.002
301.032
301.062
301.092
301.122
301.152
301.182
301.213
301.243
301.273
301.303
301.333
301.363
301.393
301.422
301.451
301.48
301.508
301.536
301.564
301.592
301.619
301.645
301.672
300.003
300.009
300.015
300.022
300.028
300.035
300.043
300.051
300.059
300.067
300.076
300.085
300.094
300.104
300.114
300.125
300.136
300.147
300.159
300.171
300.184
300.197
300.211
300.225
300.24
300.255
300.27
300.286
300.303
300.32
300.337
300.355
300.374
300.393
300.412
300.432
300.452
300.473
300.495
300.516
300.539
300.561
300.585
300.608
300.632
300.657
300.682
300.707
300.733
300.759
300.785
300.812
300.839
300.866
300.894
300.921
300.949
300.977
301.006
301.034
301.062
301.091
301.119
301.148
301.176
301.205
301.233
301.261
301.29
301.317
301.345
301.373
301.4
301.427
301.453
301.48
301.505
301.531
301.556
301.581
301.606
300.003
300.009
300.015
300.021
300.028
300.035
300.043
300.05
300.058
300.066
300.075
300.084
300.093
300.103
300.113
300.124
300.135
300.146
300.158
300.17
300.183
300.196
300.209
300.223
300.237
300.252
300.267
300.283
300.299
300.316
300.333
300.351
300.369
300.388
300.407
300.426
300.446
300.466
300.487
300.508
300.53
300.552
300.575
300.598
300.621
300.645
300.669
300.693
300.718
300.743
300.768
300.793
300.819
300.845
300.871
300.898
300.924
300.951
300.978
301.005
301.032
301.058
301.085
301.112
301.139
301.166
301.192
301.219
301.245
301.271
301.297
301.322
301.348
301.373
301.398
301.422
301.446
301.47
301.494
301.517
301.54
300.003
300.009
300.015
300.021
300.028
300.035
300.042
300.05
300.058
300.066
300.074
300.083
300.093
300.102
300.112
300.123
300.133
300.145
300.156
300.168
300.181
300.193
300.207
300.22
300.235
300.249
300.264
300.28
300.296
300.312
300.329
300.346
300.364
300.382
300.4
300.419
300.439
300.459
300.479
300.5
300.521
300.542
300.564
300.586
300.608
300.631
300.654
300.678
300.701
300.725
300.749
300.774
300.798
300.823
300.848
300.873
300.898
300.923
300.949
300.974
300.999
301.024
301.05
301.075
301.1
301.125
301.15
301.175
301.199
301.223
301.248
301.271
301.295
301.318
301.342
301.364
301.387
301.409
301.431
301.453
301.474
300.003
300.009
300.015
300.021
300.028
300.035
300.042
300.049
300.057
300.065
300.074
300.082
300.092
300.101
300.111
300.121
300.132
300.143
300.154
300.166
300.178
300.191
300.204
300.218
300.232
300.246
300.261
300.276
300.291
300.307
300.324
300.341
300.358
300.376
300.394
300.412
300.431
300.45
300.47
300.49
300.51
300.531
300.552
300.573
300.594
300.616
300.638
300.661
300.683
300.706
300.729
300.752
300.776
300.799
300.823
300.847
300.87
300.894
300.918
300.942
300.965
300.989
301.013
301.036
301.06
301.083
301.107
301.13
301.153
301.175
301.198
301.22
301.242
301.264
301.285
301.307
301.328
301.348
301.369
301.389
301.409
300.003
300.009
300.015
300.021
300.027
300.034
300.041
300.049
300.056
300.064
300.073
300.082
300.091
300.1
300.11
300.12
300.13
300.141
300.152
300.164
300.176
300.188
300.201
300.214
300.228
300.242
300.257
300.271
300.287
300.302
300.318
300.335
300.351
300.368
300.386
300.404
300.422
300.441
300.46
300.479
300.498
300.518
300.538
300.559
300.579
300.6
300.622
300.643
300.664
300.686
300.708
300.73
300.752
300.774
300.797
300.819
300.841
300.864
300.886
300.908
300.931
300.953
300.975
300.997
301.019
301.041
301.063
301.084
301.105
301.127
301.148
301.168
301.189
301.209
301.229
301.249
301.268
301.288
301.307
301.325
301.344
300.003
300.008
300.014
300.021
300.027
300.034
300.041
300.048
300.056
300.064
300.072
300.08
300.089
300.099
300.108
300.118
300.128
300.139
300.15
300.162
300.173
300.185
300.198
300.211
300.224
300.238
300.252
300.266
300.281
300.296
300.312
300.328
300.344
300.361
300.378
300.395
300.413
300.43
300.449
300.467
300.486
300.505
300.524
300.544
300.563
300.583
300.603
300.624
300.644
300.665
300.686
300.706
300.727
300.748
300.769
300.79
300.811
300.832
300.853
300.874
300.895
300.916
300.936
300.957
300.978
300.998
301.018
301.038
301.058
301.078
301.097
301.116
301.135
301.154
301.173
301.191
301.209
301.227
301.245
301.262
301.279
300.003
300.008
300.014
300.02
300.027
300.033
300.04
300.047
300.055
300.063
300.071
300.079
300.088
300.097
300.106
300.116
300.126
300.137
300.148
300.159
300.17
300.182
300.194
300.207
300.22
300.233
300.247
300.261
300.275
300.29
300.305
300.321
300.336
300.352
300.369
300.385
300.402
300.419
300.437
300.454
300.472
300.491
300.509
300.528
300.546
300.565
300.584
300.604
300.623
300.642
300.662
300.682
300.701
300.721
300.741
300.76
300.78
300.8
300.819
300.839
300.859
300.878
300.897
300.917
300.936
300.955
300.973
300.992
301.01
301.029
301.047
301.065
301.082
301.1
301.117
301.134
301.151
301.168
301.184
301.2
301.216
300.003
300.008
300.014
300.02
300.026
300.033
300.04
300.047
300.054
300.062
300.07
300.078
300.086
300.095
300.105
300.114
300.124
300.134
300.145
300.156
300.167
300.179
300.19
300.203
300.215
300.228
300.241
300.255
300.269
300.283
300.298
300.313
300.328
300.343
300.359
300.375
300.391
300.407
300.424
300.441
300.458
300.475
300.493
300.511
300.528
300.546
300.564
300.583
300.601
300.619
300.638
300.656
300.675
300.693
300.712
300.73
300.748
300.767
300.785
300.804
300.822
300.84
300.858
300.876
300.893
300.911
300.929
300.946
300.963
300.98
300.997
301.013
301.03
301.046
301.062
301.078
301.094
301.109
301.124
301.139
301.154
300.003
300.008
300.014
300.02
300.026
300.032
300.039
300.046
300.053
300.061
300.068
300.076
300.085
300.094
300.103
300.112
300.122
300.131
300.142
300.152
300.163
300.175
300.186
300.198
300.21
300.223
300.236
300.249
300.262
300.276
300.29
300.304
300.319
300.333
300.348
300.364
300.379
300.395
300.411
300.427
300.443
300.46
300.476
300.493
300.51
300.527
300.544
300.561
300.578
300.595
300.613
300.63
300.647
300.665
300.682
300.699
300.716
300.734
300.751
300.768
300.785
300.801
300.818
300.835
300.851
300.868
300.884
300.9
300.916
300.932
300.947
300.963
300.978
300.993
301.008
301.022
301.037
301.051
301.065
301.079
301.093
300.003
300.008
300.013
300.019
300.025
300.032
300.038
300.045
300.052
300.059
300.067
300.075
300.083
300.091
300.1
300.109
300.119
300.128
300.138
300.149
300.159
300.17
300.181
300.193
300.205
300.217
300.229
300.242
300.255
300.268
300.281
300.295
300.309
300.323
300.337
300.352
300.367
300.382
300.397
300.412
300.427
300.443
300.459
300.474
300.49
300.506
300.522
300.538
300.555
300.571
300.587
300.603
300.619
300.636
300.652
300.668
300.684
300.7
300.716
300.732
300.748
300.763
300.779
300.794
300.81
300.825
300.84
300.855
300.869
300.884
300.898
300.913
300.927
300.941
300.955
300.968
300.982
300.995
301.008
301.021
301.033
300.003
300.008
300.013
300.019
300.025
300.031
300.037
300.044
300.051
300.058
300.065
300.073
300.081
300.089
300.098
300.107
300.116
300.125
300.135
300.145
300.155
300.166
300.176
300.188
300.199
300.211
300.222
300.235
300.247
300.26
300.272
300.285
300.299
300.312
300.326
300.34
300.354
300.368
300.382
300.397
300.411
300.426
300.441
300.456
300.471
300.486
300.501
300.516
300.531
300.546
300.561
300.576
300.592
300.607
300.622
300.637
300.652
300.667
300.681
300.696
300.711
300.725
300.74
300.754
300.768
300.782
300.796
300.81
300.824
300.837
300.851
300.864
300.877
300.89
300.903
300.915
300.928
300.94
300.952
300.964
300.976
300.002
300.008
300.013
300.018
300.024
300.03
300.036
300.043
300.05
300.056
300.064
300.071
300.079
300.087
300.095
300.104
300.113
300.122
300.131
300.141
300.151
300.161
300.171
300.182
300.193
300.204
300.215
300.227
300.239
300.251
300.263
300.275
300.288
300.301
300.314
300.327
300.34
300.354
300.367
300.381
300.395
300.409
300.422
300.436
300.451
300.465
300.479
300.493
300.507
300.521
300.535
300.55
300.564
300.578
300.592
300.606
300.62
300.634
300.647
300.661
300.675
300.688
300.702
300.715
300.728
300.741
300.754
300.767
300.779
300.792
300.804
300.817
300.829
300.841
300.852
300.864
300.876
300.887
300.898
300.909
300.92
300.002
300.007
300.013
300.018
300.024
300.029
300.035
300.042
300.048
300.055
300.062
300.069
300.077
300.085
300.093
300.101
300.109
300.118
300.127
300.136
300.146
300.156
300.166
300.176
300.186
300.197
300.208
300.219
300.23
300.242
300.254
300.265
300.277
300.29
300.302
300.314
300.327
300.34
300.352
300.365
300.378
300.391
300.404
300.417
300.431
300.444
300.457
300.47
300.484
300.497
300.51
300.523
300.536
300.55
300.563
300.576
300.589
300.601
300.614
300.627
300.64
300.652
300.665
300.677
300.689
300.701
300.713
300.725
300.737
300.748
300.76
300.771
300.782
300.793
300.804
300.815
300.826
300.836
300.846
300.857
300.867
300.002
300.007
300.012
300.017
300.023
300.029
300.034
300.041
300.047
300.053
300.06
300.067
300.074
300.082
300.09
300.098
300.106
300.114
300.123
300.132
300.141
300.151
300.16
300.17
300.18
300.19
300.201
300.211
300.222
300.233
300.244
300.255
300.267
300.278
300.29
300.302
300.313
300.325
300.337
300.35
300.362
300.374
300.386
300.399
300.411
300.423
300.436
300.448
300.461
300.473
300.485
300.498
300.51
300.522
300.534
300.546
300.558
300.57
300.582
300.594
300.606
300.617
300.629
300.64
300.652
300.663
300.674
300.685
300.696
300.707
300.717
300.728
300.738
300.748
300.758
300.768
300.778
300.788
300.797
300.807
300.816
300.002
300.007
300.012
300.017
300.022
300.028
300.033
300.039
300.045
300.052
300.058
300.065
300.072
300.079
300.087
300.095
300.103
300.111
300.119
300.128
300.136
300.145
300.155
300.164
300.174
300.183
300.193
300.203
300.214
300.224
300.234
300.245
300.256
300.267
300.278
300.289
300.3
300.311
300.323
300.334
300.346
300.357
300.369
300.38
300.392
300.404
300.415
300.427
300.438
300.45
300.461
300.473
300.484
300.496
300.507
300.518
300.53
300.541
300.552
300.563
300.574
300.585
300.595
300.606
300.616
300.627
300.637
300.647
300.657
300.667
300.677
300.687
300.696
300.706
300.715
300.725
300.734
300.743
300.751
300.76
300.769
300.002
300.007
300.012
300.016
300.022
300.027
300.032
300.038
300.044
300.05
300.057
300.063
300.07
300.077
300.084
300.092
300.099
300.107
300.115
300.123
300.132
300.14
300.149
300.158
300.167
300.177
300.186
300.196
300.205
300.215
300.225
300.235
300.246
300.256
300.267
300.277
300.288
300.298
300.309
300.32
300.331
300.341
300.352
300.363
300.374
300.385
300.396
300.407
300.418
300.428
300.439
300.45
300.461
300.471
300.482
300.492
300.503
300.513
300.524
300.534
300.544
300.554
300.564
300.574
300.584
300.593
300.603
300.612
300.622
300.631
300.64
300.649
300.658
300.667
300.676
300.684
300.693
300.701
300.709
300.717
300.725
300.002
300.007
300.011
300.016
300.021
300.026
300.031
300.037
300.043
300.049
300.055
300.061
300.068
300.075
300.082
300.089
300.096
300.104
300.111
300.119
300.127
300.136
300.144
300.153
300.161
300.17
300.179
300.189
300.198
300.207
300.217
300.226
300.236
300.246
300.256
300.266
300.276
300.286
300.296
300.306
300.317
300.327
300.337
300.347
300.358
300.368
300.378
300.388
300.399
300.409
300.419
300.429
300.439
300.449
300.459
300.469
300.479
300.488
300.498
300.508
300.517
300.527
300.536
300.545
300.554
300.563
300.572
300.581
300.59
300.599
300.607
300.615
300.624
300.632
300.64
300.648
300.656
300.664
300.672
300.679
300.687
300.002
300.006
300.011
300.016
300.02
300.025
300.031
300.036
300.042
300.047
300.053
300.059
300.066
300.072
300.079
300.086
300.093
300.1
300.108
300.116
300.123
300.131
300.139
300.148
300.156
300.165
300.173
300.182
300.191
300.2
300.209
300.218
300.228
300.237
300.247
300.256
300.266
300.275
300.285
300.295
300.304
300.314
300.324
300.334
300.343
300.353
300.363
300.372
300.382
300.392
300.401
300.411
300.42
300.43
300.439
300.448
300.458
300.467
300.476
300.485
300.494
300.503
300.511
300.52
300.529
300.537
300.546
300.554
300.562
300.57
300.578
300.586
300.594
300.602
300.609
300.617
300.624
300.632
300.639
300.646
300.653
300.002
300.006
300.011
300.015
300.02
300.025
300.03
300.035
300.041
300.046
300.052
300.058
300.064
300.071
300.077
300.084
300.091
300.098
300.105
300.112
300.12
300.128
300.136
300.144
300.152
300.16
300.168
300.177
300.185
300.194
300.203
300.212
300.221
300.23
300.239
300.248
300.257
300.266
300.276
300.285
300.294
300.303
300.313
300.322
300.331
300.341
300.35
300.359
300.368
300.378
300.387
300.396
300.405
300.414
300.423
300.432
300.44
300.449
300.458
300.466
300.475
300.483
300.492
300.5
300.508
300.516
300.524
300.532
300.54
300.547
300.555
300.563
300.57
300.577
300.585
300.592
300.599
300.606
300.613
300.619
300.626
300.002
300.006
300.01
300.015
300.019
300.024
300.029
300.034
300.04
300.045
300.051
300.057
300.063
300.069
300.076
300.082
300.089
300.096
300.103
300.11
300.117
300.125
300.133
300.14
300.148
300.156
300.165
300.173
300.181
300.19
300.198
300.207
300.216
300.224
300.233
300.242
300.251
300.26
300.269
300.278
300.287
300.296
300.305
300.314
300.323
300.332
300.341
300.35
300.358
300.367
300.376
300.385
300.394
300.402
300.411
300.419
300.428
300.436
300.445
300.453
300.461
300.469
300.477
300.485
300.493
300.501
300.508
300.516
300.524
300.531
300.538
300.546
300.553
300.56
300.567
300.573
300.58
300.587
300.593
300.6
300.606
300.002
300.006
300.01
300.015
300.019
300.024
300.029
300.034
300.039
300.045
300.05
300.056
300.062
300.068
300.075
300.081
300.088
300.095
300.102
300.109
300.116
300.124
300.131
300.139
300.147
300.155
300.163
300.171
300.179
300.187
300.196
300.204
300.213
300.221
300.23
300.239
300.247
300.256
300.265
300.274
300.283
300.292
300.3
300.309
300.318
300.327
300.336
300.344
300.353
300.362
300.37
300.379
300.388
300.396
300.404
300.413
300.421
300.429
300.438
300.446
300.454
300.462
300.469
300.477
300.485
300.492
300.5
300.507
300.515
300.522
300.529
300.536
300.543
300.55
300.557
300.564
300.57
300.577
300.583
300.589
300.596
303.027
303.156
303.234
303.306
303.37
303.421
303.456
303.496
303.536
303.573
303.605
303.639
303.674
303.708
303.742
303.775
303.806
303.834
303.863
303.893
303.922
303.952
303.982
304.011
304.04
304.068
304.096
304.124
304.152
304.179
304.206
304.233
304.258
304.285
304.311
304.336
304.361
304.387
304.411
304.436
304.461
304.484
304.51
304.537
304.562
304.587
304.61
304.635
304.661
304.685
304.709
304.731
304.755
304.779
304.804
304.829
304.854
304.879
304.903
304.926
304.946
304.968
304.99
305.014
305.037
305.06
305.083
305.106
305.129
305.152
305.174
305.195
305.217
305.239
305.26
305.281
305.302
305.323
305.342
305.364
305.389
305.411
305.431
305.451
305.469
305.486
305.506
305.529
305.549
305.567
305.583
305.602
305.623
305.64
305.659
305.68
305.698
305.714
305.733
305.75
305.765
305.782
305.796
305.812
305.829
305.847
305.863
305.875
305.889
305.902
305.915
305.93
305.945
305.96
305.972
305.982
305.994
306.006
306.019
306.029
306.037
306.046
306.056
306.064
306.073
306.078
306.085
306.091
306.096
306.1
306.104
306.106
306.108
306.108
306.107
306.105
306.101
306.096
306.09
306.081
306.072
306.06
306.047
306.032
306.014
305.995
305.972
305.947
305.919
305.886
305.846
305.804
305.763
305.716
305.663
305.603
305.538
305.427
305.327
305.2
305.035
302.925
303.039
303.128
303.203
303.269
303.324
303.37
303.414
303.456
303.495
303.532
303.568
303.604
303.639
303.674
303.708
303.74
303.77
303.801
303.831
303.862
303.892
303.922
303.951
303.981
304.01
304.038
304.067
304.095
304.122
304.15
304.177
304.204
304.23
304.256
304.282
304.308
304.334
304.359
304.384
304.409
304.434
304.459
304.486
304.511
304.536
304.561
304.585
304.611
304.636
304.66
304.683
304.707
304.731
304.756
304.781
304.806
304.831
304.855
304.878
304.9
304.922
304.945
304.968
304.991
305.015
305.038
305.061
305.084
305.107
305.129
305.151
305.173
305.195
305.216
305.237
305.259
305.28
305.3
305.322
305.346
305.368
305.388
305.408
305.427
305.446
305.466
305.487
305.507
305.526
305.543
305.562
305.582
305.601
305.62
305.64
305.658
305.675
305.693
305.711
305.726
305.743
305.758
305.775
305.791
305.809
305.824
305.838
305.852
305.865
305.879
305.893
305.908
305.922
305.935
305.946
305.958
305.97
305.982
305.993
306.001
306.011
306.02
306.029
306.037
306.043
306.049
306.055
306.061
306.065
306.069
306.072
306.073
306.073
306.072
306.07
306.066
306.061
306.055
306.047
306.037
306.026
306.013
305.997
305.98
305.96
305.937
305.912
305.884
305.85
305.811
305.769
305.726
305.678
305.624
305.562
305.492
305.385
305.279
305.146
304.965
302.843
302.943
303.029
303.105
303.171
303.23
303.281
303.329
303.373
303.415
303.455
303.493
303.531
303.567
303.603
303.637
303.67
303.703
303.734
303.766
303.797
303.828
303.858
303.889
303.918
303.948
303.977
304.006
304.034
304.062
304.09
304.118
304.145
304.172
304.199
304.225
304.251
304.277
304.303
304.329
304.354
304.38
304.405
304.431
304.457
304.483
304.507
304.533
304.558
304.583
304.607
304.631
304.656
304.68
304.705
304.73
304.755
304.78
304.804
304.827
304.85
304.873
304.896
304.919
304.943
304.966
304.99
305.013
305.036
305.059
305.081
305.104
305.126
305.148
305.17
305.191
305.213
305.234
305.255
305.277
305.3
305.322
305.343
305.363
305.383
305.402
305.422
305.443
305.463
305.482
305.501
305.52
305.539
305.558
305.577
305.597
305.616
305.633
305.651
305.669
305.685
305.702
305.718
305.734
305.751
305.768
305.783
305.798
305.812
305.825
305.839
305.854
305.869
305.883
305.896
305.907
305.919
305.932
305.943
305.954
305.963
305.973
305.982
305.991
305.999
306.006
306.012
306.018
306.023
306.028
306.032
306.034
306.036
306.036
306.035
306.033
306.03
306.025
306.018
306.01
306.001
305.989
305.976
305.96
305.943
305.923
305.9
305.875
305.846
305.812
305.773
305.731
305.687
305.638
305.582
305.519
305.445
305.34
305.229
305.091
304.899
302.769
302.857
302.938
303.011
303.077
303.137
303.191
303.242
303.288
303.332
303.374
303.414
303.453
303.491
303.528
303.563
303.598
303.631
303.664
303.696
303.728
303.76
303.791
303.822
303.852
303.882
303.912
303.941
303.97
303.999
304.027
304.055
304.083
304.11
304.138
304.164
304.191
304.218
304.244
304.27
304.296
304.322
304.348
304.374
304.4
304.425
304.451
304.476
304.502
304.527
304.552
304.576
304.601
304.626
304.651
304.676
304.701
304.726
304.75
304.774
304.797
304.82
304.844
304.867
304.891
304.915
304.938
304.962
304.985
305.008
305.031
305.053
305.076
305.098
305.12
305.142
305.164
305.185
305.207
305.229
305.252
305.274
305.295
305.315
305.335
305.355
305.376
305.396
305.417
305.436
305.455
305.474
305.494
305.513
305.532
305.552
305.571
305.589
305.607
305.624
305.641
305.658
305.674
305.691
305.708
305.724
305.74
305.755
305.769
305.783
305.798
305.812
305.827
305.841
305.854
305.866
305.878
305.89
305.902
305.913
305.922
305.932
305.941
305.95
305.958
305.965
305.972
305.978
305.984
305.988
305.992
305.995
305.996
305.997
305.996
305.994
305.99
305.986
305.979
305.971
305.962
305.95
305.937
305.921
305.904
305.884
305.861
305.835
305.806
305.772
305.733
305.691
305.646
305.596
305.539
305.473
305.396
305.292
305.178
305.034
304.836
302.699
302.778
302.853
302.922
302.987
303.047
303.102
303.153
303.202
303.248
303.291
303.333
303.373
303.412
303.449
303.486
303.522
303.556
303.59
303.623
303.656
303.688
303.72
303.752
303.783
303.813
303.843
303.873
303.903
303.932
303.961
303.989
304.017
304.045
304.073
304.1
304.127
304.154
304.181
304.207
304.234
304.26
304.286
304.313
304.339
304.365
304.39
304.416
304.442
304.467
304.493
304.518
304.543
304.568
304.593
304.618
304.643
304.668
304.693
304.717
304.741
304.764
304.788
304.812
304.836
304.859
304.883
304.907
304.93
304.954
304.977
305
305.022
305.045
305.067
305.089
305.111
305.133
305.155
305.178
305.2
305.222
305.243
305.264
305.285
305.305
305.326
305.347
305.367
305.387
305.406
305.426
305.445
305.465
305.484
305.504
305.523
305.541
305.559
305.577
305.594
305.611
305.628
305.645
305.662
305.678
305.694
305.709
305.724
305.738
305.753
305.767
305.782
305.796
305.809
305.822
305.834
305.846
305.858
305.869
305.879
305.889
305.898
305.907
305.915
305.923
305.929
305.936
305.941
305.946
305.95
305.952
305.954
305.955
305.954
305.952
305.949
305.944
305.938
305.93
305.92
305.909
305.895
305.88
305.862
305.842
305.819
305.793
305.764
305.73
305.691
305.648
305.603
305.551
305.493
305.425
305.345
305.242
305.124
304.977
304.776
302.631
302.703
302.772
302.838
302.9
302.958
303.013
303.065
303.114
303.161
303.206
303.249
303.29
303.33
303.368
303.406
303.442
303.478
303.512
303.547
303.58
303.613
303.645
303.677
303.709
303.74
303.771
303.801
303.831
303.861
303.89
303.919
303.948
303.976
304.004
304.032
304.059
304.087
304.114
304.141
304.168
304.194
304.221
304.248
304.274
304.3
304.326
304.352
304.378
304.404
304.43
304.455
304.481
304.506
304.531
304.557
304.582
304.607
304.632
304.656
304.681
304.705
304.729
304.753
304.777
304.801
304.825
304.849
304.872
304.896
304.919
304.942
304.965
304.988
305.011
305.033
305.056
305.078
305.1
305.123
305.145
305.167
305.189
305.21
305.231
305.252
305.273
305.293
305.314
305.334
305.354
305.374
305.394
305.413
305.433
305.452
305.472
305.49
305.509
305.527
305.544
305.562
305.579
305.596
305.612
305.629
305.645
305.661
305.676
305.69
305.705
305.72
305.734
305.748
305.762
305.775
305.787
305.8
305.811
305.822
305.833
305.843
305.852
305.861
305.87
305.877
305.884
305.89
305.896
305.901
305.905
305.907
305.909
305.91
305.909
305.907
305.904
305.9
305.893
305.886
305.876
305.865
305.851
305.836
305.818
305.798
305.775
305.749
305.719
305.685
305.646
305.603
305.556
305.504
305.444
305.375
305.292
305.189
305.069
304.919
304.719
302.564
302.63
302.694
302.756
302.815
302.872
302.926
302.977
303.027
303.074
303.119
303.162
303.204
303.245
303.284
303.322
303.36
303.396
303.432
303.466
303.501
303.534
303.567
303.6
303.632
303.663
303.695
303.726
303.756
303.786
303.816
303.845
303.874
303.903
303.932
303.96
303.988
304.016
304.043
304.071
304.098
304.125
304.152
304.179
304.206
304.232
304.259
304.285
304.311
304.337
304.363
304.389
304.415
304.44
304.466
304.491
304.517
304.542
304.567
304.592
304.617
304.641
304.666
304.69
304.714
304.739
304.763
304.787
304.811
304.835
304.858
304.882
304.905
304.928
304.951
304.974
304.996
305.019
305.042
305.064
305.087
305.109
305.131
305.153
305.174
305.195
305.216
305.237
305.258
305.278
305.298
305.319
305.339
305.359
305.378
305.398
305.417
305.436
305.455
305.473
305.491
305.509
305.526
305.543
305.56
305.577
305.593
305.609
305.624
305.639
305.654
305.669
305.684
305.698
305.712
305.725
305.737
305.75
305.762
305.773
305.784
305.794
305.803
305.813
305.821
305.829
305.836
305.842
305.848
305.853
305.857
305.86
305.862
305.862
305.862
305.86
305.857
305.852
305.846
305.839
305.829
305.818
305.805
305.789
305.771
305.751
305.728
305.701
305.671
305.637
305.598
305.555
305.507
305.454
305.393
305.322
305.238
305.134
305.012
304.86
304.663
302.498
302.559
302.618
302.676
302.733
302.787
302.84
302.89
302.939
302.986
303.031
303.075
303.117
303.158
303.198
303.237
303.274
303.311
303.348
303.383
303.418
303.452
303.485
303.518
303.551
303.583
303.615
303.646
303.677
303.708
303.738
303.768
303.797
303.826
303.855
303.884
303.912
303.941
303.969
303.996
304.024
304.052
304.079
304.106
304.133
304.16
304.187
304.214
304.24
304.266
304.293
304.319
304.345
304.371
304.397
304.422
304.448
304.474
304.499
304.524
304.549
304.574
304.599
304.623
304.648
304.673
304.697
304.721
304.745
304.77
304.793
304.817
304.841
304.864
304.887
304.911
304.934
304.956
304.979
305.002
305.025
305.047
305.07
305.091
305.113
305.135
305.156
305.177
305.198
305.219
305.239
305.26
305.28
305.3
305.32
305.34
305.36
305.379
305.398
305.416
305.434
305.452
305.47
305.487
305.504
305.521
305.538
305.554
305.569
305.585
305.6
305.615
305.63
305.644
305.658
305.671
305.684
305.697
305.709
305.72
305.731
305.741
305.751
305.761
305.769
305.777
305.784
305.791
305.797
305.802
305.806
305.809
305.811
305.812
305.811
305.81
305.807
305.802
305.796
305.789
305.779
305.768
305.755
305.739
305.722
305.701
305.678
305.651
305.621
305.587
305.548
305.504
305.456
305.401
305.339
305.267
305.181
305.077
304.954
304.802
304.609
302.433
302.488
302.544
302.598
302.652
302.704
302.754
302.804
302.851
302.897
302.942
302.986
303.028
303.069
303.109
303.149
303.187
303.224
303.261
303.296
303.332
303.366
303.4
303.434
303.467
303.499
303.531
303.563
303.594
303.625
303.656
303.686
303.716
303.746
303.775
303.804
303.833
303.862
303.89
303.918
303.946
303.974
304.002
304.029
304.057
304.084
304.111
304.138
304.165
304.192
304.218
304.245
304.271
304.297
304.323
304.349
304.375
304.401
304.427
304.452
304.478
304.503
304.528
304.553
304.578
304.603
304.627
304.652
304.676
304.701
304.725
304.749
304.773
304.796
304.82
304.843
304.867
304.89
304.913
304.936
304.959
304.982
305.004
305.027
305.049
305.07
305.092
305.113
305.135
305.156
305.177
305.197
305.218
305.238
305.259
305.279
305.298
305.318
305.337
305.356
305.374
305.392
305.41
305.428
305.445
305.462
305.479
305.495
305.511
305.527
305.542
305.557
305.572
305.587
305.601
305.614
305.628
305.64
305.653
305.664
305.675
305.686
305.696
305.705
305.714
305.722
305.73
305.736
305.742
305.747
305.752
305.755
305.757
305.758
305.758
305.756
305.753
305.749
305.743
305.736
305.726
305.715
305.702
305.687
305.669
305.648
305.625
305.598
305.568
305.533
305.494
305.45
305.401
305.346
305.283
305.209
305.122
305.018
304.894
304.743
304.557
302.367
302.419
302.47
302.522
302.572
302.622
302.67
302.718
302.764
302.809
302.853
302.896
302.938
302.979
303.019
303.059
303.097
303.134
303.171
303.207
303.243
303.278
303.312
303.346
303.379
303.412
303.445
303.477
303.508
303.54
303.571
303.601
303.632
303.662
303.691
303.721
303.75
303.779
303.808
303.836
303.865
303.893
303.921
303.949
303.976
304.004
304.031
304.059
304.086
304.113
304.14
304.166
304.193
304.22
304.246
304.272
304.299
304.325
304.351
304.376
304.402
304.427
304.453
304.478
304.503
304.528
304.553
304.578
304.603
304.628
304.652
304.676
304.701
304.725
304.749
304.772
304.796
304.82
304.843
304.866
304.889
304.912
304.935
304.958
304.98
305.002
305.024
305.046
305.067
305.089
305.11
305.131
305.152
305.173
305.193
305.213
305.233
305.253
305.272
305.291
305.31
305.328
305.347
305.365
305.382
305.4
305.417
305.433
305.449
305.465
305.481
305.496
305.511
305.526
305.54
305.554
305.567
305.58
305.593
305.605
305.616
305.627
305.637
305.647
305.656
305.664
305.672
305.678
305.685
305.69
305.694
305.698
305.7
305.701
305.701
305.7
305.697
305.693
305.687
305.68
305.67
305.659
305.646
305.631
305.613
305.592
305.569
305.542
305.512
305.477
305.438
305.394
305.344
305.288
305.224
305.149
305.061
304.957
304.834
304.685
304.505
302.301
302.349
302.398
302.446
302.493
302.54
302.587
302.632
302.677
302.721
302.764
302.806
302.848
302.888
302.928
302.967
303.005
303.043
303.08
303.116
303.151
303.186
303.221
303.255
303.289
303.322
303.355
303.387
303.419
303.45
303.482
303.513
303.543
303.574
303.604
303.633
303.663
303.692
303.721
303.75
303.779
303.807
303.836
303.864
303.892
303.92
303.948
303.975
304.003
304.03
304.057
304.084
304.111
304.138
304.165
304.191
304.218
304.244
304.27
304.296
304.322
304.348
304.374
304.399
304.425
304.45
304.475
304.501
304.526
304.551
304.575
304.6
304.624
304.649
304.673
304.697
304.721
304.745
304.769
304.792
304.816
304.839
304.862
304.885
304.907
304.93
304.952
304.974
304.996
305.018
305.039
305.061
305.082
305.103
305.123
305.144
305.164
305.184
305.204
305.223
305.242
305.261
305.279
305.298
305.315
305.333
305.35
305.367
305.384
305.4
305.416
305.431
305.447
305.461
305.476
305.49
305.504
305.517
305.529
305.541
305.553
305.564
305.574
305.584
305.593
305.602
305.61
305.617
305.623
305.629
305.633
305.637
305.639
305.64
305.641
305.639
305.637
305.633
305.627
305.62
305.611
305.6
305.587
305.572
305.554
305.533
305.51
305.483
305.452
305.418
305.378
305.334
305.284
305.227
305.162
305.087
304.999
304.895
304.772
304.627
304.454
302.235
302.28
302.325
302.371
302.415
302.46
302.504
302.548
302.591
302.633
302.675
302.716
302.757
302.796
302.836
302.874
302.912
302.949
302.986
303.022
303.058
303.093
303.127
303.162
303.195
303.229
303.261
303.294
303.326
303.358
303.389
303.421
303.451
303.482
303.512
303.542
303.572
303.602
303.631
303.66
303.689
303.718
303.747
303.775
303.804
303.832
303.86
303.888
303.915
303.943
303.97
303.998
304.025
304.052
304.079
304.106
304.133
304.159
304.186
304.212
304.238
304.264
304.29
304.316
304.342
304.368
304.393
304.419
304.444
304.469
304.494
304.519
304.544
304.569
304.593
304.618
304.642
304.666
304.69
304.714
304.738
304.761
304.785
304.808
304.831
304.854
304.876
304.899
304.921
304.943
304.965
304.986
305.008
305.029
305.05
305.071
305.091
305.111
305.131
305.151
305.17
305.189
305.208
305.226
305.245
305.262
305.28
305.297
305.314
305.33
305.347
305.362
305.378
305.393
305.408
305.422
305.436
305.449
305.462
305.474
305.486
305.497
305.508
305.518
305.528
305.536
305.544
305.552
305.558
305.564
305.568
305.572
305.575
305.576
305.577
305.576
305.573
305.569
305.564
305.557
305.548
305.537
305.524
305.509
305.491
305.471
305.447
305.42
305.39
305.355
305.316
305.271
305.221
305.163
305.098
305.022
304.934
304.831
304.71
304.568
304.403
302.169
302.211
302.253
302.296
302.338
302.38
302.422
302.464
302.505
302.546
302.586
302.626
302.665
302.704
302.743
302.78
302.818
302.854
302.891
302.927
302.962
302.997
303.031
303.066
303.099
303.133
303.166
303.198
303.23
303.262
303.294
303.325
303.356
303.387
303.418
303.448
303.478
303.508
303.537
303.567
303.596
303.625
303.654
303.683
303.711
303.74
303.768
303.796
303.824
303.852
303.879
303.907
303.935
303.962
303.989
304.016
304.043
304.07
304.097
304.124
304.15
304.176
304.203
304.229
304.255
304.281
304.307
304.333
304.358
304.384
304.409
304.434
304.459
304.484
304.509
304.534
304.558
304.583
304.607
304.631
304.655
304.679
304.703
304.726
304.75
304.773
304.796
304.818
304.841
304.863
304.885
304.907
304.929
304.951
304.972
304.993
305.014
305.034
305.054
305.074
305.094
305.113
305.132
305.151
305.17
305.188
305.206
305.223
305.24
305.257
305.273
305.289
305.305
305.32
305.335
305.35
305.364
305.378
305.391
305.403
305.415
305.427
305.438
305.448
305.458
305.467
305.475
305.482
305.489
305.495
305.5
305.504
305.506
305.508
305.509
305.508
305.506
305.502
305.497
305.49
305.481
305.471
305.458
305.443
305.425
305.405
305.381
305.354
305.324
305.289
305.25
305.205
305.154
305.097
305.031
304.955
304.868
304.765
304.647
304.509
304.352
302.102
302.142
302.181
302.221
302.261
302.301
302.34
302.38
302.419
302.458
302.497
302.536
302.574
302.612
302.649
302.686
302.722
302.759
302.794
302.83
302.865
302.899
302.934
302.968
303.001
303.034
303.067
303.1
303.132
303.164
303.196
303.227
303.258
303.289
303.32
303.35
303.38
303.41
303.44
303.47
303.499
303.528
303.557
303.586
303.615
303.644
303.672
303.7
303.729
303.757
303.785
303.812
303.84
303.868
303.895
303.923
303.95
303.977
304.004
304.031
304.058
304.084
304.111
304.137
304.164
304.19
304.216
304.242
304.268
304.294
304.319
304.345
304.37
304.396
304.421
304.446
304.471
304.495
304.52
304.544
304.569
304.593
304.617
304.641
304.664
304.688
304.711
304.734
304.757
304.78
304.802
304.824
304.846
304.868
304.89
304.911
304.932
304.953
304.973
304.994
305.013
305.033
305.052
305.072
305.09
305.109
305.127
305.144
305.162
305.179
305.196
305.212
305.228
305.244
305.259
305.273
305.288
305.302
305.315
305.328
305.34
305.352
305.363
305.374
305.383
305.393
305.401
305.409
305.416
305.422
305.427
305.431
305.434
305.436
305.437
305.436
305.434
305.431
305.426
305.419
305.411
305.4
305.387
305.372
305.355
305.335
305.311
305.285
305.254
305.219
305.18
305.135
305.085
305.027
304.961
304.886
304.799
304.698
304.583
304.45
304.3
302.036
302.072
302.109
302.147
302.184
302.222
302.259
302.297
302.334
302.372
302.409
302.446
302.482
302.519
302.555
302.591
302.627
302.662
302.697
302.732
302.766
302.8
302.834
302.868
302.901
302.934
302.967
302.999
303.031
303.063
303.095
303.126
303.157
303.188
303.219
303.249
303.279
303.309
303.339
303.369
303.399
303.428
303.457
303.486
303.515
303.544
303.573
303.601
303.629
303.658
303.686
303.714
303.742
303.77
303.797
303.825
303.852
303.88
303.907
303.934
303.961
303.988
304.015
304.041
304.068
304.095
304.121
304.147
304.173
304.199
304.225
304.251
304.277
304.302
304.328
304.353
304.378
304.403
304.428
304.453
304.478
304.502
304.526
304.55
304.574
304.598
304.622
304.645
304.668
304.691
304.714
304.736
304.759
304.781
304.803
304.824
304.846
304.867
304.888
304.908
304.928
304.948
304.968
304.987
305.006
305.025
305.043
305.061
305.079
305.096
305.113
305.13
305.146
305.162
305.178
305.193
305.207
305.221
305.235
305.248
305.261
305.273
305.284
305.295
305.305
305.314
305.323
305.331
305.338
305.345
305.35
305.354
305.358
305.36
305.361
305.36
305.359
305.355
305.351
305.344
305.336
305.326
305.313
305.298
305.281
305.261
305.238
305.211
305.181
305.146
305.107
305.063
305.012
304.955
304.889
304.814
304.728
304.63
304.517
304.39
304.247
301.968
302.003
302.038
302.073
302.108
302.143
302.179
302.214
302.25
302.285
302.321
302.356
302.391
302.426
302.461
302.496
302.531
302.565
302.599
302.633
302.667
302.7
302.734
302.767
302.799
302.832
302.864
302.896
302.928
302.96
302.991
303.022
303.053
303.084
303.115
303.145
303.176
303.206
303.235
303.265
303.295
303.324
303.354
303.383
303.412
303.441
303.469
303.498
303.527
303.555
303.583
303.611
303.639
303.667
303.695
303.723
303.751
303.778
303.806
303.833
303.86
303.887
303.914
303.941
303.968
303.995
304.021
304.048
304.074
304.101
304.127
304.153
304.179
304.205
304.23
304.256
304.281
304.307
304.332
304.357
304.382
304.407
304.431
304.456
304.48
304.504
304.528
304.551
304.575
304.598
304.621
304.644
304.667
304.689
304.711
304.733
304.755
304.776
304.797
304.818
304.839
304.859
304.879
304.899
304.918
304.937
304.956
304.974
304.992
305.009
305.027
305.044
305.06
305.076
305.092
305.107
305.122
305.136
305.15
305.164
305.177
305.189
305.201
305.212
305.222
305.232
305.241
305.249
305.256
305.263
305.268
305.273
305.277
305.279
305.28
305.28
305.279
305.276
305.271
305.265
305.257
305.247
305.235
305.22
305.203
305.183
305.16
305.134
305.104
305.069
305.03
304.986
304.936
304.879
304.814
304.74
304.656
304.56
304.451
304.329
304.193
301.901
301.933
301.966
301.999
302.032
302.065
302.098
302.132
302.166
302.199
302.233
302.267
302.3
302.334
302.368
302.401
302.435
302.468
302.501
302.534
302.567
302.6
302.632
302.664
302.697
302.729
302.76
302.792
302.823
302.855
302.886
302.917
302.948
302.978
303.009
303.039
303.069
303.099
303.129
303.159
303.188
303.218
303.247
303.276
303.305
303.334
303.363
303.391
303.42
303.449
303.477
303.505
303.533
303.561
303.589
303.617
303.645
303.673
303.7
303.728
303.755
303.783
303.81
303.837
303.864
303.891
303.918
303.945
303.971
303.998
304.024
304.05
304.077
304.103
304.129
304.155
304.18
304.206
304.231
304.257
304.282
304.307
304.332
304.356
304.381
304.405
304.429
304.453
304.477
304.501
304.524
304.547
304.57
304.593
304.615
304.637
304.659
304.681
304.702
304.724
304.744
304.765
304.785
304.805
304.825
304.844
304.863
304.882
304.9
304.918
304.935
304.952
304.969
304.986
305.002
305.017
305.032
305.047
305.061
305.075
305.088
305.1
305.112
305.124
305.134
305.144
305.154
305.162
305.17
305.177
305.182
305.187
305.191
305.194
305.195
305.195
305.194
305.192
305.187
305.181
305.174
305.164
305.152
305.138
305.121
305.101
305.079
305.053
305.023
304.989
304.95
304.906
304.857
304.8
304.736
304.664
304.581
304.488
304.383
304.266
304.138
301.833
301.863
301.894
301.925
301.956
301.987
302.018
302.05
302.082
302.114
302.146
302.178
302.21
302.242
302.274
302.306
302.339
302.371
302.403
302.435
302.466
302.498
302.53
302.561
302.593
302.624
302.655
302.686
302.717
302.748
302.779
302.809
302.84
302.87
302.9
302.93
302.96
302.99
303.02
303.049
303.079
303.108
303.137
303.166
303.195
303.224
303.253
303.282
303.31
303.339
303.367
303.396
303.424
303.452
303.48
303.508
303.536
303.564
303.591
303.619
303.647
303.674
303.701
303.729
303.756
303.783
303.81
303.837
303.864
303.89
303.917
303.944
303.97
303.996
304.022
304.049
304.074
304.1
304.126
304.152
304.177
304.202
304.227
304.252
304.277
304.302
304.326
304.35
304.374
304.398
304.422
304.445
304.468
304.491
304.514
304.537
304.559
304.581
304.603
304.624
304.645
304.666
304.686
304.707
304.727
304.746
304.765
304.784
304.803
304.821
304.839
304.856
304.873
304.89
304.906
304.922
304.937
304.952
304.967
304.981
304.994
305.007
305.019
305.031
305.042
305.052
305.062
305.07
305.078
305.085
305.091
305.097
305.101
305.104
305.105
305.106
305.105
305.103
305.099
305.093
305.086
305.076
305.065
305.051
305.034
305.015
304.993
304.967
304.938
304.904
304.866
304.823
304.774
304.718
304.656
304.585
304.504
304.414
304.314
304.202
304.081
301.765
301.794
301.822
301.851
301.88
301.91
301.939
301.969
301.999
302.029
302.059
302.09
302.12
302.151
302.182
302.212
302.243
302.274
302.305
302.335
302.366
302.397
302.428
302.458
302.489
302.519
302.55
302.58
302.61
302.641
302.671
302.701
302.731
302.76
302.79
302.82
302.849
302.879
302.908
302.938
302.967
302.996
303.025
303.054
303.083
303.112
303.14
303.169
303.197
303.226
303.254
303.283
303.311
303.339
303.367
303.395
303.423
303.451
303.479
303.506
303.534
303.562
303.589
303.616
303.644
303.671
303.698
303.725
303.752
303.779
303.806
303.833
303.859
303.886
303.912
303.938
303.964
303.99
304.016
304.042
304.068
304.093
304.119
304.144
304.169
304.194
304.218
304.243
304.267
304.291
304.315
304.339
304.362
304.385
304.408
304.431
304.454
304.476
304.498
304.52
304.541
304.562
304.583
304.603
304.624
304.643
304.663
304.682
304.701
304.719
304.737
304.755
304.772
304.789
304.806
304.822
304.838
304.853
304.868
304.882
304.895
304.908
304.921
304.933
304.944
304.955
304.965
304.974
304.982
304.989
304.996
305.001
305.005
305.009
305.011
305.012
305.011
305.009
305.005
305
304.993
304.984
304.972
304.959
304.943
304.924
304.902
304.877
304.848
304.815
304.778
304.735
304.687
304.633
304.572
304.503
304.425
304.338
304.242
304.136
304.021
301.698
301.724
301.751
301.778
301.805
301.833
301.86
301.888
301.917
301.945
301.974
302.002
302.031
302.06
302.09
302.119
302.148
302.178
302.207
302.237
302.266
302.296
302.325
302.355
302.385
302.414
302.444
302.473
302.503
302.532
302.562
302.591
302.62
302.65
302.679
302.708
302.737
302.766
302.795
302.824
302.853
302.882
302.911
302.939
302.968
302.997
303.025
303.054
303.082
303.11
303.139
303.167
303.195
303.223
303.251
303.279
303.307
303.335
303.363
303.39
303.418
303.446
303.473
303.501
303.528
303.555
303.582
303.61
303.637
303.664
303.691
303.717
303.744
303.771
303.797
303.824
303.85
303.876
303.902
303.928
303.954
303.98
304.005
304.031
304.056
304.081
304.106
304.131
304.155
304.179
304.204
304.227
304.251
304.275
304.298
304.321
304.344
304.366
304.388
304.41
304.432
304.453
304.474
304.495
304.515
304.536
304.555
304.575
304.594
304.613
304.631
304.649
304.666
304.684
304.7
304.717
304.733
304.748
304.763
304.778
304.791
304.805
304.818
304.83
304.841
304.852
304.862
304.872
304.88
304.888
304.895
304.9
304.905
304.909
304.911
304.912
304.912
304.91
304.907
304.902
304.895
304.886
304.876
304.862
304.847
304.828
304.807
304.782
304.754
304.722
304.685
304.644
304.597
304.544
304.485
304.418
304.343
304.26
304.168
304.068
303.959
301.63
301.655
301.68
301.705
301.73
301.756
301.782
301.808
301.835
301.862
301.889
301.916
301.943
301.971
301.998
302.026
302.054
302.082
302.11
302.139
302.167
302.195
302.224
302.252
302.281
302.309
302.338
302.366
302.395
302.424
302.452
302.481
302.51
302.538
302.567
302.595
302.624
302.652
302.681
302.709
302.738
302.766
302.795
302.823
302.851
302.88
302.908
302.936
302.964
302.992
303.02
303.048
303.076
303.104
303.132
303.16
303.188
303.216
303.243
303.271
303.299
303.326
303.354
303.381
303.409
303.436
303.463
303.49
303.517
303.545
303.571
303.598
303.625
303.652
303.679
303.705
303.731
303.758
303.784
303.81
303.836
303.862
303.888
303.913
303.939
303.964
303.989
304.014
304.039
304.063
304.087
304.112
304.135
304.159
304.183
304.206
304.229
304.251
304.274
304.296
304.318
304.34
304.361
304.382
304.402
304.423
304.443
304.462
304.482
304.501
304.519
304.537
304.555
304.573
304.59
304.606
304.623
304.638
304.653
304.668
304.682
304.696
304.709
304.722
304.733
304.744
304.755
304.765
304.773
304.781
304.788
304.794
304.799
304.803
304.806
304.807
304.808
304.806
304.803
304.799
304.792
304.784
304.774
304.761
304.746
304.728
304.707
304.683
304.656
304.625
304.589
304.549
304.503
304.452
304.394
304.33
304.258
304.179
304.092
303.997
303.895
301.562
301.585
301.609
301.632
301.656
301.68
301.705
301.729
301.754
301.779
301.805
301.83
301.856
301.882
301.908
301.935
301.961
301.988
302.014
302.041
302.068
302.095
302.123
302.15
302.177
302.205
302.232
302.26
302.288
302.315
302.343
302.371
302.399
302.426
302.454
302.482
302.51
302.538
302.566
302.594
302.622
302.649
302.677
302.705
302.733
302.761
302.789
302.817
302.844
302.872
302.9
302.928
302.956
302.983
303.011
303.039
303.066
303.094
303.121
303.149
303.176
303.204
303.231
303.259
303.286
303.313
303.341
303.368
303.395
303.422
303.449
303.476
303.503
303.529
303.556
303.583
303.609
303.635
303.662
303.688
303.714
303.74
303.766
303.791
303.817
303.842
303.868
303.893
303.917
303.942
303.967
303.991
304.015
304.039
304.063
304.086
304.109
304.132
304.155
304.177
304.199
304.221
304.242
304.263
304.284
304.305
304.325
304.345
304.364
304.384
304.402
304.421
304.439
304.457
304.474
304.491
304.507
304.523
304.538
304.553
304.568
304.582
304.595
304.608
304.62
304.631
304.642
304.652
304.661
304.669
304.677
304.683
304.688
304.693
304.696
304.697
304.698
304.697
304.694
304.69
304.684
304.677
304.667
304.655
304.64
304.623
304.603
304.579
304.553
304.522
304.488
304.449
304.405
304.356
304.3
304.239
304.17
304.095
304.013
303.923
303.827
301.495
301.517
301.538
301.56
301.583
301.605
301.628
301.651
301.674
301.698
301.722
301.746
301.77
301.795
301.819
301.844
301.869
301.894
301.92
301.945
301.971
301.997
302.023
302.049
302.075
302.101
302.128
302.154
302.181
302.208
302.234
302.261
302.288
302.315
302.342
302.369
302.396
302.423
302.45
302.478
302.505
302.532
302.559
302.587
302.614
302.641
302.669
302.696
302.723
302.751
302.778
302.806
302.833
302.86
302.888
302.915
302.942
302.97
302.997
303.024
303.052
303.079
303.106
303.134
303.161
303.188
303.215
303.242
303.269
303.296
303.323
303.35
303.377
303.403
303.43
303.457
303.483
303.509
303.536
303.562
303.588
303.614
303.64
303.666
303.691
303.717
303.742
303.767
303.792
303.817
303.841
303.866
303.89
303.914
303.938
303.961
303.985
304.008
304.03
304.053
304.075
304.097
304.119
304.14
304.161
304.182
304.202
304.222
304.242
304.261
304.28
304.299
304.317
304.335
304.353
304.37
304.386
304.402
304.418
304.433
304.448
304.462
304.476
304.489
304.501
304.513
304.524
304.534
304.543
304.552
304.56
304.566
304.572
304.577
304.58
304.582
304.583
304.582
304.58
304.577
304.571
304.564
304.554
304.543
304.529
304.512
304.493
304.471
304.445
304.416
304.383
304.345
304.303
304.255
304.203
304.144
304.079
304.008
303.93
303.846
303.755
301.428
301.448
301.469
301.489
301.51
301.531
301.552
301.574
301.596
301.618
301.64
301.663
301.685
301.708
301.732
301.755
301.779
301.802
301.826
301.851
301.875
301.899
301.924
301.949
301.974
301.999
302.024
302.05
302.075
302.101
302.126
302.152
302.178
302.204
302.23
302.256
302.282
302.309
302.335
302.361
302.388
302.415
302.441
302.468
302.494
302.521
302.548
302.575
302.602
302.628
302.655
302.682
302.709
302.736
302.763
302.79
302.817
302.844
302.871
302.898
302.925
302.952
302.979
303.006
303.033
303.06
303.087
303.114
303.141
303.167
303.194
303.221
303.248
303.274
303.301
303.327
303.354
303.38
303.406
303.432
303.458
303.484
303.51
303.536
303.562
303.587
303.612
303.638
303.663
303.687
303.712
303.737
303.761
303.785
303.809
303.832
303.856
303.879
303.902
303.924
303.947
303.969
303.99
304.012
304.033
304.054
304.074
304.095
304.115
304.134
304.153
304.172
304.19
304.208
304.226
304.243
304.26
304.277
304.292
304.308
304.323
304.337
304.351
304.364
304.377
304.389
304.4
304.411
304.42
304.429
304.437
304.444
304.45
304.455
304.459
304.461
304.462
304.462
304.461
304.457
304.452
304.446
304.437
304.426
304.413
304.397
304.378
304.357
304.332
304.304
304.273
304.237
304.196
304.151
304.101
304.045
303.984
303.917
303.844
303.765
303.68
301.362
301.381
301.4
301.419
301.438
301.458
301.478
301.498
301.518
301.539
301.56
301.581
301.602
301.624
301.646
301.668
301.69
301.712
301.735
301.758
301.781
301.804
301.827
301.851
301.874
301.898
301.922
301.946
301.971
301.995
302.02
302.044
302.069
302.094
302.119
302.144
302.17
302.195
302.22
302.246
302.272
302.297
302.323
302.349
302.375
302.401
302.427
302.453
302.479
302.506
302.532
302.558
302.585
302.611
302.637
302.664
302.69
302.717
302.744
302.77
302.797
302.823
302.85
302.877
302.903
302.93
302.957
302.983
303.01
303.036
303.063
303.089
303.116
303.142
303.169
303.195
303.221
303.248
303.274
303.3
303.326
303.352
303.377
303.403
303.428
303.454
303.479
303.504
303.529
303.554
303.579
303.603
303.627
303.651
303.675
303.699
303.722
303.746
303.768
303.791
303.814
303.836
303.857
303.879
303.9
303.921
303.942
303.962
303.982
304.002
304.021
304.04
304.059
304.077
304.095
304.112
304.129
304.145
304.162
304.177
304.192
304.207
304.221
304.234
304.247
304.259
304.271
304.282
304.292
304.301
304.309
304.316
304.323
304.328
304.332
304.335
304.336
304.337
304.336
304.333
304.328
304.322
304.314
304.304
304.291
304.276
304.259
304.238
304.215
304.188
304.158
304.124
304.085
304.043
303.995
303.943
303.885
303.822
303.753
303.68
303.601
301.297
301.314
301.331
301.349
301.367
301.386
301.404
301.423
301.442
301.461
301.481
301.501
301.521
301.541
301.561
301.582
301.603
301.624
301.645
301.666
301.688
301.71
301.732
301.754
301.777
301.799
301.822
301.845
301.868
301.891
301.915
301.938
301.962
301.986
302.01
302.034
302.058
302.082
302.107
302.132
302.156
302.181
302.206
302.231
302.256
302.281
302.307
302.332
302.357
302.383
302.408
302.434
302.46
302.486
302.512
302.537
302.563
302.589
302.615
302.642
302.668
302.694
302.72
302.746
302.772
302.799
302.825
302.851
302.877
302.904
302.93
302.956
302.982
303.008
303.034
303.061
303.087
303.113
303.138
303.164
303.19
303.216
303.241
303.267
303.292
303.317
303.343
303.368
303.392
303.417
303.442
303.466
303.49
303.514
303.538
303.562
303.585
303.608
303.631
303.654
303.676
303.698
303.72
303.742
303.763
303.784
303.804
303.825
303.845
303.865
303.884
303.903
303.922
303.94
303.958
303.975
303.993
304.009
304.025
304.041
304.057
304.071
304.085
304.099
304.112
304.125
304.136
304.147
304.158
304.167
304.175
304.183
304.19
304.195
304.2
304.203
304.205
304.206
304.205
304.203
304.199
304.193
304.186
304.176
304.165
304.15
304.134
304.115
304.093
304.067
304.039
304.006
303.97
303.93
303.885
303.836
303.782
303.723
303.659
303.59
303.517
301.232
301.248
301.264
301.281
301.298
301.315
301.332
301.35
301.367
301.385
301.404
301.422
301.441
301.459
301.479
301.498
301.517
301.537
301.557
301.577
301.598
301.618
301.639
301.66
301.681
301.702
301.724
301.746
301.767
301.789
301.812
301.834
301.857
301.879
301.902
301.925
301.948
301.972
301.995
302.019
302.042
302.066
302.09
302.114
302.138
302.163
302.187
302.212
302.236
302.261
302.286
302.311
302.336
302.361
302.386
302.411
302.436
302.462
302.487
302.513
302.538
302.564
302.589
302.615
302.641
302.666
302.692
302.718
302.744
302.77
302.795
302.821
302.847
302.873
302.898
302.924
302.95
302.976
303.001
303.027
303.052
303.078
303.103
303.128
303.153
303.178
303.203
303.228
303.253
303.277
303.302
303.326
303.35
303.374
303.397
303.421
303.444
303.467
303.49
303.512
303.535
303.557
303.578
303.6
303.621
303.642
303.663
303.683
303.703
303.723
303.742
303.761
303.78
303.798
303.816
303.834
303.851
303.868
303.884
303.9
303.916
303.931
303.945
303.959
303.972
303.985
303.997
304.008
304.018
304.028
304.037
304.045
304.051
304.057
304.062
304.066
304.068
304.069
304.069
304.067
304.064
304.059
304.052
304.044
304.033
304.02
304.004
303.986
303.965
303.942
303.915
303.884
303.851
303.813
303.771
303.725
303.675
303.62
303.561
303.497
303.429
301.169
301.184
301.199
301.214
301.23
301.246
301.262
301.278
301.294
301.311
301.328
301.345
301.363
301.38
301.398
301.416
301.434
301.453
301.471
301.49
301.509
301.529
301.548
301.568
301.588
301.608
301.628
301.649
301.669
301.69
301.711
301.732
301.754
301.775
301.797
301.819
301.841
301.863
301.885
301.908
301.93
301.953
301.976
301.999
302.022
302.046
302.069
302.093
302.117
302.14
302.164
302.188
302.212
302.237
302.261
302.286
302.31
302.335
302.359
302.384
302.409
302.434
302.459
302.484
302.509
302.534
302.559
302.584
302.61
302.635
302.66
302.685
302.711
302.736
302.761
302.787
302.812
302.837
302.862
302.887
302.912
302.937
302.962
302.987
303.012
303.037
303.061
303.086
303.11
303.135
303.159
303.183
303.206
303.23
303.253
303.277
303.3
303.322
303.345
303.367
303.39
303.412
303.433
303.455
303.476
303.497
303.517
303.537
303.557
303.577
303.597
303.616
303.634
303.653
303.671
303.688
303.706
303.722
303.739
303.755
303.77
303.785
303.8
303.814
303.827
303.84
303.852
303.863
303.874
303.884
303.893
303.901
303.908
303.915
303.92
303.924
303.927
303.928
303.928
303.927
303.924
303.92
303.914
303.906
303.896
303.884
303.87
303.853
303.834
303.811
303.786
303.758
303.727
303.691
303.653
303.61
303.563
303.513
303.458
303.399
303.336
301.107
301.12
301.134
301.149
301.163
301.178
301.193
301.208
301.223
301.239
301.255
301.271
301.287
301.303
301.32
301.336
301.353
301.371
301.388
301.406
301.424
301.442
301.46
301.478
301.497
301.516
301.535
301.554
301.574
301.593
301.613
301.633
301.653
301.674
301.694
301.715
301.736
301.757
301.778
301.799
301.821
301.843
301.865
301.887
301.909
301.931
301.954
301.976
301.999
302.022
302.045
302.068
302.091
302.114
302.138
302.161
302.185
302.209
302.233
302.257
302.281
302.305
302.329
302.353
302.378
302.402
302.427
302.451
302.476
302.5
302.525
302.55
302.574
302.599
302.624
302.648
302.673
302.698
302.723
302.747
302.772
302.796
302.821
302.845
302.87
302.894
302.918
302.942
302.966
302.99
303.014
303.037
303.061
303.084
303.107
303.13
303.153
303.175
303.198
303.22
303.242
303.263
303.285
303.306
303.327
303.348
303.368
303.388
303.408
303.428
303.447
303.466
303.485
303.503
303.521
303.539
303.556
303.573
303.589
303.605
303.621
303.636
303.65
303.664
303.678
303.691
303.703
303.715
303.725
303.735
303.745
303.753
303.761
303.767
303.772
303.777
303.78
303.782
303.783
303.782
303.78
303.776
303.771
303.764
303.755
303.744
303.731
303.715
303.697
303.677
303.654
303.628
303.598
303.566
303.53
303.491
303.448
303.401
303.351
303.296
303.239
301.046
301.059
301.072
301.085
301.099
301.112
301.126
301.14
301.154
301.169
301.183
301.198
301.213
301.228
301.244
301.259
301.275
301.291
301.308
301.324
301.341
301.358
301.375
301.392
301.409
301.427
301.445
301.463
301.481
301.5
301.518
301.537
301.556
301.575
301.595
301.614
301.634
301.654
301.674
301.694
301.714
301.735
301.756
301.777
301.798
301.819
301.84
301.862
301.884
301.906
301.928
301.95
301.972
301.994
302.017
302.039
302.062
302.085
302.108
302.131
302.154
302.177
302.201
302.224
302.248
302.271
302.295
302.319
302.343
302.367
302.39
302.414
302.438
302.462
302.486
302.511
302.535
302.559
302.583
302.607
302.631
302.655
302.679
302.703
302.726
302.75
302.774
302.797
302.821
302.844
302.867
302.891
302.914
302.936
302.959
302.982
303.004
303.026
303.048
303.07
303.092
303.113
303.134
303.155
303.176
303.196
303.216
303.236
303.256
303.275
303.295
303.313
303.332
303.35
303.368
303.386
303.403
303.42
303.436
303.452
303.468
303.483
303.497
303.511
303.525
303.538
303.55
303.562
303.573
303.583
303.592
303.601
303.609
303.615
303.621
303.626
303.63
303.632
303.633
303.633
303.632
303.629
303.624
303.618
303.61
303.6
303.588
303.574
303.557
303.539
303.517
303.493
303.467
303.437
303.404
303.368
303.328
303.286
303.239
303.19
303.137
300.987
300.999
301.011
301.024
301.036
301.049
301.061
301.074
301.088
301.101
301.115
301.128
301.142
301.156
301.171
301.185
301.2
301.215
301.23
301.245
301.261
301.277
301.292
301.309
301.325
301.341
301.358
301.375
301.392
301.409
301.427
301.444
301.462
301.48
301.498
301.517
301.535
301.554
301.573
301.592
301.611
301.631
301.651
301.67
301.69
301.71
301.731
301.751
301.772
301.793
301.813
301.835
301.856
301.877
301.899
301.92
301.942
301.964
301.986
302.008
302.03
302.052
302.075
302.097
302.12
302.143
302.166
302.189
302.212
302.235
302.258
302.281
302.304
302.327
302.35
302.374
302.397
302.42
302.444
302.467
302.49
302.514
302.537
302.56
302.583
302.606
302.629
302.652
302.675
302.698
302.721
302.743
302.766
302.788
302.81
302.832
302.854
302.876
302.898
302.919
302.94
302.961
302.982
303.003
303.023
303.043
303.063
303.083
303.102
303.121
303.14
303.159
303.177
303.195
303.213
303.23
303.247
303.264
303.28
303.296
303.312
303.327
303.342
303.356
303.369
303.382
303.394
303.406
303.417
303.427
303.437
303.446
303.454
303.461
303.467
303.472
303.476
303.479
303.48
303.481
303.48
303.477
303.474
303.468
303.461
303.452
303.442
303.429
303.414
303.397
303.378
303.356
303.331
303.304
303.274
303.241
303.206
303.167
303.124
303.079
303.031
300.931
300.942
300.953
300.964
300.976
300.987
300.999
301.011
301.024
301.036
301.049
301.061
301.074
301.087
301.101
301.114
301.128
301.142
301.156
301.17
301.184
301.199
301.214
301.229
301.244
301.259
301.275
301.291
301.307
301.323
301.339
301.355
301.372
301.389
301.406
301.423
301.441
301.458
301.476
301.494
301.512
301.531
301.549
301.568
301.587
301.606
301.625
301.644
301.664
301.683
301.703
301.723
301.743
301.764
301.784
301.805
301.825
301.846
301.867
301.888
301.909
301.931
301.952
301.974
301.995
302.017
302.039
302.061
302.083
302.105
302.127
302.15
302.172
302.194
302.217
302.239
302.262
302.284
302.307
302.329
302.352
302.374
302.397
302.419
302.442
302.464
302.486
302.509
302.531
302.553
302.575
302.597
302.619
302.64
302.662
302.683
302.705
302.726
302.747
302.768
302.789
302.809
302.829
302.85
302.87
302.889
302.909
302.928
302.947
302.966
302.985
303.003
303.021
303.039
303.057
303.074
303.091
303.107
303.123
303.139
303.155
303.17
303.184
303.198
303.211
303.224
303.237
303.248
303.259
303.27
303.279
303.288
303.296
303.304
303.31
303.315
303.32
303.323
303.325
303.326
303.326
303.324
303.321
303.316
303.31
303.303
303.293
303.282
303.268
303.253
303.236
303.216
303.194
303.169
303.142
303.112
303.08
303.045
303.007
302.966
302.922
300.877
300.887
300.897
300.908
300.918
300.929
300.94
300.951
300.963
300.974
300.986
300.997
301.009
301.022
301.034
301.046
301.059
301.072
301.085
301.098
301.112
301.125
301.139
301.153
301.167
301.181
301.196
301.21
301.225
301.24
301.256
301.271
301.287
301.302
301.318
301.334
301.351
301.367
301.384
301.401
301.418
301.435
301.452
301.47
301.488
301.506
301.524
301.542
301.56
301.579
301.597
301.616
301.635
301.655
301.674
301.693
301.713
301.733
301.753
301.773
301.793
301.813
301.834
301.854
301.875
301.896
301.916
301.937
301.958
301.98
302.001
302.022
302.043
302.065
302.086
302.108
302.129
302.151
302.173
302.194
302.216
302.238
302.259
302.281
302.302
302.324
302.346
302.367
302.389
302.41
302.431
302.452
302.474
302.495
302.515
302.536
302.557
302.578
302.598
302.618
302.638
302.658
302.678
302.698
302.717
302.737
302.756
302.775
302.793
302.812
302.83
302.848
302.866
302.883
302.901
302.918
302.934
302.951
302.966
302.982
302.997
303.012
303.026
303.04
303.053
303.066
303.079
303.09
303.101
303.112
303.121
303.13
303.138
303.146
303.152
303.158
303.162
303.166
303.169
303.17
303.17
303.169
303.167
303.163
303.158
303.152
303.143
303.133
303.122
303.108
303.092
303.075
303.055
303.033
303.009
302.982
302.953
302.921
302.887
302.85
302.81
300.825
300.835
300.844
300.854
300.864
300.874
300.884
300.894
300.905
300.916
300.926
300.937
300.948
300.96
300.971
300.983
300.994
301.006
301.018
301.031
301.043
301.056
301.068
301.081
301.095
301.108
301.121
301.135
301.149
301.163
301.177
301.191
301.206
301.221
301.235
301.25
301.266
301.281
301.297
301.312
301.328
301.345
301.361
301.377
301.394
301.411
301.428
301.445
301.462
301.48
301.497
301.515
301.533
301.551
301.569
301.588
301.606
301.625
301.644
301.663
301.682
301.701
301.72
301.74
301.759
301.779
301.799
301.819
301.839
301.859
301.879
301.899
301.92
301.94
301.961
301.981
302.002
302.022
302.043
302.064
302.085
302.105
302.126
302.147
302.167
302.188
302.209
302.229
302.25
302.271
302.291
302.312
302.332
302.352
302.372
302.393
302.413
302.432
302.452
302.472
302.491
302.511
302.53
302.549
302.568
302.587
302.605
302.624
302.642
302.66
302.678
302.696
302.713
302.73
302.747
302.764
302.78
302.796
302.811
302.827
302.842
302.856
302.87
302.884
302.897
302.91
302.922
302.933
302.944
302.955
302.964
302.973
302.981
302.989
302.996
303.001
303.006
303.01
303.013
303.015
303.016
303.016
303.014
303.011
303.007
303.001
302.994
302.986
302.975
302.963
302.95
302.934
302.916
302.897
302.875
302.851
302.825
302.796
302.766
302.733
302.697
300.777
300.786
300.795
300.804
300.813
300.822
300.832
300.841
300.851
300.861
300.871
300.881
300.891
300.902
300.912
300.923
300.934
300.945
300.956
300.968
300.979
300.991
301.003
301.015
301.027
301.039
301.052
301.065
301.078
301.091
301.104
301.117
301.131
301.144
301.158
301.172
301.187
301.201
301.215
301.23
301.245
301.26
301.275
301.291
301.306
301.322
301.338
301.354
301.37
301.387
301.403
301.42
301.437
301.454
301.471
301.488
301.506
301.523
301.541
301.559
301.577
301.595
301.613
301.632
301.65
301.669
301.688
301.707
301.725
301.745
301.764
301.783
301.802
301.822
301.841
301.861
301.88
301.9
301.92
301.939
301.959
301.979
301.999
302.019
302.038
302.058
302.078
302.098
302.117
302.137
302.157
302.176
302.196
302.215
302.235
302.254
302.273
302.293
302.312
302.331
302.349
302.368
302.387
302.405
302.424
302.442
302.46
302.478
302.496
302.513
302.53
302.548
302.564
302.581
302.598
302.614
302.63
302.645
302.661
302.675
302.69
302.704
302.718
302.731
302.744
302.757
302.769
302.78
302.791
302.801
302.811
302.82
302.828
302.835
302.842
302.848
302.853
302.858
302.861
302.863
302.864
302.865
302.864
302.862
302.858
302.854
302.848
302.84
302.832
302.821
302.809
302.795
302.78
302.762
302.743
302.722
302.699
302.673
302.646
302.617
302.585
300.733
300.742
300.75
300.758
300.767
300.775
300.784
300.793
300.802
300.811
300.82
300.83
300.839
300.849
300.859
300.869
300.879
300.889
300.9
300.91
300.921
300.932
300.943
300.954
300.965
300.977
300.989
301
301.012
301.025
301.037
301.049
301.062
301.075
301.088
301.101
301.114
301.127
301.141
301.155
301.169
301.183
301.197
301.211
301.226
301.241
301.256
301.271
301.286
301.301
301.317
301.332
301.348
301.364
301.38
301.397
301.413
301.43
301.446
301.463
301.48
301.497
301.514
301.532
301.549
301.567
301.585
301.602
301.62
301.638
301.656
301.675
301.693
301.711
301.73
301.748
301.767
301.786
301.804
301.823
301.842
301.861
301.88
301.898
301.917
301.936
301.955
301.974
301.993
302.012
302.03
302.049
302.068
302.087
302.105
302.124
302.142
302.161
302.179
302.197
302.215
302.234
302.251
302.269
302.287
302.305
302.322
302.339
302.357
302.374
302.39
302.407
302.423
302.44
302.456
302.471
302.487
302.502
302.517
302.531
302.545
302.559
302.573
302.586
302.598
302.61
302.622
302.633
302.644
302.654
302.664
302.672
302.681
302.688
302.695
302.701
302.706
302.711
302.714
302.717
302.719
302.72
302.719
302.718
302.716
302.712
302.707
302.701
302.693
302.684
302.674
302.662
302.648
302.633
302.616
302.597
302.577
302.554
302.53
302.504
302.475
300.694
300.702
300.709
300.717
300.725
300.733
300.741
300.749
300.758
300.766
300.775
300.784
300.793
300.802
300.811
300.82
300.83
300.839
300.849
300.859
300.869
300.879
300.889
300.9
300.91
300.921
300.932
300.943
300.954
300.966
300.977
300.989
301
301.012
301.025
301.037
301.049
301.062
301.074
301.087
301.1
301.114
301.127
301.14
301.154
301.168
301.182
301.196
301.21
301.225
301.239
301.254
301.269
301.284
301.299
301.314
301.33
301.345
301.361
301.377
301.393
301.409
301.425
301.441
301.458
301.475
301.491
301.508
301.525
301.542
301.559
301.577
301.594
301.611
301.629
301.646
301.664
301.682
301.699
301.717
301.735
301.753
301.771
301.789
301.807
301.825
301.843
301.861
301.879
301.897
301.915
301.933
301.951
301.969
301.986
302.004
302.022
302.04
302.057
302.075
302.092
302.11
302.127
302.144
302.161
302.178
302.195
302.212
302.228
302.245
302.261
302.277
302.293
302.309
302.324
302.339
302.354
302.369
302.383
302.397
302.411
302.425
302.438
302.45
302.463
302.474
302.486
302.497
302.507
302.517
302.526
302.535
302.543
302.551
302.558
302.564
302.569
302.574
302.578
302.581
302.583
302.584
302.584
302.584
302.582
302.579
302.575
302.57
302.564
302.556
302.547
302.536
302.525
302.511
302.496
302.48
302.462
302.442
302.42
302.397
302.372
300.66
300.667
300.674
300.682
300.689
300.697
300.704
300.712
300.72
300.728
300.736
300.744
300.753
300.761
300.77
300.778
300.787
300.796
300.805
300.815
300.824
300.834
300.843
300.853
300.863
300.873
300.883
300.894
300.904
300.915
300.926
300.937
300.948
300.959
300.97
300.982
300.993
301.005
301.017
301.029
301.041
301.054
301.066
301.079
301.092
301.105
301.118
301.131
301.145
301.158
301.172
301.186
301.2
301.214
301.228
301.243
301.257
301.272
301.287
301.302
301.317
301.332
301.348
301.363
301.379
301.394
301.41
301.426
301.442
301.458
301.475
301.491
301.507
301.524
301.541
301.557
301.574
301.591
301.608
301.625
301.642
301.659
301.676
301.693
301.71
301.727
301.744
301.762
301.779
301.796
301.813
301.83
301.848
301.865
301.882
301.899
301.916
301.933
301.95
301.967
301.984
302
302.017
302.034
302.05
302.066
302.083
302.099
302.115
302.131
302.146
302.162
302.177
302.192
302.207
302.222
302.236
302.251
302.265
302.278
302.292
302.305
302.317
302.33
302.341
302.353
302.364
302.375
302.385
302.395
302.404
302.412
302.42
302.428
302.435
302.441
302.446
302.451
302.455
302.458
302.461
302.463
302.463
302.463
302.462
302.46
302.457
302.452
302.447
302.44
302.433
302.424
302.413
302.402
302.388
302.374
302.358
302.34
302.321
302.3
302.278
300.633
300.639
300.646
300.653
300.66
300.667
300.674
300.682
300.689
300.697
300.704
300.712
300.72
300.728
300.736
300.745
300.753
300.762
300.77
300.779
300.788
300.797
300.806
300.815
300.825
300.834
300.844
300.854
300.864
300.874
300.884
300.894
300.905
300.916
300.926
300.937
300.948
300.959
300.971
300.982
300.994
301.006
301.017
301.03
301.042
301.054
301.066
301.079
301.092
301.105
301.118
301.131
301.144
301.158
301.171
301.185
301.199
301.213
301.227
301.241
301.255
301.27
301.285
301.299
301.314
301.329
301.344
301.359
301.375
301.39
301.405
301.421
301.437
301.452
301.468
301.484
301.5
301.516
301.532
301.549
301.565
301.581
301.598
301.614
301.63
301.647
301.663
301.68
301.696
301.713
301.729
301.746
301.763
301.779
301.796
301.812
301.828
301.845
301.861
301.878
301.894
301.91
301.926
301.942
301.958
301.974
301.99
302.005
302.021
302.036
302.051
302.066
302.081
302.096
302.11
302.124
302.138
302.152
302.166
302.179
302.192
302.204
302.217
302.229
302.24
302.251
302.262
302.272
302.282
302.292
302.301
302.309
302.317
302.325
302.331
302.338
302.343
302.348
302.352
302.356
302.358
302.36
302.361
302.362
302.361
302.36
302.357
302.353
302.349
302.343
302.337
302.329
302.319
302.309
302.297
302.284
302.27
302.254
302.237
302.218
302.198
300.613
300.619
300.626
300.632
300.639
300.646
300.653
300.66
300.667
300.674
300.682
300.689
300.697
300.705
300.712
300.72
300.728
300.737
300.745
300.753
300.762
300.77
300.779
300.788
300.797
300.806
300.816
300.825
300.835
300.844
300.854
300.864
300.874
300.884
300.895
300.905
300.916
300.926
300.937
300.948
300.959
300.971
300.982
300.994
301.005
301.017
301.029
301.041
301.054
301.066
301.078
301.091
301.104
301.117
301.13
301.143
301.156
301.17
301.183
301.197
301.211
301.225
301.239
301.253
301.267
301.282
301.296
301.311
301.325
301.34
301.355
301.37
301.385
301.4
301.416
301.431
301.446
301.462
301.478
301.493
301.509
301.525
301.54
301.556
301.572
301.588
301.604
301.62
301.636
301.652
301.668
301.684
301.7
301.716
301.732
301.748
301.764
301.78
301.796
301.812
301.828
301.843
301.859
301.875
301.89
301.906
301.921
301.936
301.951
301.966
301.981
301.995
302.01
302.024
302.038
302.052
302.066
302.079
302.092
302.105
302.118
302.13
302.142
302.154
302.165
302.176
302.186
302.196
302.206
302.215
302.224
302.233
302.24
302.248
302.254
302.261
302.266
302.271
302.275
302.279
302.282
302.284
302.285
302.286
302.286
302.285
302.282
302.279
302.276
302.271
302.265
302.257
302.249
302.24
302.229
302.217
302.204
302.19
302.174
302.157
302.138
300.602
300.608
300.615
300.621
300.628
300.634
300.641
300.648
300.655
300.662
300.669
300.677
300.684
300.692
300.699
300.707
300.715
300.723
300.731
300.739
300.748
300.756
300.765
300.773
300.782
300.791
300.8
300.809
300.819
300.828
300.838
300.848
300.857
300.867
300.877
300.888
300.898
300.909
300.919
300.93
300.941
300.952
300.963
300.974
300.986
300.997
301.009
301.021
301.033
301.045
301.057
301.069
301.082
301.095
301.107
301.12
301.133
301.146
301.16
301.173
301.186
301.2
301.214
301.228
301.242
301.256
301.27
301.284
301.298
301.313
301.328
301.342
301.357
301.372
301.387
301.402
301.417
301.432
301.447
301.463
301.478
301.494
301.509
301.525
301.54
301.556
301.572
301.587
301.603
301.619
301.634
301.65
301.666
301.682
301.698
301.713
301.729
301.745
301.76
301.776
301.791
301.807
301.822
301.838
301.853
301.868
301.883
301.898
301.913
301.927
301.942
301.956
301.971
301.985
301.998
302.012
302.025
302.039
302.052
302.064
302.077
302.089
302.1
302.112
302.123
302.134
302.144
302.154
302.164
302.173
302.182
302.19
302.198
302.205
302.212
302.218
302.223
302.228
302.232
302.236
302.239
302.241
302.243
302.244
302.244
302.243
302.241
302.238
302.235
302.23
302.224
302.218
302.21
302.201
302.191
302.18
302.167
302.154
302.139
302.122
302.105
304.178
303.553
303.095
302.724
302.411
302.14
301.902
301.691
301.503
301.335
301.185
301.049
300.927
300.818
300.719
300.631
300.552
300.481
300.417
300.361
300.311
300.267
300.228
300.193
300.163
300.137
300.115
300.096
300.079
300.065
300.053
300.043
300.035
300.028
300.022
300.018
300.014
300.011
300.008
300.006
300.005
300.004
300.003
300.002
300.001
300.001
300.001
300
300
300
300
304.176
303.553
303.095
302.724
302.411
302.14
301.902
301.691
301.503
301.335
301.185
301.049
300.927
300.818
300.719
300.631
300.552
300.481
300.418
300.361
300.311
300.267
300.228
300.193
300.163
300.137
300.115
300.096
300.079
300.065
300.053
300.043
300.035
300.028
300.022
300.018
300.014
300.011
300.008
300.006
300.005
300.004
300.003
300.002
300.001
300.001
300.001
300
300
300
300
304.171
303.552
303.095
302.724
302.411
302.14
301.902
301.691
301.503
301.335
301.185
301.049
300.927
300.818
300.72
300.631
300.552
300.481
300.418
300.361
300.311
300.267
300.228
300.193
300.163
300.137
300.115
300.096
300.079
300.065
300.053
300.043
300.035
300.028
300.022
300.018
300.014
300.011
300.008
300.006
300.005
300.004
300.003
300.002
300.001
300.001
300.001
300
300
300
300
304.164
303.55
303.094
302.724
302.411
302.14
301.902
301.691
301.503
301.336
301.185
301.049
300.928
300.818
300.72
300.631
300.552
300.481
300.418
300.361
300.311
300.267
300.228
300.193
300.163
300.137
300.115
300.096
300.079
300.065
300.053
300.043
300.035
300.028
300.022
300.018
300.014
300.011
300.008
300.006
300.005
300.004
300.003
300.002
300.001
300.001
300.001
300
300
300
300
304.155
303.548
303.093
302.724
302.411
302.14
301.902
301.691
301.504
301.336
301.185
301.05
300.928
300.818
300.72
300.632
300.552
300.481
300.418
300.361
300.311
300.267
300.228
300.194
300.164
300.138
300.115
300.096
300.079
300.065
300.053
300.043
300.035
300.028
300.022
300.018
300.014
300.011
300.008
300.006
300.005
300.004
300.003
300.002
300.001
300.001
300.001
300
300
300
300
304.143
303.544
303.092
302.723
302.411
302.14
301.902
301.692
301.504
301.336
301.185
301.05
300.928
300.819
300.72
300.632
300.553
300.482
300.418
300.362
300.311
300.267
300.228
300.194
300.164
300.138
300.115
300.096
300.079
300.065
300.053
300.043
300.035
300.028
300.023
300.018
300.014
300.011
300.008
300.006
300.005
300.004
300.003
300.002
300.001
300.001
300.001
300
300
300
300
304.128
303.54
303.09
302.723
302.41
302.14
301.903
301.692
301.504
301.337
301.186
301.05
300.929
300.819
300.721
300.632
300.553
300.482
300.418
300.362
300.312
300.267
300.228
300.194
300.164
300.138
300.115
300.096
300.079
300.065
300.053
300.043
300.035
300.028
300.023
300.018
300.014
300.011
300.008
300.007
300.005
300.004
300.003
300.002
300.001
300.001
300.001
300
300
300
300
304.111
303.535
303.089
302.722
302.41
302.14
301.903
301.693
301.505
301.337
301.186
301.051
300.929
300.82
300.721
300.633
300.553
300.482
300.419
300.362
300.312
300.268
300.228
300.194
300.164
300.138
300.115
300.096
300.08
300.065
300.054
300.044
300.035
300.028
300.023
300.018
300.014
300.011
300.009
300.007
300.005
300.004
300.003
300.002
300.001
300.001
300.001
300
300
300
300
304.092
303.529
303.086
302.721
302.41
302.141
301.904
301.693
301.506
301.338
301.187
301.052
300.93
300.82
300.722
300.633
300.554
300.483
300.419
300.363
300.312
300.268
300.229
300.194
300.164
300.138
300.116
300.096
300.08
300.066
300.054
300.044
300.035
300.028
300.023
300.018
300.014
300.011
300.009
300.007
300.005
300.004
300.003
300.002
300.001
300.001
300.001
300
300
300
300
304.07
303.522
303.084
302.72
302.41
302.141
301.904
301.694
301.507
301.339
301.188
301.053
300.931
300.821
300.723
300.634
300.555
300.483
300.42
300.363
300.313
300.268
300.229
300.195
300.165
300.138
300.116
300.096
300.08
300.066
300.054
300.044
300.035
300.028
300.023
300.018
300.014
300.011
300.009
300.007
300.005
300.004
300.003
300.002
300.001
300.001
300.001
300
300
300
300
304.046
303.513
303.08
302.719
302.41
302.142
301.905
301.695
301.508
301.34
301.189
301.054
300.932
300.822
300.724
300.635
300.555
300.484
300.421
300.364
300.313
300.269
300.23
300.195
300.165
300.139
300.116
300.097
300.08
300.066
300.054
300.044
300.035
300.029
300.023
300.018
300.014
300.011
300.009
300.007
300.005
300.004
300.003
300.002
300.001
300.001
300.001
300
300
300
300
304.02
303.503
303.077
302.718
302.411
302.143
301.906
301.696
301.509
301.341
301.191
301.055
300.933
300.823
300.725
300.636
300.556
300.485
300.421
300.365
300.314
300.269
300.23
300.195
300.165
300.139
300.116
300.097
300.08
300.066
300.054
300.044
300.036
300.029
300.023
300.018
300.014
300.011
300.009
300.007
300.005
300.004
300.003
300.002
300.001
300.001
300.001
300
300
300
300
303.992
303.492
303.072
302.717
302.411
302.143
301.908
301.698
301.511
301.343
301.192
301.057
300.935
300.825
300.726
300.637
300.557
300.486
300.422
300.365
300.315
300.27
300.231
300.196
300.166
300.139
300.117
300.097
300.08
300.066
300.054
300.044
300.036
300.029
300.023
300.018
300.014
300.011
300.009
300.007
300.005
300.004
300.003
300.002
300.001
300.001
300.001
300
300
300
300
303.961
303.479
303.067
302.715
302.411
302.145
301.909
301.7
301.513
301.345
301.194
301.058
300.936
300.826
300.728
300.639
300.559
300.487
300.423
300.366
300.316
300.271
300.231
300.197
300.166
300.14
300.117
300.098
300.081
300.067
300.054
300.044
300.036
300.029
300.023
300.018
300.014
300.011
300.009
300.007
300.005
300.004
300.003
300.002
300.001
300.001
300.001
300
300
300
300
303.928
303.465
303.061
302.713
302.411
302.146
301.911
301.702
301.515
301.347
301.196
301.061
300.938
300.828
300.729
300.64
300.56
300.489
300.424
300.367
300.317
300.272
300.232
300.197
300.167
300.14
300.118
300.098
300.081
300.067
300.055
300.044
300.036
300.029
300.023
300.018
300.014
300.011
300.009
300.007
300.005
300.004
300.003
300.002
300.001
300.001
300.001
300
300
300
300
303.892
303.448
303.054
302.711
302.411
302.147
301.913
301.704
301.517
301.35
301.199
301.063
300.941
300.83
300.731
300.642
300.562
300.49
300.426
300.368
300.318
300.273
300.233
300.198
300.167
300.141
300.118
300.098
300.081
300.067
300.055
300.045
300.036
300.029
300.023
300.018
300.015
300.011
300.009
300.007
300.005
300.004
300.003
300.002
300.001
300.001
300.001
300
300
300
300
303.854
303.429
303.045
302.708
302.411
302.148
301.915
301.707
301.52
301.352
301.202
301.066
300.943
300.833
300.733
300.644
300.564
300.492
300.427
300.37
300.319
300.274
300.234
300.199
300.168
300.142
300.119
300.099
300.082
300.067
300.055
300.045
300.036
300.029
300.023
300.019
300.015
300.011
300.009
300.007
300.005
300.004
300.003
300.002
300.001
300.001
300.001
300
300
300
300
303.813
303.407
303.035
302.703
302.41
302.149
301.917
301.709
301.523
301.355
301.205
301.069
300.946
300.835
300.736
300.646
300.566
300.493
300.429
300.371
300.32
300.275
300.235
300.2
300.169
300.142
300.119
300.099
300.082
300.068
300.055
300.045
300.037
300.029
300.023
300.019
300.015
300.011
300.009
300.007
300.005
300.004
300.003
300.002
300.001
300.001
300.001
300
300
300
300
303.769
303.383
303.023
302.698
302.408
302.15
301.919
301.712
301.526
301.359
301.208
301.072
300.949
300.838
300.738
300.648
300.568
300.495
300.431
300.373
300.321
300.276
300.236
300.2
300.17
300.143
300.12
300.1
300.083
300.068
300.056
300.045
300.037
300.03
300.024
300.019
300.015
300.012
300.009
300.007
300.005
300.004
300.003
300.002
300.001
300.001
300.001
300
300
300
300
303.721
303.355
303.008
302.691
302.406
302.15
301.921
301.715
301.53
301.362
301.211
301.075
300.952
300.841
300.741
300.651
300.57
300.497
300.432
300.374
300.323
300.277
300.237
300.201
300.17
300.144
300.12
300.1
300.083
300.068
300.056
300.046
300.037
300.03
300.024
300.019
300.015
300.012
300.009
300.007
300.005
300.004
300.003
300.002
300.001
300.001
300.001
300
300
300
300
303.671
303.324
302.99
302.682
302.402
302.15
301.923
301.718
301.533
301.366
301.215
301.079
300.956
300.845
300.744
300.654
300.573
300.5
300.434
300.376
300.324
300.278
300.238
300.202
300.171
300.144
300.121
300.101
300.083
300.069
300.056
300.046
300.037
300.03
300.024
300.019
300.015
300.012
300.009
300.007
300.005
300.004
300.003
300.002
300.002
300.001
300.001
300
300
300
300
303.616
303.289
302.969
302.671
302.397
302.148
301.923
301.72
301.536
301.37
301.219
301.083
300.959
300.848
300.747
300.657
300.575
300.502
300.437
300.378
300.326
300.28
300.239
300.203
300.172
300.145
300.122
300.101
300.084
300.069
300.057
300.046
300.037
300.03
300.024
300.019
300.015
300.012
300.009
300.007
300.005
300.004
300.003
300.002
300.002
300.001
300.001
300
300
300
300
303.558
303.25
302.945
302.656
302.39
302.146
301.923
301.722
301.539
301.373
301.223
301.087
300.963
300.852
300.751
300.66
300.578
300.505
300.439
300.38
300.328
300.281
300.241
300.205
300.173
300.146
300.122
300.102
300.084
300.07
300.057
300.047
300.038
300.03
300.024
300.019
300.015
300.012
300.009
300.007
300.005
300.004
300.003
300.002
300.002
300.001
300.001
300
300
300
300
303.495
303.206
302.916
302.639
302.38
302.141
301.922
301.723
301.541
301.376
301.227
301.091
300.967
300.856
300.754
300.663
300.581
300.507
300.441
300.382
300.33
300.283
300.242
300.206
300.174
300.147
300.123
300.103
300.085
300.07
300.057
300.047
300.038
300.031
300.024
300.019
300.015
300.012
300.009
300.007
300.005
300.004
300.003
300.002
300.002
300.001
300.001
300
300
300
300
303.428
303.158
302.883
302.618
302.367
302.134
301.919
301.723
301.543
301.379
301.23
301.094
300.971
300.859
300.758
300.667
300.584
300.51
300.444
300.384
300.332
300.285
300.243
300.207
300.175
300.148
300.124
300.103
300.086
300.071
300.058
300.047
300.038
300.031
300.025
300.02
300.015
300.012
300.009
300.007
300.005
300.004
300.003
300.002
300.002
300.001
300.001
300
300
300
300
303.356
303.104
302.846
302.592
302.351
302.124
301.915
301.721
301.544
301.382
301.233
301.098
300.975
300.863
300.762
300.67
300.588
300.513
300.446
300.387
300.334
300.286
300.245
300.208
300.176
300.149
300.125
300.104
300.086
300.071
300.058
300.047
300.038
300.031
300.025
300.02
300.016
300.012
300.009
300.007
300.006
300.004
300.003
300.002
300.002
300.001
300.001
300
300
300
300
303.28
303.045
302.803
302.562
302.331
302.112
301.908
301.718
301.544
301.383
301.236
301.101
300.979
300.867
300.766
300.674
300.591
300.516
300.449
300.389
300.336
300.288
300.246
300.21
300.177
300.15
300.125
300.104
300.087
300.071
300.059
300.048
300.039
300.031
300.025
300.02
300.016
300.012
300.01
300.007
300.006
300.004
300.003
300.002
300.002
300.001
300.001
300
300
300
300
303.198
302.981
302.754
302.527
302.306
302.096
301.898
301.713
301.542
301.383
301.238
301.104
300.982
300.871
300.769
300.677
300.594
300.519
300.452
300.391
300.338
300.29
300.248
300.211
300.179
300.15
300.126
300.105
300.087
300.072
300.059
300.048
300.039
300.031
300.025
300.02
300.016
300.012
300.01
300.007
300.006
300.004
300.003
300.002
300.002
300.001
300.001
300
300
300
300
303.112
302.911
302.701
302.487
302.278
302.076
301.885
301.705
301.538
301.382
301.239
301.106
300.985
300.874
300.773
300.681
300.597
300.522
300.454
300.394
300.34
300.292
300.25
300.212
300.18
300.151
300.127
300.106
300.088
300.072
300.059
300.048
300.039
300.032
300.025
300.02
300.016
300.012
300.01
300.007
300.006
300.004
300.003
300.002
300.002
300.001
300.001
300
300
300
300
303.021
302.837
302.641
302.442
302.244
302.052
301.869
301.695
301.532
301.38
301.238
301.108
300.987
300.877
300.776
300.684
300.6
300.525
300.457
300.396
300.342
300.294
300.251
300.214
300.181
300.152
300.128
300.106
300.088
300.073
300.06
300.049
300.039
300.032
300.025
300.02
300.016
300.013
300.01
300.007
300.006
300.004
300.003
300.002
300.002
300.001
300.001
300
300
300
300
302.925
302.757
302.577
302.392
302.206
302.024
301.849
301.682
301.523
301.375
301.236
301.108
300.989
300.879
300.779
300.687
300.603
300.528
300.46
300.399
300.344
300.296
300.253
300.215
300.182
300.153
300.128
300.107
300.089
300.073
300.06
300.049
300.04
300.032
300.026
300.02
300.016
300.013
300.01
300.008
300.006
300.004
300.003
300.002
300.002
300.001
300.001
300
300
300
300
302.826
302.672
302.508
302.336
302.163
301.992
301.825
301.665
301.512
301.368
301.233
301.107
300.989
300.881
300.781
300.689
300.606
300.531
300.462
300.401
300.346
300.297
300.254
300.216
300.183
300.154
300.129
300.108
300.089
300.074
300.06
300.049
300.04
300.032
300.026
300.02
300.016
300.013
300.01
300.008
300.006
300.004
300.003
300.002
300.002
300.001
300.001
300
300
300
300
302.723
302.585
302.434
302.277
302.116
301.956
301.798
301.645
301.499
301.359
301.228
301.104
300.989
300.881
300.783
300.692
300.609
300.533
300.465
300.403
300.348
300.299
300.256
300.218
300.184
300.155
300.13
300.108
300.09
300.074
300.061
300.049
300.04
300.032
300.026
300.021
300.016
300.013
300.01
300.008
300.006
300.004
300.003
300.002
300.002
300.001
300.001
300
300
300
300
302.619
302.494
302.358
302.213
302.065
301.916
301.768
301.623
301.483
301.348
301.221
301.1
300.987
300.881
300.784
300.693
300.611
300.535
300.467
300.405
300.35
300.301
300.257
300.219
300.185
300.156
300.131
300.109
300.09
300.074
300.061
300.05
300.04
300.032
300.026
300.021
300.016
300.013
300.01
300.008
300.006
300.004
300.003
300.002
300.002
300.001
300.001
300
300
300
300
302.515
302.403
302.279
302.148
302.012
301.873
301.734
301.598
301.464
301.335
301.212
301.095
300.984
300.88
300.784
300.694
300.612
300.537
300.469
300.407
300.352
300.302
300.259
300.22
300.186
300.157
300.131
300.109
300.091
300.075
300.061
300.05
300.04
300.033
300.026
300.021
300.016
300.013
300.01
300.008
300.006
300.004
300.003
300.002
300.002
300.001
300.001
300
300
300
300
302.413
302.313
302.201
302.082
301.957
301.829
301.699
301.571
301.444
301.321
301.202
301.088
300.98
300.879
300.783
300.695
300.613
300.539
300.47
300.409
300.353
300.304
300.26
300.221
300.187
300.158
300.132
300.11
300.091
300.075
300.061
300.05
300.041
300.033
300.026
300.021
300.016
300.013
300.01
300.008
300.006
300.004
300.003
300.002
300.002
300.001
300.001
300
300
300
300
302.316
302.226
302.126
302.018
301.903
301.785
301.664
301.543
301.423
301.306
301.191
301.081
300.976
300.876
300.783
300.695
300.614
300.54
300.472
300.41
300.355
300.305
300.261
300.222
300.188
300.158
300.132
300.11
300.091
300.075
300.062
300.05
300.041
300.033
300.026
300.021
300.016
300.013
300.01
300.008
300.006
300.004
300.003
300.002
300.002
300.001
300.001
300
300
300
300
302.228
302.147
302.057
301.958
301.853
301.743
301.631
301.517
301.403
301.29
301.18
301.074
300.971
300.874
300.782
300.695
300.615
300.541
300.473
300.412
300.356
300.306
300.262
300.223
300.189
300.159
300.133
300.111
300.092
300.076
300.062
300.05
300.041
300.033
300.026
300.021
300.016
300.013
300.01
300.008
300.006
300.004
300.003
300.002
300.002
300.001
300.001
300
300
300
300
302.153
302.08
301.997
301.906
301.809
301.707
301.601
301.493
301.385
301.277
301.171
301.067
300.967
300.871
300.78
300.695
300.615
300.542
300.474
300.413
300.357
300.307
300.263
300.224
300.189
300.159
300.133
300.111
300.092
300.076
300.062
300.05
300.041
300.033
300.026
300.021
300.017
300.013
300.01
300.008
300.006
300.004
300.003
300.002
300.002
300.001
300.001
300
300
300
300
302.097
302.029
301.952
301.867
301.776
301.679
301.578
301.475
301.371
301.266
301.163
301.062
300.963
300.869
300.779
300.695
300.616
300.542
300.475
300.413
300.358
300.308
300.264
300.224
300.19
300.16
300.134
300.111
300.092
300.076
300.062
300.051
300.041
300.033
300.026
300.021
300.017
300.013
300.01
300.008
300.006
300.004
300.003
300.002
300.002
300.001
300.001
300
300
300
300
302.065
302
301.927
301.845
301.757
301.663
301.566
301.465
301.363
301.26
301.159
301.059
300.962
300.868
300.779
300.695
300.616
300.543
300.475
300.414
300.358
300.309
300.264
300.225
300.19
300.16
300.134
300.111
300.092
300.076
300.062
300.051
300.041
300.033
300.026
300.021
300.017
300.013
300.01
300.008
300.006
300.004
300.003
300.002
300.002
300.001
300.001
300
300
300
300
)
;

boundaryField
{
    inlet
    {
        type            fixedValue;
        value           uniform 300;
    }
    outlet
    {
        type            zeroGradient;
    }
    top
    {
        type            zeroGradient;
    }
    slip-bottom
    {
        type            zeroGradient;
    }
    bottom
    {
        type            zeroGradient;
    }
    interface
    {
        type            fixedGradient;
        gradient        nonuniform List<scalar> 
161
(
68.0511
68.0511
46.2092
46.2092
46.2092
46.2092
34.2613
34.2613
34.2613
34.2613
29.4175
29.4175
29.4175
28.6106
28.6106
28.6106
28.6106
25.9899
25.9899
25.9899
25.1121
25.1121
25.1121
24.5983
24.5983
24.5983
23.9373
23.9373
23.9373
23.3404
23.3404
23.3404
22.7861
22.7861
22.7861
22.2396
22.2396
22.2396
21.7182
21.7182
21.7182
20.6805
20.6805
21.411
21.411
21.411
20.3789
20.3789
20.8423
20.8423
20.8423
19.8249
19.8249
19.8121
19.8121
19.8121
19.9404
19.9404
20.2619
20.2619
19.0457
19.0457
18.9343
18.9343
18.9722
18.9722
18.8306
18.8306
18.8306
18.6576
18.6576
18.4901
18.3156
18.3156
18.1041
18.1041
17.9133
17.9133
17.2393
17.2393
18.0746
18.0746
17.7295
17.7295
17.3422
16.7109
16.7109
17.4044
17.4044
17.1055
16.3394
16.3394
17.002
16.3089
16.3089
16.7412
16.7412
16.0561
16.4779
16.4779
15.8535
16.2687
15.6666
15.6666
15.7091
16.1182
16.1182
15.42
15.7421
15.2096
15.2096
15.2252
15.3413
15.5467
15.5467
14.9451
14.9779
15.0812
15.2335
15.2335
14.7444
14.7651
14.8426
14.8424
14.9424
14.6136
14.6136
14.5961
14.6246
14.6088
14.5876
14.5627
14.5357
14.5078
14.4797
14.4522
14.426
14.4021
14.3814
14.3652
14.3552
14.3532
14.3612
14.3813
14.4156
14.4682
14.5455
14.6617
14.8495
15.0143
14.643
14.7193
15.3274
15.7618
16.3409
17.042
19.7427
17.3328
20.162
22.888
32.6761
)
;
    }
    defaultFaces
    {
        type            empty;
    }
}


// ************************************************************************* //
