/*--------------------------------*- C++ -*----------------------------------*\
| =========                 |                                                 |
| \\      /  F ield         | OpenFOAM: The Open Source CFD Toolbox           |
|  \\    /   O peration     | Version:  2106                                  |
|   \\  /    A nd           | Website:  www.openfoam.com                      |
|    \\/     M anipulation  |                                                 |
\*---------------------------------------------------------------------------*/
FoamFile
{
    version     2.0;
    format      ascii;
    arch        "LSB;label=32;scalar=64";
    class       volScalarField;
    location    "3";
    object      T;
}
// * * * * * * * * * * * * * * * * * * * * * * * * * * * * * * * * * * * * * //

dimensions      [0 0 0 1 0 0 0];

internalField   nonuniform List<scalar> 
12013
(
300.002
300.007
300.011
300.016
300.021
300.027
300.032
300.038
300.045
300.051
300.058
300.066
300.074
300.082
300.091
300.1
300.11
300.12
300.13
300.142
300.153
300.166
300.179
300.192
300.206
300.221
300.237
300.253
300.27
300.287
300.305
300.324
300.344
300.364
300.385
300.407
300.43
300.453
300.477
300.502
300.528
300.555
300.583
300.611
300.641
300.671
300.703
300.735
300.768
300.802
300.838
300.874
300.911
300.95
300.99
301.03
301.072
301.116
301.16
301.206
301.253
301.302
301.352
301.404
301.457
301.512
301.569
301.628
301.69
301.753
301.819
301.889
301.961
302.037
302.117
302.202
302.292
302.391
302.5
302.623
302.769
300.002
300.007
300.011
300.016
300.021
300.027
300.032
300.038
300.045
300.051
300.058
300.066
300.074
300.082
300.091
300.1
300.11
300.12
300.13
300.142
300.153
300.166
300.179
300.192
300.206
300.221
300.237
300.253
300.269
300.287
300.305
300.324
300.344
300.364
300.385
300.407
300.43
300.453
300.477
300.502
300.528
300.555
300.583
300.611
300.641
300.671
300.702
300.735
300.768
300.802
300.838
300.874
300.911
300.95
300.989
301.03
301.072
301.115
301.16
301.205
301.253
301.301
301.351
301.403
301.456
301.511
301.568
301.627
301.688
301.752
301.818
301.886
301.958
302.034
302.113
302.197
302.286
302.382
302.487
302.601
302.727
300.002
300.007
300.011
300.016
300.021
300.027
300.032
300.038
300.045
300.051
300.058
300.066
300.074
300.082
300.091
300.1
300.11
300.12
300.13
300.142
300.153
300.166
300.179
300.192
300.206
300.221
300.237
300.253
300.269
300.287
300.305
300.324
300.343
300.364
300.385
300.407
300.429
300.453
300.477
300.502
300.528
300.555
300.583
300.611
300.641
300.671
300.702
300.734
300.768
300.802
300.837
300.873
300.911
300.949
300.989
301.029
301.071
301.114
301.159
301.205
301.252
301.3
301.35
301.402
301.455
301.51
301.566
301.625
301.686
301.749
301.814
301.882
301.953
302.027
302.105
302.187
302.273
302.365
302.463
302.566
302.673
300.002
300.007
300.011
300.016
300.021
300.027
300.032
300.038
300.045
300.051
300.058
300.066
300.074
300.082
300.091
300.1
300.109
300.12
300.13
300.142
300.153
300.166
300.179
300.192
300.206
300.221
300.237
300.253
300.269
300.287
300.305
300.324
300.343
300.364
300.385
300.407
300.429
300.453
300.477
300.502
300.528
300.555
300.582
300.611
300.64
300.67
300.702
300.734
300.767
300.801
300.836
300.873
300.91
300.948
300.988
301.028
301.07
301.113
301.157
301.203
301.25
301.298
301.348
301.399
301.452
301.506
301.563
301.621
301.681
301.743
301.808
301.875
301.944
302.017
302.092
302.171
302.254
302.34
302.43
302.522
302.615
300.002
300.007
300.011
300.016
300.021
300.027
300.032
300.038
300.045
300.051
300.058
300.066
300.074
300.082
300.091
300.1
300.109
300.12
300.13
300.142
300.153
300.166
300.179
300.192
300.206
300.221
300.236
300.252
300.269
300.287
300.305
300.324
300.343
300.363
300.384
300.406
300.429
300.452
300.477
300.502
300.527
300.554
300.582
300.61
300.64
300.67
300.701
300.733
300.766
300.8
300.835
300.872
300.909
300.947
300.986
301.027
301.068
301.111
301.155
301.201
301.247
301.295
301.345
301.395
301.448
301.502
301.557
301.615
301.674
301.735
301.799
301.864
301.932
302.003
302.075
302.151
302.229
302.309
302.391
302.474
302.556
300.002
300.007
300.011
300.016
300.021
300.027
300.032
300.038
300.045
300.051
300.058
300.066
300.074
300.082
300.091
300.1
300.109
300.12
300.13
300.141
300.153
300.166
300.178
300.192
300.206
300.221
300.236
300.252
300.269
300.286
300.304
300.323
300.343
300.363
300.384
300.406
300.429
300.452
300.476
300.501
300.527
300.554
300.581
300.609
300.639
300.669
300.7
300.732
300.765
300.799
300.834
300.87
300.907
300.945
300.984
301.025
301.066
301.109
301.152
301.197
301.244
301.291
301.34
301.39
301.442
301.496
301.55
301.607
301.665
301.725
301.787
301.851
301.916
301.984
302.054
302.125
302.198
302.273
302.348
302.423
302.497
300.002
300.007
300.011
300.016
300.021
300.027
300.032
300.038
300.045
300.051
300.058
300.066
300.074
300.082
300.09
300.1
300.109
300.119
300.13
300.141
300.153
300.165
300.178
300.192
300.206
300.221
300.236
300.252
300.269
300.286
300.304
300.323
300.342
300.363
300.384
300.405
300.428
300.451
300.475
300.5
300.526
300.553
300.58
300.608
300.638
300.668
300.699
300.731
300.764
300.797
300.832
300.868
300.905
300.943
300.982
301.022
301.063
301.105
301.148
301.193
301.239
301.286
301.334
301.384
301.435
301.487
301.541
301.597
301.654
301.712
301.772
301.834
301.897
301.961
302.028
302.095
302.163
302.232
302.301
302.369
302.436
300.002
300.007
300.011
300.016
300.021
300.027
300.032
300.038
300.045
300.051
300.058
300.066
300.073
300.082
300.09
300.1
300.109
300.119
300.13
300.141
300.153
300.165
300.178
300.192
300.206
300.22
300.236
300.252
300.268
300.286
300.304
300.322
300.342
300.362
300.383
300.405
300.427
300.451
300.475
300.499
300.525
300.552
300.579
300.607
300.636
300.666
300.697
300.729
300.762
300.795
300.83
300.865
300.902
300.94
300.978
301.018
301.059
301.101
301.143
301.188
301.233
301.279
301.327
301.376
301.426
301.477
301.53
301.584
301.639
301.696
301.754
301.813
301.874
301.935
301.997
302.061
302.124
302.188
302.251
302.314
302.375
300.002
300.007
300.011
300.016
300.021
300.027
300.032
300.038
300.044
300.051
300.058
300.066
300.073
300.082
300.09
300.099
300.109
300.119
300.13
300.141
300.153
300.165
300.178
300.191
300.205
300.22
300.235
300.251
300.268
300.285
300.303
300.322
300.341
300.361
300.382
300.404
300.426
300.45
300.473
300.498
300.524
300.55
300.577
300.606
300.634
300.664
300.695
300.727
300.759
300.793
300.827
300.862
300.898
300.936
300.974
301.013
301.054
301.095
301.137
301.181
301.225
301.271
301.318
301.366
301.415
301.465
301.516
301.569
301.622
301.677
301.733
301.789
301.847
301.905
301.964
302.023
302.082
302.141
302.2
302.257
302.314
300.002
300.007
300.011
300.016
300.021
300.026
300.032
300.038
300.044
300.051
300.058
300.065
300.073
300.081
300.09
300.099
300.109
300.119
300.13
300.141
300.152
300.165
300.177
300.191
300.205
300.22
300.235
300.251
300.267
300.285
300.303
300.321
300.34
300.361
300.381
300.403
300.425
300.448
300.472
300.497
300.522
300.549
300.576
300.604
300.632
300.662
300.692
300.724
300.756
300.789
300.823
300.858
300.894
300.931
300.969
301.008
301.047
301.088
301.13
301.173
301.216
301.261
301.307
301.354
301.401
301.45
301.5
301.551
301.602
301.655
301.708
301.762
301.816
301.871
301.927
301.982
302.037
302.092
302.146
302.2
302.252
300.002
300.007
300.011
300.016
300.021
300.026
300.032
300.038
300.044
300.051
300.058
300.065
300.073
300.081
300.09
300.099
300.109
300.119
300.129
300.14
300.152
300.164
300.177
300.19
300.204
300.219
300.234
300.25
300.267
300.284
300.302
300.32
300.34
300.359
300.38
300.402
300.424
300.447
300.471
300.495
300.52
300.546
300.573
300.601
300.63
300.659
300.689
300.72
300.752
300.785
300.819
300.853
300.889
300.925
300.962
301.001
301.04
301.08
301.121
301.163
301.205
301.249
301.294
301.339
301.386
301.433
301.481
301.53
301.579
301.629
301.68
301.731
301.783
301.835
301.886
301.938
301.99
302.041
302.091
302.14
302.189
300.002
300.007
300.011
300.016
300.021
300.026
300.032
300.038
300.044
300.051
300.058
300.065
300.073
300.081
300.09
300.099
300.108
300.118
300.129
300.14
300.152
300.164
300.177
300.19
300.204
300.218
300.234
300.249
300.266
300.283
300.301
300.319
300.338
300.358
300.379
300.4
300.422
300.445
300.469
300.493
300.518
300.544
300.571
300.598
300.626
300.655
300.685
300.716
300.748
300.78
300.813
300.847
300.882
300.918
300.955
300.992
301.031
301.07
301.11
301.151
301.193
301.235
301.279
301.323
301.367
301.413
301.459
301.506
301.553
301.601
301.649
301.698
301.746
301.795
301.843
301.892
301.94
301.987
302.034
302.08
302.125
300.002
300.007
300.011
300.016
300.021
300.026
300.032
300.038
300.044
300.051
300.058
300.065
300.073
300.081
300.089
300.098
300.108
300.118
300.129
300.14
300.151
300.163
300.176
300.189
300.203
300.218
300.233
300.248
300.265
300.282
300.299
300.318
300.337
300.357
300.377
300.398
300.42
300.443
300.466
300.49
300.515
300.541
300.567
300.594
300.622
300.651
300.681
300.711
300.742
300.774
300.807
300.841
300.875
300.91
300.946
300.983
301.02
301.059
301.098
301.137
301.178
301.219
301.261
301.304
301.347
301.39
301.435
301.479
301.524
301.57
301.615
301.661
301.707
301.753
301.798
301.843
301.888
301.932
301.976
302.018
302.06
300.002
300.007
300.011
300.016
300.021
300.026
300.032
300.038
300.044
300.05
300.057
300.065
300.072
300.081
300.089
300.098
300.108
300.118
300.128
300.139
300.151
300.163
300.175
300.188
300.202
300.217
300.232
300.247
300.264
300.28
300.298
300.316
300.335
300.355
300.375
300.396
300.418
300.44
300.463
300.487
300.512
300.537
300.563
300.59
300.618
300.646
300.675
300.705
300.736
300.767
300.799
300.832
300.866
300.9
300.936
300.971
301.008
301.045
301.083
301.122
301.161
301.201
301.241
301.282
301.324
301.365
301.408
301.45
301.493
301.536
301.579
301.622
301.665
301.708
301.75
301.792
301.834
301.875
301.916
301.956
301.995
300.002
300.006
300.011
300.016
300.021
300.026
300.032
300.038
300.044
300.05
300.057
300.064
300.072
300.08
300.089
300.098
300.107
300.117
300.127
300.138
300.15
300.162
300.174
300.187
300.201
300.215
300.23
300.246
300.262
300.279
300.296
300.314
300.333
300.353
300.373
300.393
300.415
300.437
300.46
300.484
300.508
300.533
300.559
300.585
300.612
300.64
300.669
300.698
300.728
300.759
300.791
300.823
300.856
300.889
300.924
300.958
300.994
301.03
301.067
301.104
301.142
301.18
301.219
301.258
301.298
301.338
301.378
301.418
301.458
301.499
301.54
301.58
301.62
301.66
301.7
301.74
301.779
301.817
301.855
301.892
301.929
300.002
300.006
300.011
300.016
300.021
300.026
300.032
300.037
300.044
300.05
300.057
300.064
300.072
300.08
300.088
300.097
300.107
300.116
300.127
300.138
300.149
300.161
300.173
300.186
300.2
300.214
300.229
300.244
300.26
300.277
300.294
300.312
300.331
300.35
300.37
300.39
300.412
300.433
300.456
300.479
300.503
300.528
300.553
300.579
300.606
300.633
300.661
300.69
300.72
300.75
300.781
300.812
300.844
300.877
300.91
300.944
300.978
301.013
301.048
301.084
301.12
301.157
301.194
301.232
301.269
301.307
301.345
301.383
301.422
301.46
301.498
301.536
301.574
301.611
301.648
301.685
301.722
301.757
301.793
301.827
301.861
300.002
300.006
300.011
300.016
300.021
300.026
300.031
300.037
300.043
300.05
300.057
300.064
300.071
300.079
300.088
300.097
300.106
300.116
300.126
300.137
300.148
300.16
300.172
300.185
300.199
300.213
300.227
300.242
300.258
300.275
300.292
300.309
300.328
300.347
300.366
300.387
300.408
300.429
300.451
300.474
300.498
300.522
300.547
300.572
300.599
300.625
300.653
300.681
300.71
300.739
300.769
300.799
300.83
300.862
300.894
300.927
300.96
300.994
301.028
301.062
301.097
301.132
301.167
301.203
301.238
301.274
301.31
301.346
301.382
301.418
301.454
301.489
301.525
301.56
301.595
301.629
301.663
301.696
301.729
301.762
301.793
300.002
300.006
300.011
300.016
300.02
300.026
300.031
300.037
300.043
300.049
300.056
300.063
300.071
300.079
300.087
300.096
300.105
300.115
300.125
300.136
300.147
300.159
300.171
300.184
300.197
300.211
300.225
300.24
300.256
300.272
300.289
300.306
300.324
300.343
300.363
300.382
300.403
300.424
300.446
300.469
300.492
300.515
300.54
300.565
300.59
300.616
300.643
300.67
300.698
300.727
300.756
300.785
300.815
300.846
300.877
300.908
300.94
300.972
301.005
301.038
301.071
301.104
301.138
301.171
301.205
301.239
301.273
301.307
301.34
301.374
301.408
301.441
301.474
301.507
301.539
301.571
301.603
301.634
301.665
301.695
301.724
300.002
300.006
300.011
300.015
300.02
300.025
300.031
300.037
300.043
300.049
300.056
300.063
300.07
300.078
300.086
300.095
300.104
300.114
300.124
300.134
300.145
300.157
300.169
300.182
300.195
300.209
300.223
300.238
300.253
300.269
300.286
300.303
300.321
300.339
300.358
300.378
300.398
300.419
300.44
300.462
300.484
300.508
300.531
300.556
300.581
300.606
300.632
300.658
300.685
300.713
300.741
300.769
300.798
300.828
300.857
300.887
300.918
300.949
300.98
301.011
301.042
301.074
301.106
301.137
301.169
301.201
301.233
301.265
301.297
301.328
301.36
301.391
301.421
301.452
301.482
301.512
301.541
301.571
301.599
301.627
301.655
300.002
300.006
300.011
300.015
300.02
300.025
300.031
300.036
300.042
300.049
300.055
300.062
300.07
300.077
300.086
300.094
300.103
300.113
300.123
300.133
300.144
300.155
300.167
300.18
300.193
300.206
300.22
300.235
300.25
300.266
300.282
300.299
300.316
300.334
300.353
300.372
300.392
300.412
300.433
300.454
300.476
300.499
300.522
300.545
300.57
300.594
300.619
300.645
300.671
300.698
300.724
300.752
300.78
300.808
300.836
300.865
300.894
300.923
300.952
300.982
301.012
301.042
301.072
301.102
301.132
301.161
301.191
301.221
301.251
301.28
301.31
301.339
301.367
301.396
301.424
301.452
301.479
301.506
301.533
301.559
301.585
300.002
300.006
300.011
300.015
300.02
300.025
300.03
300.036
300.042
300.048
300.055
300.062
300.069
300.076
300.085
300.093
300.102
300.111
300.121
300.131
300.142
300.153
300.165
300.177
300.19
300.203
300.217
300.231
300.246
300.262
300.278
300.294
300.311
300.329
300.347
300.366
300.385
300.405
300.425
300.446
300.467
300.489
300.511
300.534
300.557
300.581
300.605
300.63
300.655
300.68
300.706
300.732
300.759
300.786
300.813
300.84
300.867
300.895
300.923
300.951
300.979
301.007
301.035
301.063
301.092
301.12
301.148
301.175
301.203
301.231
301.258
301.285
301.312
301.338
301.364
301.39
301.415
301.441
301.465
301.49
301.514
300.002
300.006
300.01
300.015
300.02
300.025
300.03
300.035
300.041
300.047
300.054
300.061
300.068
300.075
300.083
300.092
300.101
300.11
300.119
300.129
300.14
300.151
300.163
300.175
300.187
300.2
300.214
300.228
300.242
300.257
300.273
300.289
300.305
300.323
300.34
300.358
300.377
300.396
300.416
300.436
300.457
300.478
300.499
300.521
300.544
300.567
300.59
300.613
300.637
300.662
300.686
300.711
300.736
300.762
300.787
300.813
300.839
300.865
300.892
300.918
300.944
300.971
300.997
301.023
301.05
301.076
301.102
301.128
301.154
301.179
301.205
301.23
301.255
301.279
301.303
301.327
301.351
301.374
301.397
301.42
301.442
300.002
300.006
300.01
300.015
300.019
300.024
300.03
300.035
300.041
300.047
300.053
300.06
300.067
300.074
300.082
300.09
300.099
300.108
300.117
300.127
300.138
300.148
300.16
300.171
300.184
300.196
300.21
300.223
300.237
300.252
300.267
300.283
300.299
300.316
300.333
300.35
300.368
300.387
300.406
300.425
300.445
300.465
300.486
300.507
300.529
300.551
300.573
300.595
300.618
300.641
300.665
300.688
300.712
300.736
300.76
300.785
300.809
300.834
300.858
300.883
300.908
300.932
300.957
300.982
301.006
301.031
301.055
301.079
301.103
301.127
301.15
301.173
301.196
301.219
301.242
301.264
301.286
301.307
301.329
301.35
301.37
300.002
300.006
300.01
300.014
300.019
300.024
300.029
300.034
300.04
300.046
300.052
300.059
300.066
300.073
300.081
300.089
300.097
300.106
300.115
300.125
300.135
300.146
300.156
300.168
300.18
300.192
300.205
300.218
300.232
300.246
300.261
300.276
300.292
300.308
300.324
300.341
300.359
300.376
300.395
300.413
300.432
300.452
300.472
300.492
300.512
300.533
300.554
300.575
300.597
300.619
300.641
300.663
300.686
300.709
300.731
300.754
300.777
300.8
300.823
300.846
300.869
300.892
300.915
300.938
300.961
300.984
301.006
301.028
301.051
301.073
301.094
301.116
301.137
301.158
301.179
301.2
301.22
301.24
301.26
301.279
301.298
300.002
300.006
300.01
300.014
300.019
300.023
300.028
300.034
300.039
300.045
300.051
300.058
300.064
300.071
300.079
300.087
300.095
300.104
300.113
300.122
300.132
300.142
300.153
300.164
300.176
300.187
300.2
300.213
300.226
300.24
300.254
300.269
300.284
300.299
300.315
300.331
300.348
300.365
300.382
300.4
300.418
300.437
300.456
300.475
300.494
300.514
300.534
300.554
300.575
300.595
300.616
300.637
300.658
300.679
300.701
300.722
300.743
300.765
300.786
300.808
300.829
300.851
300.872
300.893
300.914
300.935
300.956
300.977
300.997
301.018
301.038
301.058
301.077
301.097
301.116
301.135
301.154
301.172
301.19
301.208
301.226
300.002
300.006
300.01
300.014
300.018
300.023
300.028
300.033
300.038
300.044
300.05
300.056
300.063
300.07
300.077
300.085
300.093
300.101
300.11
300.119
300.129
300.138
300.149
300.16
300.171
300.182
300.194
300.207
300.219
300.233
300.246
300.26
300.275
300.29
300.305
300.32
300.336
300.352
300.369
300.386
300.403
300.421
300.439
300.457
300.475
300.494
300.512
300.531
300.551
300.57
300.589
300.609
300.629
300.649
300.668
300.688
300.708
300.728
300.748
300.768
300.788
300.808
300.827
300.847
300.866
300.886
300.905
300.924
300.943
300.962
300.98
300.999
301.017
301.035
301.052
301.07
301.087
301.104
301.121
301.137
301.153
300.002
300.006
300.009
300.014
300.018
300.022
300.027
300.032
300.037
300.043
300.049
300.055
300.061
300.068
300.075
300.082
300.09
300.098
300.107
300.116
300.125
300.134
300.144
300.155
300.165
300.176
300.188
300.2
300.212
300.225
300.238
300.251
300.265
300.279
300.293
300.308
300.323
300.339
300.355
300.371
300.387
300.403
300.42
300.437
300.454
300.472
300.489
300.507
300.525
300.543
300.561
300.58
300.598
300.616
300.635
300.653
300.672
300.69
300.709
300.727
300.745
300.764
300.782
300.8
300.818
300.836
300.853
300.871
300.888
300.905
300.922
300.939
300.956
300.972
300.988
301.004
301.02
301.036
301.051
301.066
301.081
300.002
300.005
300.009
300.013
300.017
300.022
300.026
300.031
300.036
300.042
300.047
300.053
300.059
300.066
300.073
300.08
300.087
300.095
300.103
300.112
300.121
300.13
300.139
300.149
300.16
300.17
300.181
300.192
300.204
300.216
300.229
300.241
300.254
300.268
300.281
300.295
300.31
300.324
300.339
300.354
300.369
300.385
300.401
300.416
300.433
300.449
300.465
300.482
300.498
300.515
300.532
300.549
300.566
300.583
300.6
300.617
300.634
300.651
300.668
300.685
300.702
300.719
300.735
300.752
300.768
300.785
300.801
300.817
300.833
300.848
300.864
300.879
300.895
300.91
300.924
300.939
300.953
300.968
300.982
300.995
301.009
300.002
300.005
300.009
300.013
300.017
300.021
300.025
300.03
300.035
300.04
300.046
300.051
300.057
300.064
300.07
300.077
300.084
300.092
300.099
300.108
300.116
300.125
300.134
300.143
300.153
300.163
300.174
300.184
300.196
300.207
300.219
300.231
300.243
300.256
300.268
300.282
300.295
300.309
300.322
300.336
300.351
300.365
300.38
300.395
300.41
300.425
300.44
300.455
300.471
300.486
300.502
300.517
300.533
300.549
300.564
300.58
300.596
300.611
300.627
300.642
300.658
300.673
300.688
300.703
300.718
300.733
300.748
300.763
300.777
300.791
300.806
300.82
300.833
300.847
300.861
300.874
300.887
300.9
300.913
300.925
300.938
300.002
300.005
300.009
300.012
300.016
300.02
300.025
300.029
300.034
300.039
300.044
300.049
300.055
300.061
300.067
300.074
300.081
300.088
300.095
300.103
300.111
300.119
300.128
300.137
300.146
300.156
300.166
300.176
300.186
300.197
300.208
300.219
300.231
300.243
300.255
300.267
300.279
300.292
300.305
300.318
300.331
300.345
300.358
300.372
300.386
300.4
300.414
300.428
300.442
300.456
300.471
300.485
300.499
300.514
300.528
300.542
300.556
300.571
300.585
300.599
300.613
300.627
300.641
300.655
300.668
300.682
300.695
300.709
300.722
300.735
300.748
300.76
300.773
300.785
300.798
300.81
300.822
300.833
300.845
300.856
300.868
300.002
300.005
300.008
300.012
300.016
300.019
300.024
300.028
300.032
300.037
300.042
300.047
300.053
300.058
300.064
300.071
300.077
300.084
300.091
300.098
300.106
300.114
300.122
300.13
300.139
300.148
300.157
300.167
300.177
300.187
300.197
300.207
300.218
300.229
300.24
300.252
300.263
300.275
300.287
300.299
300.311
300.324
300.336
300.349
300.361
300.374
300.387
300.4
300.413
300.426
300.439
300.452
300.465
300.478
300.491
300.504
300.517
300.53
300.543
300.556
300.568
300.581
300.594
300.606
300.618
300.631
300.643
300.655
300.667
300.679
300.69
300.702
300.713
300.724
300.735
300.746
300.757
300.768
300.778
300.788
300.799
300.002
300.005
300.008
300.011
300.015
300.019
300.022
300.027
300.031
300.035
300.04
300.045
300.05
300.056
300.061
300.067
300.073
300.08
300.086
300.093
300.1
300.108
300.115
300.123
300.131
300.14
300.148
300.157
300.166
300.176
300.185
300.195
300.205
300.215
300.225
300.236
300.246
300.257
300.268
300.279
300.291
300.302
300.313
300.325
300.336
300.348
300.36
300.372
300.383
300.395
300.407
300.419
300.431
300.443
300.454
300.466
300.478
300.49
300.501
300.513
300.524
300.536
300.547
300.558
300.569
300.58
300.591
300.602
300.613
300.623
300.634
300.644
300.654
300.665
300.674
300.684
300.694
300.704
300.713
300.722
300.731
300.001
300.004
300.007
300.011
300.014
300.018
300.021
300.025
300.029
300.033
300.038
300.043
300.047
300.053
300.058
300.063
300.069
300.075
300.081
300.088
300.094
300.101
300.108
300.116
300.123
300.131
300.139
300.147
300.156
300.164
300.173
300.182
300.191
300.201
300.21
300.22
300.229
300.239
300.249
300.26
300.27
300.28
300.29
300.301
300.311
300.322
300.333
300.343
300.354
300.365
300.375
300.386
300.397
300.407
300.418
300.429
300.439
300.45
300.46
300.47
300.481
300.491
300.501
300.511
300.521
300.531
300.541
300.551
300.56
300.57
300.579
300.588
300.597
300.607
300.615
300.624
300.633
300.641
300.65
300.658
300.666
300.001
300.004
300.007
300.01
300.013
300.017
300.02
300.024
300.028
300.032
300.036
300.04
300.045
300.049
300.054
300.06
300.065
300.07
300.076
300.082
300.088
300.095
300.101
300.108
300.115
300.122
300.13
300.137
300.145
300.153
300.161
300.169
300.178
300.186
300.195
300.204
300.212
300.221
300.231
300.24
300.249
300.258
300.268
300.277
300.287
300.296
300.306
300.315
300.325
300.335
300.344
300.354
300.363
300.373
300.382
300.392
300.401
300.411
300.42
300.429
300.439
300.448
300.457
300.466
300.475
300.484
300.492
300.501
300.51
300.518
300.526
300.535
300.543
300.551
300.559
300.567
300.574
300.582
300.59
300.597
300.604
300.001
300.004
300.007
300.009
300.012
300.016
300.019
300.022
300.026
300.03
300.033
300.038
300.042
300.046
300.051
300.056
300.061
300.066
300.071
300.077
300.082
300.088
300.094
300.101
300.107
300.114
300.12
300.127
300.134
300.142
300.149
300.157
300.164
300.172
300.18
300.188
300.196
300.204
300.212
300.22
300.229
300.237
300.246
300.254
300.263
300.271
300.28
300.288
300.297
300.306
300.314
300.323
300.331
300.34
300.348
300.357
300.365
300.374
300.382
300.39
300.398
300.407
300.415
300.423
300.431
300.438
300.446
300.454
300.461
300.469
300.476
300.484
300.491
300.498
300.505
300.512
300.519
300.526
300.533
300.539
300.546
300.001
300.004
300.006
300.009
300.012
300.015
300.018
300.021
300.024
300.028
300.031
300.035
300.039
300.043
300.047
300.052
300.057
300.061
300.066
300.071
300.077
300.082
300.088
300.093
300.099
300.105
300.111
300.118
300.124
300.131
300.137
300.144
300.151
300.158
300.165
300.172
300.18
300.187
300.194
300.202
300.209
300.217
300.225
300.232
300.24
300.247
300.255
300.263
300.271
300.278
300.286
300.294
300.301
300.309
300.316
300.324
300.331
300.339
300.346
300.354
300.361
300.368
300.375
300.382
300.389
300.396
300.403
300.41
300.417
300.423
300.43
300.436
300.443
300.449
300.455
300.462
300.468
300.474
300.48
300.486
300.491
300.001
300.003
300.006
300.008
300.011
300.014
300.017
300.019
300.023
300.026
300.029
300.033
300.036
300.04
300.044
300.048
300.053
300.057
300.061
300.066
300.071
300.076
300.081
300.086
300.092
300.097
300.103
300.109
300.114
300.12
300.127
300.133
300.139
300.145
300.152
300.158
300.165
300.171
300.178
300.185
300.191
300.198
300.205
300.212
300.219
300.226
300.232
300.239
300.246
300.253
300.26
300.267
300.274
300.28
300.287
300.294
300.3
300.307
300.314
300.32
300.327
300.333
300.339
300.346
300.352
300.358
300.364
300.37
300.376
300.382
300.388
300.394
300.399
300.405
300.411
300.416
300.421
300.427
300.432
300.437
300.442
300.001
300.003
300.005
300.008
300.01
300.013
300.015
300.018
300.021
300.024
300.027
300.031
300.034
300.038
300.041
300.045
300.049
300.053
300.057
300.062
300.066
300.071
300.075
300.08
300.085
300.09
300.095
300.1
300.106
300.111
300.117
300.122
300.128
300.134
300.14
300.145
300.151
300.157
300.163
300.169
300.176
300.182
300.188
300.194
300.2
300.206
300.212
300.219
300.225
300.231
300.237
300.243
300.249
300.255
300.261
300.267
300.273
300.279
300.285
300.291
300.297
300.302
300.308
300.314
300.319
300.325
300.33
300.336
300.341
300.346
300.351
300.356
300.362
300.367
300.371
300.376
300.381
300.386
300.391
300.395
300.4
300.001
300.003
300.005
300.007
300.01
300.012
300.015
300.017
300.02
300.023
300.026
300.029
300.032
300.035
300.039
300.042
300.046
300.05
300.054
300.058
300.062
300.066
300.07
300.075
300.079
300.084
300.089
300.094
300.098
300.103
300.109
300.114
300.119
300.124
300.13
300.135
300.14
300.146
300.151
300.157
300.162
300.168
300.173
300.179
300.185
300.19
300.196
300.201
300.207
300.213
300.218
300.224
300.229
300.235
300.24
300.246
300.251
300.256
300.262
300.267
300.272
300.277
300.282
300.287
300.292
300.297
300.302
300.307
300.312
300.317
300.321
300.326
300.331
300.335
300.339
300.344
300.348
300.352
300.357
300.361
300.365
300.001
300.003
300.005
300.007
300.009
300.011
300.014
300.016
300.019
300.022
300.024
300.027
300.03
300.034
300.037
300.04
300.044
300.047
300.051
300.055
300.059
300.063
300.067
300.071
300.075
300.079
300.084
300.088
300.093
300.098
300.102
300.107
300.112
300.117
300.122
300.127
300.132
300.137
300.142
300.147
300.153
300.158
300.163
300.168
300.173
300.178
300.184
300.189
300.194
300.199
300.204
300.209
300.214
300.22
300.225
300.23
300.235
300.239
300.244
300.249
300.254
300.259
300.263
300.268
300.273
300.277
300.282
300.286
300.291
300.295
300.299
300.304
300.308
300.312
300.316
300.32
300.324
300.328
300.332
300.336
300.34
300.001
300.003
300.005
300.007
300.009
300.011
300.013
300.016
300.018
300.021
300.024
300.027
300.03
300.033
300.036
300.039
300.042
300.046
300.049
300.053
300.057
300.061
300.065
300.069
300.073
300.077
300.081
300.086
300.09
300.095
300.099
300.104
300.108
300.113
300.118
300.123
300.128
300.132
300.137
300.142
300.147
300.152
300.157
300.162
300.167
300.172
300.177
300.182
300.187
300.192
300.197
300.202
300.206
300.211
300.216
300.221
300.226
300.23
300.235
300.24
300.244
300.249
300.253
300.258
300.262
300.266
300.271
300.275
300.279
300.283
300.287
300.292
300.296
300.299
300.303
300.307
300.311
300.315
300.318
300.322
300.326
302.963
303.091
303.168
303.239
303.302
303.353
303.387
303.427
303.466
303.502
303.533
303.566
303.601
303.634
303.667
303.699
303.729
303.756
303.784
303.813
303.841
303.869
303.898
303.925
303.953
303.98
304.007
304.033
304.06
304.085
304.11
304.135
304.16
304.184
304.209
304.232
304.256
304.279
304.301
304.324
304.347
304.368
304.391
304.415
304.439
304.461
304.482
304.503
304.526
304.548
304.569
304.588
304.609
304.63
304.651
304.673
304.694
304.715
304.736
304.755
304.772
304.79
304.808
304.827
304.846
304.865
304.883
304.902
304.92
304.937
304.955
304.972
304.988
305.005
305.021
305.037
305.052
305.068
305.082
305.098
305.116
305.132
305.146
305.16
305.173
305.185
305.199
305.215
305.228
305.24
305.251
305.264
305.277
305.289
305.301
305.314
305.326
305.336
305.347
305.358
305.367
305.377
305.385
305.395
305.404
305.414
305.423
305.43
305.437
305.444
305.451
305.458
305.466
305.473
305.479
305.484
305.489
305.494
305.499
305.503
305.506
305.51
305.513
305.515
305.517
305.518
305.519
305.52
305.519
305.518
305.516
305.514
305.51
305.505
305.5
305.493
305.485
305.476
305.466
305.455
305.442
305.428
305.412
305.394
305.375
305.353
305.329
305.303
305.273
305.239
305.198
305.156
305.114
305.066
305.013
304.952
304.886
304.773
304.669
304.537
304.363
302.863
302.975
303.063
303.137
303.202
303.256
303.302
303.345
303.386
303.425
303.46
303.496
303.531
303.565
303.599
303.632
303.663
303.692
303.722
303.751
303.78
303.809
303.838
303.866
303.894
303.922
303.949
303.976
304.002
304.028
304.054
304.08
304.105
304.13
304.154
304.178
304.202
304.226
304.249
304.272
304.295
304.317
304.34
304.364
304.387
304.41
304.431
304.454
304.476
304.498
304.519
304.539
304.56
304.581
304.603
304.624
304.645
304.666
304.687
304.706
304.724
304.743
304.761
304.78
304.799
304.818
304.837
304.855
304.873
304.891
304.909
304.926
304.942
304.959
304.975
304.991
305.007
305.023
305.038
305.054
305.071
305.087
305.101
305.116
305.129
305.142
305.156
305.17
305.184
305.196
305.208
305.221
305.234
305.246
305.258
305.271
305.282
305.293
305.304
305.315
305.324
305.334
305.343
305.353
305.362
305.372
305.381
305.388
305.396
305.402
305.41
305.417
305.424
305.431
305.437
305.442
305.448
305.453
305.458
305.462
305.465
305.468
305.472
305.474
305.476
305.477
305.478
305.478
305.478
305.477
305.475
305.473
305.469
305.464
305.459
305.452
305.444
305.436
305.425
305.414
305.401
305.387
305.371
305.353
305.334
305.312
305.288
305.261
305.231
305.197
305.156
305.114
305.071
305.022
304.968
304.905
304.834
304.725
304.615
304.477
304.286
302.781
302.879
302.965
303.039
303.105
303.163
303.213
303.26
303.304
303.345
303.384
303.421
303.458
303.493
303.528
303.561
303.593
303.625
303.655
303.686
303.716
303.745
303.774
303.803
303.832
303.86
303.888
303.915
303.942
303.969
303.995
304.021
304.046
304.071
304.096
304.121
304.145
304.169
304.193
304.216
304.239
304.263
304.286
304.309
304.333
304.355
304.378
304.4
304.422
304.445
304.466
304.487
304.508
304.529
304.551
304.572
304.593
304.614
304.635
304.654
304.673
304.692
304.711
304.73
304.749
304.768
304.787
304.805
304.824
304.842
304.859
304.876
304.893
304.91
304.927
304.943
304.959
304.975
304.99
305.006
305.023
305.039
305.054
305.068
305.082
305.095
305.109
305.123
305.137
305.15
305.162
305.174
305.187
305.2
305.212
305.225
305.236
305.247
305.259
305.269
305.279
305.289
305.298
305.308
305.317
305.327
305.335
305.343
305.351
305.358
305.365
305.373
305.38
305.387
305.393
305.398
305.404
305.409
305.414
305.418
305.421
305.425
305.428
305.43
305.432
305.434
305.434
305.435
305.434
305.433
305.432
305.429
305.425
305.421
305.415
305.409
305.401
305.392
305.382
305.371
305.358
305.343
305.327
305.31
305.29
305.268
305.244
305.217
305.187
305.152
305.112
305.07
305.025
304.976
304.92
304.855
304.78
304.673
304.559
304.415
304.214
302.707
302.794
302.874
302.946
303.012
303.071
303.124
303.173
303.219
303.262
303.303
303.343
303.381
303.417
303.453
303.488
303.521
303.553
303.585
303.616
303.647
303.677
303.707
303.737
303.766
303.795
303.823
303.851
303.878
303.905
303.932
303.958
303.984
304.01
304.035
304.06
304.085
304.109
304.133
304.157
304.181
304.204
304.228
304.251
304.275
304.298
304.321
304.343
304.366
304.388
304.41
304.431
304.453
304.474
304.496
304.517
304.538
304.559
304.58
304.6
304.619
304.638
304.658
304.677
304.696
304.715
304.734
304.752
304.771
304.789
304.807
304.824
304.841
304.858
304.875
304.891
304.908
304.924
304.939
304.956
304.972
304.988
305.003
305.017
305.031
305.045
305.059
305.073
305.087
305.1
305.113
305.125
305.138
305.151
305.163
305.175
305.187
305.199
305.21
305.22
305.231
305.241
305.25
305.26
305.269
305.279
305.287
305.295
305.303
305.311
305.318
305.325
305.333
305.339
305.346
305.351
305.357
305.362
305.367
305.371
305.375
305.378
305.381
305.384
305.386
305.387
305.388
305.388
305.388
305.387
305.385
305.382
305.379
305.374
305.369
305.362
305.355
305.346
305.336
305.324
305.311
305.297
305.281
305.263
305.244
305.222
305.197
305.17
305.14
305.105
305.065
305.022
304.977
304.926
304.869
304.803
304.724
304.619
304.501
304.352
304.144
302.637
302.715
302.789
302.858
302.922
302.981
303.035
303.086
303.133
303.178
303.221
303.261
303.3
303.338
303.375
303.411
303.445
303.479
303.511
303.543
303.575
303.606
303.636
303.667
303.696
303.725
303.754
303.782
303.81
303.838
303.865
303.892
303.918
303.944
303.97
303.995
304.02
304.045
304.07
304.094
304.118
304.142
304.166
304.19
304.213
304.237
304.26
304.283
304.305
304.328
304.35
304.372
304.394
304.415
304.437
304.458
304.48
304.501
304.521
304.542
304.561
304.581
304.601
304.62
304.639
304.658
304.677
304.696
304.715
304.733
304.751
304.768
304.786
304.803
304.82
304.836
304.853
304.869
304.885
304.901
304.918
304.933
304.948
304.963
304.978
304.992
305.006
305.02
305.034
305.047
305.06
305.073
305.086
305.098
305.111
305.123
305.135
305.147
305.158
305.169
305.179
305.189
305.199
305.209
305.218
305.228
305.236
305.245
305.253
305.26
305.268
305.275
305.282
305.289
305.295
305.301
305.307
305.312
305.317
305.321
305.325
305.328
305.331
305.334
305.336
305.337
305.338
305.339
305.338
305.337
305.335
305.333
305.329
305.325
305.319
305.313
305.305
305.296
305.286
305.275
305.262
305.248
305.232
305.214
305.194
305.172
305.148
305.12
305.09
305.055
305.015
304.972
304.926
304.874
304.815
304.747
304.666
304.562
304.44
304.288
304.078
302.569
302.64
302.708
302.773
302.835
302.892
302.947
302.998
303.046
303.092
303.135
303.177
303.218
303.256
303.294
303.33
303.366
303.4
303.434
303.467
303.499
303.531
303.562
303.593
303.623
303.652
303.682
303.71
303.739
303.767
303.794
303.822
303.848
303.875
303.901
303.927
303.952
303.978
304.003
304.027
304.052
304.076
304.1
304.124
304.148
304.172
304.195
304.218
304.241
304.264
304.286
304.309
304.331
304.353
304.374
304.396
304.418
304.439
304.46
304.48
304.5
304.52
304.54
304.559
304.579
304.598
304.617
304.636
304.655
304.673
304.691
304.709
304.727
304.744
304.761
304.778
304.795
304.811
304.827
304.844
304.86
304.876
304.891
304.906
304.921
304.935
304.949
304.963
304.977
304.991
305.004
305.017
305.03
305.043
305.055
305.068
305.08
305.091
305.103
305.114
305.124
305.134
305.144
305.154
305.164
305.173
305.182
305.191
305.199
305.206
305.214
305.221
305.229
305.235
305.242
305.248
305.253
305.259
305.263
305.268
305.272
305.275
305.278
305.281
305.283
305.284
305.285
305.286
305.285
305.284
305.283
305.28
305.277
305.272
305.267
305.26
305.253
305.244
305.234
305.223
305.21
305.196
305.179
305.162
305.142
305.12
305.095
305.067
305.036
305.001
304.962
304.919
304.872
304.819
304.759
304.689
304.606
304.501
304.378
304.223
304.014
302.502
302.567
302.63
302.692
302.75
302.806
302.859
302.91
302.958
303.005
303.049
303.091
303.132
303.172
303.21
303.247
303.283
303.319
303.353
303.387
303.42
303.452
303.484
303.515
303.546
303.576
303.605
303.635
303.664
303.692
303.72
303.748
303.775
303.802
303.828
303.855
303.881
303.906
303.932
303.957
303.982
304.006
304.031
304.055
304.079
304.103
304.127
304.15
304.173
304.196
304.219
304.242
304.264
304.286
304.308
304.33
304.352
304.373
304.394
304.415
304.435
304.455
304.475
304.495
304.515
304.534
304.554
304.573
304.591
304.61
304.628
304.646
304.664
304.682
304.699
304.716
304.733
304.749
304.766
304.782
304.798
304.814
304.83
304.845
304.86
304.874
304.889
304.903
304.917
304.931
304.944
304.957
304.971
304.983
304.996
305.009
305.021
305.032
305.044
305.055
305.066
305.076
305.086
305.096
305.106
305.115
305.124
305.133
305.141
305.149
305.157
305.164
305.172
305.178
305.185
305.191
305.197
305.202
305.207
305.211
305.215
305.219
305.222
305.225
305.227
305.228
305.229
305.23
305.229
305.228
305.227
305.224
305.221
305.216
305.211
305.205
305.197
305.188
305.178
305.167
305.154
305.14
305.124
305.106
305.086
305.064
305.039
305.011
304.98
304.945
304.905
304.862
304.814
304.761
304.699
304.628
304.543
304.438
304.313
304.157
303.951
302.436
302.496
302.554
302.612
302.668
302.721
302.773
302.823
302.871
302.917
302.961
303.004
303.045
303.085
303.124
303.162
303.198
303.234
303.269
303.303
303.337
303.37
303.402
303.434
303.465
303.495
303.526
303.555
303.585
303.613
303.642
303.67
303.698
303.725
303.752
303.779
303.805
303.831
303.857
303.882
303.908
303.933
303.957
303.982
304.006
304.03
304.054
304.078
304.102
304.125
304.148
304.171
304.193
304.216
304.238
304.26
304.282
304.303
304.324
304.345
304.366
304.387
304.407
304.427
304.447
304.466
304.486
304.505
304.524
304.543
304.561
304.579
304.597
304.615
304.633
304.65
304.667
304.684
304.7
304.717
304.733
304.749
304.765
304.78
304.795
304.81
304.825
304.839
304.853
304.867
304.881
304.894
304.907
304.92
304.933
304.946
304.958
304.97
304.981
304.993
305.004
305.014
305.025
305.035
305.044
305.054
305.063
305.072
305.08
305.088
305.096
305.104
305.111
305.118
305.124
305.13
305.136
305.142
305.147
305.151
305.155
305.159
305.162
305.165
305.167
305.168
305.169
305.17
305.17
305.169
305.167
305.165
305.161
305.157
305.152
305.145
305.138
305.129
305.119
305.108
305.095
305.081
305.065
305.047
305.027
305.005
304.98
304.952
304.92
304.885
304.846
304.802
304.754
304.699
304.637
304.564
304.478
304.373
304.247
304.091
303.891
302.37
302.425
302.48
302.534
302.586
302.638
302.688
302.736
302.783
302.828
302.872
302.915
302.956
302.996
303.035
303.073
303.11
303.147
303.182
303.217
303.251
303.284
303.317
303.349
303.38
303.411
303.442
303.472
303.502
303.531
303.56
303.588
303.616
303.644
303.671
303.699
303.725
303.752
303.778
303.804
303.829
303.855
303.88
303.905
303.929
303.954
303.978
304.002
304.026
304.049
304.072
304.095
304.118
304.141
304.163
304.186
304.208
304.229
304.251
304.272
304.293
304.314
304.334
304.354
304.375
304.394
304.414
304.433
304.453
304.472
304.49
304.509
304.527
304.545
304.562
304.58
304.597
304.614
304.631
304.647
304.664
304.68
304.696
304.711
304.727
304.742
304.757
304.771
304.785
304.799
304.813
304.827
304.84
304.853
304.866
304.879
304.891
304.903
304.915
304.927
304.938
304.948
304.959
304.969
304.979
304.989
304.998
305.007
305.015
305.023
305.031
305.039
305.046
305.053
305.06
305.066
305.072
305.077
305.083
305.087
305.091
305.095
305.098
305.101
305.103
305.105
305.106
305.106
305.106
305.105
305.104
305.101
305.098
305.094
305.088
305.082
305.075
305.066
305.056
305.045
305.032
305.018
305.002
304.984
304.964
304.942
304.917
304.889
304.857
304.822
304.782
304.738
304.689
304.634
304.571
304.497
304.41
304.305
304.179
304.024
303.831
302.303
302.355
302.406
302.456
302.506
302.555
302.603
302.65
302.695
302.74
302.783
302.825
302.866
302.906
302.945
302.983
303.02
303.057
303.092
303.127
303.161
303.195
303.228
303.26
303.292
303.324
303.355
303.385
303.415
303.445
303.474
303.503
303.531
303.559
303.587
303.614
303.641
303.668
303.695
303.721
303.747
303.773
303.798
303.823
303.848
303.873
303.897
303.921
303.945
303.969
303.993
304.016
304.039
304.062
304.085
304.107
304.129
304.151
304.173
304.194
304.216
304.237
304.257
304.278
304.298
304.318
304.338
304.358
304.377
304.396
304.415
304.434
304.452
304.47
304.488
304.506
304.523
304.54
304.557
304.574
304.59
304.607
304.623
304.639
304.654
304.669
304.684
304.699
304.713
304.728
304.742
304.755
304.769
304.782
304.795
304.808
304.821
304.833
304.845
304.856
304.867
304.878
304.889
304.899
304.909
304.919
304.929
304.938
304.946
304.955
304.963
304.97
304.978
304.985
304.992
304.998
305.004
305.009
305.015
305.019
305.023
305.027
305.03
305.033
305.036
305.037
305.038
305.039
305.039
305.038
305.036
305.034
305.031
305.027
305.021
305.015
305.008
304.999
304.99
304.978
304.966
304.952
304.936
304.918
304.898
304.875
304.85
304.822
304.791
304.755
304.715
304.671
304.622
304.566
304.502
304.427
304.339
304.234
304.109
303.957
303.771
302.237
302.285
302.332
302.38
302.427
302.473
302.519
302.564
302.608
302.651
302.693
302.734
302.775
302.814
302.853
302.891
302.928
302.964
303
303.035
303.069
303.103
303.136
303.169
303.201
303.233
303.264
303.295
303.325
303.355
303.384
303.414
303.442
303.471
303.499
303.526
303.554
303.581
303.608
303.634
303.66
303.686
303.712
303.737
303.763
303.788
303.812
303.837
303.861
303.885
303.909
303.932
303.956
303.979
304.002
304.024
304.047
304.069
304.091
304.113
304.134
304.155
304.176
304.197
304.217
304.238
304.258
304.277
304.297
304.316
304.335
304.354
304.373
304.391
304.409
304.427
304.445
304.462
304.479
304.496
304.513
304.529
304.545
304.561
304.577
304.592
304.607
304.622
304.637
304.652
304.666
304.68
304.693
304.707
304.72
304.733
304.746
304.758
304.77
304.782
304.793
304.804
304.815
304.825
304.836
304.845
304.855
304.864
304.873
304.881
304.89
304.898
304.905
304.912
304.919
304.925
304.931
304.937
304.942
304.947
304.951
304.955
304.959
304.961
304.964
304.966
304.967
304.967
304.967
304.967
304.965
304.963
304.96
304.955
304.95
304.944
304.937
304.929
304.919
304.908
304.895
304.881
304.865
304.847
304.827
304.805
304.78
304.751
304.72
304.684
304.645
304.6
304.55
304.494
304.429
304.354
304.266
304.162
304.038
303.889
303.711
302.17
302.214
302.259
302.303
302.348
302.392
302.435
302.478
302.52
302.562
302.603
302.643
302.683
302.722
302.76
302.797
302.834
302.87
302.906
302.941
302.975
303.009
303.042
303.075
303.107
303.139
303.17
303.201
303.232
303.262
303.291
303.321
303.35
303.378
303.406
303.434
303.462
303.489
303.516
303.543
303.57
303.596
303.622
303.648
303.673
303.698
303.723
303.748
303.772
303.797
303.821
303.844
303.868
303.891
303.914
303.937
303.96
303.982
304.004
304.026
304.048
304.069
304.09
304.111
304.132
304.153
304.173
304.193
304.212
304.232
304.251
304.27
304.289
304.307
304.326
304.344
304.362
304.379
304.396
304.414
304.43
304.447
304.463
304.479
304.495
304.511
304.526
304.541
304.556
304.571
304.585
304.599
304.613
304.627
304.64
304.653
304.666
304.679
304.691
304.703
304.714
304.725
304.736
304.747
304.757
304.767
304.777
304.786
304.795
304.804
304.812
304.82
304.828
304.835
304.842
304.849
304.855
304.86
304.866
304.871
304.875
304.879
304.882
304.885
304.888
304.89
304.891
304.892
304.892
304.891
304.889
304.887
304.884
304.88
304.875
304.869
304.862
304.853
304.844
304.833
304.82
304.806
304.79
304.773
304.753
304.73
304.705
304.677
304.645
304.61
304.57
304.525
304.475
304.418
304.353
304.278
304.19
304.087
303.965
303.82
303.651
302.102
302.144
302.185
302.227
302.269
302.311
302.352
302.393
302.433
302.473
302.513
302.552
302.59
302.628
302.666
302.702
302.739
302.774
302.81
302.844
302.878
302.912
302.945
302.978
303.01
303.042
303.073
303.104
303.135
303.165
303.195
303.224
303.253
303.282
303.311
303.339
303.366
303.394
303.421
303.448
303.475
303.501
303.528
303.553
303.579
303.605
303.63
303.655
303.679
303.704
303.728
303.752
303.776
303.799
303.823
303.846
303.868
303.891
303.913
303.935
303.957
303.979
304
304.021
304.042
304.063
304.083
304.103
304.123
304.143
304.162
304.182
304.201
304.219
304.238
304.256
304.274
304.292
304.309
304.326
304.343
304.36
304.377
304.393
304.409
304.425
304.44
304.456
304.471
304.485
304.5
304.514
304.528
304.542
304.556
304.569
304.582
304.594
304.607
304.619
304.631
304.642
304.653
304.664
304.674
304.685
304.694
304.704
304.713
304.722
304.73
304.738
304.746
304.753
304.76
304.767
304.773
304.779
304.784
304.789
304.794
304.798
304.801
304.804
304.807
304.809
304.81
304.811
304.811
304.81
304.809
304.807
304.804
304.8
304.795
304.789
304.782
304.774
304.764
304.753
304.741
304.727
304.711
304.693
304.674
304.651
304.626
304.598
304.566
304.531
304.491
304.447
304.396
304.339
304.274
304.199
304.112
304.01
303.89
303.751
303.59
302.034
302.073
302.112
302.151
302.19
302.23
302.269
302.307
302.346
302.384
302.422
302.46
302.497
302.534
302.571
302.607
302.642
302.677
302.712
302.746
302.78
302.813
302.846
302.878
302.91
302.942
302.973
303.004
303.035
303.065
303.095
303.124
303.154
303.182
303.211
303.239
303.267
303.295
303.322
303.349
303.376
303.403
303.429
303.455
303.481
303.507
303.532
303.557
303.582
303.607
303.631
303.655
303.679
303.703
303.726
303.749
303.772
303.795
303.818
303.84
303.862
303.884
303.905
303.927
303.948
303.969
303.989
304.009
304.029
304.049
304.069
304.088
304.107
304.126
304.145
304.163
304.181
304.199
304.217
304.234
304.252
304.268
304.285
304.302
304.318
304.334
304.35
304.365
304.38
304.395
304.41
304.424
304.439
304.453
304.466
304.48
304.493
304.506
304.518
304.53
304.542
304.554
304.565
304.576
304.587
304.597
304.607
304.617
304.626
304.635
304.643
304.652
304.659
304.667
304.674
304.681
304.687
304.693
304.698
304.703
304.708
304.712
304.716
304.719
304.722
304.724
304.725
304.726
304.726
304.725
304.724
304.722
304.719
304.715
304.711
304.705
304.698
304.69
304.68
304.669
304.657
304.643
304.628
304.61
304.59
304.568
304.543
304.515
304.483
304.448
304.408
304.364
304.313
304.256
304.191
304.117
304.03
303.93
303.814
303.68
303.527
301.965
302.001
302.038
302.075
302.112
302.149
302.185
302.222
302.259
302.296
302.332
302.368
302.404
302.44
302.475
302.51
302.544
302.579
302.613
302.646
302.679
302.712
302.745
302.777
302.808
302.84
302.871
302.902
302.932
302.962
302.992
303.021
303.05
303.079
303.108
303.136
303.164
303.192
303.219
303.247
303.274
303.3
303.327
303.353
303.379
303.405
303.43
303.455
303.48
303.505
303.53
303.554
303.578
303.602
303.625
303.649
303.672
303.695
303.717
303.74
303.762
303.784
303.806
303.827
303.848
303.869
303.89
303.911
303.931
303.951
303.971
303.99
304.009
304.028
304.047
304.066
304.084
304.102
304.12
304.137
304.155
304.172
304.189
304.205
304.222
304.238
304.254
304.269
304.285
304.3
304.315
304.329
304.344
304.358
304.372
304.385
304.399
304.412
304.424
304.437
304.449
304.46
304.472
304.483
304.494
304.504
304.514
304.524
304.534
304.543
304.551
304.56
304.568
304.575
304.583
304.589
304.596
304.602
304.607
304.613
304.617
304.621
304.625
304.628
304.631
304.633
304.635
304.636
304.636
304.635
304.634
304.632
304.629
304.626
304.621
304.615
304.608
304.6
304.591
304.581
304.568
304.555
304.539
304.522
304.502
304.48
304.455
304.427
304.396
304.36
304.321
304.277
304.226
304.17
304.105
304.031
303.946
303.848
303.736
303.607
303.463
301.895
301.929
301.964
301.998
302.033
302.068
302.102
302.137
302.172
302.207
302.242
302.276
302.311
302.345
302.379
302.412
302.446
302.479
302.512
302.545
302.578
302.61
302.642
302.673
302.704
302.735
302.766
302.797
302.827
302.857
302.886
302.915
302.944
302.973
303.002
303.03
303.058
303.086
303.113
303.14
303.167
303.194
303.22
303.247
303.273
303.298
303.324
303.349
303.374
303.399
303.424
303.448
303.472
303.496
303.52
303.544
303.567
303.59
303.613
303.635
303.657
303.68
303.701
303.723
303.744
303.765
303.786
303.807
303.827
303.847
303.867
303.887
303.906
303.925
303.944
303.963
303.981
304
304.018
304.035
304.053
304.07
304.087
304.104
304.12
304.137
304.153
304.169
304.184
304.199
304.214
304.229
304.244
304.258
304.272
304.286
304.299
304.312
304.325
304.338
304.35
304.362
304.374
304.385
304.396
304.406
304.417
304.427
304.436
304.445
304.454
304.463
304.471
304.479
304.486
304.493
304.499
304.505
304.511
304.516
304.521
304.525
304.529
304.533
304.535
304.538
304.539
304.54
304.541
304.54
304.539
304.537
304.535
304.531
304.526
304.521
304.514
304.506
304.497
304.487
304.475
304.461
304.446
304.428
304.409
304.387
304.362
304.334
304.303
304.268
304.229
304.185
304.135
304.079
304.015
303.942
303.859
303.764
303.655
303.533
303.397
301.825
301.857
301.889
301.921
301.954
301.986
302.019
302.052
302.085
302.118
302.151
302.184
302.217
302.25
302.282
302.315
302.347
302.379
302.411
302.443
302.475
302.506
302.537
302.568
302.599
302.629
302.659
302.689
302.719
302.749
302.778
302.807
302.836
302.864
302.892
302.92
302.948
302.976
303.003
303.03
303.057
303.084
303.11
303.137
303.163
303.188
303.214
303.239
303.264
303.289
303.314
303.338
303.363
303.387
303.41
303.434
303.457
303.48
303.503
303.526
303.548
303.57
303.592
303.614
303.635
303.657
303.678
303.698
303.719
303.739
303.759
303.779
303.798
303.818
303.837
303.855
303.874
303.892
303.91
303.928
303.946
303.963
303.98
303.997
304.014
304.03
304.047
304.062
304.078
304.094
304.109
304.124
304.139
304.153
304.167
304.181
304.195
304.208
304.221
304.234
304.246
304.258
304.27
304.281
304.292
304.303
304.314
304.324
304.333
304.343
304.352
304.36
304.368
304.376
304.384
304.391
304.398
304.404
304.41
304.415
304.42
304.424
304.428
304.431
304.434
304.437
304.438
304.439
304.44
304.44
304.439
304.437
304.434
304.431
304.426
304.421
304.414
304.407
304.398
304.388
304.376
304.362
304.347
304.33
304.31
304.289
304.264
304.237
304.206
304.171
304.133
304.089
304.04
303.984
303.921
303.85
303.769
303.677
303.572
303.456
303.327
301.754
301.784
301.814
301.844
301.874
301.905
301.936
301.967
301.998
302.029
302.061
302.092
302.123
302.154
302.186
302.217
302.248
302.279
302.31
302.34
302.371
302.401
302.432
302.462
302.492
302.521
302.551
302.58
302.61
302.638
302.667
302.696
302.724
302.752
302.78
302.808
302.836
302.863
302.89
302.917
302.944
302.97
302.997
303.023
303.049
303.074
303.1
303.125
303.15
303.175
303.2
303.224
303.248
303.272
303.296
303.32
303.343
303.366
303.389
303.412
303.434
303.457
303.478
303.5
303.522
303.543
303.564
303.585
303.605
303.626
303.646
303.666
303.685
303.705
303.724
303.743
303.761
303.78
303.798
303.816
303.834
303.851
303.868
303.885
303.902
303.919
303.935
303.951
303.967
303.982
303.998
304.013
304.028
304.042
304.057
304.071
304.084
304.098
304.111
304.124
304.137
304.149
304.161
304.172
304.183
304.194
304.205
304.215
304.225
304.234
304.244
304.252
304.261
304.269
304.276
304.283
304.29
304.296
304.302
304.308
304.313
304.317
304.321
304.325
304.328
304.33
304.332
304.333
304.334
304.334
304.333
304.331
304.329
304.325
304.321
304.316
304.309
304.302
304.293
304.283
304.271
304.258
304.243
304.226
304.207
304.185
304.161
304.134
304.104
304.07
304.031
303.988
303.94
303.885
303.824
303.754
303.675
303.586
303.487
303.377
303.256
301.682
301.71
301.738
301.766
301.795
301.824
301.853
301.882
301.911
301.941
301.97
302
302.029
302.059
302.089
302.118
302.148
302.178
302.207
302.237
302.266
302.296
302.325
302.354
302.383
302.412
302.441
302.47
302.498
302.527
302.555
302.583
302.611
302.638
302.666
302.693
302.721
302.748
302.774
302.801
302.828
302.854
302.88
302.906
302.932
302.957
302.982
303.008
303.032
303.057
303.082
303.106
303.13
303.154
303.178
303.201
303.225
303.248
303.271
303.293
303.316
303.338
303.36
303.382
303.403
303.425
303.446
303.466
303.487
303.507
303.528
303.547
303.567
303.587
303.606
303.625
303.643
303.662
303.68
303.698
303.716
303.734
303.751
303.768
303.785
303.802
303.818
303.834
303.85
303.866
303.881
303.897
303.912
303.926
303.941
303.955
303.969
303.982
303.996
304.009
304.021
304.034
304.046
304.057
304.069
304.08
304.091
304.101
304.111
304.121
304.13
304.139
304.147
304.155
304.163
304.17
304.177
304.183
304.189
304.195
304.2
304.205
304.209
304.212
304.216
304.218
304.22
304.221
304.222
304.222
304.221
304.22
304.217
304.214
304.21
304.205
304.199
304.191
304.183
304.173
304.161
304.148
304.134
304.117
304.098
304.077
304.053
304.026
303.997
303.963
303.925
303.883
303.835
303.782
303.722
303.654
303.578
303.493
303.399
303.294
303.18
301.61
301.636
301.662
301.689
301.715
301.742
301.769
301.797
301.824
301.852
301.88
301.908
301.936
301.964
301.992
302.02
302.048
302.077
302.105
302.133
302.162
302.19
302.218
302.246
302.274
302.302
302.33
302.358
302.386
302.413
302.441
302.468
302.495
302.522
302.549
302.576
302.603
302.63
302.656
302.682
302.708
302.734
302.76
302.786
302.811
302.836
302.861
302.886
302.911
302.936
302.96
302.984
303.008
303.032
303.056
303.079
303.102
303.125
303.148
303.171
303.193
303.215
303.237
303.259
303.28
303.302
303.323
303.343
303.364
303.384
303.404
303.424
303.444
303.463
303.483
303.502
303.52
303.539
303.557
303.575
303.593
303.611
303.628
303.645
303.662
303.679
303.696
303.712
303.728
303.744
303.759
303.775
303.79
303.805
303.819
303.833
303.847
303.861
303.875
303.888
303.901
303.913
303.925
303.937
303.949
303.96
303.971
303.981
303.991
304.001
304.01
304.019
304.028
304.036
304.044
304.051
304.058
304.065
304.071
304.076
304.082
304.086
304.091
304.094
304.097
304.1
304.102
304.104
304.104
304.104
304.104
304.102
304.1
304.097
304.093
304.088
304.082
304.075
304.067
304.057
304.046
304.033
304.019
304.002
303.984
303.963
303.94
303.913
303.884
303.851
303.814
303.773
303.726
303.674
303.616
303.551
303.478
303.397
303.307
303.208
303.102
301.537
301.562
301.586
301.611
301.635
301.661
301.686
301.711
301.737
301.763
301.789
301.816
301.842
301.869
301.895
301.922
301.949
301.976
302.003
302.029
302.056
302.083
302.111
302.137
302.164
302.191
302.218
302.245
302.272
302.299
302.325
302.352
302.379
302.405
302.431
302.457
302.484
302.51
302.535
302.561
302.587
302.612
302.638
302.663
302.688
302.713
302.737
302.762
302.787
302.811
302.835
302.859
302.883
302.906
302.93
302.953
302.976
302.999
303.021
303.044
303.066
303.088
303.11
303.131
303.153
303.174
303.195
303.216
303.236
303.256
303.277
303.296
303.316
303.335
303.355
303.374
303.392
303.411
303.429
303.447
303.465
303.483
303.5
303.517
303.534
303.551
303.568
303.584
303.6
303.616
303.632
303.647
303.662
303.677
303.692
303.706
303.72
303.734
303.748
303.761
303.774
303.787
303.799
303.811
303.822
303.834
303.845
303.855
303.865
303.875
303.885
303.894
303.903
303.911
303.919
303.926
303.933
303.94
303.946
303.952
303.957
303.962
303.966
303.97
303.973
303.976
303.978
303.98
303.981
303.981
303.98
303.979
303.977
303.974
303.971
303.966
303.96
303.953
303.945
303.935
303.925
303.912
303.898
303.882
303.864
303.844
303.821
303.795
303.766
303.734
303.698
303.658
303.613
303.562
303.506
303.443
303.374
303.297
303.212
303.119
303.019
301.464
301.487
301.509
301.532
301.555
301.579
301.603
301.626
301.65
301.675
301.699
301.724
301.749
301.774
301.799
301.824
301.849
301.875
301.9
301.926
301.951
301.977
302.003
302.029
302.054
302.08
302.106
302.132
302.158
302.183
302.209
302.235
302.261
302.286
302.312
302.337
302.362
302.388
302.413
302.438
302.463
302.488
302.513
302.537
302.562
302.586
302.611
302.635
302.659
302.683
302.707
302.73
302.754
302.777
302.8
302.823
302.846
302.868
302.891
302.913
302.935
302.957
302.978
303
303.021
303.042
303.063
303.083
303.104
303.124
303.144
303.164
303.183
303.203
303.222
303.241
303.259
303.278
303.296
303.314
303.332
303.35
303.367
303.384
303.401
303.418
303.435
303.451
303.467
303.483
303.499
303.514
303.529
303.544
303.559
303.574
303.588
303.602
303.615
303.629
303.642
303.654
303.667
303.679
303.69
303.702
303.713
303.724
303.734
303.744
303.753
303.763
303.771
303.78
303.788
303.795
303.803
303.809
303.816
303.821
303.827
303.832
303.836
303.84
303.843
303.846
303.848
303.85
303.851
303.852
303.851
303.85
303.848
303.846
303.842
303.837
303.832
303.825
303.817
303.808
303.797
303.785
303.772
303.756
303.738
303.719
303.696
303.671
303.643
303.612
303.577
303.538
303.495
303.446
303.392
303.332
303.266
303.193
303.113
303.026
302.932
301.391
301.412
301.433
301.454
301.475
301.497
301.519
301.541
301.564
301.587
301.609
301.632
301.656
301.679
301.703
301.726
301.75
301.774
301.798
301.822
301.847
301.871
301.895
301.92
301.944
301.969
301.994
302.018
302.043
302.068
302.092
302.117
302.142
302.166
302.191
302.216
302.24
302.265
302.289
302.313
302.338
302.362
302.386
302.41
302.434
302.458
302.482
302.505
302.529
302.552
302.576
302.599
302.622
302.645
302.667
302.69
302.712
302.734
302.757
302.778
302.8
302.822
302.843
302.864
302.885
302.906
302.927
302.947
302.967
302.987
303.007
303.027
303.046
303.065
303.084
303.103
303.122
303.14
303.158
303.176
303.194
303.211
303.229
303.246
303.263
303.28
303.296
303.313
303.329
303.345
303.36
303.376
303.391
303.406
303.421
303.435
303.45
303.463
303.477
303.491
303.504
303.516
303.529
303.541
303.553
303.564
303.575
303.586
303.596
303.607
303.616
303.625
303.634
303.643
303.651
303.659
303.666
303.673
303.679
303.685
303.69
303.695
303.7
303.704
303.707
303.71
303.713
303.714
303.716
303.716
303.716
303.715
303.713
303.711
303.707
303.703
303.698
303.691
303.684
303.675
303.664
303.653
303.639
303.624
303.607
303.588
303.566
303.542
303.515
303.485
303.451
303.413
303.372
303.325
303.274
303.217
303.154
303.085
303.01
302.928
302.841
301.317
301.336
301.356
301.375
301.395
301.416
301.436
301.457
301.478
301.499
301.52
301.541
301.563
301.585
301.607
301.629
301.651
301.674
301.697
301.719
301.742
301.765
301.788
301.811
301.835
301.858
301.881
301.905
301.928
301.952
301.975
301.999
302.023
302.046
302.07
302.093
302.117
302.141
302.164
302.188
302.211
302.235
302.258
302.281
302.304
302.328
302.351
302.374
302.397
302.419
302.442
302.465
302.487
302.51
302.532
302.554
302.576
302.598
302.619
302.641
302.662
302.683
302.704
302.725
302.746
302.766
302.787
302.807
302.827
302.846
302.866
302.885
302.904
302.923
302.942
302.961
302.979
302.997
303.015
303.033
303.051
303.068
303.086
303.103
303.12
303.136
303.153
303.169
303.185
303.201
303.217
303.232
303.247
303.262
303.277
303.292
303.306
303.32
303.334
303.347
303.36
303.373
303.385
303.398
303.409
303.421
303.432
303.443
303.453
303.463
303.473
303.482
303.491
303.5
303.508
303.516
303.523
303.53
303.537
303.543
303.548
303.553
303.558
303.562
303.565
303.569
303.571
303.573
303.574
303.575
303.575
303.574
303.572
303.57
303.567
303.563
303.558
303.551
303.544
303.536
303.526
303.514
303.502
303.487
303.47
303.452
303.431
303.408
303.382
303.352
303.32
303.284
303.244
303.2
303.151
303.097
303.038
302.973
302.903
302.827
302.746
301.243
301.261
301.279
301.297
301.316
301.334
301.353
301.372
301.392
301.411
301.431
301.451
301.471
301.491
301.512
301.533
301.553
301.574
301.596
301.617
301.638
301.66
301.682
301.703
301.725
301.747
301.769
301.792
301.814
301.836
301.858
301.881
301.903
301.926
301.948
301.971
301.994
302.016
302.039
302.061
302.084
302.106
302.129
302.151
302.174
302.196
302.218
302.241
302.263
302.285
302.307
302.329
302.351
302.372
302.394
302.416
302.437
302.458
302.479
302.5
302.521
302.542
302.562
302.583
302.603
302.623
302.643
302.663
302.682
302.702
302.721
302.74
302.759
302.778
302.796
302.815
302.833
302.851
302.869
302.886
302.904
302.921
302.938
302.955
302.972
302.988
303.005
303.021
303.037
303.053
303.068
303.084
303.099
303.114
303.128
303.143
303.157
303.171
303.185
303.198
303.211
303.224
303.236
303.249
303.261
303.272
303.283
303.294
303.305
303.315
303.324
303.334
303.343
303.351
303.36
303.367
303.375
303.382
303.388
303.394
303.4
303.405
303.41
303.414
303.418
303.421
303.423
303.425
303.427
303.428
303.428
303.427
303.426
303.424
303.421
303.417
303.412
303.406
303.399
303.391
303.381
303.371
303.358
303.344
303.328
303.31
303.29
303.268
303.243
303.215
303.184
303.15
303.112
303.07
303.024
302.973
302.917
302.857
302.792
302.721
302.646
301.169
301.186
301.202
301.219
301.236
301.253
301.271
301.289
301.306
301.324
301.343
301.361
301.38
301.399
301.418
301.437
301.456
301.476
301.496
301.515
301.535
301.556
301.576
301.596
301.617
301.637
301.658
301.679
301.7
301.721
301.742
301.763
301.785
301.806
301.827
301.849
301.87
301.892
301.913
301.935
301.956
301.978
301.999
302.021
302.042
302.064
302.085
302.106
302.128
302.149
302.17
302.192
302.213
302.234
302.255
302.275
302.296
302.317
302.337
302.358
302.378
302.398
302.418
302.438
302.458
302.477
302.497
302.516
302.535
302.554
302.573
302.592
302.61
302.629
302.647
302.665
302.683
302.7
302.718
302.735
302.752
302.769
302.786
302.803
302.82
302.836
302.852
302.868
302.884
302.9
302.915
302.93
302.945
302.96
302.975
302.989
303.003
303.017
303.031
303.044
303.057
303.07
303.083
303.095
303.107
303.118
303.129
303.14
303.151
303.161
303.17
303.18
303.189
303.197
303.206
303.214
303.221
303.228
303.235
303.241
303.246
303.252
303.256
303.261
303.264
303.268
303.27
303.272
303.274
303.275
303.275
303.275
303.274
303.272
303.269
303.265
303.261
303.255
303.249
303.241
303.232
303.221
303.209
303.196
303.181
303.164
303.145
303.123
303.099
303.073
303.044
303.011
302.975
302.936
302.892
302.845
302.793
302.737
302.676
302.611
302.542
301.096
301.111
301.126
301.142
301.157
301.173
301.189
301.205
301.222
301.238
301.255
301.272
301.29
301.307
301.325
301.342
301.36
301.378
301.397
301.415
301.434
301.452
301.471
301.49
301.509
301.529
301.548
301.568
301.587
301.607
301.627
301.647
301.667
301.687
301.707
301.727
301.747
301.768
301.788
301.808
301.829
301.849
301.87
301.89
301.911
301.931
301.952
301.972
301.992
302.013
302.033
302.053
302.074
302.094
302.114
302.134
302.154
302.174
302.194
302.213
302.233
302.252
302.272
302.291
302.31
302.329
302.348
302.367
302.386
302.404
302.422
302.441
302.459
302.477
302.494
302.512
302.529
302.547
302.564
302.581
302.598
302.615
302.631
302.648
302.664
302.68
302.696
302.712
302.727
302.743
302.758
302.773
302.788
302.803
302.817
302.831
302.845
302.859
302.873
302.886
302.899
302.911
302.924
302.936
302.948
302.959
302.97
302.981
302.992
303.002
303.011
303.021
303.03
303.038
303.047
303.055
303.062
303.069
303.076
303.082
303.088
303.093
303.098
303.102
303.106
303.109
303.112
303.114
303.116
303.117
303.117
303.117
303.116
303.114
303.112
303.108
303.104
303.099
303.093
303.085
303.077
303.067
303.056
303.043
303.029
303.012
302.994
302.974
302.951
302.926
302.899
302.868
302.834
302.797
302.757
302.713
302.665
302.613
302.557
302.497
302.433
301.023
301.036
301.05
301.065
301.079
301.093
301.108
301.123
301.138
301.153
301.169
301.185
301.2
301.216
301.233
301.249
301.265
301.282
301.299
301.316
301.333
301.35
301.368
301.386
301.403
301.421
301.439
301.457
301.476
301.494
301.513
301.531
301.55
301.569
301.587
301.606
301.625
301.644
301.664
301.683
301.702
301.721
301.741
301.76
301.779
301.799
301.818
301.838
301.857
301.876
301.896
301.915
301.934
301.954
301.973
301.992
302.011
302.03
302.049
302.068
302.087
302.106
302.124
302.143
302.161
302.18
302.198
302.216
302.234
302.252
302.27
302.287
302.305
302.322
302.34
302.357
302.374
302.391
302.407
302.424
302.44
302.457
302.473
302.489
302.505
302.521
302.537
302.552
302.567
302.583
302.598
302.612
302.627
302.641
302.656
302.67
302.684
302.697
302.71
302.724
302.736
302.749
302.761
302.773
302.785
302.796
302.807
302.818
302.828
302.838
302.848
302.857
302.866
302.875
302.883
302.891
302.898
302.905
302.912
302.918
302.924
302.929
302.934
302.939
302.943
302.946
302.949
302.951
302.953
302.954
302.955
302.955
302.954
302.952
302.95
302.947
302.943
302.938
302.932
302.926
302.917
302.908
302.898
302.886
302.872
302.857
302.84
302.82
302.799
302.776
302.75
302.721
302.69
302.655
302.618
302.577
302.532
302.485
302.433
302.378
302.32
300.95
300.963
300.976
300.988
301.002
301.015
301.028
301.042
301.056
301.07
301.084
301.098
301.113
301.127
301.142
301.157
301.172
301.187
301.203
301.219
301.234
301.25
301.266
301.283
301.299
301.316
301.332
301.349
301.366
301.383
301.4
301.417
301.435
301.452
301.47
301.487
301.505
301.523
301.541
301.559
301.577
301.595
301.613
301.631
301.649
301.668
301.686
301.704
301.723
301.741
301.759
301.777
301.796
301.814
301.832
301.85
301.869
301.887
301.905
301.923
301.941
301.959
301.977
301.994
302.012
302.03
302.047
302.064
302.082
302.099
302.116
302.133
302.15
302.167
302.183
302.2
302.216
302.233
302.249
302.265
302.281
302.297
302.313
302.329
302.344
302.359
302.375
302.39
302.405
302.42
302.434
302.449
302.463
302.477
302.491
302.505
302.519
302.532
302.545
302.558
302.571
302.583
302.595
302.607
302.618
302.63
302.641
302.651
302.661
302.671
302.681
302.69
302.699
302.708
302.716
302.724
302.731
302.738
302.745
302.751
302.757
302.762
302.767
302.771
302.775
302.779
302.782
302.784
302.786
302.787
302.788
302.788
302.788
302.786
302.784
302.782
302.778
302.773
302.768
302.762
302.754
302.745
302.735
302.724
302.711
302.697
302.681
302.663
302.644
302.622
302.598
302.571
302.542
302.51
302.475
302.438
302.397
302.353
302.306
302.256
302.202
300.879
300.89
300.902
300.914
300.925
300.937
300.95
300.962
300.975
300.987
301
301.013
301.026
301.04
301.053
301.067
301.081
301.095
301.109
301.123
301.138
301.152
301.167
301.182
301.197
301.212
301.227
301.243
301.258
301.274
301.29
301.306
301.322
301.338
301.354
301.37
301.387
301.403
301.42
301.437
301.454
301.47
301.487
301.504
301.521
301.538
301.555
301.572
301.59
301.607
301.624
301.641
301.658
301.676
301.693
301.71
301.727
301.744
301.761
301.778
301.795
301.812
301.829
301.846
301.863
301.88
301.896
301.913
301.929
301.946
301.962
301.979
301.995
302.011
302.027
302.043
302.059
302.074
302.09
302.106
302.121
302.136
302.152
302.167
302.182
302.197
302.212
302.226
302.241
302.255
302.27
302.284
302.298
302.312
302.325
302.339
302.352
302.365
302.378
302.39
302.403
302.415
302.427
302.438
302.449
302.46
302.471
302.482
302.492
302.502
302.511
302.52
302.529
302.537
302.545
302.553
302.56
302.567
302.574
302.58
302.586
302.591
302.596
302.601
302.605
302.608
302.611
302.614
302.616
302.617
302.618
302.618
302.618
302.617
302.615
302.613
302.61
302.605
302.6
302.595
302.588
302.58
302.57
302.56
302.548
302.535
302.52
302.503
302.485
302.465
302.442
302.418
302.391
302.362
302.33
302.296
302.259
302.219
302.176
302.13
302.081
300.809
300.819
300.83
300.84
300.851
300.862
300.873
300.884
300.895
300.907
300.919
300.93
300.942
300.954
300.967
300.979
300.992
301.004
301.017
301.03
301.043
301.057
301.07
301.084
301.097
301.111
301.125
301.139
301.154
301.168
301.182
301.197
301.212
301.226
301.241
301.256
301.272
301.287
301.302
301.317
301.333
301.348
301.364
301.38
301.396
301.411
301.427
301.443
301.459
301.475
301.491
301.507
301.523
301.539
301.555
301.571
301.588
301.604
301.62
301.636
301.652
301.668
301.684
301.7
301.715
301.731
301.747
301.763
301.778
301.794
301.81
301.825
301.84
301.856
301.871
301.886
301.901
301.916
301.931
301.946
301.961
301.976
301.991
302.005
302.02
302.034
302.048
302.063
302.077
302.091
302.104
302.118
302.132
302.145
302.158
302.171
302.184
302.197
302.209
302.221
302.233
302.245
302.257
302.268
302.279
302.29
302.3
302.311
302.32
302.33
302.339
302.348
302.357
302.365
302.373
302.381
302.388
302.395
302.401
302.408
302.413
302.419
302.423
302.428
302.432
302.436
302.439
302.441
302.443
302.445
302.446
302.446
302.446
302.445
302.444
302.442
302.439
302.435
302.431
302.425
302.419
302.412
302.403
302.393
302.383
302.37
302.357
302.341
302.325
302.306
302.286
302.263
302.239
302.212
302.183
302.152
302.118
302.082
302.043
302.002
301.958
300.741
300.75
300.759
300.769
300.778
300.788
300.798
300.808
300.819
300.829
300.839
300.85
300.861
300.872
300.883
300.894
300.905
300.917
300.928
300.94
300.952
300.964
300.976
300.989
301.001
301.014
301.026
301.039
301.052
301.065
301.078
301.092
301.105
301.118
301.132
301.146
301.16
301.174
301.188
301.202
301.216
301.23
301.244
301.259
301.273
301.288
301.303
301.317
301.332
301.347
301.362
301.376
301.391
301.406
301.421
301.436
301.451
301.466
301.481
301.496
301.511
301.526
301.541
301.556
301.571
301.585
301.6
301.615
301.63
301.644
301.659
301.674
301.688
301.703
301.717
301.732
301.746
301.76
301.775
301.789
301.803
301.817
301.831
301.845
301.859
301.873
301.886
301.9
301.913
301.927
301.94
301.953
301.966
301.979
301.992
302.004
302.017
302.029
302.041
302.053
302.065
302.076
302.087
302.098
302.109
302.119
302.13
302.139
302.149
302.158
302.167
302.176
302.185
302.193
302.201
302.208
302.215
302.222
302.228
302.234
302.24
302.245
302.25
302.255
302.259
302.262
302.265
302.268
302.27
302.272
302.273
302.274
302.274
302.273
302.272
302.27
302.268
302.264
302.26
302.255
302.25
302.243
302.235
302.226
302.216
302.205
302.193
302.179
302.163
302.147
302.128
302.108
302.085
302.061
302.035
302.007
301.976
301.944
301.909
301.872
301.832
300.675
300.683
300.691
300.7
300.709
300.717
300.726
300.735
300.744
300.754
300.763
300.773
300.782
300.792
300.802
300.812
300.822
300.833
300.843
300.854
300.864
300.875
300.886
300.897
300.909
300.92
300.931
300.943
300.955
300.966
300.978
300.99
301.002
301.015
301.027
301.039
301.052
301.065
301.077
301.09
301.103
301.116
301.129
301.142
301.156
301.169
301.182
301.196
301.209
301.223
301.236
301.25
301.264
301.278
301.291
301.305
301.319
301.333
301.347
301.36
301.374
301.388
301.402
301.416
301.43
301.444
301.457
301.471
301.485
301.499
301.512
301.526
301.54
301.554
301.567
301.581
301.594
301.608
301.621
301.635
301.648
301.661
301.675
301.688
301.701
301.714
301.727
301.74
301.753
301.766
301.778
301.791
301.803
301.816
301.828
301.84
301.852
301.864
301.875
301.887
301.898
301.909
301.92
301.93
301.94
301.95
301.96
301.97
301.979
301.988
301.997
302.006
302.014
302.022
302.029
302.036
302.043
302.05
302.056
302.062
302.068
302.073
302.078
302.082
302.086
302.09
302.093
302.096
302.098
302.1
302.101
302.102
302.102
302.102
302.101
302.099
302.097
302.094
302.091
302.086
302.081
302.075
302.068
302.06
302.051
302.041
302.03
302.017
302.003
301.988
301.971
301.953
301.933
301.911
301.888
301.862
301.835
301.806
301.775
301.741
301.706
300.612
300.619
300.626
300.634
300.642
300.65
300.658
300.666
300.674
300.682
300.691
300.699
300.708
300.716
300.725
300.734
300.743
300.753
300.762
300.771
300.781
300.791
300.801
300.81
300.821
300.831
300.841
300.851
300.862
300.872
300.883
300.894
300.905
300.916
300.927
300.938
300.95
300.961
300.973
300.984
300.996
301.008
301.019
301.031
301.043
301.056
301.068
301.08
301.092
301.105
301.117
301.129
301.142
301.155
301.167
301.18
301.192
301.205
301.218
301.231
301.243
301.256
301.269
301.282
301.295
301.307
301.32
301.333
301.346
301.359
301.371
301.384
301.397
301.41
301.422
301.435
301.448
301.46
301.473
301.486
301.498
301.511
301.523
301.536
301.548
301.561
301.573
301.585
301.597
301.609
301.621
301.633
301.645
301.657
301.668
301.68
301.691
301.702
301.713
301.724
301.735
301.745
301.756
301.766
301.776
301.785
301.795
301.804
301.813
301.822
301.83
301.838
301.846
301.854
301.861
301.868
301.875
301.881
301.888
301.893
301.899
301.904
301.909
301.913
301.917
301.92
301.924
301.926
301.929
301.931
301.932
301.933
301.933
301.933
301.933
301.932
301.93
301.927
301.924
301.92
301.916
301.91
301.904
301.897
301.889
301.88
301.869
301.858
301.846
301.832
301.817
301.8
301.783
301.763
301.742
301.72
301.695
301.669
301.642
301.612
301.581
300.552
300.559
300.565
300.572
300.579
300.586
300.593
300.6
300.607
300.615
300.622
300.63
300.637
300.645
300.653
300.661
300.669
300.678
300.686
300.694
300.703
300.711
300.72
300.729
300.738
300.747
300.756
300.765
300.775
300.784
300.794
300.804
300.813
300.823
300.833
300.843
300.853
300.864
300.874
300.885
300.895
300.906
300.916
300.927
300.938
300.949
300.96
300.971
300.982
300.993
301.005
301.016
301.027
301.039
301.05
301.062
301.073
301.085
301.096
301.108
301.12
301.131
301.143
301.155
301.167
301.179
301.19
301.202
301.214
301.226
301.238
301.249
301.261
301.273
301.285
301.297
301.309
301.32
301.332
301.344
301.356
301.367
301.379
301.391
301.402
301.414
301.426
301.437
301.449
301.46
301.471
301.482
301.494
301.505
301.516
301.526
301.537
301.548
301.558
301.568
301.579
301.589
301.598
301.608
301.617
301.627
301.636
301.644
301.653
301.661
301.669
301.677
301.685
301.692
301.699
301.706
301.712
301.719
301.725
301.73
301.735
301.74
301.745
301.749
301.753
301.757
301.76
301.763
301.765
301.767
301.769
301.77
301.77
301.77
301.77
301.769
301.768
301.766
301.763
301.759
301.755
301.751
301.745
301.739
301.732
301.723
301.714
301.704
301.693
301.681
301.668
301.653
301.637
301.62
301.601
301.581
301.56
301.537
301.512
301.486
301.459
300.497
300.503
300.509
300.515
300.521
300.527
300.533
300.54
300.546
300.553
300.559
300.566
300.573
300.58
300.587
300.594
300.601
300.608
300.616
300.623
300.631
300.638
300.646
300.654
300.662
300.67
300.678
300.686
300.695
300.703
300.712
300.72
300.729
300.738
300.747
300.756
300.765
300.774
300.783
300.793
300.802
300.812
300.821
300.831
300.841
300.851
300.861
300.87
300.881
300.891
300.901
300.911
300.921
300.932
300.942
300.952
300.963
300.973
300.984
300.995
301.005
301.016
301.027
301.037
301.048
301.059
301.07
301.081
301.092
301.102
301.113
301.124
301.135
301.146
301.157
301.168
301.179
301.19
301.201
301.212
301.223
301.234
301.244
301.255
301.266
301.277
301.288
301.299
301.309
301.32
301.33
301.341
301.351
301.362
301.372
301.382
301.392
301.402
301.412
301.422
301.431
301.441
301.45
301.459
301.468
301.477
301.485
301.494
301.502
301.51
301.517
301.525
301.532
301.539
301.546
301.552
301.559
301.565
301.57
301.576
301.581
301.586
301.59
301.594
301.598
301.602
301.605
301.608
301.61
301.612
301.614
301.615
301.616
301.616
301.616
301.615
301.614
301.612
301.61
301.607
301.604
301.599
301.594
301.589
301.583
301.575
301.567
301.558
301.549
301.538
301.526
301.513
301.499
301.484
301.467
301.45
301.431
301.41
301.389
301.366
301.341
300.447
300.452
300.458
300.463
300.468
300.474
300.479
300.485
300.491
300.497
300.502
300.508
300.514
300.521
300.527
300.533
300.539
300.546
300.552
300.559
300.566
300.573
300.58
300.587
300.594
300.601
300.608
300.615
300.623
300.63
300.638
300.646
300.654
300.661
300.669
300.677
300.686
300.694
300.702
300.71
300.719
300.727
300.736
300.745
300.753
300.762
300.771
300.78
300.789
300.798
300.807
300.817
300.826
300.835
300.845
300.854
300.864
300.873
300.883
300.892
300.902
300.912
300.922
300.931
300.941
300.951
300.961
300.971
300.981
300.991
301.001
301.011
301.021
301.031
301.041
301.051
301.061
301.071
301.082
301.092
301.102
301.112
301.122
301.132
301.142
301.152
301.162
301.172
301.182
301.192
301.202
301.212
301.222
301.232
301.241
301.251
301.26
301.269
301.279
301.288
301.297
301.306
301.314
301.323
301.331
301.34
301.348
301.355
301.363
301.371
301.378
301.385
301.392
301.399
301.405
301.411
301.417
301.423
301.428
301.434
301.439
301.443
301.448
301.452
301.455
301.459
301.462
301.465
301.467
301.469
301.471
301.472
301.473
301.473
301.474
301.473
301.472
301.471
301.469
301.466
301.463
301.46
301.456
301.451
301.445
301.439
301.432
301.424
301.415
301.406
301.395
301.384
301.371
301.358
301.343
301.328
301.311
301.293
301.274
301.254
301.233
300.404
300.409
300.413
300.418
300.423
300.428
300.433
300.438
300.443
300.448
300.453
300.459
300.464
300.469
300.475
300.481
300.486
300.492
300.498
300.504
300.51
300.516
300.522
300.528
300.535
300.541
300.548
300.554
300.561
300.567
300.574
300.581
300.588
300.595
300.602
300.61
300.617
300.624
300.632
300.639
300.647
300.654
300.662
300.67
300.678
300.686
300.694
300.702
300.71
300.718
300.727
300.735
300.743
300.752
300.76
300.769
300.778
300.786
300.795
300.804
300.813
300.822
300.831
300.84
300.849
300.858
300.867
300.876
300.885
300.894
300.903
300.913
300.922
300.931
300.94
300.95
300.959
300.969
300.978
300.987
300.997
301.006
301.015
301.025
301.034
301.044
301.053
301.062
301.072
301.081
301.09
301.099
301.108
301.117
301.126
301.135
301.144
301.153
301.162
301.17
301.178
301.187
301.195
301.203
301.211
301.219
301.226
301.234
301.241
301.248
301.255
301.262
301.268
301.275
301.281
301.287
301.292
301.298
301.303
301.308
301.313
301.317
301.321
301.325
301.329
301.332
301.335
301.338
301.341
301.343
301.344
301.346
301.347
301.347
301.348
301.347
301.347
301.346
301.344
301.342
301.339
301.336
301.333
301.328
301.323
301.318
301.312
301.305
301.297
301.289
301.279
301.269
301.258
301.246
301.234
301.22
301.205
301.189
301.172
301.155
301.136
300.369
300.373
300.377
300.382
300.386
300.39
300.395
300.399
300.404
300.408
300.413
300.418
300.423
300.428
300.433
300.438
300.443
300.448
300.453
300.459
300.464
300.47
300.475
300.481
300.487
300.492
300.498
300.504
300.51
300.516
300.522
300.529
300.535
300.541
300.548
300.554
300.561
300.568
300.574
300.581
300.588
300.595
300.602
300.609
300.616
300.624
300.631
300.638
300.646
300.653
300.661
300.669
300.676
300.684
300.692
300.7
300.708
300.716
300.724
300.732
300.74
300.748
300.756
300.765
300.773
300.781
300.79
300.798
300.807
300.815
300.824
300.832
300.841
300.85
300.858
300.867
300.876
300.884
300.893
300.902
300.911
300.919
300.928
300.937
300.946
300.954
300.963
300.972
300.981
300.989
300.998
301.007
301.015
301.024
301.032
301.04
301.049
301.057
301.065
301.073
301.081
301.089
301.096
301.104
301.112
301.119
301.126
301.133
301.14
301.147
301.153
301.16
301.166
301.172
301.178
301.183
301.189
301.194
301.199
301.204
301.209
301.213
301.217
301.221
301.224
301.228
301.231
301.233
301.236
301.238
301.239
301.241
301.242
301.243
301.243
301.243
301.243
301.242
301.24
301.239
301.236
301.234
301.231
301.227
301.222
301.217
301.212
301.206
301.199
301.191
301.183
301.174
301.164
301.154
301.142
301.13
301.117
301.103
301.088
301.072
301.055
300.343
300.347
300.351
300.355
300.359
300.363
300.367
300.371
300.375
300.38
300.384
300.388
300.393
300.397
300.402
300.407
300.411
300.416
300.421
300.426
300.431
300.436
300.441
300.446
300.452
300.457
300.462
300.468
300.473
300.479
300.485
300.491
300.496
300.502
300.508
300.514
300.52
300.527
300.533
300.539
300.546
300.552
300.558
300.565
300.572
300.578
300.585
300.592
300.599
300.606
300.613
300.62
300.627
300.635
300.642
300.649
300.657
300.664
300.672
300.679
300.687
300.695
300.702
300.71
300.718
300.726
300.734
300.742
300.75
300.758
300.766
300.774
300.782
300.79
300.798
300.807
300.815
300.823
300.831
300.84
300.848
300.856
300.864
300.873
300.881
300.889
300.898
300.906
300.914
300.922
300.931
300.939
300.947
300.955
300.963
300.971
300.979
300.986
300.994
301.002
301.009
301.017
301.024
301.031
301.038
301.045
301.052
301.059
301.066
301.072
301.078
301.085
301.091
301.096
301.102
301.107
301.113
301.118
301.123
301.127
301.132
301.136
301.14
301.143
301.147
301.15
301.153
301.156
301.158
301.16
301.162
301.163
301.165
301.165
301.166
301.166
301.166
301.165
301.164
301.162
301.16
301.158
301.155
301.152
301.148
301.143
301.138
301.133
301.126
301.119
301.112
301.104
301.095
301.085
301.075
301.063
301.051
301.038
301.025
301.01
300.995
300.329
300.333
300.337
300.34
300.344
300.348
300.352
300.356
300.36
300.364
300.368
300.372
300.377
300.381
300.385
300.39
300.394
300.399
300.403
300.408
300.413
300.418
300.423
300.428
300.433
300.438
300.443
300.448
300.453
300.459
300.464
300.47
300.475
300.481
300.487
300.492
300.498
300.504
300.51
300.516
300.522
300.528
300.535
300.541
300.547
300.554
300.56
300.567
300.573
300.58
300.587
300.594
300.601
300.608
300.615
300.622
300.629
300.636
300.643
300.651
300.658
300.665
300.673
300.68
300.688
300.695
300.703
300.711
300.718
300.726
300.734
300.742
300.75
300.758
300.765
300.773
300.781
300.789
300.797
300.805
300.813
300.821
300.83
300.838
300.846
300.854
300.862
300.87
300.878
300.886
300.893
300.901
300.909
300.917
300.925
300.932
300.94
300.948
300.955
300.963
300.97
300.977
300.984
300.991
300.998
301.005
301.012
301.018
301.025
301.031
301.037
301.043
301.049
301.055
301.06
301.065
301.07
301.075
301.08
301.085
301.089
301.093
301.097
301.101
301.104
301.107
301.11
301.113
301.115
301.117
301.119
301.121
301.122
301.123
301.123
301.123
301.123
301.122
301.122
301.12
301.118
301.116
301.113
301.11
301.106
301.102
301.097
301.092
301.086
301.08
301.072
301.065
301.056
301.047
301.037
301.026
301.015
301.003
300.99
300.976
300.961
303.441
302.792
302.33
301.964
301.663
301.41
301.194
301.01
300.851
300.715
300.598
300.498
300.412
300.339
300.277
300.225
300.182
300.146
300.116
300.091
300.071
300.055
300.043
300.032
300.024
300.018
300.014
300.01
300.007
300.005
300.004
300.002
300.002
300.001
300.001
300
300
300
300
300
300
300
300
300
300
300
300
300
300
300
300
303.438
302.791
302.33
301.964
301.663
301.41
301.194
301.01
300.851
300.715
300.598
300.498
300.412
300.339
300.277
300.225
300.182
300.146
300.116
300.091
300.071
300.055
300.043
300.032
300.024
300.018
300.014
300.01
300.007
300.005
300.004
300.002
300.002
300.001
300.001
300
300
300
300
300
300
300
300
300
300
300
300
300
300
300
300
303.433
302.79
302.329
301.964
301.663
301.41
301.194
301.01
300.851
300.715
300.598
300.498
300.412
300.339
300.277
300.225
300.182
300.146
300.116
300.091
300.071
300.055
300.043
300.032
300.024
300.018
300.014
300.01
300.007
300.005
300.004
300.002
300.002
300.001
300.001
300
300
300
300
300
300
300
300
300
300
300
300
300
300
300
300
303.425
302.788
302.328
301.964
301.663
301.41
301.194
301.01
300.851
300.715
300.598
300.498
300.412
300.339
300.278
300.225
300.182
300.146
300.116
300.091
300.071
300.055
300.043
300.032
300.024
300.018
300.014
300.01
300.007
300.005
300.004
300.002
300.002
300.001
300.001
300
300
300
300
300
300
300
300
300
300
300
300
300
300
300
300
303.414
302.786
302.327
301.963
301.663
301.41
301.194
301.01
300.851
300.715
300.598
300.498
300.412
300.339
300.278
300.226
300.182
300.146
300.116
300.091
300.071
300.055
300.043
300.032
300.025
300.018
300.014
300.01
300.007
300.005
300.004
300.002
300.002
300.001
300.001
300
300
300
300
300
300
300
300
300
300
300
300
300
300
300
300
303.4
302.782
302.326
301.963
301.663
301.41
301.194
301.01
300.852
300.715
300.599
300.498
300.413
300.34
300.278
300.226
300.182
300.146
300.116
300.091
300.072
300.056
300.043
300.033
300.025
300.018
300.014
300.01
300.007
300.005
300.004
300.002
300.002
300.001
300.001
300
300
300
300
300
300
300
300
300
300
300
300
300
300
300
300
303.384
302.777
302.324
301.962
301.662
301.41
301.194
301.01
300.852
300.716
300.599
300.498
300.413
300.34
300.278
300.226
300.182
300.146
300.116
300.092
300.072
300.056
300.043
300.033
300.025
300.018
300.014
300.01
300.007
300.005
300.004
300.002
300.002
300.001
300.001
300
300
300
300
300
300
300
300
300
300
300
300
300
300
300
300
303.364
302.771
302.321
301.96
301.662
301.409
301.194
301.01
300.852
300.716
300.599
300.499
300.413
300.34
300.278
300.226
300.182
300.146
300.116
300.092
300.072
300.056
300.043
300.033
300.025
300.018
300.014
300.01
300.007
300.005
300.004
300.002
300.002
300.001
300.001
300
300
300
300
300
300
300
300
300
300
300
300
300
300
300
300
303.341
302.763
302.318
301.959
301.661
301.409
301.194
301.01
300.852
300.716
300.599
300.499
300.413
300.34
300.278
300.226
300.183
300.146
300.116
300.092
300.072
300.056
300.043
300.033
300.025
300.018
300.014
300.01
300.007
300.005
300.004
300.002
300.002
300.001
300.001
300
300
300
300
300
300
300
300
300
300
300
300
300
300
300
300
303.316
302.754
302.314
301.957
301.66
301.409
301.194
301.011
300.852
300.716
300.6
300.499
300.414
300.341
300.279
300.227
300.183
300.147
300.117
300.092
300.072
300.056
300.043
300.033
300.025
300.018
300.014
300.01
300.007
300.005
300.004
300.002
300.002
300.001
300.001
300
300
300
300
300
300
300
300
300
300
300
300
300
300
300
300
303.287
302.743
302.309
301.955
301.659
301.408
301.194
301.011
300.853
300.717
300.6
300.5
300.414
300.341
300.279
300.227
300.183
300.147
300.117
300.092
300.072
300.056
300.043
300.033
300.025
300.019
300.014
300.01
300.007
300.005
300.004
300.002
300.002
300.001
300.001
300
300
300
300
300
300
300
300
300
300
300
300
300
300
300
300
303.255
302.73
302.303
301.951
301.657
301.407
301.194
301.011
300.853
300.717
300.6
300.5
300.414
300.341
300.279
300.227
300.183
300.147
300.117
300.092
300.072
300.056
300.043
300.033
300.025
300.019
300.014
300.01
300.007
300.005
300.004
300.002
300.002
300.001
300.001
300
300
300
300
300
300
300
300
300
300
300
300
300
300
300
300
303.219
302.714
302.295
301.947
301.655
301.406
301.193
301.011
300.853
300.717
300.601
300.5
300.415
300.341
300.28
300.227
300.184
300.147
300.117
300.092
300.072
300.056
300.043
300.033
300.025
300.019
300.014
300.01
300.007
300.005
300.004
300.002
300.002
300.001
300.001
300
300
300
300
300
300
300
300
300
300
300
300
300
300
300
300
303.181
302.696
302.286
301.942
301.652
301.405
301.193
301.01
300.853
300.717
300.601
300.501
300.415
300.342
300.28
300.228
300.184
300.147
300.117
300.093
300.073
300.056
300.043
300.033
300.025
300.019
300.014
300.01
300.007
300.005
300.004
300.002
300.002
300.001
300.001
300
300
300
300
300
300
300
300
300
300
300
300
300
300
300
300
303.138
302.674
302.274
301.936
301.649
301.403
301.192
301.01
300.853
300.717
300.601
300.501
300.415
300.342
300.28
300.228
300.184
300.148
300.117
300.093
300.073
300.056
300.043
300.033
300.025
300.019
300.014
300.01
300.007
300.005
300.004
300.002
300.002
300.001
300.001
300
300
300
300
300
300
300
300
300
300
300
300
300
300
300
300
303.092
302.65
302.261
301.928
301.644
301.4
301.19
301.009
300.852
300.717
300.601
300.501
300.415
300.342
300.28
300.228
300.184
300.148
300.118
300.093
300.073
300.057
300.044
300.033
300.025
300.019
300.014
300.01
300.007
300.005
300.004
300.002
300.002
300.001
300.001
300
300
300
300
300
300
300
300
300
300
300
300
300
300
300
300
303.042
302.621
302.245
301.919
301.638
301.396
301.187
301.007
300.851
300.717
300.6
300.501
300.415
300.342
300.28
300.228
300.184
300.148
300.118
300.093
300.073
300.057
300.044
300.033
300.025
300.019
300.014
300.01
300.007
300.005
300.004
300.002
300.002
300.001
300.001
300
300
300
300
300
300
300
300
300
300
300
300
300
300
300
300
302.988
302.589
302.225
301.907
301.63
301.391
301.184
301.005
300.85
300.716
300.6
300.5
300.415
300.342
300.28
300.228
300.185
300.148
300.118
300.093
300.073
300.057
300.044
300.033
300.025
300.019
300.014
300.01
300.007
300.005
300.004
300.002
300.002
300.001
300.001
300
300
300
300
300
300
300
300
300
300
300
300
300
300
300
300
302.93
302.552
302.203
301.892
301.621
301.385
301.18
301.002
300.848
300.714
300.599
300.5
300.415
300.342
300.28
300.228
300.185
300.148
300.118
300.093
300.073
300.057
300.044
300.033
300.025
300.019
300.014
300.01
300.007
300.005
300.004
300.003
300.002
300.001
300.001
300
300
300
300
300
300
300
300
300
300
300
300
300
300
300
300
302.867
302.511
302.176
301.875
301.61
301.377
301.175
300.998
300.845
300.712
300.598
300.499
300.414
300.342
300.28
300.228
300.184
300.148
300.118
300.093
300.073
300.057
300.044
300.033
300.025
300.019
300.014
300.01
300.007
300.005
300.004
300.003
300.002
300.001
300.001
300
300
300
300
300
300
300
300
300
300
300
300
300
300
300
300
302.8
302.465
302.145
301.854
301.595
301.367
301.168
300.993
300.842
300.71
300.596
300.498
300.413
300.341
300.28
300.228
300.184
300.148
300.118
300.093
300.073
300.057
300.044
300.034
300.025
300.019
300.014
300.01
300.007
300.005
300.004
300.003
300.002
300.001
300.001
300
300
300
300
300
300
300
300
300
300
300
300
300
300
300
300
302.728
302.414
302.11
301.83
301.578
301.355
301.159
300.987
300.837
300.707
300.593
300.496
300.412
300.34
300.279
300.227
300.184
300.148
300.118
300.093
300.073
300.057
300.044
300.033
300.025
300.019
300.014
300.01
300.007
300.005
300.004
300.003
300.002
300.001
300.001
300
300
300
300
300
300
300
300
300
300
300
300
300
300
300
300
302.651
302.358
302.07
301.802
301.558
301.341
301.149
300.979
300.831
300.702
300.59
300.493
300.41
300.339
300.278
300.226
300.183
300.147
300.117
300.093
300.073
300.057
300.044
300.033
300.025
300.019
300.014
300.01
300.007
300.005
300.004
300.003
300.002
300.001
300.001
300
300
300
300
300
300
300
300
300
300
300
300
300
300
300
300
302.569
302.296
302.025
301.769
301.534
301.323
301.136
300.97
300.824
300.697
300.586
300.49
300.407
300.337
300.276
300.225
300.183
300.147
300.117
300.093
300.073
300.057
300.044
300.033
300.025
300.019
300.014
300.01
300.007
300.005
300.004
300.003
300.002
300.001
300.001
300
300
300
300
300
300
300
300
300
300
300
300
300
300
300
300
302.482
302.229
301.974
301.731
301.507
301.303
301.12
300.958
300.815
300.69
300.581
300.486
300.404
300.334
300.275
300.224
300.181
300.146
300.116
300.092
300.072
300.056
300.043
300.033
300.025
300.019
300.014
300.01
300.007
300.005
300.004
300.003
300.002
300.001
300.001
300
300
300
300
300
300
300
300
300
300
300
300
300
300
300
300
302.39
302.156
301.918
301.689
301.475
301.279
301.102
300.944
300.805
300.682
300.575
300.481
300.401
300.331
300.272
300.222
300.18
300.145
300.116
300.092
300.072
300.056
300.043
300.033
300.025
300.019
300.014
300.01
300.007
300.005
300.004
300.003
300.002
300.001
300.001
300
300
300
300
300
300
300
300
300
300
300
300
300
300
300
300
302.294
302.077
301.857
301.641
301.438
301.251
301.081
300.928
300.792
300.672
300.567
300.475
300.396
300.328
300.27
300.22
300.178
300.144
300.115
300.091
300.071
300.056
300.043
300.033
300.025
300.019
300.014
300.01
300.007
300.005
300.004
300.003
300.002
300.001
300.001
300
300
300
300
300
300
300
300
300
300
300
300
300
300
300
300
302.192
301.994
301.789
301.588
301.397
301.219
301.056
300.909
300.777
300.66
300.558
300.468
300.391
300.324
300.266
300.218
300.176
300.142
300.113
300.09
300.071
300.055
300.043
300.033
300.025
300.019
300.014
300.01
300.007
300.005
300.004
300.002
300.002
300.001
300.001
300
300
300
300
300
300
300
300
300
300
300
300
300
300
300
300
302.086
301.905
301.717
301.53
301.351
301.183
301.027
300.886
300.76
300.647
300.547
300.46
300.384
300.318
300.262
300.214
300.174
300.14
300.112
300.089
300.07
300.054
300.042
300.032
300.024
300.018
300.014
300.01
300.007
300.005
300.004
300.002
300.002
300.001
300.001
300
300
300
300
300
300
300
300
300
300
300
300
300
300
300
300
301.976
301.811
301.639
301.467
301.3
301.142
300.996
300.861
300.74
300.631
300.535
300.45
300.376
300.312
300.258
300.211
300.171
300.138
300.11
300.088
300.069
300.054
300.042
300.032
300.024
300.018
300.013
300.01
300.007
300.005
300.004
300.002
300.002
300.001
300.001
300
300
300
300
300
300
300
300
300
300
300
300
300
300
300
300
301.862
301.714
301.557
301.4
301.245
301.098
300.96
300.833
300.717
300.613
300.521
300.439
300.368
300.306
300.252
300.207
300.168
300.135
300.108
300.086
300.068
300.053
300.041
300.031
300.024
300.018
300.013
300.01
300.007
300.005
300.004
300.002
300.002
300.001
300.001
300
300
300
300
300
300
300
300
300
300
300
300
300
300
300
300
301.747
301.613
301.472
301.328
301.186
301.05
300.921
300.802
300.692
300.594
300.505
300.427
300.358
300.298
300.246
300.202
300.164
300.132
300.106
300.084
300.066
300.052
300.04
300.031
300.023
300.018
300.013
300.01
300.007
300.005
300.003
300.002
300.002
300.001
300.001
300
300
300
300
300
300
300
300
300
300
300
300
300
300
300
300
301.63
301.51
301.383
301.253
301.124
300.999
300.879
300.768
300.665
300.572
300.488
300.413
300.347
300.289
300.239
300.196
300.16
300.129
300.104
300.082
300.065
300.051
300.039
300.03
300.023
300.017
300.013
300.009
300.007
300.005
300.003
300.002
300.001
300.001
300
300
300
300
300
300
300
300
300
300
300
300
300
300
300
300
300
301.513
301.406
301.293
301.176
301.059
300.945
300.835
300.732
300.636
300.548
300.469
300.398
300.335
300.28
300.232
300.19
300.155
300.126
300.101
300.08
300.063
300.049
300.038
300.029
300.022
300.017
300.012
300.009
300.007
300.005
300.003
300.002
300.001
300.001
300
300
300
300
300
300
300
300
300
300
300
300
300
300
300
300
300
301.398
301.304
301.203
301.099
300.994
300.89
300.79
300.695
300.606
300.524
300.449
300.382
300.322
300.27
300.224
300.184
300.15
300.122
300.098
300.078
300.061
300.048
300.037
300.029
300.022
300.016
300.012
300.009
300.006
300.005
300.003
300.002
300.001
300.001
300
300
300
300
300
300
300
300
300
300
300
300
300
299.999
299.999
299.999
299.999
301.288
301.205
301.116
301.023
300.929
300.835
300.744
300.657
300.575
300.498
300.429
300.366
300.309
300.259
300.216
300.178
300.145
300.118
300.095
300.075
300.06
300.047
300.036
300.028
300.021
300.016
300.012
300.009
300.006
300.004
300.003
300.002
300.001
300.001
300
300
300
300
300
300
300
300
300
300
300
300
299.999
299.999
299.999
299.999
299.999
301.186
301.113
301.034
300.951
300.867
300.783
300.7
300.62
300.544
300.474
300.409
300.349
300.296
300.249
300.207
300.171
300.14
300.114
300.092
300.073
300.058
300.045
300.035
300.027
300.021
300.015
300.012
300.008
300.006
300.004
300.003
300.002
300.001
300.001
300
300
300
300
300
300
300
300
300
300
300
299.999
299.999
299.999
299.999
299.999
299.999
301.095
301.03
300.96
300.886
300.81
300.734
300.659
300.586
300.516
300.451
300.39
300.334
300.284
300.239
300.2
300.165
300.135
300.11
300.089
300.071
300.056
300.044
300.034
300.026
300.02
300.015
300.011
300.008
300.006
300.004
300.003
300.002
300.001
300.001
300
300
300
300
300
300
300
300
300
300
299.999
299.999
299.999
299.999
299.999
299.999
299.999
301.018
300.96
300.897
300.831
300.762
300.693
300.624
300.557
300.492
300.431
300.373
300.321
300.273
300.231
300.193
300.16
300.131
300.107
300.086
300.069
300.055
300.043
300.033
300.026
300.019
300.015
300.011
300.008
300.006
300.004
300.003
300.002
300.001
300.001
300
300
300
300
300
300
300
300
300
300
299.999
299.999
299.999
299.999
299.999
299.999
299.999
300.961
300.908
300.851
300.79
300.726
300.662
300.597
300.534
300.473
300.415
300.361
300.311
300.265
300.224
300.188
300.156
300.128
300.104
300.084
300.067
300.053
300.042
300.033
300.025
300.019
300.014
300.011
300.008
300.006
300.004
300.003
300.002
300.001
300.001
300
300
300
300
300
300
300
300
300
299.999
299.999
299.999
299.999
299.999
299.999
299.999
299.999
300.93
300.879
300.825
300.766
300.706
300.644
300.583
300.522
300.463
300.407
300.354
300.305
300.261
300.22
300.185
300.153
300.126
300.103
300.083
300.066
300.053
300.041
300.032
300.025
300.019
300.014
300.011
300.008
300.006
300.004
300.003
300.002
300.001
300.001
300
300
300
300
300
300
300
300
300
299.999
299.999
299.999
299.999
299.999
299.999
299.999
299.999
)
;

boundaryField
{
    inlet
    {
        type            fixedValue;
        value           uniform 300;
    }
    outlet
    {
        type            zeroGradient;
    }
    top
    {
        type            zeroGradient;
    }
    slip-bottom
    {
        type            zeroGradient;
    }
    bottom
    {
        type            zeroGradient;
    }
    interface
    {
        type            fixedGradient;
        gradient        nonuniform List<scalar> 
161
(
67.5343
67.5343
45.8938
45.8938
45.8938
45.8938
34.0852
34.0852
34.0852
34.0852
29.3268
29.3268
29.3268
28.524
28.524
28.524
28.524
25.9713
25.9713
25.9713
25.1136
25.1136
25.1136
24.6125
24.6125
24.6125
23.9722
23.9722
23.9722
23.3982
23.3982
23.3982
22.8704
22.8704
22.8704
22.3558
22.3558
22.3558
21.8703
21.8703
21.8703
20.9284
20.9284
21.5869
21.5869
21.5869
20.6691
20.6691
21.078
21.078
21.078
20.1968
20.1968
20.1948
20.1948
20.1948
20.3159
20.3159
20.5873
20.5873
19.5818
19.5818
19.5041
19.5041
19.5523
19.5523
19.4542
19.4542
19.4542
19.333
19.333
19.2159
19.0951
19.0951
18.95
18.95
18.8223
18.8223
18.3491
18.3491
18.9682
18.9682
18.7296
18.7296
18.4615
18.0384
18.0384
18.523
18.523
18.3255
17.8253
17.8253
18.2682
17.8295
17.8295
18.1092
18.1092
17.6872
17.9492
17.9492
17.5763
17.8224
17.4757
17.4757
17.5028
17.7313
17.7313
17.3466
17.5167
17.2438
17.2438
17.2561
17.3194
17.4167
17.4167
17.1377
17.1583
17.2106
17.2709
17.2709
17.0845
17.0991
17.1327
17.1337
17.1438
17.0857
17.0857
17.0886
17.0963
17.0936
17.0885
17.0816
17.0733
17.0641
17.0544
17.0445
17.035
17.0266
17.0201
17.0168
17.018
17.0256
17.0412
17.0669
17.1048
17.1587
17.2349
17.3478
17.5304
17.6854
17.2784
17.3417
17.9422
18.3597
18.9214
19.6057
22.3357
19.8329
22.7091
25.5198
35.8816
)
;
    }
    defaultFaces
    {
        type            empty;
    }
}


// ************************************************************************* //
