/*--------------------------------*- C++ -*----------------------------------*\
| =========                 |                                                 |
| \\      /  F ield         | OpenFOAM: The Open Source CFD Toolbox           |
|  \\    /   O peration     | Version:  2106                                  |
|   \\  /    A nd           | Website:  www.openfoam.com                      |
|    \\/     M anipulation  |                                                 |
\*---------------------------------------------------------------------------*/
FoamFile
{
    version     2.0;
    format      ascii;
    arch        "LSB;label=32;scalar=64";
    class       volScalarField;
    location    "3.2";
    object      T;
}
// * * * * * * * * * * * * * * * * * * * * * * * * * * * * * * * * * * * * * //

dimensions      [0 0 0 1 0 0 0];

internalField   nonuniform List<scalar> 
12013
(
300.002
300.007
300.012
300.017
300.023
300.028
300.034
300.041
300.047
300.054
300.062
300.069
300.078
300.086
300.095
300.105
300.115
300.125
300.136
300.148
300.16
300.173
300.186
300.2
300.214
300.229
300.245
300.261
300.278
300.296
300.315
300.334
300.354
300.374
300.395
300.417
300.44
300.464
300.488
300.514
300.54
300.567
300.595
300.623
300.653
300.683
300.715
300.747
300.78
300.815
300.85
300.887
300.924
300.963
301.002
301.043
301.085
301.128
301.173
301.219
301.266
301.315
301.365
301.417
301.47
301.526
301.583
301.642
301.703
301.767
301.833
301.902
301.974
302.05
302.131
302.216
302.307
302.405
302.514
302.637
302.784
300.002
300.007
300.012
300.017
300.023
300.028
300.034
300.041
300.047
300.054
300.062
300.069
300.078
300.086
300.095
300.105
300.115
300.125
300.136
300.148
300.16
300.173
300.186
300.2
300.214
300.229
300.245
300.261
300.278
300.296
300.315
300.334
300.353
300.374
300.395
300.417
300.44
300.464
300.488
300.514
300.54
300.567
300.594
300.623
300.653
300.683
300.715
300.747
300.78
300.815
300.85
300.886
300.924
300.962
301.002
301.043
301.085
301.128
301.173
301.219
301.266
301.314
301.365
301.416
301.47
301.525
301.582
301.641
301.702
301.765
301.831
301.9
301.972
302.047
302.127
302.211
302.3
302.397
302.501
302.616
302.742
300.002
300.007
300.012
300.017
300.023
300.028
300.034
300.041
300.047
300.054
300.062
300.069
300.078
300.086
300.095
300.105
300.115
300.125
300.136
300.148
300.16
300.173
300.186
300.2
300.214
300.229
300.245
300.261
300.278
300.296
300.314
300.334
300.353
300.374
300.395
300.417
300.44
300.464
300.488
300.513
300.54
300.566
300.594
300.623
300.652
300.683
300.714
300.747
300.78
300.814
300.85
300.886
300.923
300.962
301.001
301.042
301.084
301.127
301.172
301.218
301.265
301.313
301.363
301.415
301.468
301.523
301.58
301.638
301.699
301.762
301.828
301.896
301.967
302.041
302.119
302.201
302.288
302.379
302.477
302.58
302.688
300.002
300.007
300.012
300.017
300.023
300.028
300.034
300.041
300.047
300.054
300.062
300.069
300.078
300.086
300.095
300.105
300.115
300.125
300.136
300.148
300.16
300.173
300.186
300.2
300.214
300.229
300.245
300.261
300.278
300.296
300.314
300.333
300.353
300.374
300.395
300.417
300.44
300.464
300.488
300.513
300.539
300.566
300.594
300.623
300.652
300.683
300.714
300.746
300.779
300.814
300.849
300.885
300.923
300.961
301.001
301.041
301.083
301.126
301.17
301.216
301.263
301.311
301.361
301.412
301.465
301.52
301.576
301.634
301.694
301.757
301.821
301.888
301.958
302.031
302.106
302.186
302.268
302.355
302.444
302.537
302.63
300.002
300.007
300.012
300.017
300.023
300.028
300.034
300.041
300.047
300.054
300.062
300.069
300.078
300.086
300.095
300.105
300.115
300.125
300.136
300.148
300.16
300.173
300.186
300.2
300.214
300.229
300.245
300.261
300.278
300.296
300.314
300.333
300.353
300.374
300.395
300.417
300.44
300.463
300.488
300.513
300.539
300.566
300.593
300.622
300.652
300.682
300.713
300.745
300.779
300.813
300.848
300.884
300.921
300.96
300.999
301.04
301.081
301.124
301.168
301.214
301.26
301.308
301.358
301.409
301.461
301.515
301.571
301.628
301.688
301.749
301.812
301.878
301.946
302.016
302.089
302.165
302.243
302.323
302.406
302.489
302.571
300.002
300.007
300.012
300.017
300.023
300.028
300.034
300.041
300.047
300.054
300.062
300.069
300.078
300.086
300.095
300.105
300.115
300.125
300.136
300.148
300.16
300.172
300.186
300.2
300.214
300.229
300.245
300.261
300.278
300.296
300.314
300.333
300.353
300.373
300.395
300.417
300.439
300.463
300.487
300.512
300.538
300.565
300.593
300.621
300.651
300.681
300.712
300.744
300.777
300.812
300.847
300.883
300.92
300.958
300.997
301.037
301.079
301.122
301.165
301.21
301.257
301.304
301.353
301.404
301.456
301.509
301.564
301.62
301.679
301.739
301.801
301.865
301.93
301.998
302.068
302.139
302.212
302.287
302.362
302.437
302.511
300.002
300.007
300.012
300.017
300.023
300.028
300.034
300.041
300.047
300.054
300.062
300.069
300.077
300.086
300.095
300.105
300.115
300.125
300.136
300.148
300.16
300.172
300.186
300.199
300.214
300.229
300.244
300.261
300.278
300.295
300.314
300.333
300.352
300.373
300.394
300.416
300.439
300.462
300.487
300.512
300.538
300.564
300.592
300.62
300.65
300.68
300.711
300.743
300.776
300.81
300.845
300.881
300.918
300.956
300.995
301.035
301.076
301.118
301.161
301.206
301.252
301.299
301.348
301.397
301.448
301.501
301.555
301.61
301.667
301.726
301.786
301.848
301.911
301.975
302.042
302.109
302.177
302.246
302.315
302.384
302.451
300.002
300.007
300.012
300.017
300.023
300.028
300.034
300.04
300.047
300.054
300.061
300.069
300.077
300.086
300.095
300.105
300.115
300.125
300.136
300.147
300.16
300.172
300.185
300.199
300.213
300.228
300.244
300.26
300.277
300.295
300.313
300.332
300.352
300.372
300.393
300.415
300.438
300.461
300.486
300.511
300.537
300.563
300.591
300.619
300.648
300.678
300.709
300.741
300.774
300.808
300.842
300.878
300.915
300.952
300.991
301.031
301.072
301.114
301.157
301.201
301.246
301.293
301.34
301.389
301.439
301.491
301.544
301.598
301.653
301.71
301.768
301.827
301.888
301.949
302.012
302.075
302.139
302.203
302.266
302.329
302.39
300.002
300.007
300.012
300.017
300.022
300.028
300.034
300.04
300.047
300.054
300.061
300.069
300.077
300.086
300.095
300.104
300.114
300.125
300.136
300.147
300.159
300.172
300.185
300.199
300.213
300.228
300.244
300.26
300.277
300.294
300.313
300.332
300.351
300.372
300.393
300.415
300.437
300.461
300.485
300.51
300.535
300.562
300.589
300.617
300.647
300.676
300.707
300.739
300.772
300.805
300.84
300.875
300.911
300.949
300.987
301.026
301.067
301.108
301.151
301.194
301.239
301.284
301.331
301.379
301.428
301.479
301.53
301.582
301.636
301.691
301.746
301.803
301.861
301.919
301.978
302.037
302.097
302.156
302.215
302.272
302.329
300.002
300.007
300.012
300.017
300.022
300.028
300.034
300.04
300.047
300.054
300.061
300.069
300.077
300.086
300.095
300.104
300.114
300.125
300.136
300.147
300.159
300.172
300.185
300.198
300.213
300.228
300.243
300.259
300.276
300.294
300.312
300.331
300.35
300.371
300.392
300.414
300.436
300.459
300.483
300.508
300.534
300.56
300.587
300.615
300.644
300.674
300.705
300.736
300.769
300.802
300.836
300.871
300.907
300.944
300.982
301.021
301.06
301.101
301.143
301.186
301.23
301.274
301.32
301.367
301.415
301.464
301.514
301.564
301.616
301.669
301.722
301.776
301.831
301.886
301.941
301.996
302.052
302.107
302.161
302.214
302.267
300.002
300.007
300.012
300.017
300.022
300.028
300.034
300.04
300.047
300.054
300.061
300.069
300.077
300.086
300.095
300.104
300.114
300.124
300.135
300.147
300.159
300.171
300.184
300.198
300.212
300.227
300.243
300.259
300.276
300.293
300.311
300.33
300.35
300.37
300.391
300.412
300.435
300.458
300.482
300.506
300.532
300.558
300.585
300.613
300.642
300.671
300.702
300.733
300.765
300.798
300.832
300.866
300.902
300.938
300.976
301.014
301.053
301.093
301.134
301.176
301.219
301.263
301.307
301.353
301.399
301.447
301.495
301.544
301.593
301.643
301.694
301.746
301.797
301.849
301.901
301.953
302.004
302.055
302.106
302.155
302.204
300.002
300.007
300.012
300.017
300.022
300.028
300.034
300.04
300.047
300.054
300.061
300.069
300.077
300.085
300.094
300.104
300.114
300.124
300.135
300.146
300.158
300.171
300.184
300.197
300.212
300.227
300.242
300.258
300.275
300.292
300.31
300.329
300.348
300.368
300.389
300.411
300.433
300.456
300.48
300.504
300.53
300.556
300.582
300.61
300.639
300.668
300.698
300.729
300.76
300.793
300.826
300.86
300.895
300.931
300.968
301.006
301.044
301.083
301.124
301.165
301.206
301.249
301.292
301.336
301.381
301.427
301.473
301.52
301.567
301.615
301.664
301.712
301.761
301.81
301.858
301.907
301.955
302.002
302.049
302.095
302.14
300.002
300.007
300.012
300.017
300.022
300.028
300.034
300.04
300.047
300.054
300.061
300.069
300.077
300.085
300.094
300.104
300.113
300.124
300.135
300.146
300.158
300.17
300.183
300.197
300.211
300.226
300.241
300.257
300.274
300.291
300.309
300.328
300.347
300.367
300.388
300.409
300.431
300.454
300.477
300.502
300.527
300.553
300.579
300.607
300.635
300.664
300.693
300.724
300.755
300.787
300.82
300.854
300.888
300.923
300.959
300.996
301.034
301.072
301.111
301.151
301.192
301.233
301.275
301.318
301.361
301.405
301.449
301.494
301.539
301.584
301.63
301.676
301.722
301.767
301.813
301.858
301.903
301.947
301.991
302.034
302.076
300.002
300.007
300.012
300.017
300.022
300.028
300.034
300.04
300.047
300.053
300.061
300.068
300.076
300.085
300.094
300.103
300.113
300.123
300.134
300.145
300.157
300.17
300.183
300.196
300.21
300.225
300.24
300.256
300.273
300.29
300.308
300.326
300.345
300.365
300.386
300.407
300.429
300.451
300.475
300.499
300.524
300.549
300.575
300.602
300.63
300.659
300.688
300.718
300.749
300.78
300.813
300.846
300.879
300.914
300.949
300.985
301.022
301.059
301.097
301.136
301.175
301.215
301.255
301.296
301.338
301.38
301.422
301.465
301.507
301.55
301.594
301.637
301.68
301.723
301.765
301.808
301.85
301.891
301.932
301.972
302.011
300.002
300.007
300.012
300.017
300.022
300.028
300.034
300.04
300.046
300.053
300.06
300.068
300.076
300.085
300.093
300.103
300.112
300.123
300.134
300.145
300.157
300.169
300.182
300.195
300.209
300.224
300.239
300.255
300.271
300.288
300.306
300.324
300.343
300.363
300.383
300.404
300.426
300.448
300.471
300.495
300.52
300.545
300.571
300.597
300.625
300.653
300.682
300.711
300.741
300.772
300.804
300.836
300.869
300.903
300.937
300.972
301.008
301.044
301.081
301.118
301.156
301.194
301.233
301.273
301.312
301.352
301.392
301.433
301.473
301.514
301.555
301.595
301.636
301.676
301.716
301.755
301.794
301.833
301.871
301.908
301.945
300.002
300.007
300.012
300.017
300.022
300.028
300.034
300.04
300.046
300.053
300.06
300.068
300.076
300.084
300.093
300.102
300.112
300.122
300.133
300.144
300.156
300.168
300.181
300.194
300.208
300.222
300.238
300.253
300.269
300.286
300.304
300.322
300.341
300.36
300.38
300.401
300.423
300.445
300.468
300.491
300.515
300.54
300.565
300.592
300.619
300.646
300.674
300.703
300.733
300.763
300.794
300.825
300.858
300.89
300.924
300.957
300.992
301.027
301.062
301.098
301.135
301.172
301.209
301.246
301.284
301.322
301.36
301.398
301.437
301.475
301.513
301.551
301.589
301.627
301.664
301.701
301.737
301.773
301.809
301.844
301.878
300.002
300.007
300.012
300.017
300.022
300.027
300.033
300.039
300.046
300.053
300.06
300.067
300.075
300.084
300.092
300.102
300.111
300.121
300.132
300.143
300.155
300.167
300.18
300.193
300.207
300.221
300.236
300.251
300.267
300.284
300.302
300.319
300.338
300.357
300.377
300.398
300.419
300.441
300.463
300.486
300.51
300.534
300.559
300.585
300.611
300.638
300.666
300.694
300.723
300.752
300.782
300.813
300.844
300.876
300.908
300.941
300.974
301.008
301.042
301.076
301.111
301.146
301.182
301.218
301.253
301.289
301.325
301.362
301.398
301.434
301.47
301.505
301.541
301.576
301.611
301.645
301.679
301.713
301.746
301.778
301.81
300.002
300.007
300.012
300.017
300.022
300.027
300.033
300.039
300.046
300.052
300.06
300.067
300.075
300.083
300.092
300.101
300.111
300.121
300.131
300.142
300.154
300.166
300.178
300.191
300.205
300.219
300.234
300.249
300.265
300.282
300.299
300.316
300.335
300.354
300.373
300.393
300.414
300.436
300.458
300.48
300.504
300.528
300.552
300.577
300.603
300.629
300.656
300.684
300.712
300.74
300.77
300.799
300.829
300.86
300.891
300.923
300.954
300.987
301.019
301.052
301.086
301.119
301.153
301.187
301.22
301.254
301.288
301.322
301.356
301.39
301.424
301.457
301.49
301.523
301.556
301.588
301.62
301.651
301.682
301.712
301.742
300.002
300.007
300.011
300.016
300.022
300.027
300.033
300.039
300.045
300.052
300.059
300.066
300.074
300.082
300.091
300.1
300.11
300.12
300.13
300.141
300.152
300.164
300.177
300.19
300.203
300.217
300.232
300.247
300.262
300.279
300.296
300.313
300.331
300.35
300.369
300.389
300.409
300.43
300.452
300.474
300.497
300.52
300.544
300.568
300.594
300.619
300.645
300.672
300.699
300.727
300.755
300.784
300.813
300.842
300.872
300.902
300.933
300.964
300.995
301.026
301.058
301.089
301.121
301.153
301.185
301.217
301.249
301.281
301.313
301.345
301.376
301.407
301.438
301.469
301.499
301.529
301.559
301.588
301.617
301.645
301.673
300.002
300.007
300.011
300.016
300.021
300.027
300.033
300.039
300.045
300.052
300.059
300.066
300.074
300.082
300.09
300.099
300.109
300.118
300.129
300.139
300.151
300.162
300.175
300.187
300.201
300.215
300.229
300.244
300.259
300.275
300.292
300.309
300.327
300.345
300.364
300.383
300.403
300.424
300.445
300.466
300.489
300.511
300.535
300.559
300.583
300.608
300.633
300.659
300.685
300.712
300.739
300.766
300.794
300.822
300.851
300.88
300.909
300.938
300.968
300.998
301.027
301.057
301.088
301.118
301.148
301.178
301.208
301.238
301.268
301.297
301.327
301.356
301.385
301.413
301.441
301.469
301.497
301.524
301.551
301.577
301.603
300.002
300.007
300.011
300.016
300.021
300.027
300.032
300.038
300.044
300.051
300.058
300.065
300.073
300.081
300.089
300.098
300.107
300.117
300.127
300.138
300.149
300.16
300.173
300.185
300.198
300.212
300.226
300.241
300.256
300.271
300.288
300.304
300.322
300.34
300.358
300.377
300.396
300.416
300.437
300.458
300.48
300.502
300.524
300.547
300.571
300.595
300.619
300.644
300.669
300.695
300.721
300.747
300.774
300.801
300.828
300.855
300.883
300.911
300.939
300.967
300.995
301.023
301.052
301.08
301.108
301.137
301.165
301.193
301.22
301.248
301.275
301.303
301.329
301.356
301.382
301.408
301.434
301.459
301.484
301.509
301.533
300.002
300.007
300.011
300.016
300.021
300.026
300.032
300.038
300.044
300.05
300.057
300.064
300.072
300.08
300.088
300.097
300.106
300.116
300.126
300.136
300.147
300.158
300.17
300.182
300.195
300.209
300.222
300.237
300.252
300.267
300.283
300.299
300.316
300.334
300.351
300.37
300.389
300.408
300.428
300.449
300.469
300.491
300.513
300.535
300.557
300.58
300.604
300.628
300.652
300.676
300.701
300.726
300.752
300.777
300.803
300.829
300.855
300.881
300.908
300.934
300.961
300.987
301.014
301.041
301.067
301.093
301.12
301.146
301.172
301.197
301.223
301.248
301.273
301.298
301.322
301.346
301.37
301.394
301.417
301.44
301.462
300.002
300.006
300.011
300.016
300.021
300.026
300.031
300.037
300.043
300.05
300.056
300.063
300.071
300.079
300.087
300.095
300.104
300.114
300.124
300.134
300.145
300.156
300.167
300.179
300.192
300.205
300.218
300.232
300.247
300.262
300.277
300.293
300.31
300.327
300.344
300.362
300.38
300.399
300.418
300.438
300.458
300.479
300.5
300.521
300.543
300.565
300.587
300.61
300.633
300.656
300.68
300.704
300.728
300.752
300.776
300.801
300.825
300.85
300.875
300.9
300.925
300.95
300.974
300.999
301.024
301.049
301.073
301.097
301.121
301.145
301.169
301.192
301.216
301.239
301.261
301.284
301.306
301.327
301.349
301.37
301.391
300.002
300.006
300.011
300.016
300.02
300.026
300.031
300.037
300.043
300.049
300.056
300.062
300.07
300.077
300.085
300.094
300.103
300.112
300.121
300.131
300.142
300.153
300.164
300.176
300.188
300.201
300.214
300.228
300.242
300.256
300.271
300.287
300.303
300.319
300.336
300.353
300.371
300.389
300.407
300.426
300.446
300.465
300.485
300.506
300.526
300.547
300.569
300.59
300.612
300.634
300.657
300.679
300.702
300.725
300.748
300.771
300.794
300.817
300.84
300.864
300.887
300.91
300.933
300.956
300.979
301.002
301.025
301.047
301.07
301.092
301.114
301.136
301.157
301.178
301.199
301.22
301.241
301.261
301.281
301.3
301.319
300.002
300.006
300.011
300.015
300.02
300.025
300.03
300.036
300.042
300.048
300.054
300.061
300.068
300.076
300.084
300.092
300.101
300.11
300.119
300.129
300.139
300.149
300.161
300.172
300.184
300.196
300.209
300.222
300.236
300.25
300.264
300.279
300.295
300.31
300.327
300.343
300.36
300.378
300.395
300.413
300.432
300.451
300.47
300.489
300.509
300.529
300.549
300.57
300.59
300.611
300.632
300.653
300.675
300.696
300.718
300.739
300.761
300.783
300.804
300.826
300.848
300.869
300.891
300.912
300.933
300.955
300.976
300.997
301.017
301.038
301.058
301.078
301.098
301.118
301.137
301.156
301.175
301.194
301.212
301.23
301.248
300.002
300.006
300.01
300.015
300.02
300.025
300.03
300.035
300.041
300.047
300.053
300.06
300.067
300.074
300.082
300.09
300.098
300.107
300.116
300.126
300.136
300.146
300.157
300.168
300.179
300.191
300.203
300.216
300.229
300.243
300.257
300.271
300.286
300.301
300.317
300.332
300.349
300.365
300.382
300.399
300.417
300.435
300.453
300.471
300.49
300.509
300.528
300.547
300.567
300.586
300.606
300.626
300.646
300.666
300.686
300.706
300.726
300.746
300.767
300.787
300.807
300.827
300.847
300.867
300.886
300.906
300.925
300.945
300.964
300.983
301.001
301.02
301.038
301.056
301.074
301.092
301.109
301.126
301.143
301.16
301.176
300.002
300.006
300.01
300.015
300.019
300.024
300.029
300.034
300.04
300.046
300.052
300.058
300.065
300.072
300.08
300.088
300.096
300.104
300.113
300.122
300.132
300.142
300.152
300.163
300.174
300.185
300.197
300.209
300.222
300.235
300.248
300.262
300.276
300.291
300.306
300.321
300.336
300.352
300.368
300.384
300.401
300.418
300.435
300.452
300.47
300.487
300.505
300.523
300.542
300.56
300.578
300.597
300.616
300.634
300.653
300.672
300.69
300.709
300.728
300.746
300.765
300.783
300.802
300.82
300.838
300.856
300.874
300.892
300.91
300.927
300.944
300.961
300.978
300.995
301.011
301.027
301.043
301.059
301.075
301.09
301.105
300.002
300.006
300.01
300.014
300.019
300.023
300.028
300.033
300.039
300.045
300.051
300.057
300.063
300.07
300.077
300.085
300.093
300.101
300.11
300.118
300.128
300.137
300.147
300.157
300.168
300.179
300.19
300.202
300.214
300.227
300.239
300.252
300.266
300.28
300.294
300.308
300.323
300.337
300.353
300.368
300.384
300.399
300.415
300.432
300.448
300.465
300.481
300.498
300.515
300.532
300.55
300.567
300.584
300.601
300.619
300.636
300.653
300.671
300.688
300.705
300.722
300.739
300.756
300.773
300.79
300.806
300.823
300.839
300.855
300.871
300.887
300.902
300.918
300.933
300.948
300.963
300.978
300.992
301.006
301.021
301.034
300.002
300.006
300.01
300.014
300.018
300.023
300.027
300.032
300.038
300.043
300.049
300.055
300.061
300.068
300.075
300.082
300.09
300.098
300.106
300.114
300.123
300.132
300.142
300.152
300.162
300.172
300.183
300.194
300.206
300.218
300.23
300.242
300.255
300.268
300.281
300.294
300.308
300.322
300.336
300.351
300.365
300.38
300.395
300.41
300.426
300.441
300.457
300.472
300.488
300.504
300.52
300.536
300.552
300.568
300.584
300.599
300.615
300.631
300.647
300.663
300.679
300.694
300.71
300.725
300.74
300.756
300.771
300.786
300.8
300.815
300.829
300.844
300.858
300.872
300.885
300.899
300.912
300.926
300.939
300.952
300.964
300.002
300.005
300.009
300.013
300.018
300.022
300.027
300.031
300.036
300.042
300.047
300.053
300.059
300.066
300.072
300.079
300.086
300.094
300.102
300.11
300.118
300.127
300.136
300.145
300.155
300.165
300.175
300.186
300.197
300.208
300.219
300.231
300.243
300.255
300.267
300.28
300.293
300.306
300.319
300.333
300.346
300.36
300.374
300.388
300.402
300.417
300.431
300.445
300.46
300.474
300.489
300.504
300.518
300.533
300.548
300.562
300.577
300.591
300.606
300.62
300.635
300.649
300.663
300.677
300.691
300.705
300.719
300.732
300.746
300.759
300.772
300.785
300.798
300.811
300.823
300.836
300.848
300.86
300.872
300.883
300.895
300.002
300.005
300.009
300.013
300.017
300.021
300.025
300.03
300.035
300.04
300.045
300.051
300.057
300.063
300.069
300.076
300.083
300.09
300.097
300.105
300.113
300.121
300.13
300.139
300.148
300.157
300.167
300.177
300.187
300.197
300.208
300.219
300.23
300.242
300.253
300.265
300.277
300.289
300.301
300.314
300.326
300.339
300.352
300.365
300.378
300.391
300.405
300.418
300.431
300.445
300.458
300.471
300.485
300.498
300.512
300.525
300.538
300.551
300.565
300.578
300.591
300.604
300.617
300.629
300.642
300.655
300.667
300.68
300.692
300.704
300.716
300.728
300.739
300.751
300.762
300.773
300.784
300.795
300.806
300.817
300.827
300.002
300.005
300.009
300.012
300.016
300.02
300.024
300.029
300.033
300.038
300.043
300.049
300.054
300.06
300.066
300.072
300.079
300.086
300.093
300.1
300.107
300.115
300.123
300.132
300.14
300.149
300.158
300.167
300.177
300.187
300.197
300.207
300.217
300.228
300.238
300.249
300.26
300.272
300.283
300.294
300.306
300.318
300.33
300.342
300.354
300.366
300.378
300.39
300.402
300.414
300.427
300.439
300.451
300.463
300.475
300.487
300.5
300.512
300.524
300.535
300.547
300.559
300.571
300.582
300.594
300.605
300.616
300.628
300.639
300.649
300.66
300.671
300.681
300.692
300.702
300.712
300.722
300.732
300.742
300.751
300.761
300.002
300.005
300.008
300.012
300.015
300.019
300.023
300.027
300.032
300.036
300.041
300.046
300.052
300.057
300.063
300.069
300.075
300.081
300.088
300.095
300.102
300.109
300.117
300.124
300.132
300.141
300.149
300.158
300.166
300.175
300.185
300.194
300.204
300.213
300.223
300.233
300.244
300.254
300.264
300.275
300.286
300.296
300.307
300.318
300.329
300.34
300.351
300.362
300.373
300.384
300.395
300.406
300.417
300.428
300.439
300.45
300.461
300.472
300.483
300.494
300.504
300.515
300.526
300.536
300.546
300.557
300.567
300.577
300.587
300.597
300.606
300.616
300.625
300.635
300.644
300.653
300.662
300.671
300.68
300.688
300.697
300.001
300.005
300.008
300.011
300.015
300.018
300.022
300.026
300.03
300.035
300.039
300.044
300.049
300.054
300.059
300.065
300.071
300.077
300.083
300.089
300.096
300.103
300.11
300.117
300.124
300.132
300.14
300.148
300.156
300.164
300.173
300.181
300.19
300.199
300.208
300.217
300.227
300.236
300.246
300.255
300.265
300.275
300.285
300.295
300.305
300.314
300.324
300.335
300.345
300.355
300.365
300.375
300.385
300.395
300.404
300.414
300.424
300.434
300.444
300.453
300.463
300.472
300.482
300.491
300.501
300.51
300.519
300.528
300.537
300.546
300.554
300.563
300.571
300.58
300.588
300.596
300.604
300.612
300.62
300.628
300.635
300.001
300.004
300.007
300.01
300.014
300.017
300.021
300.025
300.028
300.033
300.037
300.041
300.046
300.051
300.056
300.061
300.066
300.072
300.078
300.084
300.09
300.096
300.103
300.109
300.116
300.123
300.13
300.138
300.145
300.153
300.161
300.169
300.177
300.185
300.193
300.202
300.21
300.219
300.228
300.236
300.245
300.254
300.263
300.272
300.281
300.29
300.299
300.308
300.317
300.326
300.335
300.344
300.353
300.362
300.371
300.38
300.389
300.397
300.406
300.415
300.423
300.432
300.44
300.449
300.457
300.465
300.473
300.481
300.489
300.497
300.505
300.513
300.52
300.528
300.535
300.543
300.55
300.557
300.564
300.571
300.578
300.001
300.004
300.007
300.01
300.013
300.016
300.02
300.023
300.027
300.031
300.035
300.039
300.043
300.048
300.052
300.057
300.062
300.067
300.073
300.078
300.084
300.09
300.096
300.102
300.108
300.115
300.121
300.128
300.135
300.142
300.149
300.157
300.164
300.171
300.179
300.187
300.194
300.202
300.21
300.218
300.226
300.234
300.242
300.25
300.258
300.266
300.274
300.283
300.291
300.299
300.307
300.315
300.323
300.331
300.339
300.347
300.355
300.363
300.371
300.378
300.386
300.394
300.401
300.409
300.416
300.424
300.431
300.438
300.445
300.452
300.459
300.466
300.473
300.479
300.486
300.493
300.499
300.505
300.512
300.518
300.524
300.001
300.004
300.007
300.009
300.012
300.015
300.018
300.022
300.025
300.029
300.033
300.036
300.04
300.045
300.049
300.054
300.058
300.063
300.068
300.073
300.078
300.084
300.089
300.095
300.101
300.107
300.113
300.119
300.125
300.132
300.138
300.145
300.152
300.159
300.166
300.172
300.18
300.187
300.194
300.201
300.208
300.215
300.223
300.23
300.237
300.245
300.252
300.259
300.267
300.274
300.281
300.289
300.296
300.303
300.31
300.317
300.324
300.331
300.338
300.345
300.352
300.359
300.366
300.373
300.379
300.386
300.392
300.399
300.405
300.411
300.418
300.424
300.43
300.436
300.442
300.447
300.453
300.459
300.464
300.47
300.475
300.001
300.004
300.006
300.009
300.012
300.014
300.017
300.02
300.024
300.027
300.031
300.034
300.038
300.042
300.046
300.05
300.055
300.059
300.064
300.068
300.073
300.078
300.084
300.089
300.094
300.1
300.105
300.111
300.117
300.123
300.129
300.135
300.141
300.147
300.154
300.16
300.166
300.173
300.179
300.186
300.192
300.199
300.206
300.212
300.219
300.225
300.232
300.239
300.245
300.252
300.259
300.265
300.272
300.278
300.285
300.291
300.298
300.304
300.31
300.316
300.323
300.329
300.335
300.341
300.347
300.353
300.359
300.364
300.37
300.376
300.381
300.387
300.392
300.398
300.403
300.408
300.413
300.418
300.423
300.428
300.433
300.001
300.003
300.006
300.008
300.011
300.014
300.016
300.019
300.022
300.026
300.029
300.032
300.036
300.04
300.044
300.047
300.052
300.056
300.06
300.065
300.069
300.074
300.079
300.084
300.089
300.094
300.099
300.104
300.11
300.115
300.121
300.126
300.132
300.138
300.143
300.149
300.155
300.161
300.167
300.173
300.179
300.185
300.191
300.197
300.204
300.21
300.216
300.222
300.228
300.234
300.24
300.246
300.252
300.258
300.264
300.27
300.275
300.281
300.287
300.293
300.298
300.304
300.309
300.315
300.32
300.326
300.331
300.336
300.341
300.347
300.352
300.357
300.362
300.366
300.371
300.376
300.381
300.385
300.39
300.394
300.399
300.001
300.003
300.006
300.008
300.01
300.013
300.016
300.019
300.022
300.025
300.028
300.031
300.034
300.038
300.042
300.045
300.049
300.053
300.057
300.062
300.066
300.07
300.075
300.08
300.084
300.089
300.094
300.099
300.104
300.109
300.115
300.12
300.125
300.131
300.136
300.142
300.147
300.153
300.158
300.164
300.17
300.175
300.181
300.187
300.192
300.198
300.204
300.209
300.215
300.22
300.226
300.232
300.237
300.243
300.248
300.254
300.259
300.264
300.27
300.275
300.28
300.286
300.291
300.296
300.301
300.306
300.311
300.316
300.32
300.325
300.33
300.335
300.339
300.344
300.348
300.352
300.357
300.361
300.365
300.369
300.374
300.001
300.003
300.005
300.008
300.01
300.013
300.015
300.018
300.021
300.024
300.027
300.03
300.034
300.037
300.041
300.044
300.048
300.052
300.056
300.06
300.064
300.068
300.073
300.077
300.082
300.087
300.091
300.096
300.101
300.106
300.111
300.116
300.121
300.127
300.132
300.137
300.143
300.148
300.153
300.159
300.164
300.17
300.175
300.181
300.186
300.191
300.197
300.202
300.208
300.213
300.219
300.224
300.229
300.234
300.24
300.245
300.25
300.255
300.26
300.266
300.271
300.276
300.28
300.285
300.29
300.295
300.3
300.304
300.309
300.313
300.318
300.322
300.327
300.331
300.335
300.34
300.344
300.348
300.352
300.356
300.36
302.978
303.107
303.184
303.255
303.318
303.369
303.404
303.443
303.482
303.519
303.55
303.584
303.618
303.651
303.684
303.717
303.747
303.774
303.803
303.832
303.86
303.888
303.917
303.945
303.973
304.001
304.027
304.054
304.08
304.106
304.132
304.157
304.182
304.207
304.231
304.255
304.279
304.303
304.326
304.349
304.372
304.393
304.417
304.442
304.465
304.488
304.509
304.532
304.555
304.577
304.599
304.618
304.64
304.661
304.683
304.705
304.727
304.748
304.77
304.79
304.807
304.825
304.845
304.864
304.884
304.903
304.922
304.942
304.96
304.978
304.997
305.014
305.031
305.048
305.065
305.082
305.098
305.114
305.129
305.146
305.165
305.181
305.196
305.211
305.224
305.237
305.252
305.268
305.282
305.295
305.307
305.32
305.334
305.346
305.359
305.373
305.386
305.397
305.409
305.42
305.43
305.441
305.45
305.46
305.47
305.481
305.491
305.498
305.506
305.513
305.521
305.529
305.538
305.546
305.552
305.557
305.563
305.57
305.575
305.58
305.583
305.587
305.591
305.594
305.597
305.598
305.6
305.6
305.601
305.6
305.599
305.596
305.593
305.589
305.584
305.577
305.57
305.561
305.551
305.54
305.527
305.513
305.497
305.48
305.46
305.439
305.415
305.388
305.359
305.324
305.283
305.241
305.199
305.151
305.097
305.037
304.97
304.857
304.754
304.622
304.449
302.878
302.991
303.078
303.153
303.218
303.273
303.318
303.361
303.403
303.441
303.477
303.513
303.548
303.583
303.617
303.649
303.681
303.71
303.74
303.77
303.799
303.828
303.857
303.886
303.914
303.942
303.97
303.997
304.024
304.05
304.076
304.102
304.127
304.152
304.177
304.201
304.226
304.25
304.273
304.297
304.32
304.343
304.366
304.39
304.414
304.437
304.459
304.482
304.505
304.527
304.549
304.57
304.591
304.613
304.635
304.656
304.678
304.7
304.721
304.741
304.76
304.779
304.798
304.818
304.837
304.857
304.876
304.895
304.914
304.932
304.951
304.968
304.986
305.003
305.02
305.037
305.053
305.07
305.085
305.102
305.12
305.137
305.152
305.167
305.181
305.194
305.209
305.224
305.239
305.252
305.264
305.277
305.291
305.304
305.317
305.331
305.343
305.354
305.366
305.378
305.388
305.399
305.408
305.418
305.429
305.439
305.449
305.457
305.465
305.473
305.481
305.489
305.497
305.505
305.511
305.517
305.523
305.529
305.535
305.539
305.543
305.547
305.551
305.554
305.556
305.558
305.559
305.56
305.56
305.56
305.558
305.556
305.553
305.549
305.543
305.537
305.53
305.521
305.511
305.5
305.487
305.473
305.457
305.44
305.42
305.398
305.374
305.348
305.318
305.283
305.242
305.2
305.157
305.108
305.053
304.99
304.919
304.81
304.701
304.563
304.373
302.796
302.895
302.98
303.055
303.121
303.179
303.23
303.276
303.32
303.362
303.4
303.438
303.475
303.511
303.545
303.579
303.612
303.643
303.674
303.704
303.734
303.764
303.794
303.823
303.852
303.88
303.908
303.936
303.963
303.99
304.016
304.043
304.069
304.094
304.119
304.144
304.169
304.193
304.217
304.241
304.265
304.288
304.312
304.336
304.36
304.383
304.406
304.429
304.451
304.474
304.496
304.518
304.539
304.561
304.583
304.605
304.627
304.648
304.669
304.69
304.709
304.729
304.748
304.768
304.788
304.807
304.827
304.846
304.865
304.883
304.902
304.92
304.937
304.955
304.972
304.989
305.006
305.022
305.038
305.055
305.072
305.089
305.105
305.12
305.134
305.148
305.163
305.178
305.192
305.206
305.219
305.232
305.246
305.259
305.272
305.285
305.298
305.309
305.321
305.333
305.343
305.354
305.364
305.374
305.385
305.395
305.404
305.413
305.421
305.429
305.437
305.445
305.453
305.461
305.468
305.474
305.48
305.486
305.491
305.496
305.5
305.504
305.508
305.511
305.513
305.515
305.517
305.517
305.518
305.517
305.516
305.513
305.51
305.506
305.501
305.495
305.487
305.478
305.469
305.457
305.445
305.43
305.415
305.397
305.377
305.355
305.331
305.304
305.274
305.239
305.199
305.157
305.112
305.062
305.006
304.941
304.866
304.759
304.646
304.502
304.301
302.722
302.809
302.889
302.962
303.028
303.087
303.14
303.19
303.236
303.279
303.32
303.36
303.398
303.435
303.471
303.505
303.539
303.572
303.604
303.635
303.666
303.697
303.727
303.757
303.786
303.815
303.843
303.871
303.899
303.927
303.953
303.98
304.006
304.032
304.058
304.083
304.108
304.133
304.158
304.182
304.206
304.23
304.254
304.278
304.302
304.326
304.349
304.372
304.395
304.418
304.44
304.462
304.484
304.506
304.528
304.55
304.572
304.594
304.615
304.635
304.655
304.675
304.695
304.715
304.735
304.754
304.774
304.793
304.812
304.831
304.85
304.868
304.886
304.903
304.921
304.938
304.955
304.971
304.988
305.005
305.022
305.038
305.054
305.069
305.084
305.099
305.113
305.128
305.143
305.156
305.17
305.183
305.197
305.21
305.223
305.237
305.249
305.261
305.273
305.285
305.296
305.306
305.317
305.327
305.337
305.348
305.357
305.366
305.374
305.382
305.391
305.399
305.407
305.414
305.421
305.428
305.434
305.44
305.445
305.45
305.454
305.458
305.462
305.465
305.468
305.47
305.471
305.472
305.472
305.471
305.47
305.468
305.465
305.46
305.455
305.449
305.442
305.433
305.423
305.412
305.399
305.385
305.369
305.351
305.332
305.31
305.285
305.258
305.228
305.193
305.153
305.11
305.065
305.014
304.956
304.89
304.811
304.706
304.588
304.44
304.232
302.652
302.73
302.804
302.874
302.938
302.997
303.051
303.102
303.15
303.195
303.237
303.278
303.318
303.356
303.393
303.428
303.463
303.497
303.53
303.562
303.594
303.625
303.656
303.686
303.716
303.746
303.775
303.803
303.832
303.859
303.887
303.914
303.941
303.967
303.993
304.019
304.044
304.07
304.095
304.119
304.144
304.168
304.192
304.217
304.241
304.265
304.288
304.311
304.335
304.358
304.38
304.403
304.425
304.447
304.47
304.492
304.514
304.535
304.557
304.577
304.598
304.618
304.638
304.658
304.678
304.698
304.718
304.737
304.757
304.775
304.794
304.812
304.831
304.848
304.866
304.883
304.9
304.917
304.934
304.951
304.968
304.985
305.001
305.016
305.031
305.046
305.061
305.076
305.09
305.104
305.118
305.132
305.145
305.159
305.172
305.185
305.198
305.21
305.222
305.234
305.245
305.256
305.266
305.277
305.287
305.297
305.307
305.316
305.325
305.333
305.341
305.349
305.357
305.365
305.372
305.378
305.384
305.39
305.396
305.401
305.405
305.409
305.413
305.416
305.419
305.421
305.422
305.423
305.423
305.423
305.421
305.419
305.416
305.412
305.407
305.401
305.393
305.385
305.375
305.364
305.351
305.337
305.321
305.303
305.283
305.261
305.237
305.209
305.179
305.144
305.104
305.061
305.014
304.962
304.903
304.835
304.754
304.649
304.528
304.376
304.167
302.584
302.655
302.724
302.789
302.85
302.908
302.963
303.014
303.062
303.108
303.152
303.194
303.235
303.274
303.312
303.348
303.384
303.419
303.452
303.486
303.518
303.55
303.581
303.612
303.643
303.673
303.702
303.731
303.76
303.788
303.816
303.844
303.871
303.898
303.924
303.951
303.977
304.002
304.028
304.053
304.078
304.102
304.127
304.152
304.176
304.2
304.224
304.247
304.271
304.294
304.317
304.34
304.362
304.385
304.407
304.43
304.452
304.474
304.495
304.516
304.537
304.557
304.578
304.598
304.618
304.638
304.658
304.678
304.697
304.716
304.735
304.754
304.772
304.79
304.808
304.825
304.843
304.86
304.877
304.894
304.911
304.927
304.944
304.959
304.975
304.99
305.005
305.02
305.034
305.049
305.062
305.076
305.09
305.104
305.117
305.13
305.143
305.155
305.168
305.179
305.191
305.202
305.212
305.223
305.234
305.244
305.253
305.263
305.271
305.28
305.288
305.297
305.305
305.312
305.319
305.326
305.332
305.338
305.344
305.349
305.353
305.357
305.361
305.364
305.367
305.369
305.37
305.371
305.372
305.371
305.37
305.368
305.365
305.36
305.355
305.349
305.342
305.334
305.324
305.313
305.3
305.286
305.27
305.252
305.232
305.21
305.185
305.158
305.126
305.091
305.052
305.008
304.961
304.908
304.848
304.778
304.695
304.59
304.467
304.312
304.104
302.517
302.582
302.646
302.707
302.766
302.822
302.875
302.926
302.975
303.021
303.066
303.108
303.149
303.189
303.228
303.265
303.302
303.337
303.372
303.406
303.439
303.471
303.503
303.535
303.566
303.596
303.626
303.656
303.685
303.714
303.742
303.77
303.798
303.825
303.852
303.879
303.905
303.931
303.957
303.982
304.008
304.033
304.058
304.082
304.107
304.131
304.156
304.179
304.203
304.227
304.25
304.273
304.296
304.319
304.341
304.364
304.386
304.408
304.43
304.451
304.472
304.493
304.514
304.534
304.555
304.575
304.595
304.615
304.634
304.654
304.673
304.691
304.71
304.728
304.746
304.764
304.781
304.799
304.816
304.833
304.85
304.867
304.883
304.899
304.915
304.93
304.945
304.96
304.975
304.989
305.004
305.018
305.031
305.045
305.059
305.072
305.085
305.097
305.11
305.121
305.133
305.144
305.155
305.166
305.176
305.187
305.197
305.206
305.215
305.224
305.232
305.24
305.248
305.256
305.263
305.27
305.276
305.282
305.288
305.293
305.298
305.302
305.306
305.309
305.312
305.314
305.315
305.316
305.317
305.316
305.315
305.313
305.31
305.306
305.301
305.295
305.287
305.279
305.269
305.258
305.245
305.231
305.215
305.197
305.177
305.155
305.13
305.103
305.071
305.036
304.996
304.953
304.905
304.851
304.789
304.718
304.633
304.528
304.403
304.247
304.042
302.451
302.511
302.57
302.627
302.683
302.737
302.789
302.839
302.887
302.933
302.978
303.021
303.062
303.102
303.141
303.179
303.216
303.252
303.288
303.322
303.356
303.389
303.421
303.453
303.485
303.516
303.546
303.576
303.606
303.635
303.664
303.692
303.72
303.748
303.776
303.803
303.829
303.856
303.882
303.908
303.934
303.959
303.984
304.009
304.034
304.059
304.083
304.108
304.132
304.155
304.179
304.202
304.226
304.249
304.271
304.294
304.316
304.339
304.361
304.382
304.404
304.425
304.446
304.466
304.487
304.507
304.528
304.548
304.567
304.587
304.606
304.625
304.644
304.662
304.68
304.698
304.716
304.734
304.751
304.769
304.786
304.802
304.819
304.835
304.851
304.866
304.882
304.897
304.912
304.926
304.941
304.955
304.969
304.983
304.996
305.01
305.023
305.036
305.048
305.06
305.072
305.083
305.094
305.105
305.116
305.126
305.136
305.146
305.155
305.164
305.172
305.181
305.189
305.196
305.204
305.211
305.217
305.223
305.229
305.234
305.239
305.243
305.247
305.25
305.253
305.255
305.257
305.258
305.258
305.258
305.256
305.254
305.251
305.247
305.242
305.236
305.229
305.221
305.211
305.2
305.188
305.173
305.157
305.14
305.12
305.097
305.072
305.044
305.013
304.977
304.938
304.894
304.845
304.79
304.728
304.655
304.569
304.463
304.338
304.182
303.982
302.385
302.44
302.495
302.549
302.602
302.654
302.704
302.752
302.799
302.845
302.889
302.932
302.973
303.014
303.053
303.091
303.129
303.165
303.201
303.236
303.27
303.303
303.336
303.369
303.401
303.432
303.463
303.493
303.523
303.553
303.582
303.611
303.639
303.667
303.695
303.723
303.75
303.777
303.803
303.829
303.855
303.881
303.907
303.932
303.957
303.982
304.007
304.032
304.056
304.08
304.104
304.127
304.151
304.174
304.197
304.22
304.243
304.265
304.287
304.309
304.331
304.352
304.374
304.395
304.415
304.436
304.456
304.477
304.496
304.516
304.536
304.555
304.574
304.592
304.611
304.629
304.647
304.665
304.682
304.7
304.717
304.734
304.751
304.767
304.783
304.799
304.814
304.83
304.845
304.86
304.874
304.889
304.903
304.917
304.93
304.944
304.957
304.97
304.982
304.995
305.007
305.018
305.029
305.041
305.051
305.062
305.072
305.082
305.091
305.1
305.109
305.117
305.125
305.133
305.14
305.147
305.154
305.16
305.166
305.171
305.176
305.18
305.184
305.188
305.191
305.193
305.194
305.195
305.196
305.195
305.194
305.192
305.189
305.186
305.181
305.175
305.168
305.159
305.15
305.139
305.126
305.112
305.096
305.078
305.058
305.036
305.011
304.983
304.951
304.916
304.876
304.832
304.782
304.727
304.663
304.589
304.502
304.397
304.27
304.116
303.923
302.319
302.37
302.421
302.472
302.522
302.571
302.619
302.666
302.712
302.756
302.8
302.842
302.883
302.923
302.963
303.001
303.039
303.075
303.111
303.146
303.181
303.215
303.248
303.281
303.313
303.344
303.376
303.407
303.437
303.467
303.496
303.526
303.554
303.583
303.611
303.639
303.666
303.693
303.72
303.747
303.773
303.799
303.825
303.851
303.876
303.902
303.927
303.952
303.976
304
304.025
304.048
304.072
304.096
304.119
304.142
304.165
304.188
304.21
304.232
304.254
304.276
304.297
304.318
304.339
304.36
304.381
304.401
304.421
304.441
304.461
304.48
304.499
304.518
304.537
304.555
304.574
304.592
304.609
304.627
304.644
304.661
304.678
304.695
304.711
304.727
304.743
304.758
304.774
304.789
304.803
304.818
304.832
304.846
304.86
304.874
304.887
304.9
304.913
304.925
304.937
304.949
304.961
304.972
304.983
304.993
305.004
305.013
305.023
305.032
305.041
305.05
305.058
305.066
305.073
305.08
305.087
305.093
305.099
305.105
305.109
305.114
305.118
305.121
305.124
305.127
305.128
305.129
305.13
305.129
305.128
305.126
305.124
305.12
305.115
305.109
305.102
305.094
305.084
305.073
305.061
305.047
305.031
305.013
304.993
304.971
304.945
304.917
304.886
304.85
304.81
304.766
304.716
304.66
304.595
304.521
304.432
304.327
304.202
304.05
303.865
302.252
302.3
302.348
302.396
302.443
302.489
302.535
302.58
302.624
302.668
302.71
302.752
302.792
302.832
302.871
302.909
302.946
302.983
303.019
303.054
303.089
303.123
303.156
303.189
303.222
303.254
303.285
303.316
303.347
303.377
303.407
303.436
303.466
303.494
303.523
303.551
303.579
303.606
303.633
303.66
303.687
303.713
303.74
303.766
303.791
303.817
303.842
303.867
303.892
303.917
303.941
303.965
303.989
304.013
304.036
304.06
304.083
304.106
304.128
304.151
304.173
304.195
304.216
304.238
304.259
304.28
304.301
304.322
304.342
304.362
304.382
304.402
304.421
304.44
304.459
304.478
304.496
304.514
304.532
304.55
304.567
304.585
304.602
304.618
304.635
304.651
304.667
304.683
304.698
304.713
304.728
304.743
304.758
304.772
304.786
304.8
304.813
304.826
304.839
304.852
304.864
304.876
304.888
304.899
304.91
304.921
304.931
304.941
304.951
304.96
304.969
304.978
304.986
304.994
305.002
305.009
305.016
305.022
305.028
305.034
305.039
305.043
305.047
305.051
305.054
305.056
305.058
305.059
305.06
305.059
305.058
305.057
305.054
305.05
305.045
305.04
305.033
305.024
305.015
305.004
304.992
304.978
304.962
304.944
304.924
304.901
304.876
304.848
304.816
304.781
304.741
304.696
304.646
304.589
304.524
304.449
304.361
304.256
304.132
303.983
303.806
302.185
302.23
302.275
302.319
302.364
302.408
302.452
302.495
302.537
302.579
302.62
302.661
302.7
302.74
302.778
302.816
302.853
302.889
302.925
302.96
302.995
303.029
303.062
303.095
303.128
303.16
303.191
303.223
303.254
303.284
303.314
303.344
303.373
303.402
303.431
303.459
303.487
303.515
303.542
303.57
303.597
303.623
303.65
303.676
303.702
303.728
303.753
303.779
303.804
303.828
303.853
303.878
303.902
303.926
303.949
303.973
303.996
304.019
304.042
304.065
304.087
304.109
304.131
304.153
304.175
304.196
304.217
304.238
304.258
304.278
304.298
304.318
304.338
304.357
304.376
304.395
304.414
304.432
304.45
304.468
304.486
304.503
304.52
304.537
304.554
304.57
304.587
304.602
304.618
304.634
304.649
304.664
304.678
304.693
304.707
304.721
304.735
304.748
304.761
304.774
304.786
304.798
304.81
304.822
304.833
304.844
304.854
304.864
304.874
304.884
304.893
304.902
304.91
304.918
304.926
304.933
304.94
304.947
304.953
304.958
304.964
304.968
304.972
304.976
304.979
304.982
304.983
304.985
304.985
304.985
304.984
304.982
304.98
304.976
304.971
304.966
304.959
304.951
304.941
304.931
304.918
304.904
304.889
304.871
304.851
304.828
304.803
304.775
304.743
304.708
304.668
304.623
304.572
304.515
304.45
304.374
304.286
304.182
304.06
303.916
303.747
302.118
302.16
302.201
302.243
302.285
302.327
302.368
302.409
302.45
302.49
302.53
302.569
302.608
302.646
302.684
302.721
302.757
302.793
302.829
302.864
302.898
302.932
302.965
302.998
303.031
303.063
303.095
303.126
303.157
303.187
303.218
303.248
303.277
303.306
303.335
303.364
303.392
303.42
303.448
303.475
303.502
303.529
303.556
303.582
303.608
303.634
303.66
303.686
303.711
303.736
303.761
303.786
303.81
303.834
303.858
303.882
303.905
303.929
303.952
303.975
303.997
304.02
304.042
304.064
304.085
304.107
304.128
304.149
304.17
304.19
304.21
304.23
304.25
304.27
304.289
304.308
304.327
304.345
304.364
304.382
304.4
304.417
304.435
304.452
304.469
304.485
304.502
304.518
304.533
304.549
304.564
304.58
304.594
304.609
304.623
304.638
304.651
304.665
304.678
304.691
304.704
304.716
304.728
304.74
304.751
304.762
304.773
304.783
304.793
304.803
304.812
304.821
304.83
304.838
304.846
304.853
304.86
304.867
304.873
304.879
304.884
304.889
304.893
304.897
304.9
304.902
304.904
304.906
304.906
304.906
304.905
304.904
304.901
304.898
304.893
304.888
304.881
304.873
304.864
304.853
304.841
304.827
304.811
304.793
304.773
304.751
304.726
304.698
304.666
304.63
304.59
304.546
304.495
304.438
304.372
304.297
304.209
304.107
303.987
303.848
303.687
302.05
302.089
302.128
302.167
302.207
302.246
302.285
302.325
302.363
302.402
302.44
302.478
302.515
302.552
302.589
302.625
302.661
302.696
302.731
302.766
302.8
302.833
302.866
302.899
302.932
302.964
302.995
303.026
303.057
303.088
303.118
303.148
303.178
303.207
303.236
303.264
303.293
303.321
303.349
303.376
303.404
303.431
303.458
303.484
303.511
303.537
303.563
303.589
303.614
303.639
303.664
303.689
303.714
303.738
303.762
303.786
303.81
303.833
303.857
303.88
303.902
303.925
303.947
303.97
303.991
304.013
304.034
304.056
304.077
304.097
304.118
304.138
304.158
304.178
304.197
304.216
304.235
304.254
304.272
304.291
304.309
304.327
304.344
304.361
304.378
304.395
304.412
304.428
304.444
304.46
304.475
304.491
304.506
304.521
304.535
304.549
304.563
304.577
304.59
304.604
304.616
304.629
304.641
304.653
304.664
304.676
304.687
304.697
304.707
304.717
304.727
304.736
304.744
304.753
304.761
304.768
304.775
304.782
304.788
304.794
304.8
304.804
304.809
304.813
304.816
304.819
304.821
304.822
304.823
304.823
304.822
304.82
304.818
304.815
304.81
304.805
304.798
304.79
304.781
304.771
304.758
304.745
304.729
304.711
304.692
304.669
304.644
304.616
304.585
304.549
304.509
304.464
304.414
304.356
304.291
304.216
304.129
304.029
303.912
303.778
303.626
301.981
302.018
302.054
302.091
302.128
302.166
302.203
302.24
302.277
302.313
302.35
302.386
302.422
302.458
302.494
302.529
302.564
302.598
302.632
302.666
302.7
302.733
302.765
302.798
302.83
302.862
302.893
302.924
302.955
302.985
303.015
303.045
303.075
303.104
303.133
303.162
303.19
303.219
303.246
303.274
303.302
303.329
303.356
303.382
303.409
303.435
303.461
303.487
303.513
303.538
303.563
303.588
303.613
303.638
303.662
303.686
303.71
303.734
303.757
303.78
303.803
303.826
303.848
303.871
303.893
303.915
303.936
303.958
303.979
303.999
304.02
304.04
304.061
304.081
304.1
304.12
304.139
304.158
304.176
304.195
304.213
304.231
304.249
304.266
304.283
304.3
304.317
304.333
304.35
304.366
304.381
304.397
304.412
304.427
304.442
304.456
304.47
304.484
304.498
304.511
304.524
304.537
304.549
304.561
304.573
304.584
304.595
304.606
304.616
304.626
304.636
304.645
304.654
304.663
304.671
304.678
304.686
304.693
304.699
304.705
304.71
304.715
304.72
304.724
304.727
304.73
304.732
304.734
304.734
304.734
304.734
304.732
304.73
304.727
304.722
304.717
304.711
304.703
304.694
304.683
304.671
304.658
304.642
304.625
304.605
304.583
304.558
304.53
304.499
304.463
304.424
304.379
304.328
304.271
304.206
304.132
304.047
303.948
303.836
303.707
303.563
301.912
301.946
301.98
302.015
302.05
302.085
302.12
302.155
302.19
302.225
302.26
302.295
302.329
302.364
302.398
302.432
302.466
302.499
302.532
302.565
302.598
302.631
302.663
302.695
302.726
302.758
302.789
302.819
302.85
302.88
302.91
302.94
302.969
302.998
303.027
303.056
303.084
303.113
303.14
303.168
303.196
303.223
303.25
303.277
303.303
303.33
303.356
303.382
303.407
303.433
303.458
303.483
303.508
303.533
303.557
303.581
303.606
303.629
303.653
303.676
303.699
303.722
303.745
303.767
303.789
303.811
303.833
303.855
303.876
303.897
303.918
303.938
303.959
303.979
303.998
304.018
304.037
304.056
304.075
304.094
304.112
304.13
304.148
304.166
304.183
304.2
304.217
304.234
304.25
304.266
304.282
304.298
304.313
304.328
304.343
304.358
304.372
304.386
304.4
304.414
304.427
304.44
304.452
304.464
304.476
304.488
304.499
304.51
304.52
304.53
304.54
304.55
304.559
304.567
304.576
304.583
304.591
304.598
304.604
304.61
304.616
304.621
304.626
304.63
304.633
304.636
304.638
304.64
304.641
304.641
304.64
304.639
304.637
304.634
304.63
304.624
304.618
304.611
304.602
304.591
304.58
304.566
304.551
304.533
304.514
304.492
304.467
304.439
304.408
304.373
304.333
304.289
304.239
304.182
304.118
304.045
303.961
303.866
303.757
303.634
303.498
301.842
301.874
301.906
301.939
301.971
302.004
302.037
302.07
302.103
302.137
302.17
302.203
302.236
302.269
302.302
302.335
302.367
302.4
302.432
302.464
302.496
302.527
302.559
302.59
302.621
302.652
302.682
302.713
302.743
302.773
302.802
302.832
302.861
302.89
302.919
302.947
302.975
303.003
303.031
303.059
303.086
303.113
303.14
303.167
303.194
303.22
303.246
303.272
303.298
303.324
303.349
303.374
303.399
303.424
303.448
303.473
303.497
303.52
303.544
303.568
303.591
303.614
303.637
303.659
303.681
303.704
303.725
303.747
303.768
303.79
303.81
303.831
303.852
303.872
303.892
303.911
303.931
303.95
303.969
303.988
304.006
304.024
304.042
304.06
304.078
304.095
304.112
304.129
304.145
304.162
304.178
304.194
304.209
304.224
304.24
304.254
304.269
304.283
304.297
304.311
304.324
304.337
304.35
304.362
304.374
304.386
304.397
304.408
304.419
304.429
304.439
304.449
304.458
304.467
304.475
304.483
304.491
304.498
304.504
304.511
304.516
304.521
304.526
304.53
304.534
304.537
304.539
304.541
304.542
304.542
304.542
304.541
304.539
304.536
304.532
304.526
304.52
304.513
304.504
304.494
304.483
304.469
304.454
304.437
304.418
304.396
304.371
304.344
304.313
304.278
304.239
304.195
304.145
304.089
304.026
303.954
303.873
303.78
303.676
303.559
303.43
301.771
301.801
301.831
301.862
301.893
301.923
301.954
301.986
302.017
302.048
302.08
302.111
302.143
302.174
302.206
302.237
302.268
302.299
302.331
302.362
302.392
302.423
302.454
302.484
302.514
302.545
302.574
302.604
302.634
302.663
302.692
302.721
302.75
302.779
302.807
302.835
302.863
302.891
302.919
302.946
302.974
303.001
303.027
303.054
303.081
303.107
303.133
303.159
303.185
303.21
303.236
303.261
303.286
303.31
303.335
303.359
303.383
303.407
303.431
303.454
303.478
303.501
303.524
303.546
303.569
303.591
303.613
303.634
303.656
303.677
303.698
303.719
303.739
303.76
303.78
303.8
303.819
303.839
303.858
303.876
303.895
303.913
303.932
303.949
303.967
303.985
304.002
304.019
304.035
304.052
304.068
304.084
304.1
304.115
304.13
304.145
304.16
304.174
304.188
304.202
304.216
304.229
304.242
304.254
304.267
304.279
304.29
304.301
304.312
304.323
304.333
304.342
304.352
304.361
304.369
304.377
304.385
304.392
304.399
304.405
304.411
304.416
304.421
304.425
304.429
304.432
304.435
304.437
304.438
304.438
304.438
304.437
304.435
304.432
304.428
304.423
304.417
304.41
304.401
304.392
304.38
304.367
304.352
304.335
304.316
304.295
304.27
304.243
304.213
304.178
304.14
304.096
304.048
303.993
303.93
303.86
303.781
303.692
303.592
303.481
303.36
301.7
301.728
301.756
301.785
301.814
301.843
301.872
301.901
301.93
301.96
301.99
302.02
302.049
302.079
302.109
302.139
302.169
302.199
302.229
302.259
302.289
302.318
302.348
302.377
302.407
302.436
302.465
302.494
302.523
302.552
302.58
302.609
302.637
302.665
302.693
302.721
302.749
302.776
302.804
302.831
302.858
302.885
302.911
302.938
302.964
302.99
303.016
303.042
303.068
303.093
303.118
303.143
303.168
303.193
303.217
303.242
303.266
303.29
303.313
303.337
303.36
303.383
303.406
303.429
303.451
303.473
303.495
303.517
303.539
303.56
303.581
303.602
303.623
303.643
303.663
303.683
303.703
303.722
303.741
303.76
303.779
303.797
303.815
303.833
303.851
303.869
303.886
303.903
303.92
303.937
303.953
303.969
303.985
304
304.016
304.031
304.046
304.06
304.074
304.088
304.102
304.115
304.129
304.141
304.154
304.166
304.177
304.189
304.2
304.21
304.221
304.23
304.24
304.249
304.258
304.266
304.274
304.281
304.288
304.294
304.3
304.306
304.311
304.315
304.319
304.322
304.325
304.327
304.328
304.328
304.328
304.327
304.325
304.323
304.319
304.314
304.309
304.302
304.293
304.284
304.272
304.259
304.245
304.228
304.209
304.188
304.164
304.138
304.107
304.074
304.036
303.993
303.945
303.891
303.831
303.763
303.686
303.601
303.506
303.401
303.286
301.629
301.655
301.681
301.708
301.734
301.762
301.789
301.816
301.844
301.872
301.9
301.928
301.956
301.985
302.013
302.042
302.07
302.099
302.127
302.156
302.184
302.213
302.241
302.27
302.298
302.327
302.355
302.383
302.411
302.439
302.467
302.495
302.523
302.55
302.578
302.605
302.632
302.659
302.686
302.713
302.739
302.766
302.792
302.818
302.845
302.87
302.896
302.922
302.947
302.972
302.997
303.022
303.047
303.072
303.096
303.12
303.144
303.168
303.192
303.215
303.238
303.261
303.284
303.307
303.329
303.351
303.373
303.395
303.417
303.438
303.459
303.48
303.501
303.521
303.541
303.561
303.581
303.6
303.619
303.638
303.657
303.676
303.694
303.712
303.73
303.748
303.765
303.782
303.799
303.816
303.832
303.848
303.864
303.88
303.896
303.911
303.926
303.94
303.955
303.969
303.983
303.996
304.009
304.022
304.035
304.047
304.059
304.07
304.082
304.092
304.103
304.113
304.122
304.131
304.14
304.149
304.156
304.164
304.171
304.178
304.184
304.189
304.194
304.199
304.203
304.206
304.209
304.211
304.212
304.213
304.213
304.212
304.21
304.208
304.204
304.2
304.194
304.187
304.179
304.17
304.159
304.146
304.132
304.116
304.097
304.076
304.053
304.027
303.997
303.964
303.927
303.885
303.838
303.786
303.727
303.661
303.588
303.506
303.416
303.317
303.21
301.557
301.581
301.605
301.63
301.655
301.681
301.706
301.732
301.758
301.784
301.81
301.837
301.863
301.89
301.917
301.944
301.971
301.998
302.026
302.053
302.08
302.107
302.135
302.162
302.189
302.217
302.244
302.271
302.298
302.326
302.353
302.38
302.407
302.433
302.46
302.487
302.513
302.54
302.566
302.593
302.619
302.645
302.671
302.696
302.722
302.748
302.773
302.798
302.823
302.848
302.873
302.898
302.922
302.947
302.971
302.995
303.019
303.043
303.066
303.089
303.112
303.135
303.158
303.181
303.203
303.225
303.247
303.269
303.29
303.311
303.332
303.353
303.374
303.394
303.414
303.434
303.454
303.474
303.493
303.512
303.531
303.549
303.567
303.586
303.603
303.621
303.639
303.656
303.673
303.69
303.706
303.722
303.738
303.754
303.77
303.785
303.8
303.815
303.83
303.844
303.858
303.871
303.885
303.898
303.91
303.923
303.935
303.946
303.958
303.968
303.979
303.989
303.999
304.008
304.017
304.025
304.034
304.041
304.048
304.055
304.061
304.067
304.072
304.077
304.081
304.084
304.087
304.089
304.091
304.092
304.092
304.091
304.09
304.087
304.084
304.079
304.074
304.067
304.06
304.05
304.04
304.028
304.014
303.998
303.98
303.959
303.936
303.911
303.882
303.849
303.813
303.772
303.727
303.676
303.619
303.556
303.486
303.408
303.323
303.229
303.129
301.484
301.507
301.53
301.553
301.576
301.6
301.624
301.648
301.672
301.696
301.721
301.746
301.771
301.796
301.821
301.847
301.873
301.898
301.924
301.95
301.976
302.002
302.028
302.054
302.08
302.106
302.133
302.159
302.185
302.211
302.237
302.263
302.289
302.315
302.341
302.367
302.393
302.419
302.445
302.47
302.496
302.522
302.547
302.572
302.597
302.622
302.647
302.672
302.697
302.722
302.746
302.77
302.795
302.819
302.843
302.866
302.89
302.913
302.937
302.96
302.983
303.005
303.028
303.05
303.072
303.094
303.116
303.138
303.159
303.18
303.201
303.222
303.243
303.263
303.283
303.303
303.322
303.342
303.361
303.38
303.399
303.417
303.436
303.454
303.472
303.489
303.507
303.524
303.541
303.558
303.575
303.591
303.607
303.623
303.639
303.654
303.669
303.684
303.699
303.713
303.727
303.741
303.754
303.767
303.78
303.792
303.805
303.816
303.828
303.839
303.849
303.86
303.869
303.879
303.888
303.896
303.905
303.912
303.92
303.926
303.933
303.938
303.944
303.948
303.953
303.956
303.959
303.962
303.963
303.964
303.965
303.964
303.963
303.96
303.957
303.953
303.948
303.942
303.934
303.925
303.915
303.903
303.889
303.874
303.856
303.836
303.814
303.789
303.761
303.729
303.694
303.655
303.611
303.562
303.508
303.447
303.38
303.307
303.226
303.138
303.044
301.411
301.432
301.454
301.475
301.497
301.519
301.541
301.563
301.586
301.609
301.632
301.655
301.679
301.702
301.726
301.75
301.774
301.799
301.823
301.847
301.872
301.897
301.921
301.946
301.971
301.996
302.021
302.046
302.071
302.096
302.121
302.147
302.172
302.197
302.222
302.247
302.272
302.297
302.322
302.347
302.372
302.397
302.421
302.446
302.471
302.495
302.52
302.544
302.568
302.592
302.616
302.64
302.664
302.688
302.711
302.734
302.758
302.781
302.804
302.827
302.849
302.872
302.894
302.916
302.938
302.96
302.981
303.003
303.024
303.045
303.066
303.086
303.107
303.127
303.147
303.167
303.186
303.205
303.225
303.243
303.262
303.281
303.299
303.317
303.335
303.353
303.37
303.387
303.404
303.421
303.438
303.454
303.47
303.486
303.502
303.517
303.532
303.547
303.562
303.576
303.591
303.604
303.618
303.631
303.644
303.657
303.669
303.681
303.692
303.703
303.714
303.724
303.734
303.744
303.753
303.762
303.77
303.778
303.785
303.792
303.798
303.804
303.809
303.814
303.819
303.822
303.825
303.828
303.83
303.831
303.831
303.831
303.83
303.828
303.825
303.821
303.816
303.81
303.803
303.794
303.784
303.773
303.759
303.744
303.727
303.708
303.686
303.662
303.635
303.604
303.57
303.532
303.49
303.443
303.391
303.334
303.27
303.201
303.125
303.043
302.955
301.339
301.358
301.378
301.398
301.418
301.438
301.459
301.48
301.501
301.522
301.544
301.565
301.587
301.609
301.632
301.654
301.677
301.699
301.722
301.745
301.769
301.792
301.815
301.839
301.862
301.886
301.91
301.934
301.958
301.982
302.006
302.03
302.054
302.078
302.102
302.126
302.15
302.174
302.198
302.222
302.246
302.27
302.294
302.318
302.342
302.366
302.39
302.414
302.437
302.461
302.484
302.507
302.531
302.554
302.577
302.6
302.623
302.645
302.668
302.69
302.713
302.735
302.757
302.778
302.8
302.821
302.843
302.864
302.885
302.906
302.926
302.946
302.967
302.987
303.006
303.026
303.045
303.065
303.083
303.102
303.121
303.139
303.157
303.175
303.193
303.211
303.228
303.245
303.262
303.279
303.296
303.312
303.328
303.344
303.36
303.375
303.39
303.405
303.42
303.435
303.449
303.463
303.476
303.489
303.502
303.515
303.527
303.539
303.551
303.562
303.573
303.583
303.593
303.603
303.612
303.621
303.629
303.637
303.644
303.651
303.658
303.664
303.669
303.674
303.679
303.683
303.686
303.688
303.69
303.692
303.692
303.692
303.691
303.689
303.687
303.683
303.678
303.673
303.666
303.657
303.648
303.637
303.624
303.609
303.593
303.574
303.553
303.53
303.504
303.474
303.442
303.405
303.365
303.32
303.271
303.216
303.156
303.091
303.02
302.944
302.862
301.266
301.284
301.302
301.32
301.339
301.358
301.377
301.396
301.416
301.436
301.456
301.476
301.496
301.517
301.538
301.559
301.58
301.601
301.623
301.644
301.666
301.688
301.71
301.732
301.754
301.777
301.799
301.822
301.844
301.867
301.89
301.913
301.936
301.959
301.982
302.005
302.028
302.051
302.074
302.097
302.12
302.144
302.167
302.19
302.213
302.236
302.259
302.282
302.305
302.328
302.35
302.373
302.396
302.418
302.441
302.463
302.485
302.507
302.529
302.551
302.573
302.595
302.616
302.638
302.659
302.68
302.701
302.722
302.742
302.763
302.783
302.803
302.823
302.842
302.862
302.881
302.9
302.919
302.938
302.957
302.975
302.993
303.011
303.029
303.047
303.064
303.082
303.099
303.116
303.132
303.149
303.165
303.181
303.197
303.213
303.228
303.243
303.258
303.273
303.287
303.301
303.315
303.329
303.342
303.355
303.368
303.38
303.392
303.404
303.415
303.426
303.436
303.446
303.456
303.465
303.474
303.483
303.491
303.498
303.505
303.512
303.518
303.523
303.528
303.533
303.537
303.54
303.543
303.545
303.547
303.547
303.547
303.547
303.545
303.543
303.539
303.535
303.529
303.523
303.515
303.506
303.495
303.483
303.469
303.453
303.435
303.415
303.392
303.367
303.339
303.308
303.273
303.235
303.193
303.146
303.095
303.038
302.977
302.911
302.84
302.764
301.193
301.209
301.226
301.243
301.26
301.278
301.296
301.314
301.332
301.35
301.369
301.387
301.406
301.425
301.445
301.464
301.484
301.504
301.524
301.544
301.564
301.585
301.605
301.626
301.647
301.668
301.689
301.71
301.732
301.753
301.775
301.797
301.818
301.84
301.862
301.884
301.906
301.928
301.95
301.972
301.994
302.016
302.038
302.061
302.083
302.105
302.127
302.149
302.171
302.193
302.215
302.237
302.259
302.281
302.303
302.324
302.346
302.367
302.389
302.41
302.431
302.453
302.473
302.494
302.515
302.536
302.556
302.576
302.597
302.617
302.636
302.656
302.676
302.695
302.714
302.733
302.752
302.771
302.789
302.807
302.825
302.843
302.861
302.879
302.896
302.914
302.931
302.948
302.964
302.981
302.997
303.013
303.029
303.045
303.061
303.076
303.091
303.106
303.121
303.135
303.149
303.163
303.177
303.19
303.203
303.216
303.228
303.24
303.251
303.263
303.274
303.284
303.294
303.304
303.313
303.322
303.331
303.339
303.346
303.353
303.36
303.366
303.372
303.377
303.382
303.386
303.389
303.392
303.394
303.396
303.397
303.397
303.396
303.395
303.393
303.39
303.386
303.38
303.374
303.367
303.358
303.348
303.336
303.323
303.308
303.291
303.271
303.25
303.226
303.199
303.17
303.137
303.101
303.061
303.017
302.969
302.916
302.859
302.798
302.732
302.662
301.12
301.135
301.151
301.167
301.183
301.199
301.215
301.231
301.248
301.265
301.282
301.3
301.317
301.335
301.353
301.371
301.389
301.407
301.426
301.445
301.464
301.483
301.502
301.521
301.541
301.561
301.58
301.6
301.62
301.641
301.661
301.681
301.702
301.722
301.743
301.764
301.784
301.805
301.826
301.847
301.868
301.889
301.91
301.932
301.953
301.974
301.995
302.016
302.037
302.058
302.08
302.101
302.122
302.143
302.164
302.185
302.205
302.226
302.247
302.268
302.288
302.308
302.329
302.349
302.369
302.389
302.409
302.429
302.448
302.468
302.487
302.506
302.525
302.544
302.563
302.582
302.6
302.618
302.637
302.655
302.672
302.69
302.708
302.725
302.742
302.759
302.776
302.793
302.809
302.826
302.842
302.858
302.874
302.889
302.905
302.92
302.935
302.95
302.964
302.978
302.992
303.006
303.02
303.033
303.046
303.058
303.071
303.083
303.094
303.105
303.116
303.127
303.137
303.147
303.156
303.165
303.173
303.182
303.189
303.196
303.203
303.209
303.215
303.22
303.225
303.229
303.233
303.236
303.238
303.24
303.241
303.241
303.241
303.24
303.238
303.235
303.231
303.226
303.22
303.213
303.205
303.195
303.184
303.172
303.157
303.141
303.123
303.103
303.08
303.055
303.027
302.996
302.962
302.924
302.883
302.839
302.79
302.737
302.68
302.62
302.555
301.048
301.062
301.076
301.091
301.105
301.12
301.135
301.15
301.166
301.181
301.197
301.213
301.229
301.245
301.262
301.279
301.295
301.312
301.33
301.347
301.365
301.382
301.4
301.418
301.436
301.455
301.473
301.492
301.51
301.529
301.548
301.567
301.586
301.606
301.625
301.645
301.664
301.684
301.703
301.723
301.743
301.763
301.783
301.803
301.823
301.843
301.863
301.883
301.904
301.924
301.944
301.964
301.984
302.004
302.024
302.044
302.064
302.084
302.104
302.124
302.144
302.163
302.183
302.202
302.222
302.241
302.26
302.28
302.299
302.317
302.336
302.355
302.373
302.392
302.41
302.428
302.446
302.464
302.482
302.499
302.517
302.534
302.551
302.568
302.585
302.601
302.618
302.634
302.651
302.667
302.683
302.698
302.714
302.729
302.745
302.76
302.774
302.789
302.803
302.818
302.831
302.845
302.858
302.872
302.884
302.897
302.909
302.921
302.932
302.944
302.955
302.965
302.975
302.985
302.994
303.003
303.012
303.02
303.027
303.035
303.041
303.048
303.053
303.059
303.063
303.068
303.071
303.074
303.077
303.079
303.08
303.081
303.081
303.08
303.078
303.075
303.072
303.067
303.062
303.055
303.048
303.039
303.028
303.016
303.003
302.987
302.97
302.951
302.93
302.906
302.88
302.851
302.819
302.784
302.746
302.705
302.66
302.611
302.559
302.503
302.443
300.977
300.99
301.003
301.016
301.029
301.043
301.056
301.07
301.084
301.099
301.113
301.128
301.142
301.157
301.173
301.188
301.203
301.219
301.235
301.251
301.267
301.283
301.3
301.317
301.333
301.35
301.367
301.385
301.402
301.419
301.437
301.455
301.473
301.491
301.509
301.527
301.545
301.564
301.582
301.601
301.619
301.638
301.657
301.676
301.695
301.714
301.733
301.752
301.771
301.79
301.809
301.828
301.847
301.866
301.885
301.904
301.923
301.942
301.961
301.98
301.999
302.018
302.037
302.055
302.074
302.093
302.111
302.129
302.148
302.166
302.184
302.202
302.22
302.238
302.255
302.273
302.29
302.308
302.325
302.342
302.359
302.376
302.392
302.409
302.425
302.441
302.458
302.474
302.49
302.505
302.521
302.536
302.552
302.567
302.582
302.597
302.611
302.625
302.64
302.654
302.667
302.681
302.694
302.707
302.719
302.732
302.744
302.756
302.767
302.778
302.789
302.799
302.809
302.819
302.828
302.837
302.846
302.854
302.861
302.869
302.875
302.882
302.887
302.893
302.898
302.902
302.906
302.909
302.912
302.914
302.915
302.916
302.916
302.915
302.914
302.912
302.908
302.904
302.899
302.893
302.886
302.877
302.868
302.857
302.844
302.83
302.814
302.796
302.776
302.754
302.729
302.702
302.673
302.641
302.605
302.567
302.526
302.481
302.433
302.382
302.328
300.906
300.918
300.93
300.942
300.954
300.966
300.979
300.992
301.004
301.017
301.031
301.044
301.058
301.071
301.085
301.099
301.113
301.128
301.142
301.157
301.172
301.187
301.202
301.217
301.233
301.248
301.264
301.28
301.296
301.312
301.328
301.345
301.361
301.378
301.395
301.412
301.429
301.446
301.463
301.48
301.498
301.515
301.533
301.55
301.568
301.586
301.604
301.621
301.639
301.657
301.675
301.693
301.711
301.729
301.747
301.765
301.783
301.801
301.819
301.837
301.855
301.873
301.891
301.909
301.927
301.944
301.962
301.979
301.997
302.014
302.032
302.049
302.066
302.083
302.1
302.117
302.134
302.15
302.167
302.183
302.2
302.216
302.232
302.248
302.264
302.28
302.296
302.311
302.327
302.342
302.357
302.373
302.387
302.402
302.417
302.431
302.446
302.46
302.474
302.487
302.501
302.514
302.527
302.539
302.552
302.564
302.576
302.587
302.599
302.61
302.62
302.631
302.64
302.65
302.659
302.668
302.676
302.685
302.692
302.699
302.706
302.712
302.718
302.724
302.728
302.733
302.737
302.74
302.743
302.745
302.747
302.748
302.748
302.747
302.746
302.744
302.741
302.738
302.733
302.728
302.721
302.713
302.704
302.694
302.682
302.669
302.654
302.637
302.619
302.598
302.576
302.551
302.524
302.494
302.462
302.427
302.389
302.348
302.304
302.258
302.208
300.837
300.848
300.859
300.87
300.881
300.892
300.903
300.915
300.926
300.938
300.95
300.962
300.975
300.987
301
301.013
301.026
301.039
301.052
301.065
301.079
301.093
301.106
301.12
301.135
301.149
301.163
301.178
301.193
301.207
301.222
301.237
301.253
301.268
301.283
301.299
301.315
301.331
301.346
301.362
301.379
301.395
301.411
301.427
301.444
301.46
301.477
301.494
301.51
301.527
301.544
301.561
301.578
301.594
301.611
301.628
301.645
301.662
301.679
301.696
301.713
301.73
301.747
301.764
301.78
301.797
301.814
301.831
301.847
301.864
301.88
301.897
301.913
301.929
301.946
301.962
301.978
301.994
302.01
302.025
302.041
302.057
302.072
302.088
302.103
302.119
302.134
302.149
302.164
302.179
302.193
302.208
302.223
302.237
302.251
302.265
302.279
302.293
302.306
302.32
302.333
302.346
302.358
302.371
302.383
302.395
302.406
302.418
302.429
302.439
302.45
302.46
302.47
302.479
302.488
302.497
302.505
302.513
302.521
302.528
302.535
302.541
302.547
302.552
302.557
302.561
302.565
302.569
302.572
302.574
302.576
302.577
302.577
302.577
302.576
302.575
302.572
302.569
302.565
302.56
302.554
302.546
302.538
302.529
302.518
302.505
302.492
302.476
302.46
302.441
302.42
302.397
302.372
302.345
302.316
302.284
302.25
302.213
302.173
302.131
302.086
300.77
300.78
300.79
300.799
300.809
300.819
300.83
300.84
300.851
300.861
300.872
300.883
300.894
300.906
300.917
300.929
300.94
300.952
300.964
300.976
300.989
301.001
301.014
301.027
301.039
301.052
301.066
301.079
301.092
301.106
301.12
301.133
301.147
301.161
301.176
301.19
301.204
301.219
301.233
301.248
301.263
301.278
301.293
301.308
301.323
301.338
301.354
301.369
301.385
301.4
301.416
301.431
301.447
301.463
301.479
301.494
301.51
301.526
301.542
301.558
301.573
301.589
301.605
301.621
301.637
301.653
301.668
301.684
301.7
301.715
301.731
301.747
301.762
301.777
301.793
301.808
301.824
301.839
301.854
301.869
301.884
301.899
301.914
301.929
301.944
301.958
301.973
301.987
302.002
302.016
302.03
302.044
302.058
302.072
302.086
302.099
302.113
302.126
302.139
302.152
302.165
302.177
302.19
302.202
302.214
302.225
302.236
302.248
302.258
302.269
302.279
302.289
302.298
302.308
302.317
302.325
302.333
302.341
302.348
302.356
302.362
302.368
302.374
302.38
302.384
302.389
302.393
302.396
302.399
302.402
302.404
302.405
302.406
302.406
302.405
302.404
302.402
302.399
302.395
302.391
302.385
302.379
302.371
302.362
302.352
302.341
302.329
302.315
302.299
302.282
302.263
302.243
302.22
302.196
302.169
302.14
302.109
302.076
302.04
302.002
301.962
300.705
300.714
300.723
300.731
300.74
300.75
300.759
300.768
300.778
300.787
300.797
300.807
300.817
300.827
300.838
300.848
300.859
300.869
300.88
300.891
300.902
300.914
300.925
300.936
300.948
300.96
300.972
300.984
300.996
301.008
301.021
301.033
301.046
301.059
301.072
301.085
301.098
301.111
301.125
301.138
301.152
301.165
301.179
301.193
301.207
301.221
301.235
301.249
301.263
301.278
301.292
301.306
301.321
301.335
301.35
301.365
301.379
301.394
301.409
301.423
301.438
301.453
301.468
301.482
301.497
301.512
301.527
301.541
301.556
301.571
301.585
301.6
301.615
301.629
301.644
301.658
301.673
301.687
301.701
301.716
301.73
301.744
301.758
301.772
301.787
301.801
301.814
301.828
301.842
301.856
301.869
301.883
301.896
301.91
301.923
301.936
301.949
301.962
301.974
301.987
301.999
302.011
302.023
302.034
302.046
302.057
302.068
302.079
302.089
302.099
302.109
302.119
302.128
302.137
302.146
302.154
302.162
302.17
302.177
302.184
302.191
302.197
302.202
302.208
302.213
302.217
302.221
302.225
302.228
302.23
302.232
302.234
302.235
302.235
302.235
302.234
302.232
302.229
302.226
302.222
302.217
302.211
302.205
302.197
302.188
302.178
302.166
302.154
302.14
302.124
302.107
302.089
302.068
302.046
302.022
301.996
301.968
301.938
301.906
301.872
301.836
300.643
300.651
300.659
300.667
300.675
300.683
300.691
300.699
300.708
300.717
300.725
300.734
300.743
300.752
300.762
300.771
300.781
300.79
300.8
300.81
300.82
300.83
300.84
300.851
300.861
300.872
300.883
300.894
300.905
300.916
300.927
300.938
300.95
300.961
300.973
300.985
300.997
301.009
301.021
301.033
301.045
301.058
301.07
301.083
301.096
301.108
301.121
301.134
301.147
301.16
301.174
301.187
301.2
301.213
301.227
301.24
301.254
301.267
301.281
301.294
301.308
301.322
301.335
301.349
301.363
301.376
301.39
301.404
301.418
301.431
301.445
301.459
301.472
301.486
301.5
301.513
301.527
301.54
301.554
301.567
301.581
301.594
301.608
301.621
301.634
301.648
301.661
301.674
301.687
301.7
301.713
301.726
301.739
301.751
301.764
301.776
301.789
301.801
301.813
301.825
301.837
301.848
301.86
301.871
301.882
301.893
301.903
301.913
301.923
301.933
301.943
301.952
301.961
301.97
301.978
301.986
301.994
302.002
302.009
302.015
302.022
302.028
302.034
302.039
302.044
302.048
302.052
302.056
302.059
302.061
302.064
302.065
302.066
302.067
302.067
302.066
302.065
302.062
302.06
302.056
302.052
302.047
302.041
302.034
302.026
302.017
302.006
301.995
301.982
301.969
301.953
301.937
301.918
301.898
301.877
301.854
301.829
301.802
301.774
301.743
301.711
300.584
300.591
300.598
300.605
300.612
300.62
300.627
300.635
300.642
300.65
300.658
300.666
300.674
300.682
300.69
300.699
300.707
300.716
300.725
300.734
300.743
300.752
300.761
300.77
300.78
300.789
300.799
300.809
300.819
300.829
300.839
300.849
300.859
300.87
300.88
300.891
300.902
300.912
300.923
300.934
300.946
300.957
300.968
300.98
300.991
301.003
301.014
301.026
301.038
301.05
301.062
301.074
301.086
301.098
301.111
301.123
301.135
301.148
301.16
301.173
301.185
301.198
301.21
301.223
301.236
301.248
301.261
301.274
301.286
301.299
301.312
301.324
301.337
301.35
301.363
301.375
301.388
301.401
301.413
301.426
301.439
301.451
301.464
301.476
301.489
301.501
301.514
301.526
301.539
301.551
301.563
301.575
301.587
301.599
301.611
301.623
301.635
301.647
301.658
301.669
301.681
301.692
301.702
301.713
301.724
301.734
301.744
301.754
301.764
301.773
301.782
301.791
301.8
301.808
301.816
301.824
301.832
301.839
301.846
301.852
301.859
301.864
301.87
301.875
301.88
301.884
301.888
301.892
301.895
301.898
301.9
301.902
301.903
301.904
301.904
301.903
301.902
301.901
301.898
301.895
301.892
301.887
301.882
301.875
301.868
301.86
301.851
301.841
301.83
301.817
301.804
301.789
301.773
301.755
301.736
301.715
301.693
301.67
301.644
301.617
301.589
300.53
300.536
300.542
300.549
300.555
300.562
300.568
300.575
300.582
300.589
300.596
300.603
300.61
300.617
300.625
300.632
300.64
300.647
300.655
300.663
300.671
300.679
300.688
300.696
300.704
300.713
300.722
300.73
300.739
300.748
300.757
300.766
300.776
300.785
300.795
300.804
300.814
300.824
300.834
300.843
300.854
300.864
300.874
300.884
300.895
300.905
300.916
300.926
300.937
300.948
300.959
300.97
300.981
300.992
301.003
301.014
301.026
301.037
301.048
301.06
301.071
301.083
301.094
301.106
301.118
301.129
301.141
301.153
301.164
301.176
301.188
301.2
301.211
301.223
301.235
301.247
301.259
301.27
301.282
301.294
301.306
301.318
301.329
301.341
301.353
301.365
301.376
301.388
301.4
301.411
301.423
301.434
301.446
301.457
301.468
301.479
301.49
301.501
301.512
301.523
301.534
301.544
301.554
301.564
301.574
301.584
301.594
301.603
301.612
301.621
301.63
301.639
301.647
301.655
301.663
301.67
301.678
301.685
301.691
301.698
301.704
301.709
301.715
301.72
301.725
301.729
301.733
301.736
301.74
301.742
301.745
301.746
301.748
301.749
301.749
301.749
301.748
301.747
301.745
301.742
301.739
301.735
301.731
301.725
301.719
301.712
301.704
301.695
301.685
301.674
301.662
301.649
301.634
301.618
301.602
301.583
301.564
301.543
301.52
301.497
301.471
300.481
300.486
300.492
300.497
300.503
300.509
300.515
300.521
300.527
300.533
300.539
300.546
300.552
300.559
300.565
300.572
300.579
300.586
300.593
300.6
300.607
300.614
300.622
300.629
300.637
300.644
300.652
300.66
300.668
300.676
300.684
300.692
300.701
300.709
300.718
300.726
300.735
300.744
300.753
300.762
300.771
300.78
300.789
300.798
300.808
300.817
300.827
300.837
300.846
300.856
300.866
300.876
300.886
300.896
300.906
300.917
300.927
300.937
300.948
300.958
300.968
300.979
300.99
301
301.011
301.022
301.032
301.043
301.054
301.065
301.076
301.086
301.097
301.108
301.119
301.13
301.141
301.152
301.163
301.174
301.185
301.196
301.207
301.218
301.229
301.24
301.251
301.262
301.273
301.284
301.294
301.305
301.316
301.327
301.337
301.348
301.358
301.368
301.379
301.389
301.399
301.409
301.418
301.428
301.437
301.447
301.456
301.465
301.474
301.482
301.49
301.499
301.507
301.514
301.522
301.529
301.536
301.542
301.549
301.555
301.561
301.566
301.572
301.577
301.581
301.585
301.589
301.593
301.596
301.599
301.601
301.603
301.604
301.605
301.606
301.606
301.606
301.605
301.603
301.601
301.598
301.595
301.591
301.586
301.581
301.574
301.567
301.559
301.551
301.541
301.53
301.519
301.506
301.492
301.477
301.461
301.444
301.425
301.405
301.384
301.362
300.438
300.443
300.448
300.453
300.458
300.463
300.469
300.474
300.48
300.485
300.491
300.496
300.502
300.508
300.514
300.52
300.526
300.532
300.539
300.545
300.551
300.558
300.565
300.571
300.578
300.585
300.592
300.599
300.606
300.613
300.621
300.628
300.636
300.643
300.651
300.659
300.667
300.675
300.683
300.691
300.699
300.707
300.716
300.724
300.733
300.741
300.75
300.759
300.768
300.777
300.786
300.795
300.804
300.813
300.822
300.832
300.841
300.85
300.86
300.87
300.879
300.889
300.899
300.908
300.918
300.928
300.938
300.948
300.958
300.968
300.978
300.988
300.998
301.008
301.018
301.029
301.039
301.049
301.059
301.069
301.08
301.09
301.1
301.111
301.121
301.131
301.141
301.152
301.162
301.172
301.182
301.192
301.202
301.212
301.222
301.232
301.242
301.252
301.261
301.271
301.28
301.29
301.299
301.308
301.317
301.326
301.334
301.343
301.351
301.359
301.367
301.375
301.382
301.39
301.397
301.404
301.41
301.417
301.423
301.429
301.434
301.44
301.445
301.45
301.454
301.458
301.462
301.465
301.469
301.471
301.474
301.476
301.477
301.478
301.479
301.479
301.479
301.479
301.477
301.476
301.473
301.471
301.467
301.463
301.458
301.453
301.446
301.439
301.432
301.423
301.414
301.403
301.392
301.38
301.366
301.352
301.337
301.32
301.303
301.284
301.264
300.403
300.408
300.412
300.417
300.421
300.426
300.431
300.436
300.441
300.446
300.451
300.456
300.461
300.467
300.472
300.478
300.483
300.489
300.494
300.5
300.506
300.512
300.518
300.524
300.53
300.537
300.543
300.549
300.556
300.563
300.569
300.576
300.583
300.59
300.597
300.604
300.611
300.618
300.626
300.633
300.641
300.648
300.656
300.664
300.671
300.679
300.687
300.695
300.703
300.712
300.72
300.728
300.737
300.745
300.754
300.762
300.771
300.78
300.788
300.797
300.806
300.815
300.824
300.833
300.842
300.852
300.861
300.87
300.879
300.889
300.898
300.907
300.917
300.926
300.936
300.945
300.955
300.965
300.974
300.984
300.993
301.003
301.013
301.022
301.032
301.042
301.051
301.061
301.071
301.08
301.09
301.099
301.109
301.118
301.128
301.137
301.146
301.155
301.164
301.174
301.182
301.191
301.2
301.209
301.217
301.225
301.234
301.242
301.25
301.257
301.265
301.272
301.279
301.286
301.293
301.3
301.306
301.312
301.318
301.324
301.329
301.335
301.339
301.344
301.348
301.352
301.356
301.36
301.363
301.365
301.368
301.37
301.372
301.373
301.374
301.374
301.374
301.374
301.373
301.371
301.369
301.367
301.364
301.36
301.356
301.351
301.346
301.339
301.332
301.325
301.316
301.307
301.297
301.286
301.274
301.261
301.247
301.233
301.217
301.2
301.182
300.378
300.382
300.386
300.39
300.395
300.399
300.403
300.408
300.413
300.417
300.422
300.427
300.432
300.437
300.442
300.447
300.452
300.457
300.462
300.468
300.473
300.479
300.484
300.49
300.496
300.502
300.507
300.513
300.519
300.526
300.532
300.538
300.544
300.551
300.557
300.564
300.571
300.577
300.584
300.591
300.598
300.605
300.612
300.62
300.627
300.634
300.642
300.649
300.657
300.664
300.672
300.68
300.688
300.696
300.704
300.712
300.72
300.728
300.736
300.745
300.753
300.762
300.77
300.779
300.787
300.796
300.805
300.813
300.822
300.831
300.84
300.849
300.858
300.867
300.876
300.885
300.894
300.903
300.912
300.921
300.93
300.94
300.949
300.958
300.967
300.976
300.986
300.995
301.004
301.013
301.022
301.031
301.04
301.049
301.058
301.067
301.076
301.085
301.093
301.102
301.111
301.119
301.127
301.136
301.144
301.152
301.16
301.167
301.175
301.182
301.189
301.197
301.204
301.21
301.217
301.223
301.229
301.235
301.241
301.247
301.252
301.257
301.262
301.266
301.27
301.274
301.278
301.281
301.284
301.287
301.29
301.292
301.293
301.295
301.296
301.296
301.296
301.296
301.295
301.294
301.293
301.29
301.288
301.284
301.281
301.276
301.271
301.265
301.259
301.252
301.244
301.236
301.226
301.216
301.206
301.194
301.181
301.168
301.153
301.138
301.122
300.364
300.368
300.372
300.376
300.38
300.384
300.388
300.393
300.397
300.402
300.406
300.411
300.415
300.42
300.425
300.43
300.435
300.44
300.445
300.45
300.455
300.46
300.466
300.471
300.477
300.482
300.488
300.494
300.499
300.505
300.511
300.517
300.523
300.53
300.536
300.542
300.549
300.555
300.562
300.568
300.575
300.582
300.589
300.595
300.603
300.61
300.617
300.624
300.631
300.639
300.646
300.654
300.661
300.669
300.676
300.684
300.692
300.7
300.708
300.716
300.724
300.732
300.74
300.749
300.757
300.765
300.774
300.782
300.791
300.799
300.808
300.817
300.825
300.834
300.843
300.852
300.86
300.869
300.878
300.887
300.896
300.905
300.914
300.923
300.932
300.94
300.949
300.958
300.967
300.976
300.985
300.994
301.003
301.011
301.02
301.029
301.037
301.046
301.054
301.063
301.071
301.079
301.087
301.095
301.103
301.111
301.119
301.126
301.133
301.141
301.148
301.155
301.162
301.168
301.175
301.181
301.187
301.193
301.198
301.204
301.209
301.214
301.218
301.223
301.227
301.231
301.235
301.238
301.241
301.244
301.246
301.248
301.25
301.251
301.252
301.253
301.253
301.253
301.252
301.251
301.25
301.248
301.245
301.242
301.239
301.234
301.23
301.224
301.218
301.212
301.204
301.196
301.187
301.178
301.168
301.156
301.144
301.132
301.118
301.103
301.088
303.534
302.887
302.424
302.057
301.753
301.497
301.277
301.088
300.925
300.784
300.662
300.556
300.465
300.387
300.321
300.264
300.216
300.175
300.141
300.113
300.09
300.071
300.055
300.043
300.033
300.025
300.019
300.014
300.01
300.008
300.006
300.004
300.003
300.002
300.001
300.001
300
300
300
300
300
300
300
300
300
300
300
300
300
300
300
303.531
302.886
302.424
302.057
301.753
301.497
301.277
301.088
300.925
300.784
300.662
300.556
300.465
300.387
300.321
300.264
300.216
300.175
300.141
300.113
300.09
300.071
300.055
300.043
300.033
300.025
300.019
300.014
300.01
300.008
300.006
300.004
300.003
300.002
300.001
300.001
300
300
300
300
300
300
300
300
300
300
300
300
300
300
300
303.526
302.885
302.424
302.057
301.753
301.497
301.277
301.088
300.925
300.784
300.662
300.556
300.466
300.387
300.321
300.264
300.216
300.175
300.141
300.113
300.09
300.071
300.055
300.043
300.033
300.025
300.019
300.014
300.01
300.008
300.006
300.004
300.003
300.002
300.001
300.001
300
300
300
300
300
300
300
300
300
300
300
300
300
300
300
303.518
302.883
302.423
302.057
301.753
301.497
301.277
301.088
300.925
300.784
300.662
300.557
300.466
300.388
300.321
300.264
300.216
300.175
300.141
300.113
300.09
300.071
300.055
300.043
300.033
300.025
300.019
300.014
300.011
300.008
300.006
300.004
300.003
300.002
300.001
300.001
300
300
300
300
300
300
300
300
300
300
300
300
300
300
300
303.507
302.881
302.422
302.056
301.753
301.497
301.277
301.088
300.925
300.784
300.662
300.557
300.466
300.388
300.321
300.264
300.216
300.175
300.141
300.113
300.09
300.071
300.055
300.043
300.033
300.025
300.019
300.014
300.011
300.008
300.006
300.004
300.003
300.002
300.001
300.001
300
300
300
300
300
300
300
300
300
300
300
300
300
300
300
303.494
302.877
302.42
302.055
301.753
301.497
301.277
301.089
300.925
300.784
300.662
300.557
300.466
300.388
300.321
300.264
300.216
300.175
300.141
300.113
300.09
300.071
300.055
300.043
300.033
300.025
300.019
300.014
300.011
300.008
300.006
300.004
300.003
300.002
300.001
300.001
300
300
300
300
300
300
300
300
300
300
300
300
300
300
300
303.478
302.872
302.418
302.055
301.752
301.496
301.277
301.089
300.926
300.785
300.663
300.557
300.466
300.388
300.321
300.264
300.216
300.175
300.142
300.113
300.09
300.071
300.056
300.043
300.033
300.025
300.019
300.014
300.011
300.008
300.006
300.004
300.003
300.002
300.001
300.001
300
300
300
300
300
300
300
300
300
300
300
300
300
300
300
303.458
302.866
302.416
302.053
301.752
301.496
301.277
301.089
300.926
300.785
300.663
300.557
300.466
300.388
300.321
300.265
300.216
300.176
300.142
300.113
300.09
300.071
300.056
300.043
300.033
300.025
300.019
300.014
300.011
300.008
300.006
300.004
300.003
300.002
300.001
300.001
300
300
300
300
300
300
300
300
300
300
300
300
300
300
300
303.436
302.859
302.413
302.052
301.751
301.496
301.277
301.089
300.926
300.785
300.663
300.558
300.467
300.389
300.322
300.265
300.217
300.176
300.142
300.114
300.09
300.071
300.056
300.043
300.033
300.025
300.019
300.014
300.011
300.008
300.006
300.004
300.003
300.002
300.001
300.001
300
300
300
300
300
300
300
300
300
300
300
300
300
300
300
303.411
302.85
302.409
302.05
301.75
301.496
301.277
301.089
300.926
300.786
300.664
300.558
300.467
300.389
300.322
300.265
300.217
300.176
300.142
300.114
300.09
300.071
300.056
300.043
300.033
300.025
300.019
300.014
300.011
300.008
300.006
300.004
300.003
300.002
300.001
300.001
300
300
300
300
300
300
300
300
300
300
300
300
300
300
300
303.383
302.839
302.404
302.048
301.749
301.495
301.277
301.089
300.927
300.786
300.664
300.559
300.468
300.389
300.322
300.265
300.217
300.176
300.142
300.114
300.091
300.071
300.056
300.043
300.033
300.025
300.019
300.014
300.011
300.008
300.006
300.004
300.003
300.002
300.001
300.001
300
300
300
300
300
300
300
300
300
300
300
300
300
300
300
303.352
302.826
302.398
302.045
301.748
301.495
301.277
301.09
300.927
300.786
300.664
300.559
300.468
300.39
300.323
300.266
300.217
300.177
300.143
300.114
300.091
300.072
300.056
300.044
300.033
300.026
300.019
300.014
300.011
300.008
300.006
300.004
300.003
300.002
300.001
300.001
300
300
300
300
300
300
300
300
300
300
300
300
300
300
300
303.317
302.811
302.391
302.041
301.746
301.494
301.277
301.09
300.927
300.787
300.665
300.559
300.468
300.39
300.323
300.266
300.218
300.177
300.143
300.114
300.091
300.072
300.056
300.044
300.034
300.026
300.019
300.014
300.011
300.008
300.006
300.004
300.003
300.002
300.001
300.001
300
300
300
300
300
300
300
300
300
300
300
300
300
300
300
303.279
302.793
302.382
302.037
301.744
301.493
301.276
301.09
300.927
300.787
300.665
300.56
300.469
300.391
300.324
300.266
300.218
300.177
300.143
300.115
300.091
300.072
300.056
300.044
300.034
300.026
300.019
300.015
300.011
300.008
300.006
300.004
300.003
300.002
300.001
300.001
300
300
300
300
300
300
300
300
300
300
300
300
300
300
300
303.238
302.773
302.371
302.031
301.74
301.491
301.276
301.089
300.927
300.787
300.665
300.56
300.469
300.391
300.324
300.267
300.218
300.177
300.143
300.115
300.091
300.072
300.056
300.044
300.034
300.026
300.019
300.015
300.011
300.008
300.006
300.004
300.003
300.002
300.001
300.001
300
300
300
300
300
300
300
300
300
300
300
300
300
300
300
303.193
302.749
302.359
302.024
301.736
301.489
301.274
301.088
300.927
300.787
300.666
300.56
300.469
300.391
300.324
300.267
300.219
300.178
300.144
300.115
300.092
300.072
300.057
300.044
300.034
300.026
300.02
300.015
300.011
300.008
300.006
300.004
300.003
300.002
300.001
300.001
300
300
300
300
300
300
300
300
300
300
300
300
300
300
300
303.144
302.722
302.343
302.015
301.731
301.485
301.272
301.087
300.927
300.787
300.666
300.56
300.47
300.392
300.325
300.267
300.219
300.178
300.144
300.115
300.092
300.072
300.057
300.044
300.034
300.026
300.02
300.015
300.011
300.008
300.006
300.004
300.003
300.002
300.001
300.001
300
300
300
300
300
300
300
300
300
300
300
300
300
300
300
303.092
302.691
302.325
302.004
301.724
301.481
301.27
301.086
300.926
300.786
300.665
300.56
300.47
300.392
300.325
300.268
300.219
300.178
300.144
300.115
300.092
300.073
300.057
300.044
300.034
300.026
300.02
300.015
300.011
300.008
300.006
300.004
300.003
300.002
300.001
300.001
300
300
300
300
300
300
300
300
300
300
300
300
300
300
300
303.035
302.655
302.303
301.99
301.715
301.476
301.266
301.083
300.924
300.785
300.665
300.56
300.47
300.392
300.325
300.268
300.219
300.178
300.144
300.116
300.092
300.073
300.057
300.044
300.034
300.026
300.02
300.015
300.011
300.008
300.006
300.004
300.003
300.002
300.001
300.001
300
300
300
300
300
300
300
300
300
300
300
300
300
300
300
302.974
302.616
302.278
301.974
301.705
301.468
301.261
301.08
300.922
300.784
300.664
300.559
300.469
300.391
300.325
300.268
300.219
300.178
300.144
300.116
300.092
300.073
300.057
300.044
300.034
300.026
300.02
300.015
300.011
300.008
300.006
300.004
300.003
300.002
300.001
300.001
300
300
300
300
300
300
300
300
300
300
300
300
300
300
300
302.908
302.571
302.249
301.954
301.692
301.46
301.255
301.076
300.919
300.782
300.662
300.558
300.469
300.391
300.324
300.267
300.219
300.178
300.144
300.116
300.092
300.073
300.057
300.044
300.034
300.026
300.02
300.015
300.011
300.008
300.006
300.004
300.003
300.002
300.001
300.001
300
300
300
300
300
300
300
300
300
300
300
300
300
300
300
302.838
302.522
302.215
301.931
301.676
301.448
301.247
301.07
300.915
300.779
300.66
300.557
300.467
300.39
300.324
300.267
300.219
300.178
300.144
300.116
300.092
300.073
300.057
300.044
300.034
300.026
300.02
300.015
300.011
300.008
300.006
300.004
300.003
300.002
300.001
300.001
300
300
300
300
300
300
300
300
300
300
300
300
300
300
300
302.763
302.467
302.176
301.904
301.657
301.435
301.238
301.063
300.91
300.775
300.657
300.555
300.466
300.389
300.323
300.267
300.219
300.178
300.144
300.116
300.092
300.073
300.057
300.044
300.034
300.026
300.02
300.015
300.011
300.008
300.006
300.004
300.003
300.002
300.001
300.001
300
300
300
300
300
300
300
300
300
300
300
300
300
300
300
302.684
302.407
302.133
301.873
301.634
301.419
301.226
301.055
300.903
300.77
300.654
300.552
300.464
300.388
300.322
300.266
300.218
300.177
300.144
300.115
300.092
300.073
300.057
300.044
300.034
300.026
300.02
300.015
300.011
300.008
300.006
300.004
300.003
300.002
300.001
300.001
300
300
300
300
300
300
300
300
300
300
300
300
300
300
300
302.599
302.342
302.084
301.837
301.608
301.399
301.211
301.044
300.895
300.764
300.649
300.549
300.461
300.386
300.32
300.264
300.217
300.177
300.143
300.115
300.092
300.073
300.057
300.044
300.034
300.026
300.02
300.015
300.011
300.008
300.006
300.004
300.003
300.002
300.001
300.001
300
300
300
300
300
300
300
300
300
300
300
300
300
300
300
302.509
302.271
302.029
301.796
301.577
301.376
301.194
301.031
300.885
300.757
300.644
300.544
300.458
300.383
300.318
300.263
300.216
300.176
300.142
300.114
300.091
300.072
300.057
300.044
300.034
300.026
300.02
300.015
300.011
300.008
300.006
300.004
300.003
300.002
300.001
300.001
300
300
300
300
300
300
300
300
300
300
300
300
300
300
300
302.414
302.194
301.969
301.75
301.542
301.349
301.174
301.015
300.874
300.748
300.636
300.539
300.454
300.38
300.316
300.261
300.214
300.175
300.141
300.114
300.091
300.072
300.056
300.044
300.034
300.026
300.02
300.015
300.011
300.008
300.006
300.004
300.003
300.002
300.001
300.001
300
300
300
300
300
300
300
300
300
300
300
300
300
300
300
302.314
302.112
301.904
301.698
301.502
301.319
301.15
300.997
300.859
300.737
300.628
300.532
300.448
300.376
300.313
300.259
300.212
300.173
300.14
300.113
300.09
300.071
300.056
300.044
300.034
300.026
300.02
300.015
300.011
300.008
300.006
300.004
300.003
300.002
300.001
300.001
300
300
300
300
300
300
300
300
300
300
300
300
300
300
300
302.209
302.025
301.833
301.642
301.457
301.283
301.123
300.976
300.843
300.724
300.618
300.524
300.442
300.371
300.309
300.256
300.21
300.171
300.139
300.112
300.089
300.071
300.056
300.043
300.033
300.026
300.019
300.015
300.011
300.008
300.006
300.004
300.003
300.002
300.001
300.001
300
300
300
300
300
300
300
300
300
300
300
300
300
300
300
302.101
301.932
301.756
301.58
301.408
301.244
301.092
300.951
300.824
300.709
300.606
300.515
300.435
300.365
300.304
300.252
300.207
300.169
300.137
300.11
300.088
300.07
300.055
300.043
300.033
300.025
300.019
300.014
300.011
300.008
300.006
300.004
300.003
300.002
300.001
300.001
300
300
300
300
300
300
300
300
300
300
300
300
300
300
300
301.989
301.836
301.676
301.513
301.354
301.201
301.057
300.924
300.802
300.691
300.592
300.504
300.426
300.358
300.299
300.248
300.204
300.167
300.135
300.109
300.087
300.069
300.054
300.042
300.033
300.025
300.019
300.014
300.011
300.008
300.006
300.004
300.003
300.002
300.001
300.001
300
300
300
300
300
300
300
300
300
300
300
300
300
300
300
301.874
301.736
301.591
301.442
301.295
301.153
301.019
300.893
300.777
300.672
300.577
300.492
300.417
300.351
300.293
300.243
300.2
300.164
300.133
300.107
300.086
300.068
300.053
300.042
300.032
300.025
300.019
300.014
300.011
300.008
300.006
300.004
300.003
300.002
300.001
300.001
300
300
300
300
300
300
300
300
300
300
300
300
300
300
300
301.757
301.634
301.503
301.368
301.234
301.103
300.978
300.86
300.751
300.651
300.56
300.478
300.406
300.342
300.286
300.238
300.196
300.161
300.13
300.105
300.084
300.067
300.053
300.041
300.032
300.024
300.019
300.014
300.01
300.008
300.005
300.004
300.003
300.002
300.001
300.001
300
300
300
300
300
300
300
300
300
300
300
300
300
300
300
301.641
301.531
301.413
301.292
301.169
301.049
300.934
300.824
300.722
300.627
300.541
300.464
300.394
300.333
300.279
300.232
300.191
300.157
300.128
300.103
300.082
300.065
300.052
300.04
300.031
300.024
300.018
300.014
300.01
300.007
300.005
300.004
300.003
300.002
300.001
300.001
300
300
300
300
300
300
300
300
300
300
300
300
300
300
300
301.526
301.429
301.324
301.215
301.104
300.995
300.888
300.787
300.691
300.603
300.521
300.448
300.382
300.323
300.271
300.226
300.186
300.153
300.125
300.101
300.081
300.064
300.05
300.039
300.031
300.023
300.018
300.013
300.01
300.007
300.005
300.004
300.003
300.002
300.001
300.001
300
300
300
300
300
300
300
300
300
300
300
300
300
300
300
301.416
301.33
301.236
301.139
301.039
300.94
300.843
300.749
300.66
300.578
300.501
300.431
300.368
300.312
300.263
300.219
300.181
300.149
300.121
300.098
300.079
300.063
300.049
300.039
300.03
300.023
300.017
300.013
300.01
300.007
300.005
300.004
300.003
300.002
300.001
300.001
300
300
300
300
300
300
300
300
300
300
300
300
299.999
299.999
299.999
301.313
301.236
301.154
301.066
300.977
300.887
300.798
300.712
300.63
300.553
300.481
300.415
300.355
300.302
300.254
300.212
300.176
300.145
300.118
300.096
300.077
300.061
300.048
300.038
300.029
300.022
300.017
300.013
300.01
300.007
300.005
300.004
300.002
300.002
300.001
300.001
300
300
300
300
300
300
300
300
300
300
300
299.999
299.999
299.999
299.999
301.221
301.153
301.079
301.001
300.92
300.838
300.757
300.678
300.602
300.529
300.462
300.4
300.343
300.292
300.246
300.206
300.171
300.141
300.115
300.093
300.075
300.06
300.047
300.037
300.029
300.022
300.017
300.013
300.009
300.007
300.005
300.004
300.002
300.002
300.001
300.001
300
300
300
300
300
300
300
300
300
300
300
299.999
299.999
299.999
299.999
301.144
301.082
301.016
300.945
300.871
300.796
300.722
300.648
300.577
300.509
300.445
300.386
300.332
300.283
300.239
300.201
300.167
300.137
300.112
300.091
300.073
300.058
300.046
300.036
300.028
300.021
300.016
300.012
300.009
300.007
300.005
300.003
300.002
300.002
300.001
300.001
300
300
300
300
300
300
300
300
300
300
299.999
299.999
299.999
299.999
299.999
301.086
301.03
300.968
300.903
300.835
300.765
300.695
300.625
300.558
300.494
300.433
300.376
300.324
300.277
300.234
300.196
300.163
300.135
300.11
300.089
300.072
300.057
300.045
300.035
300.028
300.021
300.016
300.012
300.009
300.007
300.005
300.003
300.002
300.002
300.001
300.001
300
300
300
300
300
300
300
300
300
300
299.999
299.999
299.999
299.999
299.999
301.054
301
300.942
300.879
300.814
300.747
300.68
300.613
300.548
300.485
300.426
300.37
300.319
300.273
300.231
300.194
300.162
300.133
300.109
300.089
300.071
300.057
300.045
300.035
300.027
300.021
300.016
300.012
300.009
300.007
300.005
300.003
300.002
300.002
300.001
300.001
300
300
300
300
300
300
300
300
300
300
299.999
299.999
299.999
299.999
299.999
)
;

boundaryField
{
    inlet
    {
        type            fixedValue;
        value           uniform 300;
    }
    outlet
    {
        type            zeroGradient;
    }
    top
    {
        type            zeroGradient;
    }
    slip-bottom
    {
        type            zeroGradient;
    }
    bottom
    {
        type            zeroGradient;
    }
    interface
    {
        type            fixedGradient;
        gradient        nonuniform List<scalar> 
161
(
67.6219
67.6219
45.9416
45.9416
45.9416
45.9416
34.1043
34.1043
34.1043
34.1043
29.3277
29.3277
29.3277
28.5231
28.5231
28.5231
28.5231
25.9557
25.9557
25.9557
25.0931
25.0931
25.0931
24.5884
24.5884
24.5884
23.9429
23.9429
23.9429
23.3633
23.3633
23.3633
22.8291
22.8291
22.8291
22.3073
22.3073
22.3073
21.8137
21.8137
21.8137
20.8533
20.8533
21.5232
21.5232
21.5232
20.5841
20.5841
21.0007
21.0007
21.0007
20.0952
20.0952
20.0901
20.0901
20.0901
20.211
20.211
20.4887
20.4887
19.449
19.449
19.3653
19.3653
19.4112
19.4112
19.306
19.306
19.306
19.1768
19.1768
19.0524
18.9243
18.9243
18.7707
18.7707
18.6354
18.6354
18.1383
18.1383
18.7847
18.7847
18.5341
18.5341
18.2528
17.8069
17.8069
18.3167
18.3167
18.1086
17.5793
17.5793
18.0478
17.5812
17.5812
17.8786
17.8786
17.4274
17.7075
17.7075
17.3066
17.5716
17.1962
17.1962
17.2249
17.4732
17.4732
17.0536
17.24
16.9387
16.9387
16.9512
17.0201
17.1285
17.1285
16.8156
16.8375
16.8951
16.9644
16.9644
16.7481
16.7635
16.8015
16.8026
16.8208
16.7384
16.7384
16.7399
16.7498
16.7462
16.74
16.7319
16.7225
16.7121
16.7012
16.6903
16.6799
16.6708
16.6638
16.6601
16.6612
16.6688
16.6847
16.7109
16.7496
16.8046
16.8823
16.997
17.1819
17.3395
16.9345
17.0004
17.6052
18.0265
18.5928
19.2806
22.0142
19.5142
22.3958
25.1946
35.5037
)
;
    }
    defaultFaces
    {
        type            empty;
    }
}


// ************************************************************************* //
