/*--------------------------------*- C++ -*----------------------------------*\
| =========                 |                                                 |
| \\      /  F ield         | OpenFOAM: The Open Source CFD Toolbox           |
|  \\    /   O peration     | Version:  2106                                  |
|   \\  /    A nd           | Website:  www.openfoam.com                      |
|    \\/     M anipulation  |                                                 |
\*---------------------------------------------------------------------------*/
FoamFile
{
    version     2.0;
    format      ascii;
    arch        "LSB;label=32;scalar=64";
    class       volScalarField;
    location    "9";
    object      T;
}
// * * * * * * * * * * * * * * * * * * * * * * * * * * * * * * * * * * * * * //

dimensions      [0 0 0 1 0 0 0];

internalField   nonuniform List<scalar> 
12013
(
300.004
300.011
300.019
300.027
300.035
300.044
300.053
300.062
300.072
300.082
300.092
300.103
300.114
300.126
300.138
300.15
300.163
300.176
300.19
300.204
300.218
300.233
300.249
300.265
300.281
300.298
300.316
300.334
300.352
300.371
300.391
300.411
300.432
300.453
300.476
300.498
300.522
300.545
300.57
300.596
300.622
300.648
300.676
300.704
300.733
300.763
300.794
300.826
300.858
300.891
300.926
300.961
300.997
301.035
301.073
301.113
301.153
301.195
301.238
301.283
301.329
301.376
301.425
301.475
301.527
301.581
301.636
301.694
301.754
301.816
301.881
301.949
302.021
302.095
302.175
302.259
302.349
302.448
302.556
302.679
302.827
300.004
300.011
300.019
300.027
300.035
300.044
300.053
300.062
300.072
300.082
300.092
300.103
300.114
300.126
300.138
300.15
300.163
300.176
300.19
300.204
300.218
300.233
300.249
300.265
300.281
300.298
300.316
300.334
300.352
300.371
300.391
300.411
300.432
300.453
300.476
300.498
300.521
300.545
300.57
300.595
300.622
300.648
300.676
300.704
300.733
300.763
300.794
300.825
300.858
300.891
300.926
300.961
300.997
301.035
301.073
301.112
301.153
301.195
301.238
301.282
301.328
301.375
301.424
301.474
301.526
301.58
301.635
301.693
301.753
301.815
301.88
301.947
302.018
302.093
302.171
302.254
302.343
302.439
302.543
302.658
302.784
300.004
300.011
300.019
300.027
300.035
300.044
300.053
300.062
300.072
300.082
300.092
300.103
300.114
300.126
300.138
300.15
300.163
300.176
300.19
300.204
300.218
300.233
300.249
300.265
300.281
300.298
300.316
300.334
300.352
300.371
300.391
300.411
300.432
300.453
300.475
300.498
300.521
300.545
300.57
300.595
300.621
300.648
300.676
300.704
300.733
300.763
300.794
300.825
300.858
300.891
300.925
300.961
300.997
301.034
301.072
301.112
301.152
301.194
301.237
301.282
301.327
301.374
301.423
301.473
301.525
301.578
301.633
301.691
301.75
301.812
301.876
301.943
302.013
302.086
302.163
302.245
302.331
302.422
302.519
302.622
302.73
300.004
300.011
300.019
300.027
300.035
300.044
300.053
300.062
300.072
300.082
300.092
300.103
300.114
300.126
300.138
300.15
300.163
300.176
300.19
300.204
300.218
300.233
300.249
300.265
300.281
300.298
300.316
300.334
300.352
300.371
300.391
300.411
300.432
300.453
300.475
300.498
300.521
300.545
300.57
300.595
300.621
300.648
300.675
300.704
300.733
300.763
300.793
300.825
300.857
300.891
300.925
300.96
300.996
301.033
301.072
301.111
301.151
301.193
301.236
301.28
301.326
301.372
301.421
301.471
301.522
301.575
301.63
301.687
301.746
301.807
301.87
301.936
302.005
302.076
302.151
302.23
302.312
302.397
302.487
302.579
302.672
300.004
300.011
300.019
300.027
300.035
300.044
300.053
300.062
300.072
300.082
300.092
300.103
300.114
300.126
300.138
300.15
300.163
300.176
300.19
300.204
300.218
300.233
300.249
300.265
300.281
300.298
300.316
300.334
300.352
300.371
300.391
300.411
300.432
300.453
300.475
300.498
300.521
300.545
300.57
300.595
300.621
300.648
300.675
300.703
300.732
300.762
300.793
300.824
300.857
300.89
300.924
300.959
300.995
301.032
301.07
301.11
301.15
301.191
301.234
301.278
301.323
301.37
301.418
301.467
301.518
301.571
301.625
301.681
301.739
301.799
301.862
301.926
301.993
302.062
302.134
302.209
302.287
302.366
302.448
302.531
302.614
300.004
300.011
300.019
300.027
300.035
300.044
300.053
300.062
300.072
300.082
300.092
300.103
300.114
300.126
300.138
300.15
300.163
300.176
300.19
300.204
300.218
300.233
300.249
300.265
300.281
300.298
300.316
300.333
300.352
300.371
300.391
300.411
300.432
300.453
300.475
300.498
300.521
300.545
300.569
300.595
300.621
300.647
300.675
300.703
300.732
300.762
300.792
300.823
300.856
300.889
300.923
300.958
300.994
301.031
301.069
301.108
301.148
301.189
301.232
301.275
301.32
301.366
301.414
301.463
301.513
301.565
301.619
301.674
301.731
301.79
301.85
301.913
301.978
302.045
302.113
302.184
302.257
302.331
302.405
302.48
302.554
300.004
300.011
300.019
300.027
300.035
300.044
300.053
300.062
300.072
300.082
300.092
300.103
300.114
300.126
300.138
300.15
300.163
300.176
300.19
300.204
300.218
300.233
300.249
300.265
300.281
300.298
300.315
300.333
300.352
300.371
300.39
300.411
300.431
300.453
300.475
300.497
300.521
300.544
300.569
300.594
300.62
300.647
300.674
300.702
300.731
300.761
300.791
300.822
300.855
300.888
300.921
300.956
300.992
301.029
301.067
301.105
301.145
301.186
301.228
301.271
301.316
301.362
301.409
301.457
301.507
301.558
301.61
301.664
301.72
301.777
301.836
301.897
301.959
302.023
302.088
302.155
302.222
302.291
302.359
302.428
302.495
300.004
300.011
300.019
300.027
300.035
300.044
300.053
300.062
300.072
300.082
300.092
300.103
300.114
300.126
300.138
300.15
300.163
300.176
300.19
300.204
300.218
300.233
300.249
300.265
300.281
300.298
300.315
300.333
300.352
300.371
300.39
300.41
300.431
300.452
300.474
300.497
300.52
300.544
300.568
300.594
300.619
300.646
300.673
300.701
300.73
300.76
300.79
300.821
300.853
300.886
300.92
300.954
300.99
301.026
301.064
301.102
301.142
301.182
301.224
301.267
301.311
301.356
301.402
301.449
301.498
301.548
301.6
301.653
301.707
301.762
301.819
301.877
301.937
301.997
302.059
302.121
302.185
302.248
302.311
302.373
302.435
300.004
300.011
300.019
300.027
300.035
300.044
300.053
300.062
300.072
300.082
300.092
300.103
300.114
300.126
300.138
300.15
300.163
300.176
300.19
300.204
300.218
300.233
300.248
300.264
300.281
300.298
300.315
300.333
300.351
300.37
300.39
300.41
300.431
300.452
300.474
300.496
300.52
300.543
300.568
300.593
300.619
300.645
300.672
300.7
300.729
300.758
300.788
300.819
300.851
300.884
300.917
300.952
300.987
301.023
301.06
301.098
301.137
301.178
301.219
301.261
301.304
301.348
301.394
301.44
301.488
301.537
301.587
301.638
301.691
301.744
301.799
301.854
301.911
301.968
302.026
302.085
302.144
302.202
302.261
302.318
302.374
300.004
300.011
300.019
300.027
300.035
300.044
300.053
300.062
300.072
300.082
300.092
300.103
300.114
300.126
300.138
300.15
300.163
300.176
300.189
300.203
300.218
300.233
300.248
300.264
300.281
300.297
300.315
300.333
300.351
300.37
300.39
300.41
300.43
300.452
300.473
300.496
300.519
300.543
300.567
300.592
300.617
300.644
300.671
300.699
300.727
300.756
300.786
300.817
300.849
300.881
300.914
300.949
300.983
301.019
301.056
301.094
301.132
301.172
301.212
301.254
301.296
301.34
301.384
301.43
301.476
301.524
301.572
301.622
301.672
301.723
301.776
301.829
301.882
301.936
301.991
302.046
302.1
302.155
302.208
302.261
302.313
300.004
300.011
300.019
300.027
300.035
300.044
300.053
300.062
300.072
300.082
300.092
300.103
300.114
300.126
300.137
300.15
300.163
300.176
300.189
300.203
300.218
300.233
300.248
300.264
300.28
300.297
300.315
300.332
300.351
300.37
300.389
300.409
300.43
300.451
300.473
300.495
300.518
300.542
300.566
300.591
300.616
300.642
300.669
300.697
300.725
300.754
300.784
300.815
300.846
300.878
300.911
300.945
300.979
301.015
301.051
301.088
301.126
301.165
301.204
301.245
301.287
301.329
301.372
301.417
301.462
301.508
301.555
301.602
301.651
301.7
301.75
301.8
301.851
301.902
301.953
302.004
302.055
302.105
302.155
302.204
302.252
300.004
300.011
300.019
300.027
300.035
300.044
300.053
300.062
300.072
300.082
300.092
300.103
300.114
300.125
300.137
300.15
300.162
300.176
300.189
300.203
300.218
300.233
300.248
300.264
300.28
300.297
300.314
300.332
300.35
300.369
300.389
300.409
300.429
300.45
300.472
300.494
300.517
300.54
300.565
300.589
300.615
300.641
300.667
300.695
300.723
300.752
300.781
300.812
300.842
300.874
300.907
300.94
300.974
301.009
301.045
301.081
301.118
301.156
301.195
301.235
301.276
301.317
301.359
301.402
301.446
301.49
301.535
301.581
301.627
301.674
301.721
301.768
301.816
301.864
301.912
301.96
302.007
302.054
302.1
302.146
302.191
300.004
300.011
300.019
300.027
300.035
300.044
300.053
300.062
300.072
300.082
300.092
300.103
300.114
300.125
300.137
300.15
300.162
300.175
300.189
300.203
300.217
300.232
300.248
300.263
300.28
300.297
300.314
300.332
300.35
300.369
300.388
300.408
300.428
300.449
300.471
300.493
300.516
300.539
300.563
300.588
300.613
300.639
300.665
300.692
300.72
300.749
300.778
300.808
300.838
300.87
300.902
300.935
300.968
301.002
301.037
301.073
301.11
301.147
301.185
301.223
301.263
301.303
301.344
301.385
301.427
301.47
301.513
301.557
301.601
301.645
301.69
301.735
301.779
301.824
301.869
301.914
301.958
302.002
302.045
302.087
302.129
300.004
300.011
300.019
300.027
300.035
300.044
300.053
300.062
300.072
300.082
300.092
300.103
300.114
300.125
300.137
300.149
300.162
300.175
300.189
300.203
300.217
300.232
300.247
300.263
300.279
300.296
300.313
300.331
300.349
300.368
300.387
300.407
300.427
300.448
300.47
300.492
300.514
300.537
300.561
300.586
300.611
300.636
300.662
300.689
300.717
300.745
300.774
300.803
300.834
300.864
300.896
300.928
300.961
300.995
301.029
301.064
301.099
301.136
301.173
301.21
301.248
301.287
301.326
301.366
301.407
301.447
301.489
301.53
301.572
301.614
301.656
301.698
301.741
301.783
301.825
301.866
301.907
301.948
301.988
302.028
302.067
300.004
300.011
300.019
300.027
300.035
300.044
300.053
300.062
300.071
300.081
300.092
300.103
300.114
300.125
300.137
300.149
300.162
300.175
300.189
300.202
300.217
300.232
300.247
300.263
300.279
300.296
300.313
300.33
300.348
300.367
300.386
300.406
300.426
300.447
300.468
300.49
300.513
300.536
300.559
300.583
300.608
300.633
300.659
300.686
300.713
300.741
300.769
300.798
300.828
300.858
300.889
300.921
300.953
300.986
301.019
301.053
301.088
301.123
301.159
301.195
301.232
301.269
301.307
301.345
301.384
301.423
301.462
301.501
301.541
301.581
301.621
301.66
301.7
301.739
301.778
301.817
301.856
301.894
301.931
301.968
302.004
300.004
300.011
300.019
300.027
300.035
300.044
300.052
300.062
300.071
300.081
300.092
300.102
300.114
300.125
300.137
300.149
300.162
300.175
300.188
300.202
300.217
300.231
300.246
300.262
300.278
300.295
300.312
300.33
300.348
300.366
300.385
300.405
300.425
300.445
300.467
300.488
300.51
300.533
300.557
300.58
300.605
300.63
300.656
300.682
300.709
300.736
300.764
300.792
300.822
300.851
300.882
300.912
300.944
300.976
301.008
301.041
301.075
301.109
301.144
301.179
301.214
301.25
301.286
301.322
301.359
301.396
301.433
301.471
301.508
301.546
301.583
301.62
301.657
301.694
301.731
301.767
301.803
301.839
301.874
301.908
301.942
300.004
300.011
300.019
300.027
300.035
300.043
300.052
300.062
300.071
300.081
300.092
300.102
300.113
300.125
300.137
300.149
300.161
300.174
300.188
300.202
300.216
300.231
300.246
300.262
300.278
300.294
300.311
300.329
300.347
300.365
300.384
300.403
300.423
300.444
300.465
300.486
300.508
300.531
300.554
300.577
300.601
300.626
300.651
300.677
300.703
300.73
300.758
300.786
300.814
300.843
300.873
300.903
300.933
300.964
300.996
301.028
301.06
301.093
301.127
301.16
301.194
301.228
301.263
301.298
301.333
301.368
301.403
301.438
301.474
301.509
301.544
301.579
301.614
301.648
301.682
301.716
301.75
301.783
301.815
301.848
301.879
300.004
300.011
300.019
300.027
300.035
300.043
300.052
300.062
300.071
300.081
300.091
300.102
300.113
300.125
300.136
300.149
300.161
300.174
300.188
300.201
300.216
300.23
300.245
300.261
300.277
300.293
300.31
300.327
300.345
300.364
300.382
300.402
300.421
300.442
300.462
300.484
300.505
300.528
300.55
300.574
300.597
300.622
300.646
300.672
300.698
300.724
300.751
300.778
300.806
300.834
300.863
300.892
300.922
300.952
300.982
301.013
301.044
301.076
301.108
301.14
301.173
301.205
301.238
301.271
301.304
301.338
301.371
301.404
301.437
301.47
301.503
301.536
301.569
301.601
301.633
301.665
301.696
301.727
301.757
301.787
301.817
300.004
300.011
300.019
300.027
300.035
300.043
300.052
300.062
300.071
300.081
300.091
300.102
300.113
300.124
300.136
300.148
300.161
300.174
300.187
300.201
300.215
300.23
300.245
300.26
300.276
300.292
300.309
300.326
300.344
300.362
300.381
300.4
300.419
300.439
300.46
300.481
300.502
300.524
300.546
300.569
300.593
300.617
300.641
300.666
300.691
300.717
300.743
300.769
300.797
300.824
300.852
300.88
300.909
300.938
300.967
300.997
301.027
301.057
301.088
301.119
301.149
301.181
301.212
301.243
301.274
301.306
301.337
301.369
301.4
301.431
301.462
301.492
301.523
301.553
301.583
301.612
301.642
301.67
301.699
301.727
301.754
300.004
300.011
300.019
300.026
300.035
300.043
300.052
300.061
300.071
300.081
300.091
300.102
300.113
300.124
300.136
300.148
300.16
300.173
300.187
300.2
300.214
300.229
300.244
300.259
300.275
300.291
300.308
300.325
300.342
300.36
300.379
300.397
300.417
300.437
300.457
300.477
300.499
300.52
300.542
300.565
300.588
300.611
300.635
300.659
300.684
300.709
300.734
300.76
300.786
300.813
300.84
300.867
300.895
300.923
300.951
300.979
301.008
301.037
301.066
301.096
301.125
301.154
301.184
301.214
301.243
301.273
301.302
301.332
301.361
301.39
301.419
301.448
301.476
301.505
301.532
301.56
301.587
301.614
301.641
301.667
301.692
300.004
300.011
300.018
300.026
300.035
300.043
300.052
300.061
300.071
300.081
300.091
300.101
300.112
300.124
300.135
300.147
300.16
300.173
300.186
300.2
300.214
300.228
300.243
300.258
300.274
300.29
300.306
300.323
300.34
300.358
300.376
300.395
300.414
300.433
300.453
300.474
300.494
300.516
300.537
300.559
300.582
300.605
300.628
300.651
300.675
300.7
300.724
300.75
300.775
300.801
300.827
300.853
300.88
300.906
300.933
300.961
300.988
301.016
301.043
301.071
301.099
301.127
301.155
301.183
301.211
301.239
301.266
301.294
301.322
301.349
301.376
301.403
301.429
301.456
301.482
301.508
301.533
301.558
301.583
301.607
301.631
300.004
300.011
300.018
300.026
300.035
300.043
300.052
300.061
300.071
300.08
300.091
300.101
300.112
300.123
300.135
300.147
300.159
300.172
300.185
300.199
300.213
300.227
300.242
300.257
300.272
300.288
300.304
300.321
300.338
300.356
300.374
300.392
300.411
300.43
300.45
300.47
300.49
300.511
300.532
300.553
300.575
300.598
300.62
300.643
300.666
300.69
300.714
300.738
300.763
300.788
300.813
300.838
300.863
300.889
300.915
300.941
300.967
300.993
301.019
301.046
301.072
301.099
301.125
301.151
301.178
301.204
301.23
301.256
301.282
301.307
301.332
301.358
301.382
301.407
301.431
301.455
301.479
301.503
301.526
301.548
301.571
300.004
300.011
300.018
300.026
300.034
300.043
300.052
300.061
300.07
300.08
300.09
300.101
300.112
300.123
300.134
300.146
300.159
300.171
300.184
300.198
300.212
300.226
300.24
300.255
300.271
300.286
300.303
300.319
300.336
300.353
300.371
300.389
300.407
300.426
300.445
300.465
300.485
300.505
300.526
300.547
300.568
300.59
300.612
300.634
300.657
300.679
300.703
300.726
300.75
300.773
300.797
300.822
300.846
300.871
300.895
300.92
300.945
300.97
300.995
301.02
301.045
301.069
301.094
301.119
301.144
301.168
301.193
301.217
301.241
301.265
301.289
301.312
301.336
301.359
301.381
301.404
301.426
301.448
301.469
301.491
301.512
300.004
300.011
300.018
300.026
300.034
300.043
300.052
300.061
300.07
300.08
300.09
300.1
300.111
300.122
300.134
300.146
300.158
300.171
300.183
300.197
300.21
300.225
300.239
300.254
300.269
300.284
300.3
300.317
300.333
300.35
300.368
300.385
300.404
300.422
300.441
300.46
300.479
300.499
300.519
300.54
300.56
300.582
300.603
300.624
300.646
300.668
300.69
300.713
300.736
300.758
300.781
300.805
300.828
300.851
300.875
300.898
300.922
300.945
300.969
300.993
301.016
301.04
301.063
301.086
301.11
301.133
301.156
301.178
301.201
301.223
301.246
301.267
301.289
301.311
301.332
301.353
301.374
301.394
301.414
301.434
301.454
300.004
300.011
300.018
300.026
300.034
300.043
300.051
300.06
300.07
300.08
300.09
300.1
300.111
300.122
300.133
300.145
300.157
300.17
300.182
300.196
300.209
300.223
300.237
300.252
300.267
300.282
300.298
300.314
300.33
300.347
300.364
300.382
300.399
300.417
300.436
300.454
300.473
300.493
300.512
300.532
300.552
300.573
300.593
300.614
300.635
300.656
300.678
300.699
300.721
300.743
300.765
300.787
300.809
300.831
300.854
300.876
300.898
300.921
300.943
300.965
300.987
301.01
301.032
301.054
301.075
301.097
301.118
301.14
301.161
301.182
301.203
301.223
301.244
301.264
301.283
301.303
301.322
301.342
301.36
301.379
301.397
300.004
300.011
300.018
300.026
300.034
300.042
300.051
300.06
300.07
300.079
300.089
300.099
300.11
300.121
300.132
300.144
300.156
300.169
300.181
300.194
300.208
300.221
300.236
300.25
300.265
300.28
300.295
300.311
300.327
300.344
300.36
300.377
300.395
300.412
300.43
300.449
300.467
300.486
300.505
300.524
300.544
300.563
300.583
300.603
300.623
300.644
300.664
300.685
300.706
300.727
300.748
300.769
300.79
300.811
300.832
300.853
300.875
300.896
300.917
300.938
300.959
300.979
301
301.021
301.041
301.062
301.082
301.102
301.122
301.141
301.161
301.18
301.199
301.218
301.236
301.255
301.273
301.291
301.308
301.325
301.343
300.004
300.011
300.018
300.026
300.034
300.042
300.051
300.06
300.069
300.079
300.089
300.099
300.11
300.12
300.132
300.143
300.155
300.167
300.18
300.193
300.206
300.22
300.234
300.248
300.262
300.277
300.293
300.308
300.324
300.34
300.356
300.373
300.39
300.407
300.425
300.442
300.46
300.478
300.497
300.516
300.534
300.553
300.573
300.592
300.611
300.631
300.651
300.67
300.69
300.71
300.73
300.75
300.77
300.791
300.811
300.831
300.851
300.871
300.891
300.91
300.93
300.95
300.969
300.989
301.008
301.027
301.046
301.065
301.083
301.102
301.12
301.138
301.156
301.173
301.191
301.208
301.225
301.242
301.258
301.274
301.29
300.003
300.011
300.018
300.026
300.034
300.042
300.051
300.06
300.069
300.078
300.088
300.098
300.109
300.12
300.131
300.142
300.154
300.166
300.179
300.191
300.205
300.218
300.232
300.246
300.26
300.275
300.289
300.305
300.32
300.336
300.352
300.368
300.385
300.402
300.419
300.436
300.453
300.471
300.489
300.507
300.525
300.543
300.562
300.58
300.599
300.618
300.637
300.656
300.675
300.694
300.713
300.732
300.751
300.77
300.789
300.808
300.827
300.846
300.865
300.883
300.902
300.921
300.939
300.957
300.975
300.993
301.011
301.029
301.046
301.064
301.081
301.098
301.114
301.131
301.147
301.163
301.179
301.195
301.21
301.225
301.24
300.003
300.011
300.018
300.026
300.034
300.042
300.05
300.059
300.068
300.078
300.088
300.098
300.108
300.119
300.13
300.141
300.153
300.165
300.177
300.19
300.203
300.216
300.229
300.243
300.257
300.272
300.286
300.301
300.316
300.332
300.347
300.363
300.379
300.396
300.412
300.429
300.446
300.463
300.48
300.498
300.515
300.533
300.551
300.569
300.587
300.605
300.623
300.641
300.659
300.677
300.695
300.714
300.732
300.75
300.768
300.786
300.804
300.822
300.84
300.857
300.875
300.892
300.91
300.927
300.944
300.961
300.978
300.994
301.011
301.027
301.043
301.059
301.075
301.09
301.106
301.121
301.136
301.15
301.165
301.179
301.193
300.003
300.01
300.018
300.025
300.033
300.041
300.05
300.059
300.068
300.077
300.087
300.097
300.107
300.118
300.129
300.14
300.152
300.164
300.176
300.188
300.201
300.214
300.227
300.241
300.255
300.269
300.283
300.298
300.312
300.328
300.343
300.358
300.374
300.39
300.406
300.422
300.439
300.455
300.472
300.489
300.506
300.523
300.54
300.557
300.574
300.592
300.609
300.626
300.644
300.661
300.678
300.696
300.713
300.73
300.748
300.765
300.782
300.799
300.816
300.832
300.849
300.866
300.882
300.898
300.914
300.93
300.946
300.962
300.977
300.993
301.008
301.023
301.038
301.052
301.067
301.081
301.095
301.109
301.123
301.136
301.149
300.003
300.01
300.018
300.025
300.033
300.041
300.05
300.058
300.067
300.077
300.086
300.096
300.107
300.117
300.128
300.139
300.15
300.162
300.174
300.186
300.199
300.212
300.225
300.238
300.252
300.266
300.28
300.294
300.308
300.323
300.338
300.353
300.369
300.384
300.4
300.415
300.431
300.447
300.464
300.48
300.496
300.513
300.529
300.546
300.562
300.579
300.596
300.612
300.629
300.646
300.662
300.679
300.695
300.712
300.728
300.744
300.761
300.777
300.793
300.809
300.825
300.84
300.856
300.871
300.887
300.902
300.917
300.932
300.946
300.961
300.975
300.989
301.003
301.017
301.031
301.044
301.058
301.071
301.084
301.096
301.109
300.003
300.01
300.018
300.025
300.033
300.041
300.049
300.058
300.067
300.076
300.086
300.096
300.106
300.116
300.127
300.138
300.149
300.161
300.172
300.185
300.197
300.21
300.222
300.236
300.249
300.263
300.276
300.29
300.305
300.319
300.334
300.348
300.363
300.378
300.394
300.409
300.424
300.44
300.456
300.471
300.487
300.503
300.519
300.535
300.551
300.567
300.583
300.599
300.615
300.631
300.647
300.663
300.678
300.694
300.71
300.726
300.741
300.756
300.772
300.787
300.802
300.817
300.832
300.847
300.861
300.875
300.89
300.904
300.918
300.932
300.945
300.959
300.972
300.985
300.998
301.011
301.024
301.036
301.048
301.061
301.072
300.003
300.01
300.017
300.025
300.033
300.041
300.049
300.058
300.066
300.076
300.085
300.095
300.105
300.115
300.126
300.137
300.148
300.159
300.171
300.183
300.195
300.207
300.22
300.233
300.246
300.26
300.273
300.287
300.301
300.315
300.329
300.344
300.358
300.373
300.388
300.403
300.418
300.433
300.448
300.463
300.479
300.494
300.509
300.525
300.54
300.556
300.571
300.587
300.602
300.617
300.633
300.648
300.663
300.678
300.693
300.708
300.723
300.738
300.753
300.767
300.782
300.796
300.81
300.824
300.838
300.852
300.866
300.879
300.892
300.906
300.919
300.931
300.944
300.957
300.969
300.981
300.993
301.005
301.017
301.029
301.04
300.003
300.01
300.017
300.025
300.032
300.04
300.049
300.057
300.066
300.075
300.084
300.094
300.104
300.114
300.125
300.135
300.146
300.158
300.169
300.181
300.193
300.205
300.218
300.231
300.244
300.257
300.27
300.283
300.297
300.311
300.325
300.339
300.353
300.368
300.382
300.397
300.412
300.426
300.441
300.456
300.471
300.486
300.501
300.516
300.531
300.546
300.561
300.576
300.59
300.605
300.62
300.635
300.65
300.664
300.679
300.693
300.707
300.722
300.736
300.75
300.764
300.777
300.791
300.805
300.818
300.831
300.844
300.857
300.87
300.883
300.895
300.908
300.92
300.932
300.944
300.955
300.967
300.978
300.99
301.001
301.012
300.003
300.01
300.017
300.025
300.032
300.04
300.048
300.057
300.065
300.074
300.084
300.093
300.103
300.113
300.124
300.134
300.145
300.156
300.168
300.18
300.191
300.204
300.216
300.228
300.241
300.254
300.267
300.28
300.294
300.308
300.321
300.335
300.349
300.363
300.377
300.392
300.406
300.42
300.435
300.449
300.464
300.479
300.493
300.508
300.522
300.537
300.551
300.566
300.58
300.595
300.609
300.624
300.638
300.652
300.666
300.68
300.694
300.708
300.721
300.735
300.748
300.762
300.775
300.788
300.801
300.814
300.826
300.839
300.851
300.863
300.876
300.888
300.899
300.911
300.922
300.934
300.945
300.956
300.967
300.978
300.988
300.003
300.01
300.017
300.024
300.032
300.04
300.048
300.056
300.065
300.074
300.083
300.093
300.102
300.113
300.123
300.133
300.144
300.155
300.167
300.178
300.19
300.202
300.214
300.226
300.239
300.252
300.265
300.278
300.291
300.305
300.318
300.332
300.345
300.359
300.373
300.387
300.401
300.416
300.43
300.444
300.458
300.473
300.487
300.501
300.515
300.53
300.544
300.558
300.572
300.586
300.6
300.614
300.628
300.642
300.656
300.669
300.683
300.696
300.71
300.723
300.736
300.749
300.762
300.774
300.787
300.799
300.812
300.824
300.836
300.848
300.86
300.871
300.883
300.894
300.905
300.916
300.927
300.938
300.949
300.959
300.969
300.003
300.01
300.017
300.024
300.032
300.04
300.048
300.056
300.065
300.074
300.083
300.092
300.102
300.112
300.122
300.133
300.143
300.154
300.165
300.177
300.189
300.2
300.213
300.225
300.237
300.25
300.263
300.276
300.289
300.302
300.315
300.329
300.343
300.356
300.37
300.384
300.398
300.412
300.426
300.44
300.454
300.468
300.482
300.496
300.51
300.524
300.538
300.552
300.566
300.58
300.593
300.607
300.621
300.634
300.648
300.661
300.674
300.688
300.701
300.714
300.726
300.739
300.752
300.764
300.776
300.789
300.801
300.813
300.825
300.836
300.848
300.859
300.87
300.881
300.892
300.903
300.914
300.924
300.935
300.945
300.955
300.003
300.01
300.017
300.024
300.032
300.039
300.047
300.056
300.064
300.073
300.082
300.092
300.101
300.111
300.121
300.132
300.143
300.153
300.165
300.176
300.188
300.199
300.211
300.224
300.236
300.249
300.261
300.274
300.287
300.3
300.314
300.327
300.34
300.354
300.368
300.381
300.395
300.409
300.423
300.437
300.45
300.464
300.478
300.492
300.506
300.52
300.534
300.547
300.561
300.575
300.588
300.602
300.615
300.629
300.642
300.655
300.668
300.681
300.694
300.707
300.72
300.732
300.745
300.757
300.769
300.781
300.793
300.805
300.817
300.828
300.839
300.851
300.862
300.873
300.883
300.894
300.905
300.915
300.925
300.935
300.945
300.003
300.01
300.017
300.024
300.031
300.039
300.047
300.055
300.064
300.073
300.082
300.091
300.101
300.111
300.121
300.131
300.142
300.153
300.164
300.175
300.187
300.199
300.211
300.223
300.235
300.248
300.26
300.273
300.286
300.299
300.312
300.326
300.339
300.352
300.366
300.38
300.393
300.407
300.421
300.435
300.448
300.462
300.476
300.49
300.504
300.517
300.531
300.545
300.558
300.572
300.585
300.599
300.612
300.626
300.639
300.652
300.665
300.678
300.691
300.703
300.716
300.728
300.741
300.753
300.765
300.777
300.789
300.8
300.812
300.823
300.835
300.846
300.857
300.868
300.878
300.889
300.899
300.91
300.92
300.93
300.94
300.003
300.01
300.017
300.024
300.031
300.039
300.047
300.055
300.064
300.073
300.082
300.091
300.101
300.111
300.121
300.131
300.142
300.153
300.164
300.175
300.186
300.198
300.21
300.222
300.235
300.247
300.26
300.272
300.285
300.298
300.312
300.325
300.338
300.352
300.365
300.379
300.392
300.406
300.42
300.434
300.447
300.461
300.475
300.489
300.502
300.516
300.53
300.544
300.557
300.571
300.584
300.598
300.611
300.624
300.637
300.65
300.663
300.676
300.689
300.702
300.714
300.727
300.739
300.751
300.763
300.775
300.787
300.798
300.81
300.821
300.832
300.844
300.855
300.865
300.876
300.887
300.897
300.907
300.917
300.927
300.937
300.003
300.01
300.017
300.024
300.031
300.039
300.047
300.055
300.064
300.073
300.082
300.091
300.101
300.11
300.121
300.131
300.142
300.152
300.164
300.175
300.186
300.198
300.21
300.222
300.234
300.247
300.259
300.272
300.285
300.298
300.311
300.325
300.338
300.351
300.365
300.379
300.392
300.406
300.42
300.433
300.447
300.461
300.475
300.488
300.502
300.516
300.53
300.543
300.557
300.57
300.584
300.597
300.611
300.624
300.637
300.65
300.663
300.676
300.689
300.701
300.714
300.726
300.738
300.751
300.763
300.775
300.786
300.798
300.81
300.821
300.832
300.843
300.854
300.865
300.876
300.886
300.897
300.907
300.917
300.927
300.937
303.022
303.15
303.228
303.3
303.363
303.415
303.45
303.49
303.529
303.567
303.598
303.632
303.667
303.701
303.735
303.768
303.799
303.826
303.856
303.885
303.914
303.944
303.974
304.002
304.032
304.06
304.088
304.116
304.144
304.17
304.198
304.224
304.25
304.277
304.303
304.328
304.354
304.379
304.404
304.429
304.454
304.477
304.503
304.53
304.557
304.582
304.605
304.63
304.656
304.682
304.706
304.728
304.753
304.778
304.803
304.829
304.855
304.88
304.906
304.93
304.951
304.974
304.997
305.022
305.046
305.071
305.096
305.12
305.145
305.169
305.193
305.217
305.24
305.264
305.287
305.311
305.334
305.358
305.38
305.405
305.433
305.459
305.482
305.506
305.527
305.548
305.573
305.6
305.625
305.647
305.667
305.692
305.719
305.741
305.767
305.794
305.819
305.842
305.868
305.892
305.914
305.939
305.961
305.985
306.012
306.04
306.065
306.086
306.11
306.131
306.155
306.181
306.209
306.237
306.262
306.282
306.306
306.333
306.36
306.384
306.402
306.425
306.45
306.474
306.498
306.516
306.537
306.559
306.581
306.603
306.624
306.644
306.663
306.681
306.698
306.713
306.728
306.741
306.752
306.762
306.77
306.777
306.781
306.784
306.784
306.781
306.776
306.769
306.758
306.742
306.722
306.698
306.672
306.641
306.604
306.561
306.513
306.429
306.351
306.252
306.123
302.92
303.034
303.122
303.197
303.263
303.318
303.364
303.408
303.449
303.489
303.525
303.561
303.597
303.632
303.667
303.7
303.732
303.763
303.793
303.823
303.853
303.884
303.913
303.943
303.972
304.001
304.03
304.058
304.086
304.114
304.141
304.168
304.195
304.222
304.248
304.274
304.3
304.326
304.351
304.377
304.402
304.427
304.452
304.479
304.505
304.53
304.555
304.58
304.606
304.631
304.656
304.68
304.704
304.729
304.755
304.78
304.806
304.832
304.857
304.881
304.904
304.927
304.951
304.976
305
305.025
305.05
305.075
305.099
305.124
305.148
305.172
305.196
305.219
305.243
305.267
305.291
305.314
305.338
305.363
305.39
305.415
305.439
305.463
305.485
305.508
305.532
305.558
305.583
305.606
305.628
305.652
305.678
305.702
305.728
305.754
305.78
305.803
305.829
305.853
305.876
305.901
305.924
305.949
305.975
306.002
306.028
306.05
306.074
306.096
306.121
306.147
306.174
306.202
306.227
306.248
306.273
306.299
306.325
306.349
306.37
306.393
306.417
306.442
306.465
306.485
306.506
306.528
306.551
306.572
306.594
306.614
306.633
306.651
306.669
306.685
306.699
306.712
306.724
306.734
306.743
306.749
306.754
306.757
306.757
306.755
306.75
306.742
306.731
306.715
306.695
306.671
306.644
306.612
306.575
306.53
306.478
306.397
306.315
306.211
306.069
302.838
302.937
303.023
303.099
303.165
303.223
303.275
303.322
303.366
303.408
303.448
303.486
303.523
303.559
303.595
303.629
303.662
303.695
303.726
303.758
303.788
303.819
303.85
303.88
303.91
303.939
303.968
303.997
304.026
304.054
304.082
304.109
304.136
304.163
304.19
304.217
304.243
304.269
304.295
304.321
304.346
304.372
304.398
304.424
304.45
304.476
304.501
304.527
304.553
304.578
304.603
304.628
304.653
304.678
304.703
304.729
304.755
304.78
304.806
304.83
304.854
304.877
304.902
304.926
304.951
304.976
305.001
305.026
305.051
305.075
305.1
305.124
305.148
305.172
305.196
305.22
305.244
305.268
305.292
305.318
305.344
305.369
305.394
305.417
305.441
305.464
305.488
305.514
305.539
305.562
305.585
305.61
305.635
305.66
305.686
305.712
305.737
305.762
305.787
305.812
305.836
305.86
305.884
305.909
305.935
305.962
305.987
306.011
306.035
306.058
306.083
306.109
306.136
306.164
306.189
306.212
306.237
306.263
306.289
306.313
306.335
306.358
306.383
306.407
306.431
306.451
306.473
306.495
306.518
306.54
306.561
306.582
306.601
306.62
306.637
306.654
306.669
306.682
306.694
306.705
306.713
306.72
306.725
306.728
306.728
306.726
306.721
306.713
306.702
306.687
306.666
306.642
306.615
306.583
306.544
306.498
306.443
306.363
306.278
306.169
306.018
302.764
302.852
302.932
303.005
303.071
303.131
303.185
303.235
303.281
303.325
303.367
303.407
303.446
303.483
303.52
303.555
303.589
303.623
303.656
303.688
303.72
303.751
303.782
303.813
303.843
303.873
303.903
303.932
303.961
303.99
304.018
304.046
304.074
304.101
304.129
304.156
304.182
304.209
304.235
304.261
304.288
304.314
304.34
304.366
304.392
304.418
304.444
304.47
304.496
304.522
304.547
304.572
304.597
304.623
304.648
304.674
304.7
304.726
304.751
304.776
304.8
304.824
304.849
304.874
304.899
304.924
304.949
304.974
304.999
305.024
305.048
305.073
305.097
305.122
305.146
305.17
305.195
305.219
305.244
305.269
305.295
305.32
305.345
305.369
305.393
305.417
305.441
305.467
305.492
305.516
305.54
305.564
305.59
305.615
305.641
305.667
305.692
305.717
305.743
305.768
305.792
305.817
305.842
305.867
305.893
305.92
305.945
305.969
305.994
306.018
306.043
306.069
306.096
306.123
306.149
306.173
306.198
306.224
306.25
306.275
306.298
306.321
306.346
306.37
306.394
306.416
306.438
306.46
306.483
306.505
306.527
306.548
306.568
306.586
306.604
306.621
306.636
306.65
306.662
306.673
306.682
306.689
306.694
306.697
306.698
306.696
306.691
306.683
306.672
306.656
306.636
306.612
306.584
306.551
306.511
306.464
306.406
306.327
306.238
306.126
305.97
302.695
302.773
302.847
302.917
302.981
303.04
303.095
303.147
303.195
303.24
303.284
303.325
303.365
303.404
303.441
303.478
303.513
303.548
303.581
303.615
303.647
303.679
303.711
303.742
303.773
303.804
303.834
303.864
303.893
303.922
303.951
303.98
304.008
304.036
304.063
304.091
304.118
304.145
304.172
304.198
304.225
304.251
304.278
304.304
304.331
304.357
304.383
304.409
304.436
304.461
304.487
304.513
304.538
304.564
304.59
304.616
304.642
304.667
304.693
304.718
304.743
304.768
304.793
304.818
304.843
304.868
304.893
304.918
304.944
304.969
304.994
305.018
305.043
305.068
305.093
305.117
305.142
305.167
305.192
305.217
305.243
305.268
305.293
305.318
305.342
305.366
305.391
305.417
305.442
305.466
305.491
305.516
305.541
305.567
305.593
305.619
305.644
305.67
305.695
305.721
305.746
305.771
305.796
305.822
305.848
305.874
305.9
305.925
305.95
305.975
306
306.027
306.053
306.08
306.106
306.131
306.157
306.183
306.209
306.234
306.258
306.282
306.306
306.331
306.355
306.377
306.4
306.423
306.446
306.468
306.49
306.511
306.532
306.551
306.569
306.586
306.601
306.616
306.628
306.64
306.649
306.656
306.662
306.665
306.666
306.664
306.659
306.651
306.64
306.624
306.604
306.58
306.552
306.517
306.477
306.428
306.368
306.29
306.198
306.082
305.924
302.627
302.698
302.767
302.832
302.894
302.952
303.007
303.059
303.107
303.154
303.198
303.241
303.282
303.322
303.36
303.397
303.434
303.469
303.504
303.538
303.571
303.604
303.636
303.668
303.699
303.73
303.761
303.791
303.821
303.851
303.88
303.909
303.938
303.966
303.994
304.022
304.05
304.077
304.104
304.132
304.158
304.185
304.212
304.239
304.266
304.292
304.319
304.345
304.372
304.398
304.424
304.45
304.476
304.502
304.528
304.554
304.58
304.606
304.631
304.657
304.682
304.707
304.733
304.758
304.783
304.809
304.834
304.86
304.885
304.91
304.936
304.961
304.986
305.011
305.036
305.061
305.086
305.111
305.136
305.162
305.187
305.213
305.238
305.263
305.288
305.313
305.338
305.363
305.389
305.414
305.439
305.464
305.49
305.515
305.541
305.567
305.594
305.619
305.645
305.671
305.696
305.722
305.747
305.773
305.8
305.826
305.852
305.878
305.903
305.928
305.954
305.981
306.008
306.035
306.061
306.087
306.113
306.139
306.165
306.19
306.215
306.24
306.264
306.289
306.313
306.337
306.36
306.383
306.406
306.429
306.451
306.473
306.493
306.513
306.531
306.549
306.565
306.579
306.592
306.604
306.613
306.621
306.627
306.63
306.631
306.63
306.625
306.617
306.606
306.591
306.57
306.546
306.517
306.482
306.44
306.39
306.329
306.25
306.156
306.038
305.88
302.561
302.626
302.689
302.751
302.81
302.866
302.92
302.971
303.02
303.067
303.112
303.155
303.196
303.237
303.276
303.314
303.351
303.387
303.423
303.457
303.491
303.525
303.558
303.59
303.622
303.654
303.685
303.715
303.746
303.776
303.806
303.835
303.864
303.893
303.921
303.95
303.978
304.006
304.033
304.061
304.088
304.116
304.143
304.17
304.197
304.224
304.251
304.277
304.304
304.33
304.357
304.383
304.409
304.436
304.462
304.488
304.514
304.54
304.566
304.592
304.618
304.643
304.669
304.695
304.72
304.746
304.772
304.797
304.823
304.848
304.874
304.899
304.925
304.95
304.975
305.001
305.026
305.051
305.077
305.103
305.128
305.154
305.18
305.205
305.23
305.256
305.281
305.307
305.332
305.358
305.383
305.409
305.435
305.461
305.487
305.513
305.539
305.566
305.592
305.618
305.644
305.669
305.695
305.722
305.748
305.775
305.801
305.827
305.853
305.879
305.905
305.932
305.959
305.986
306.013
306.039
306.065
306.092
306.118
306.144
306.169
306.194
306.22
306.245
306.269
306.293
306.317
306.341
306.364
306.387
306.41
306.432
306.452
306.472
306.491
306.509
306.525
306.54
306.554
306.566
306.576
306.584
306.59
306.594
306.595
306.594
306.589
306.582
306.57
306.555
306.535
306.51
306.481
306.445
306.402
306.351
306.288
306.209
306.113
305.994
305.838
302.495
302.555
302.614
302.671
302.727
302.781
302.834
302.884
302.932
302.979
303.024
303.067
303.109
303.15
303.19
303.228
303.266
303.303
303.338
303.374
303.408
303.442
303.476
303.509
303.541
303.573
303.605
303.636
303.667
303.697
303.727
303.757
303.787
303.816
303.845
303.874
303.902
303.93
303.958
303.986
304.014
304.042
304.069
304.097
304.124
304.151
304.178
304.205
304.232
304.259
304.286
304.312
304.339
304.365
304.392
304.418
304.445
304.471
304.497
304.524
304.55
304.576
304.601
304.627
304.653
304.679
304.705
304.731
304.757
304.783
304.808
304.834
304.86
304.886
304.911
304.937
304.962
304.988
305.014
305.04
305.066
305.092
305.118
305.143
305.169
305.195
305.221
305.246
305.272
305.298
305.324
305.35
305.376
305.402
305.429
305.455
305.482
305.508
305.535
305.561
305.588
305.614
305.64
305.667
305.694
305.72
305.747
305.774
305.8
305.827
305.853
305.88
305.908
305.935
305.962
305.989
306.015
306.042
306.069
306.095
306.121
306.146
306.172
306.197
306.223
306.247
306.271
306.295
306.319
306.343
306.366
306.388
306.409
306.429
306.449
306.467
306.484
306.499
306.513
306.525
306.536
306.544
306.551
306.555
306.557
306.555
306.551
306.544
306.532
306.517
306.497
306.472
306.442
306.406
306.363
306.31
306.246
306.166
306.07
305.95
305.797
302.43
302.485
302.54
302.594
302.647
302.699
302.749
302.798
302.845
302.891
302.935
302.979
303.021
303.062
303.101
303.14
303.178
303.215
303.252
303.287
303.322
303.357
303.391
303.424
303.457
303.489
303.521
303.553
303.584
303.615
303.645
303.676
303.706
303.735
303.765
303.794
303.823
303.851
303.88
303.908
303.936
303.964
303.992
304.02
304.047
304.075
304.102
304.129
304.157
304.184
304.211
304.238
304.265
304.291
304.318
304.345
304.372
304.398
304.425
304.451
304.478
304.504
304.53
304.556
304.582
304.609
304.635
304.661
304.687
304.713
304.739
304.765
304.791
304.817
304.843
304.869
304.895
304.921
304.947
304.974
305
305.026
305.052
305.078
305.104
305.13
305.156
305.183
305.209
305.235
305.261
305.288
305.314
305.341
305.367
305.394
305.421
305.448
305.475
305.501
305.528
305.555
305.582
305.609
305.636
305.663
305.69
305.717
305.744
305.771
305.798
305.825
305.853
305.88
305.908
305.935
305.962
305.989
306.016
306.043
306.069
306.095
306.121
306.147
306.173
306.198
306.223
306.247
306.271
306.295
306.319
306.341
306.363
306.384
306.404
306.422
306.44
306.455
306.47
306.483
306.494
306.503
306.509
306.514
306.516
306.515
306.511
306.504
306.492
306.477
306.457
306.432
306.402
306.365
306.321
306.267
306.202
306.122
306.025
305.906
305.757
302.365
302.416
302.467
302.518
302.568
302.617
302.665
302.712
302.758
302.803
302.847
302.89
302.931
302.972
303.012
303.051
303.089
303.126
303.162
303.198
303.234
303.268
303.303
303.336
303.369
303.402
303.434
303.466
303.498
303.529
303.56
303.591
303.621
303.651
303.681
303.71
303.739
303.768
303.797
303.826
303.854
303.882
303.911
303.939
303.967
303.994
304.022
304.05
304.077
304.105
304.132
304.159
304.186
304.214
304.241
304.268
304.295
304.321
304.348
304.375
304.402
304.428
304.455
304.481
304.508
304.534
304.561
304.587
304.613
304.64
304.666
304.693
304.719
304.745
304.772
304.798
304.824
304.85
304.877
304.903
304.93
304.956
304.983
305.009
305.036
305.062
305.088
305.115
305.142
305.168
305.195
305.221
305.248
305.275
305.302
305.329
305.356
305.384
305.411
305.438
305.465
305.492
305.519
305.547
305.574
305.602
305.629
305.656
305.684
305.711
305.739
305.767
305.794
305.822
305.85
305.878
305.905
305.933
305.96
305.987
306.014
306.041
306.068
306.094
306.12
306.146
306.171
306.196
306.221
306.245
306.269
306.292
306.314
306.335
306.356
306.375
306.393
306.409
306.424
306.437
306.449
306.458
306.465
306.47
306.473
306.472
306.468
306.461
306.45
306.435
306.415
306.39
306.359
306.322
306.277
306.223
306.157
306.077
305.98
305.862
305.718
302.3
302.348
302.396
302.443
302.49
302.537
302.583
302.628
302.672
302.716
302.758
302.8
302.841
302.881
302.921
302.959
302.997
303.035
303.071
303.107
303.143
303.177
303.212
303.246
303.279
303.312
303.345
303.377
303.409
303.44
303.471
303.502
303.533
303.563
303.593
303.623
303.652
303.682
303.711
303.74
303.768
303.797
303.826
303.854
303.882
303.91
303.938
303.966
303.994
304.022
304.049
304.077
304.104
304.132
304.159
304.186
304.213
304.241
304.268
304.295
304.322
304.348
304.375
304.402
304.429
304.456
304.482
304.509
304.536
304.563
304.589
304.616
304.643
304.669
304.696
304.722
304.749
304.776
304.803
304.829
304.856
304.883
304.91
304.936
304.963
304.99
305.017
305.044
305.071
305.097
305.124
305.152
305.179
305.206
305.233
305.261
305.288
305.316
305.343
305.371
305.398
305.426
305.454
305.481
305.509
305.537
305.565
305.593
305.62
305.648
305.676
305.705
305.733
305.761
305.789
305.817
305.845
305.873
305.901
305.929
305.956
305.983
306.01
306.037
306.064
306.09
306.116
306.142
306.167
306.192
306.216
306.239
306.262
306.284
306.305
306.324
306.343
306.36
306.375
306.389
306.401
306.411
306.419
306.424
306.427
306.427
306.423
306.416
306.406
306.391
306.371
306.346
306.315
306.278
306.232
306.177
306.111
306.031
305.935
305.819
305.68
302.235
302.28
302.324
302.369
302.413
302.457
302.501
302.544
302.587
302.629
302.67
302.711
302.751
302.79
302.829
302.867
302.905
302.942
302.978
303.014
303.049
303.084
303.119
303.153
303.186
303.219
303.252
303.284
303.316
303.348
303.379
303.41
303.441
303.472
303.502
303.532
303.562
303.591
303.621
303.65
303.679
303.708
303.737
303.765
303.794
303.822
303.851
303.879
303.907
303.935
303.963
303.99
304.018
304.046
304.073
304.101
304.128
304.156
304.183
304.21
304.238
304.265
304.292
304.319
304.346
304.373
304.4
304.427
304.454
304.481
304.508
304.535
304.562
304.589
304.616
304.643
304.67
304.697
304.724
304.751
304.778
304.805
304.833
304.86
304.887
304.914
304.941
304.968
304.996
305.023
305.05
305.078
305.105
305.133
305.161
305.188
305.216
305.244
305.272
305.3
305.328
305.356
305.384
305.412
305.44
305.469
305.497
305.525
305.554
305.582
305.61
305.639
305.668
305.696
305.725
305.753
305.782
305.81
305.839
305.867
305.895
305.922
305.95
305.977
306.004
306.031
306.058
306.084
306.11
306.135
306.16
306.184
306.207
306.229
306.251
306.271
306.29
306.308
306.324
306.338
306.351
306.361
306.369
306.375
306.378
306.379
306.376
306.369
306.359
306.344
306.324
306.299
306.269
306.231
306.185
306.13
306.064
305.984
305.889
305.776
305.643
302.17
302.212
302.254
302.295
302.337
302.379
302.42
302.461
302.502
302.542
302.582
302.622
302.661
302.699
302.737
302.775
302.812
302.848
302.884
302.92
302.955
302.989
303.024
303.057
303.091
303.124
303.157
303.189
303.221
303.253
303.285
303.316
303.347
303.377
303.408
303.438
303.468
303.498
303.528
303.557
303.586
303.615
303.644
303.673
303.702
303.731
303.759
303.788
303.816
303.844
303.872
303.9
303.928
303.956
303.984
304.012
304.039
304.067
304.095
304.122
304.15
304.177
304.205
304.232
304.259
304.287
304.314
304.342
304.369
304.396
304.423
304.451
304.478
304.505
304.533
304.56
304.587
304.614
304.642
304.669
304.697
304.724
304.752
304.779
304.807
304.834
304.862
304.889
304.917
304.945
304.972
305
305.028
305.056
305.084
305.112
305.141
305.169
305.197
305.225
305.254
305.282
305.311
305.339
305.368
305.397
305.425
305.454
305.483
305.512
305.541
305.57
305.599
305.628
305.657
305.686
305.715
305.744
305.772
305.801
305.83
305.858
305.886
305.914
305.942
305.969
305.996
306.023
306.049
306.075
306.1
306.125
306.149
306.172
306.194
306.215
306.234
306.252
306.269
306.284
306.297
306.308
306.317
306.324
306.327
306.328
306.326
306.32
306.31
306.295
306.276
306.251
306.22
306.182
306.137
306.082
306.016
305.937
305.843
305.733
305.605
302.105
302.144
302.183
302.222
302.262
302.301
302.34
302.379
302.418
302.456
302.495
302.533
302.57
302.608
302.645
302.681
302.718
302.753
302.789
302.824
302.859
302.893
302.927
302.961
302.994
303.027
303.059
303.092
303.124
303.156
303.187
303.218
303.249
303.28
303.311
303.341
303.371
303.401
303.431
303.461
303.49
303.519
303.549
303.578
303.607
303.635
303.664
303.693
303.721
303.75
303.778
303.806
303.835
303.863
303.891
303.919
303.947
303.975
304.003
304.03
304.058
304.086
304.114
304.141
304.169
304.197
304.224
304.252
304.279
304.307
304.335
304.362
304.39
304.417
304.445
304.473
304.5
304.528
304.556
304.583
304.611
304.639
304.667
304.694
304.722
304.75
304.778
304.806
304.834
304.862
304.89
304.919
304.947
304.975
305.004
305.032
305.061
305.09
305.118
305.147
305.176
305.205
305.234
305.263
305.292
305.321
305.35
305.379
305.408
305.438
305.467
305.497
305.526
305.556
305.585
305.615
305.644
305.674
305.703
305.732
305.761
305.79
305.819
305.847
305.875
305.903
305.931
305.958
305.985
306.012
306.038
306.063
306.087
306.111
306.133
306.155
306.175
306.194
306.211
306.227
306.241
306.253
306.262
306.269
306.274
306.275
306.273
306.267
306.258
306.244
306.225
306.2
306.17
306.132
306.086
306.032
305.966
305.889
305.797
305.691
305.569
302.04
302.077
302.113
302.15
302.187
302.224
302.261
302.298
302.335
302.371
302.408
302.445
302.481
302.517
302.553
302.588
302.623
302.658
302.693
302.728
302.762
302.795
302.829
302.862
302.895
302.928
302.96
302.992
303.024
303.056
303.087
303.119
303.15
303.18
303.211
303.241
303.272
303.302
303.332
303.361
303.391
303.42
303.45
303.479
303.508
303.537
303.566
303.595
303.623
303.652
303.68
303.709
303.737
303.766
303.794
303.822
303.85
303.879
303.907
303.935
303.963
303.991
304.019
304.047
304.075
304.102
304.13
304.158
304.186
304.214
304.242
304.27
304.298
304.326
304.353
304.381
304.409
304.437
304.465
304.493
304.522
304.55
304.578
304.606
304.634
304.662
304.691
304.719
304.748
304.776
304.805
304.833
304.862
304.891
304.92
304.948
304.977
305.007
305.036
305.065
305.094
305.123
305.153
305.182
305.212
305.241
305.271
305.301
305.33
305.36
305.39
305.42
305.45
305.48
305.51
305.54
305.57
305.6
305.63
305.659
305.689
305.718
305.748
305.777
305.805
305.834
305.862
305.89
305.918
305.945
305.971
305.997
306.022
306.046
306.07
306.092
306.113
306.132
306.151
306.167
306.181
306.194
306.204
306.212
306.217
306.219
306.218
306.213
306.203
306.19
306.171
306.147
306.117
306.08
306.035
305.981
305.916
305.84
305.751
305.648
305.532
301.975
302.009
302.043
302.078
302.112
302.147
302.182
302.217
302.252
302.287
302.322
302.357
302.392
302.426
302.461
302.495
302.529
302.563
302.597
302.631
302.664
302.697
302.73
302.763
302.795
302.828
302.86
302.892
302.923
302.955
302.986
303.017
303.048
303.078
303.109
303.139
303.169
303.2
303.229
303.259
303.289
303.318
303.348
303.377
303.406
303.435
303.464
303.493
303.522
303.551
303.58
303.608
303.637
303.665
303.694
303.722
303.751
303.779
303.807
303.835
303.864
303.892
303.92
303.948
303.977
304.005
304.033
304.061
304.089
304.117
304.145
304.174
304.202
304.23
304.258
304.287
304.315
304.343
304.371
304.4
304.428
304.457
304.485
304.514
304.542
304.571
304.6
304.628
304.657
304.686
304.715
304.744
304.773
304.802
304.832
304.861
304.89
304.92
304.949
304.979
305.008
305.038
305.068
305.098
305.128
305.158
305.188
305.218
305.248
305.279
305.309
305.339
305.37
305.4
305.431
305.461
305.492
305.522
305.553
305.583
305.613
305.643
305.673
305.703
305.732
305.761
305.79
305.819
305.847
305.874
305.902
305.928
305.954
305.979
306.003
306.026
306.047
306.068
306.086
306.103
306.119
306.132
306.143
306.151
306.157
306.16
306.159
306.155
306.146
306.134
306.116
306.092
306.062
306.026
305.981
305.928
305.865
305.791
305.705
305.606
305.496
301.91
301.942
301.974
302.006
302.039
302.072
302.104
302.137
302.171
302.204
302.237
302.27
302.303
302.337
302.37
302.403
302.436
302.469
302.501
302.534
302.567
302.599
302.631
302.663
302.695
302.727
302.758
302.79
302.821
302.852
302.883
302.914
302.944
302.975
303.005
303.035
303.065
303.095
303.125
303.155
303.184
303.214
303.243
303.273
303.302
303.331
303.36
303.389
303.418
303.447
303.476
303.504
303.533
303.562
303.59
303.619
303.648
303.676
303.705
303.733
303.761
303.79
303.818
303.847
303.875
303.903
303.932
303.96
303.989
304.017
304.045
304.074
304.102
304.131
304.159
304.188
304.217
304.245
304.274
304.302
304.331
304.36
304.389
304.418
304.447
304.476
304.505
304.534
304.563
304.592
304.622
304.651
304.681
304.71
304.74
304.769
304.799
304.829
304.859
304.889
304.919
304.949
304.98
305.01
305.04
305.071
305.101
305.132
305.163
305.194
305.224
305.255
305.286
305.317
305.348
305.379
305.41
305.441
305.472
305.503
305.533
305.564
305.595
305.625
305.655
305.685
305.714
305.743
305.772
305.8
305.828
305.855
305.882
305.907
305.932
305.956
305.978
305.999
306.019
306.037
306.053
306.067
306.079
306.088
306.094
306.098
306.098
306.094
306.087
306.075
306.057
306.035
306.006
305.97
305.927
305.875
305.813
305.741
305.658
305.564
305.459
301.846
301.876
301.905
301.936
301.966
301.997
302.028
302.059
302.09
302.122
302.153
302.185
302.216
302.248
302.28
302.311
302.343
302.375
302.406
302.438
302.469
302.501
302.532
302.563
302.594
302.625
302.656
302.687
302.718
302.748
302.779
302.809
302.84
302.87
302.9
302.93
302.96
302.989
303.019
303.049
303.078
303.107
303.137
303.166
303.195
303.224
303.253
303.282
303.311
303.34
303.369
303.398
303.427
303.455
303.484
303.513
303.542
303.57
303.599
303.627
303.656
303.685
303.713
303.742
303.77
303.799
303.828
303.856
303.885
303.913
303.942
303.971
304
304.028
304.057
304.086
304.115
304.144
304.173
304.202
304.231
304.26
304.289
304.318
304.348
304.377
304.406
304.436
304.465
304.495
304.525
304.554
304.584
304.614
304.644
304.674
304.705
304.735
304.765
304.796
304.826
304.857
304.888
304.918
304.949
304.98
305.011
305.042
305.074
305.105
305.136
305.167
305.199
305.23
305.262
305.293
305.325
305.356
305.388
305.419
305.45
305.482
305.513
305.543
305.574
305.604
305.635
305.664
305.694
305.723
305.751
305.779
305.806
305.832
305.858
305.882
305.905
305.927
305.948
305.966
305.983
305.998
306.011
306.021
306.028
306.033
306.034
306.031
306.024
306.013
305.997
305.975
305.947
305.912
305.87
305.82
305.76
305.691
305.611
305.522
305.422
301.782
301.809
301.837
301.866
301.894
301.923
301.952
301.981
302.011
302.041
302.07
302.1
302.13
302.161
302.191
302.221
302.251
302.282
302.312
302.343
302.373
302.403
302.434
302.464
302.494
302.524
302.555
302.585
302.615
302.645
302.675
302.705
302.734
302.764
302.794
302.823
302.853
302.882
302.912
302.941
302.97
302.999
303.029
303.058
303.087
303.116
303.145
303.174
303.203
303.231
303.26
303.289
303.318
303.347
303.375
303.404
303.433
303.462
303.49
303.519
303.548
303.577
303.605
303.634
303.663
303.692
303.72
303.749
303.778
303.807
303.836
303.865
303.894
303.923
303.952
303.981
304.01
304.039
304.068
304.098
304.127
304.156
304.186
304.215
304.245
304.275
304.304
304.334
304.364
304.394
304.424
304.454
304.485
304.515
304.546
304.576
304.607
304.637
304.668
304.699
304.73
304.761
304.792
304.823
304.855
304.886
304.918
304.949
304.981
305.013
305.044
305.076
305.108
305.14
305.172
305.204
305.236
305.268
305.3
305.332
305.364
305.395
305.427
305.459
305.49
305.521
305.552
305.582
305.612
305.642
305.671
305.699
305.727
305.754
305.78
305.805
305.829
305.852
305.873
305.892
305.91
305.926
305.94
305.951
305.959
305.964
305.966
305.965
305.959
305.949
305.933
305.913
305.886
305.853
305.812
305.764
305.707
305.64
305.564
305.479
305.384
301.718
301.744
301.77
301.797
301.823
301.85
301.878
301.905
301.933
301.961
301.989
302.017
302.046
302.075
302.103
302.132
302.161
302.19
302.219
302.248
302.278
302.307
302.336
302.365
302.395
302.424
302.453
302.483
302.512
302.541
302.57
302.6
302.629
302.658
302.687
302.716
302.745
302.774
302.803
302.832
302.861
302.89
302.919
302.948
302.977
303.006
303.035
303.063
303.092
303.121
303.15
303.179
303.207
303.236
303.265
303.294
303.322
303.351
303.38
303.409
303.437
303.466
303.495
303.524
303.553
303.582
303.611
303.64
303.669
303.698
303.727
303.756
303.785
303.814
303.843
303.873
303.902
303.932
303.961
303.991
304.02
304.05
304.08
304.11
304.14
304.17
304.2
304.23
304.26
304.29
304.321
304.351
304.382
304.413
304.444
304.474
304.505
304.537
304.568
304.599
304.63
304.662
304.694
304.725
304.757
304.789
304.821
304.853
304.885
304.917
304.949
304.982
305.014
305.046
305.079
305.111
305.144
305.176
305.209
305.241
305.274
305.306
305.338
305.37
305.402
305.434
305.465
305.496
305.527
305.557
305.586
305.616
305.644
305.672
305.699
305.724
305.749
305.773
305.795
305.815
305.834
305.85
305.865
305.877
305.886
305.893
305.896
305.895
305.891
305.881
305.868
305.848
305.823
305.791
305.753
305.706
305.652
305.589
305.516
305.436
305.346
301.655
301.679
301.704
301.729
301.754
301.779
301.805
301.831
301.857
301.883
301.909
301.936
301.963
301.99
302.018
302.045
302.072
302.1
302.128
302.156
302.184
302.212
302.24
302.268
302.296
302.325
302.353
302.382
302.41
302.438
302.467
302.495
302.524
302.552
302.581
302.61
302.638
302.667
302.695
302.724
302.752
302.781
302.809
302.838
302.867
302.895
302.924
302.952
302.981
303.009
303.038
303.067
303.095
303.124
303.153
303.181
303.21
303.239
303.268
303.296
303.325
303.354
303.383
303.412
303.441
303.47
303.499
303.528
303.557
303.586
303.615
303.645
303.674
303.703
303.733
303.762
303.792
303.822
303.851
303.881
303.911
303.941
303.971
304.001
304.031
304.062
304.092
304.123
304.153
304.184
304.215
304.245
304.276
304.307
304.339
304.37
304.401
304.433
304.464
304.496
304.528
304.56
304.592
304.624
304.656
304.688
304.721
304.753
304.786
304.819
304.851
304.884
304.917
304.95
304.983
305.016
305.049
305.082
305.115
305.148
305.18
305.213
305.246
305.278
305.311
305.343
305.375
305.406
305.438
305.469
305.499
305.529
305.558
305.586
305.614
305.64
305.666
305.69
305.713
305.734
305.754
305.771
305.787
305.8
305.81
305.818
305.822
305.822
305.819
305.811
305.799
305.781
305.758
305.728
305.691
305.647
305.596
305.536
305.468
305.392
305.308
301.593
301.616
301.639
301.662
301.685
301.709
301.733
301.757
301.782
301.807
301.832
301.857
301.882
301.908
301.934
301.96
301.986
302.012
302.039
302.065
302.092
302.119
302.146
302.173
302.2
302.227
302.255
302.282
302.309
302.337
302.365
302.392
302.42
302.448
302.476
302.504
302.531
302.559
302.587
302.615
302.644
302.672
302.7
302.728
302.756
302.784
302.813
302.841
302.869
302.897
302.926
302.954
302.983
303.011
303.04
303.068
303.097
303.125
303.154
303.183
303.212
303.24
303.269
303.298
303.327
303.356
303.385
303.414
303.444
303.473
303.502
303.532
303.561
303.591
303.62
303.65
303.68
303.71
303.74
303.77
303.8
303.83
303.86
303.891
303.921
303.952
303.982
304.013
304.044
304.075
304.106
304.137
304.168
304.2
304.231
304.263
304.295
304.327
304.359
304.391
304.423
304.455
304.488
304.52
304.553
304.585
304.618
304.651
304.684
304.717
304.75
304.784
304.817
304.85
304.884
304.917
304.95
304.984
305.017
305.051
305.084
305.117
305.151
305.184
305.217
305.249
305.282
305.314
305.346
305.377
305.408
305.438
305.468
305.497
305.525
305.553
305.579
305.604
305.627
305.65
305.67
305.689
305.705
305.719
305.731
305.739
305.744
305.746
305.744
305.738
305.727
305.711
305.689
305.662
305.628
305.587
305.538
305.482
305.418
305.347
305.268
301.532
301.554
301.575
301.597
301.619
301.641
301.663
301.686
301.709
301.732
301.756
301.78
301.804
301.828
301.852
301.877
301.901
301.926
301.952
301.977
302.002
302.028
302.054
302.08
302.106
302.132
302.158
302.184
302.211
302.237
302.264
302.291
302.318
302.345
302.372
302.399
302.426
302.453
302.481
302.508
302.536
302.563
302.591
302.618
302.646
302.674
302.702
302.73
302.758
302.786
302.814
302.842
302.87
302.898
302.927
302.955
302.983
303.012
303.04
303.069
303.098
303.126
303.155
303.184
303.213
303.242
303.271
303.3
303.329
303.359
303.388
303.418
303.447
303.477
303.506
303.536
303.566
303.596
303.626
303.656
303.687
303.717
303.748
303.778
303.809
303.84
303.871
303.902
303.933
303.964
303.995
304.027
304.059
304.09
304.122
304.154
304.186
304.218
304.251
304.283
304.316
304.348
304.381
304.414
304.447
304.48
304.513
304.547
304.58
304.613
304.647
304.681
304.714
304.748
304.782
304.816
304.85
304.883
304.917
304.951
304.985
305.019
305.052
305.086
305.119
305.152
305.185
305.218
305.25
305.282
305.314
305.345
305.375
305.405
305.434
305.462
305.488
305.514
305.539
305.562
305.583
305.602
305.62
305.635
305.647
305.657
305.664
305.667
305.666
305.662
305.652
305.638
305.619
305.593
305.562
305.524
305.479
305.426
305.367
305.3
305.226
301.473
301.493
301.513
301.533
301.554
301.574
301.596
301.617
301.639
301.66
301.682
301.705
301.727
301.75
301.773
301.796
301.82
301.843
301.867
301.891
301.915
301.94
301.964
301.989
302.014
302.039
302.064
302.089
302.115
302.14
302.166
302.192
302.218
302.244
302.27
302.297
302.323
302.349
302.376
302.403
302.43
302.456
302.483
302.511
302.538
302.565
302.592
302.62
302.647
302.675
302.702
302.73
302.758
302.786
302.814
302.842
302.87
302.898
302.927
302.955
302.984
303.012
303.041
303.07
303.099
303.127
303.156
303.186
303.215
303.244
303.273
303.303
303.333
303.362
303.392
303.422
303.452
303.482
303.512
303.543
303.573
303.604
303.634
303.665
303.696
303.727
303.758
303.789
303.821
303.852
303.884
303.915
303.947
303.979
304.011
304.044
304.076
304.109
304.141
304.174
304.207
304.24
304.273
304.306
304.339
304.373
304.406
304.44
304.474
304.508
304.542
304.576
304.61
304.644
304.678
304.712
304.747
304.781
304.815
304.849
304.884
304.918
304.952
304.986
305.02
305.053
305.087
305.12
305.152
305.185
305.217
305.248
305.279
305.309
305.339
305.367
305.395
305.421
305.446
305.47
305.492
305.513
305.531
305.547
305.561
305.572
305.58
305.584
305.585
305.582
305.575
305.562
305.545
305.522
305.494
305.459
305.417
305.369
305.314
305.252
305.183
301.415
301.434
301.453
301.472
301.491
301.51
301.53
301.55
301.57
301.591
301.612
301.633
301.654
301.675
301.697
301.719
301.741
301.763
301.786
301.809
301.831
301.855
301.878
301.902
301.925
301.949
301.973
301.997
302.022
302.046
302.071
302.096
302.121
302.146
302.171
302.197
302.222
302.248
302.274
302.3
302.326
302.352
302.378
302.405
302.431
302.458
302.485
302.512
302.539
302.566
302.593
302.62
302.648
302.675
302.703
302.731
302.758
302.786
302.814
302.843
302.871
302.899
302.928
302.956
302.985
303.014
303.043
303.072
303.101
303.13
303.159
303.189
303.218
303.248
303.278
303.308
303.338
303.368
303.398
303.429
303.459
303.49
303.521
303.552
303.583
303.614
303.645
303.676
303.708
303.74
303.771
303.803
303.835
303.868
303.9
303.933
303.965
303.998
304.031
304.064
304.097
304.13
304.164
304.197
304.231
304.265
304.298
304.332
304.366
304.401
304.435
304.469
304.504
304.538
304.573
304.607
304.642
304.676
304.711
304.746
304.78
304.815
304.849
304.883
304.918
304.952
304.985
305.019
305.052
305.085
305.117
305.149
305.18
305.211
305.241
305.27
305.298
305.325
305.351
305.376
305.398
305.42
305.439
305.456
305.471
305.483
305.492
305.498
305.5
305.499
305.493
305.483
305.468
305.448
305.422
305.391
305.353
305.309
305.258
305.201
305.138
301.36
301.377
301.394
301.412
301.43
301.449
301.467
301.486
301.505
301.524
301.544
301.563
301.583
301.603
301.624
301.645
301.665
301.687
301.708
301.729
301.751
301.773
301.795
301.818
301.84
301.863
301.886
301.909
301.932
301.956
301.98
302.003
302.027
302.052
302.076
302.101
302.125
302.15
302.175
302.2
302.225
302.251
302.277
302.302
302.328
302.354
302.38
302.407
302.433
302.459
302.486
302.513
302.54
302.567
302.594
302.621
302.649
302.676
302.704
302.732
302.76
302.788
302.816
302.845
302.873
302.902
302.93
302.959
302.988
303.017
303.047
303.076
303.105
303.135
303.165
303.195
303.225
303.255
303.285
303.316
303.346
303.377
303.408
303.439
303.47
303.501
303.532
303.564
303.596
303.627
303.659
303.692
303.724
303.756
303.789
303.821
303.854
303.887
303.92
303.954
303.987
304.02
304.054
304.088
304.122
304.156
304.19
304.224
304.258
304.293
304.327
304.362
304.397
304.431
304.466
304.501
304.536
304.571
304.606
304.64
304.675
304.71
304.745
304.779
304.814
304.848
304.882
304.916
304.95
304.983
305.015
305.048
305.079
305.11
305.141
305.17
305.199
305.227
305.253
305.278
305.301
305.323
305.343
305.361
305.377
305.39
305.401
305.408
305.412
305.412
305.409
305.401
305.388
305.371
305.348
305.32
305.286
305.246
305.2
305.147
305.089
301.306
301.322
301.339
301.355
301.372
301.39
301.407
301.424
301.442
301.46
301.479
301.497
301.516
301.535
301.554
301.574
301.594
301.613
301.634
301.654
301.675
301.695
301.716
301.738
301.759
301.781
301.803
301.825
301.847
301.87
301.892
301.915
301.938
301.961
301.985
302.008
302.032
302.056
302.08
302.105
302.129
302.154
302.178
302.203
302.229
302.254
302.279
302.305
302.331
302.357
302.383
302.409
302.435
302.462
302.489
302.515
302.542
302.57
302.597
302.624
302.652
302.68
302.708
302.736
302.764
302.792
302.821
302.849
302.878
302.907
302.936
302.965
302.995
303.024
303.054
303.083
303.113
303.144
303.174
303.204
303.235
303.265
303.296
303.327
303.358
303.39
303.421
303.453
303.485
303.517
303.549
303.581
303.613
303.646
303.678
303.711
303.744
303.777
303.81
303.844
303.877
303.911
303.945
303.979
304.013
304.047
304.081
304.116
304.15
304.185
304.22
304.255
304.289
304.324
304.359
304.394
304.429
304.465
304.5
304.535
304.57
304.605
304.64
304.674
304.709
304.744
304.778
304.812
304.846
304.879
304.912
304.944
304.976
305.008
305.038
305.068
305.097
305.125
305.152
305.178
305.202
305.224
305.245
305.264
305.28
305.295
305.306
305.315
305.321
305.323
305.321
305.315
305.305
305.29
305.271
305.246
305.215
305.179
305.138
305.091
305.038
301.255
301.271
301.286
301.302
301.317
301.334
301.35
301.366
301.383
301.4
301.417
301.435
301.453
301.471
301.489
301.507
301.526
301.545
301.564
301.583
301.602
301.622
301.642
301.662
301.683
301.703
301.724
301.745
301.766
301.788
301.809
301.831
301.853
301.876
301.898
301.921
301.944
301.967
301.99
302.014
302.037
302.061
302.085
302.109
302.134
302.158
302.183
302.208
302.233
302.258
302.284
302.309
302.335
302.361
302.387
302.414
302.44
302.467
302.494
302.521
302.548
302.575
302.603
302.63
302.658
302.686
302.714
302.743
302.771
302.8
302.829
302.858
302.887
302.916
302.946
302.975
303.005
303.035
303.065
303.096
303.126
303.157
303.188
303.219
303.25
303.281
303.312
303.344
303.376
303.408
303.44
303.472
303.505
303.537
303.57
303.603
303.636
303.669
303.702
303.736
303.769
303.803
303.837
303.871
303.905
303.94
303.974
304.009
304.043
304.078
304.113
304.148
304.183
304.218
304.253
304.288
304.323
304.359
304.394
304.429
304.464
304.499
304.534
304.569
304.604
304.638
304.673
304.707
304.741
304.774
304.807
304.84
304.872
304.903
304.934
304.964
304.994
305.022
305.049
305.075
305.1
305.123
305.144
305.164
305.181
305.196
305.209
305.219
305.226
305.229
305.23
305.226
305.218
305.206
305.189
305.168
305.141
305.11
305.072
305.03
304.982
301.207
301.222
301.236
301.251
301.266
301.281
301.296
301.312
301.328
301.344
301.36
301.376
301.393
301.41
301.427
301.445
301.462
301.48
301.498
301.516
301.535
301.554
301.572
301.592
301.611
301.631
301.65
301.671
301.691
301.711
301.732
301.753
301.774
301.795
301.817
301.839
301.861
301.883
301.905
301.928
301.951
301.974
301.997
302.02
302.044
302.068
302.092
302.116
302.141
302.165
302.19
302.215
302.24
302.266
302.291
302.317
302.343
302.369
302.395
302.422
302.449
302.475
302.503
302.53
302.557
302.585
302.613
302.641
302.669
302.697
302.726
302.755
302.783
302.813
302.842
302.871
302.901
302.931
302.961
302.991
303.021
303.052
303.082
303.113
303.144
303.176
303.207
303.239
303.27
303.302
303.334
303.367
303.399
303.432
303.464
303.497
303.53
303.564
303.597
303.63
303.664
303.698
303.732
303.766
303.8
303.834
303.869
303.904
303.938
303.973
304.008
304.043
304.078
304.113
304.148
304.183
304.218
304.254
304.289
304.324
304.359
304.394
304.429
304.464
304.499
304.533
304.568
304.602
304.635
304.669
304.702
304.735
304.767
304.798
304.829
304.859
304.889
304.917
304.944
304.971
304.995
305.019
305.041
305.061
305.079
305.095
305.109
305.12
305.128
305.133
305.135
305.133
305.128
305.119
305.105
305.087
305.064
305.036
305.003
304.966
304.923
301.163
301.176
301.19
301.204
301.218
301.232
301.247
301.261
301.276
301.291
301.307
301.322
301.338
301.354
301.37
301.387
301.403
301.42
301.437
301.455
301.472
301.49
301.508
301.526
301.545
301.563
301.582
301.601
301.621
301.64
301.66
301.68
301.7
301.721
301.742
301.762
301.784
301.805
301.827
301.848
301.87
301.893
301.915
301.938
301.961
301.984
302.007
302.03
302.054
302.078
302.102
302.127
302.151
302.176
302.201
302.226
302.251
302.277
302.303
302.329
302.355
302.382
302.408
302.435
302.462
302.489
302.517
302.544
302.572
302.6
302.628
302.657
302.685
302.714
302.743
302.772
302.802
302.831
302.861
302.891
302.921
302.952
302.982
303.013
303.044
303.075
303.106
303.138
303.169
303.201
303.233
303.265
303.298
303.33
303.363
303.396
303.429
303.462
303.495
303.529
303.562
303.596
303.63
303.664
303.698
303.732
303.767
303.801
303.836
303.871
303.905
303.94
303.975
304.01
304.045
304.08
304.115
304.151
304.186
304.221
304.256
304.291
304.325
304.36
304.395
304.429
304.463
304.497
304.531
304.564
304.597
304.63
304.661
304.693
304.724
304.754
304.783
304.811
304.839
304.865
304.89
304.914
304.936
304.956
304.975
304.992
305.006
305.018
305.027
305.034
305.038
305.038
305.035
305.028
305.017
305.001
304.982
304.958
304.93
304.897
304.859
301.122
301.134
301.147
301.16
301.174
301.187
301.201
301.215
301.229
301.243
301.258
301.273
301.288
301.303
301.318
301.334
301.35
301.366
301.382
301.399
301.415
301.432
301.449
301.467
301.484
301.502
301.52
301.538
301.557
301.576
301.595
301.614
301.633
301.653
301.673
301.693
301.713
301.734
301.754
301.775
301.797
301.818
301.84
301.862
301.884
301.906
301.929
301.952
301.975
301.998
302.021
302.045
302.069
302.093
302.118
302.142
302.167
302.192
302.217
302.243
302.269
302.294
302.321
302.347
302.374
302.4
302.427
302.455
302.482
302.51
302.538
302.566
302.594
302.622
302.651
302.68
302.709
302.738
302.768
302.798
302.828
302.858
302.888
302.919
302.949
302.98
303.011
303.043
303.074
303.106
303.138
303.17
303.202
303.234
303.267
303.299
303.332
303.365
303.398
303.432
303.465
303.499
303.533
303.566
303.6
303.635
303.669
303.703
303.738
303.772
303.807
303.842
303.876
303.911
303.946
303.981
304.016
304.05
304.085
304.12
304.155
304.19
304.224
304.258
304.293
304.327
304.361
304.394
304.428
304.461
304.493
304.525
304.557
304.588
304.619
304.648
304.677
304.706
304.733
304.759
304.784
304.808
304.83
304.851
304.869
304.887
304.902
304.914
304.925
304.933
304.938
304.939
304.938
304.933
304.925
304.913
304.897
304.877
304.852
304.824
304.791
301.084
301.097
301.109
301.121
301.134
301.147
301.16
301.173
301.187
301.2
301.214
301.228
301.242
301.257
301.271
301.286
301.301
301.317
301.332
301.348
301.364
301.38
301.396
301.413
301.43
301.447
301.464
301.482
301.499
301.517
301.536
301.554
301.573
301.592
301.611
301.63
301.65
301.669
301.689
301.71
301.73
301.751
301.772
301.793
301.815
301.836
301.858
301.88
301.903
301.925
301.948
301.971
301.995
302.018
302.042
302.066
302.09
302.115
302.14
302.165
302.19
302.215
302.241
302.267
302.293
302.319
302.346
302.373
302.4
302.427
302.454
302.482
302.51
302.538
302.566
302.595
302.624
302.653
302.682
302.711
302.741
302.771
302.801
302.831
302.862
302.892
302.923
302.954
302.985
303.017
303.048
303.08
303.112
303.144
303.177
303.209
303.242
303.275
303.308
303.341
303.374
303.407
303.441
303.474
303.508
303.542
303.576
303.61
303.644
303.679
303.713
303.747
303.782
303.816
303.851
303.885
303.92
303.954
303.989
304.023
304.058
304.092
304.126
304.16
304.194
304.227
304.261
304.294
304.327
304.359
304.391
304.423
304.454
304.485
304.515
304.544
304.573
304.6
304.627
304.653
304.678
304.701
304.724
304.744
304.763
304.781
304.796
304.81
304.821
304.829
304.836
304.839
304.839
304.837
304.831
304.821
304.808
304.792
304.771
304.746
304.718
301.051
301.063
301.075
301.087
301.099
301.111
301.123
301.136
301.149
301.162
301.175
301.189
301.202
301.216
301.23
301.244
301.259
301.273
301.288
301.303
301.319
301.334
301.35
301.366
301.382
301.398
301.415
301.432
301.449
301.466
301.484
301.501
301.519
301.537
301.556
301.575
301.594
301.613
301.632
301.652
301.672
301.692
301.712
301.733
301.753
301.774
301.796
301.817
301.839
301.861
301.883
301.906
301.929
301.952
301.975
301.998
302.022
302.046
302.07
302.095
302.119
302.144
302.17
302.195
302.221
302.246
302.273
302.299
302.326
302.352
302.379
302.407
302.434
302.462
302.49
302.518
302.547
302.575
302.604
302.633
302.663
302.692
302.722
302.752
302.782
302.812
302.843
302.874
302.905
302.936
302.967
302.999
303.03
303.062
303.094
303.126
303.159
303.191
303.224
303.257
303.29
303.323
303.356
303.389
303.423
303.456
303.49
303.523
303.557
303.591
303.625
303.659
303.693
303.727
303.761
303.795
303.829
303.863
303.897
303.931
303.965
303.999
304.032
304.065
304.099
304.132
304.164
304.197
304.229
304.261
304.292
304.323
304.354
304.384
304.413
304.442
304.47
304.497
304.523
304.549
304.573
304.596
304.618
304.639
304.658
304.675
304.691
304.704
304.716
304.725
304.733
304.737
304.739
304.738
304.734
304.727
304.717
304.703
304.686
304.666
304.641
301.023
301.034
301.045
301.057
301.068
301.08
301.092
301.104
301.116
301.129
301.142
301.155
301.168
301.181
301.194
301.208
301.222
301.236
301.25
301.265
301.28
301.295
301.31
301.325
301.341
301.357
301.373
301.389
301.405
301.422
301.439
301.456
301.473
301.491
301.509
301.527
301.545
301.564
301.583
301.602
301.621
301.641
301.66
301.68
301.701
301.721
301.742
301.763
301.784
301.806
301.827
301.849
301.871
301.894
301.917
301.94
301.963
301.986
302.01
302.034
302.058
302.083
302.107
302.132
302.158
302.183
302.209
302.235
302.261
302.287
302.314
302.341
302.368
302.395
302.423
302.451
302.479
302.507
302.536
302.565
302.593
302.623
302.652
302.682
302.711
302.741
302.772
302.802
302.833
302.863
302.894
302.926
302.957
302.988
303.02
303.052
303.084
303.116
303.148
303.181
303.213
303.246
303.279
303.312
303.345
303.378
303.411
303.444
303.477
303.511
303.544
303.578
303.611
303.644
303.678
303.711
303.745
303.778
303.811
303.845
303.878
303.911
303.944
303.976
304.009
304.041
304.073
304.104
304.136
304.167
304.197
304.227
304.257
304.286
304.315
304.343
304.37
304.396
304.422
304.447
304.47
304.493
304.514
304.534
304.553
304.57
304.586
304.6
304.612
304.622
304.63
304.635
304.638
304.639
304.637
304.632
304.624
304.613
304.599
304.582
304.561
300.999
301.009
301.02
301.031
301.043
301.054
301.066
301.077
301.089
301.101
301.114
301.126
301.139
301.152
301.165
301.178
301.191
301.205
301.219
301.233
301.247
301.262
301.276
301.291
301.306
301.322
301.337
301.353
301.369
301.385
301.402
301.418
301.435
301.452
301.47
301.487
301.505
301.523
301.542
301.56
301.579
301.598
301.617
301.637
301.656
301.677
301.697
301.717
301.738
301.759
301.78
301.802
301.824
301.846
301.868
301.89
301.913
301.936
301.96
301.983
302.007
302.031
302.055
302.08
302.105
302.13
302.155
302.181
302.206
302.232
302.259
302.285
302.312
302.339
302.366
302.394
302.421
302.449
302.477
302.506
302.534
302.563
302.592
302.621
302.651
302.68
302.71
302.74
302.77
302.801
302.831
302.862
302.893
302.924
302.955
302.987
303.018
303.05
303.082
303.114
303.146
303.178
303.21
303.242
303.275
303.307
303.34
303.373
303.405
303.438
303.471
303.504
303.537
303.569
303.602
303.635
303.667
303.7
303.733
303.765
303.797
303.829
303.861
303.893
303.925
303.956
303.987
304.018
304.048
304.078
304.108
304.137
304.165
304.194
304.221
304.248
304.274
304.3
304.324
304.348
304.371
304.393
304.414
304.433
304.452
304.468
304.484
304.498
304.51
304.52
304.528
304.534
304.538
304.54
304.54
304.536
304.531
304.522
304.511
304.497
304.48
300.98
300.99
301.001
301.011
301.022
301.033
301.045
301.056
301.068
301.079
301.091
301.104
301.116
301.128
301.141
301.154
301.167
301.18
301.194
301.208
301.221
301.236
301.25
301.264
301.279
301.294
301.309
301.325
301.34
301.356
301.372
301.388
301.405
301.422
301.439
301.456
301.473
301.491
301.509
301.527
301.545
301.564
301.583
301.602
301.621
301.641
301.661
301.681
301.701
301.722
301.743
301.764
301.785
301.807
301.829
301.851
301.873
301.896
301.919
301.942
301.966
301.989
302.013
302.037
302.062
302.086
302.111
302.137
302.162
302.188
302.214
302.24
302.266
302.293
302.32
302.347
302.374
302.401
302.429
302.457
302.485
302.514
302.542
302.571
302.6
302.63
302.659
302.689
302.718
302.748
302.778
302.809
302.839
302.87
302.901
302.931
302.962
302.994
303.025
303.056
303.088
303.119
303.151
303.183
303.215
303.247
303.279
303.31
303.343
303.375
303.407
303.439
303.471
303.503
303.535
303.566
303.598
303.63
303.662
303.693
303.724
303.756
303.786
303.817
303.848
303.878
303.908
303.938
303.967
303.996
304.024
304.052
304.08
304.107
304.133
304.159
304.184
304.209
304.233
304.255
304.277
304.298
304.318
304.337
304.355
304.371
304.386
304.399
304.411
304.421
304.43
304.437
304.441
304.444
304.445
304.443
304.439
304.432
304.424
304.412
304.398
300.965
300.975
300.986
300.996
301.007
301.018
301.029
301.04
301.051
301.063
301.075
301.087
301.099
301.111
301.123
301.136
301.149
301.162
301.175
301.188
301.202
301.216
301.23
301.244
301.259
301.273
301.288
301.303
301.319
301.334
301.35
301.366
301.382
301.399
301.415
301.432
301.449
301.467
301.484
301.502
301.52
301.539
301.557
301.576
301.595
301.614
301.634
301.654
301.674
301.694
301.715
301.736
301.757
301.778
301.8
301.821
301.843
301.866
301.888
301.911
301.934
301.958
301.981
302.005
302.029
302.054
302.078
302.103
302.128
302.153
302.179
302.205
302.231
302.257
302.284
302.31
302.337
302.365
302.392
302.42
302.447
302.475
302.504
302.532
302.561
302.589
302.618
302.648
302.677
302.706
302.736
302.766
302.796
302.826
302.856
302.887
302.917
302.948
302.978
303.009
303.04
303.071
303.102
303.133
303.164
303.195
303.227
303.258
303.289
303.32
303.352
303.383
303.414
303.445
303.476
303.507
303.538
303.569
303.599
303.63
303.66
303.69
303.72
303.75
303.779
303.808
303.837
303.866
303.894
303.922
303.949
303.976
304.002
304.028
304.053
304.078
304.102
304.125
304.148
304.17
304.191
304.211
304.23
304.247
304.264
304.28
304.294
304.307
304.319
304.329
304.338
304.344
304.35
304.353
304.354
304.354
304.351
304.346
304.339
304.33
304.319
300.955
300.965
300.975
300.986
300.996
301.007
301.018
301.029
301.04
301.052
301.063
301.075
301.087
301.099
301.111
301.124
301.136
301.149
301.162
301.176
301.189
301.203
301.217
301.231
301.245
301.259
301.274
301.289
301.304
301.319
301.335
301.351
301.367
301.383
301.399
301.416
301.433
301.45
301.468
301.485
301.503
301.521
301.54
301.558
301.577
301.596
301.616
301.635
301.655
301.675
301.695
301.716
301.737
301.758
301.779
301.801
301.823
301.845
301.867
301.89
301.913
301.936
301.959
301.983
302.007
302.031
302.055
302.08
302.104
302.129
302.155
302.18
302.206
302.232
302.258
302.285
302.311
302.338
302.365
302.392
302.42
302.447
302.475
302.503
302.532
302.56
302.588
302.617
302.646
302.675
302.704
302.734
302.763
302.793
302.822
302.852
302.882
302.912
302.942
302.972
303.003
303.033
303.063
303.094
303.124
303.155
303.185
303.216
303.246
303.277
303.307
303.337
303.368
303.398
303.428
303.458
303.488
303.518
303.547
303.577
303.606
303.635
303.664
303.693
303.721
303.749
303.777
303.804
303.831
303.857
303.884
303.909
303.934
303.959
303.983
304.007
304.03
304.052
304.073
304.094
304.114
304.133
304.151
304.168
304.184
304.199
304.212
304.225
304.236
304.246
304.254
304.261
304.266
304.27
304.272
304.272
304.271
304.267
304.262
304.255
304.245
300.949
300.959
300.97
300.98
300.99
301.001
301.012
301.023
301.034
301.045
301.057
301.068
301.08
301.092
301.104
301.117
301.129
301.142
301.155
301.168
301.181
301.195
301.209
301.223
301.237
301.251
301.266
301.281
301.296
301.311
301.326
301.342
301.358
301.374
301.39
301.407
301.424
301.441
301.458
301.476
301.493
301.511
301.53
301.548
301.567
301.586
301.605
301.624
301.644
301.664
301.684
301.705
301.725
301.746
301.768
301.789
301.811
301.833
301.855
301.877
301.9
301.923
301.946
301.969
301.993
302.017
302.041
302.065
302.09
302.115
302.14
302.165
302.191
302.216
302.242
302.268
302.295
302.321
302.348
302.375
302.402
302.429
302.457
302.485
302.512
302.54
302.569
302.597
302.625
302.654
302.683
302.712
302.741
302.77
302.799
302.828
302.857
302.887
302.916
302.946
302.976
303.005
303.035
303.065
303.095
303.124
303.154
303.184
303.214
303.243
303.273
303.302
303.332
303.361
303.391
303.42
303.449
303.478
303.506
303.535
303.563
303.591
303.619
303.647
303.674
303.701
303.728
303.754
303.78
303.805
303.83
303.855
303.879
303.902
303.925
303.948
303.97
303.991
304.011
304.031
304.05
304.068
304.085
304.101
304.116
304.13
304.143
304.155
304.166
304.175
304.184
304.19
304.196
304.2
304.202
304.203
304.202
304.2
304.195
304.19
304.182
300.947
300.957
300.967
300.977
300.988
300.998
301.009
301.02
301.031
301.042
301.054
301.065
301.077
301.089
301.101
301.114
301.126
301.139
301.152
301.165
301.178
301.192
301.206
301.219
301.234
301.248
301.262
301.277
301.292
301.307
301.323
301.338
301.354
301.37
301.387
301.403
301.42
301.437
301.454
301.472
301.489
301.507
301.526
301.544
301.563
301.582
301.601
301.62
301.64
301.66
301.68
301.7
301.721
301.742
301.763
301.784
301.806
301.827
301.85
301.872
301.894
301.917
301.94
301.964
301.987
302.011
302.035
302.059
302.083
302.108
302.133
302.158
302.183
302.209
302.235
302.26
302.287
302.313
302.339
302.366
302.393
302.42
302.447
302.474
302.502
302.53
302.558
302.585
302.614
302.642
302.67
302.699
302.727
302.756
302.785
302.813
302.842
302.871
302.9
302.93
302.959
302.988
303.017
303.046
303.075
303.105
303.134
303.163
303.192
303.221
303.25
303.279
303.308
303.336
303.365
303.393
303.422
303.45
303.478
303.506
303.533
303.56
303.587
303.614
303.641
303.667
303.692
303.718
303.743
303.767
303.792
303.815
303.838
303.861
303.883
303.905
303.926
303.946
303.965
303.984
304.002
304.019
304.036
304.051
304.066
304.079
304.092
304.103
304.113
304.123
304.13
304.137
304.143
304.147
304.149
304.15
304.15
304.148
304.145
304.14
304.133
300.947
300.957
300.967
300.977
300.987
300.998
301.009
301.02
301.031
301.042
301.053
301.065
301.077
301.089
301.101
301.113
301.126
301.139
301.152
301.165
301.178
301.191
301.205
301.219
301.233
301.248
301.262
301.277
301.292
301.307
301.322
301.338
301.354
301.37
301.386
301.403
301.42
301.437
301.454
301.471
301.489
301.507
301.525
301.543
301.562
301.581
301.6
301.62
301.639
301.659
301.679
301.699
301.72
301.741
301.762
301.783
301.805
301.827
301.849
301.871
301.893
301.916
301.939
301.962
301.986
302.009
302.033
302.057
302.082
302.106
302.131
302.156
302.181
302.207
302.232
302.258
302.284
302.31
302.336
302.363
302.39
302.416
302.444
302.471
302.498
302.526
302.553
302.581
302.609
302.637
302.665
302.693
302.721
302.75
302.778
302.807
302.836
302.864
302.893
302.922
302.951
302.979
303.008
303.037
303.066
303.095
303.124
303.153
303.181
303.21
303.239
303.267
303.295
303.324
303.352
303.38
303.408
303.435
303.463
303.49
303.517
303.544
303.57
303.597
303.623
303.648
303.673
303.698
303.723
303.747
303.771
303.794
303.816
303.838
303.86
303.881
303.901
303.921
303.94
303.958
303.976
303.993
304.008
304.023
304.038
304.051
304.063
304.074
304.084
304.093
304.101
304.107
304.112
304.116
304.119
304.12
304.12
304.119
304.116
304.111
304.105
305.449
304.927
304.524
304.183
303.885
303.62
303.382
303.166
302.968
302.785
302.615
302.456
302.307
302.166
302.032
301.905
301.784
301.669
301.56
301.456
301.357
301.262
301.172
301.087
301.005
300.928
300.855
300.786
300.721
300.66
300.603
300.549
300.499
300.452
300.408
300.368
300.331
300.296
300.265
300.236
300.21
300.186
300.165
300.146
300.129
300.114
300.102
300.092
300.084
300.079
300.076
305.447
304.927
304.524
304.183
303.885
303.62
303.382
303.166
302.968
302.785
302.615
302.457
302.307
302.166
302.032
301.905
301.784
301.67
301.56
301.456
301.357
301.262
301.172
301.087
301.005
300.928
300.855
300.787
300.722
300.66
300.603
300.549
300.499
300.452
300.408
300.368
300.331
300.296
300.265
300.236
300.21
300.186
300.165
300.146
300.129
300.114
300.102
300.092
300.084
300.079
300.076
305.443
304.926
304.524
304.183
303.885
303.62
303.382
303.166
302.968
302.785
302.616
302.457
302.307
302.166
302.032
301.905
301.785
301.67
301.56
301.456
301.357
301.262
301.172
301.087
301.005
300.928
300.856
300.787
300.722
300.66
300.603
300.549
300.499
300.452
300.408
300.368
300.331
300.296
300.265
300.236
300.21
300.186
300.165
300.146
300.129
300.114
300.102
300.092
300.084
300.079
300.076
305.438
304.925
304.524
304.183
303.885
303.62
303.382
303.166
302.968
302.786
302.616
302.457
302.307
302.166
302.033
301.906
301.785
301.67
301.561
301.456
301.357
301.262
301.173
301.087
301.006
300.929
300.856
300.787
300.722
300.661
300.603
300.549
300.499
300.452
300.409
300.368
300.331
300.296
300.265
300.236
300.21
300.186
300.165
300.146
300.129
300.114
300.102
300.092
300.084
300.079
300.076
305.431
304.923
304.523
304.183
303.885
303.62
303.382
303.166
302.968
302.786
302.616
302.457
302.308
302.167
302.033
301.906
301.785
301.67
301.561
301.457
301.357
301.263
301.173
301.087
301.006
300.929
300.856
300.787
300.722
300.661
300.603
300.55
300.499
300.452
300.409
300.368
300.331
300.297
300.265
300.236
300.21
300.186
300.165
300.146
300.129
300.115
300.102
300.092
300.084
300.079
300.076
305.422
304.921
304.522
304.182
303.885
303.62
303.382
303.167
302.969
302.787
302.617
302.458
302.309
302.167
302.034
301.907
301.786
301.671
301.562
301.457
301.358
301.263
301.173
301.088
301.007
300.929
300.857
300.788
300.723
300.661
300.604
300.55
300.5
300.453
300.409
300.369
300.331
300.297
300.265
300.236
300.21
300.186
300.165
300.146
300.129
300.115
300.102
300.092
300.084
300.079
300.076
305.411
304.918
304.521
304.182
303.885
303.621
303.383
303.167
302.97
302.787
302.618
302.459
302.31
302.168
302.035
301.908
301.787
301.672
301.562
301.458
301.359
301.264
301.174
301.089
301.007
300.93
300.857
300.788
300.723
300.662
300.604
300.55
300.5
300.453
300.409
300.369
300.331
300.297
300.265
300.237
300.21
300.186
300.165
300.146
300.129
300.115
300.102
300.092
300.084
300.079
300.076
305.398
304.914
304.52
304.182
303.885
303.621
303.384
303.168
302.971
302.789
302.619
302.46
302.311
302.17
302.036
301.909
301.788
301.673
301.564
301.459
301.36
301.265
301.175
301.089
301.008
300.931
300.858
300.789
300.724
300.662
300.605
300.551
300.5
300.453
300.41
300.369
300.332
300.297
300.266
300.237
300.21
300.187
300.165
300.146
300.129
300.115
300.102
300.092
300.084
300.079
300.076
305.384
304.91
304.518
304.182
303.886
303.622
303.385
303.17
302.972
302.79
302.621
302.462
302.312
302.171
302.037
301.91
301.79
301.675
301.565
301.461
301.361
301.267
301.176
301.091
301.009
300.932
300.859
300.79
300.725
300.663
300.606
300.552
300.501
300.454
300.41
300.37
300.332
300.298
300.266
300.237
300.211
300.187
300.166
300.146
300.13
300.115
300.103
300.092
300.084
300.079
300.076
305.368
304.905
304.517
304.182
303.887
303.623
303.387
303.172
302.974
302.792
302.623
302.464
302.315
302.173
302.04
301.913
301.792
301.677
301.567
301.462
301.363
301.268
301.178
301.092
301.011
300.933
300.86
300.791
300.726
300.664
300.607
300.552
300.502
300.455
300.411
300.37
300.333
300.298
300.267
300.238
300.211
300.187
300.166
300.147
300.13
300.115
300.103
300.092
300.085
300.079
300.076
305.351
304.899
304.515
304.182
303.888
303.625
303.389
303.174
302.977
302.795
302.626
302.467
302.317
302.176
302.042
301.915
301.794
301.679
301.569
301.465
301.365
301.27
301.18
301.094
301.012
300.935
300.862
300.792
300.727
300.665
300.608
300.554
300.503
300.456
300.412
300.371
300.334
300.299
300.267
300.238
300.212
300.188
300.166
300.147
300.13
300.115
300.103
300.093
300.085
300.079
300.076
305.332
304.893
304.514
304.182
303.889
303.628
303.392
303.177
302.981
302.799
302.629
302.47
302.321
302.18
302.046
301.918
301.797
301.682
301.572
301.468
301.368
301.273
301.182
301.096
301.015
300.937
300.864
300.794
300.729
300.667
300.609
300.555
300.504
300.457
300.413
300.372
300.334
300.3
300.268
300.239
300.212
300.188
300.167
300.147
300.13
300.116
300.103
300.093
300.085
300.079
300.076
305.312
304.886
304.512
304.183
303.892
303.631
303.395
303.181
302.985
302.803
302.634
302.475
302.325
302.184
302.05
301.922
301.801
301.686
301.576
301.471
301.371
301.276
301.185
301.099
301.017
300.939
300.866
300.796
300.731
300.669
300.611
300.556
300.506
300.458
300.414
300.373
300.335
300.301
300.269
300.239
300.213
300.189
300.167
300.148
300.131
300.116
300.103
300.093
300.085
300.08
300.077
305.291
304.878
304.51
304.184
303.895
303.635
303.4
303.186
302.99
302.808
302.639
302.48
302.331
302.189
302.055
301.927
301.806
301.69
301.58
301.475
301.375
301.28
301.189
301.102
301.02
300.942
300.869
300.799
300.733
300.671
300.613
300.558
300.507
300.46
300.415
300.374
300.337
300.302
300.27
300.24
300.214
300.189
300.168
300.148
300.131
300.116
300.104
300.093
300.085
300.08
300.077
305.27
304.87
304.509
304.186
303.898
303.64
303.406
303.193
302.997
302.815
302.646
302.487
302.337
302.195
302.061
301.933
301.812
301.696
301.585
301.48
301.38
301.284
301.193
301.106
301.024
300.946
300.872
300.802
300.736
300.674
300.615
300.56
300.509
300.462
300.417
300.376
300.338
300.303
300.271
300.241
300.214
300.19
300.168
300.149
300.132
300.117
300.104
300.094
300.086
300.08
300.077
305.247
304.862
304.507
304.189
303.903
303.646
303.413
303.2
303.005
302.823
302.654
302.495
302.345
302.203
302.068
301.94
301.818
301.702
301.591
301.486
301.385
301.289
301.198
301.111
301.028
300.95
300.876
300.805
300.739
300.677
300.618
300.563
300.512
300.464
300.419
300.378
300.339
300.304
300.272
300.242
300.215
300.191
300.169
300.15
300.132
300.117
300.105
300.094
300.086
300.08
300.077
305.224
304.853
304.506
304.192
303.909
303.654
303.421
303.209
303.014
302.833
302.663
302.504
302.354
302.212
302.077
301.949
301.826
301.71
301.599
301.493
301.392
301.295
301.204
301.116
301.033
300.955
300.88
300.809
300.743
300.68
300.621
300.566
300.514
300.466
300.421
300.38
300.341
300.306
300.273
300.244
300.217
300.192
300.17
300.151
300.133
300.118
300.105
300.095
300.086
300.081
300.077
305.199
304.844
304.506
304.197
303.916
303.663
303.432
303.22
303.025
302.844
302.675
302.515
302.365
302.222
302.087
301.958
301.836
301.719
301.607
301.501
301.4
301.303
301.211
301.123
301.039
300.96
300.885
300.814
300.747
300.684
300.625
300.569
300.517
300.469
300.424
300.382
300.343
300.308
300.275
300.245
300.218
300.193
300.171
300.151
300.134
300.119
300.106
300.095
300.087
300.081
300.078
305.174
304.834
304.506
304.202
303.925
303.673
303.444
303.233
303.039
302.857
302.688
302.528
302.378
302.235
302.099
301.97
301.847
301.729
301.617
301.51
301.409
301.311
301.219
301.13
301.046
300.967
300.891
300.82
300.753
300.689
300.629
300.573
300.521
300.472
300.427
300.385
300.346
300.31
300.277
300.247
300.219
300.195
300.172
300.152
300.135
300.119
300.106
300.096
300.087
300.081
300.078
305.148
304.825
304.506
304.208
303.935
303.686
303.458
303.248
303.054
302.873
302.703
302.544
302.392
302.249
302.113
301.983
301.86
301.742
301.629
301.522
301.419
301.321
301.228
301.139
301.054
300.974
300.898
300.826
300.758
300.694
300.634
300.578
300.525
300.476
300.43
300.388
300.348
300.312
300.279
300.249
300.221
300.196
300.174
300.153
300.136
300.12
300.107
300.096
300.088
300.082
300.079
305.12
304.814
304.507
304.216
303.947
303.701
303.474
303.265
303.072
302.891
302.721
302.561
302.41
302.266
302.129
301.999
301.874
301.756
301.642
301.534
301.431
301.332
301.238
301.149
301.064
300.983
300.906
300.834
300.765
300.701
300.64
300.583
300.53
300.48
300.434
300.391
300.351
300.315
300.281
300.251
300.223
300.198
300.175
300.155
300.137
300.121
300.108
300.097
300.088
300.082
300.079
305.092
304.802
304.507
304.225
303.961
303.717
303.493
303.285
303.092
302.911
302.741
302.581
302.429
302.285
302.147
302.016
301.891
301.772
301.658
301.549
301.445
301.345
301.251
301.16
301.075
300.993
300.916
300.842
300.773
300.708
300.647
300.589
300.535
300.485
300.438
300.395
300.355
300.318
300.284
300.253
300.225
300.2
300.177
300.156
300.138
300.122
300.109
300.098
300.089
300.083
300.079
305.062
304.789
304.507
304.233
303.975
303.736
303.514
303.307
303.115
302.934
302.764
302.604
302.451
302.306
302.168
302.036
301.911
301.79
301.676
301.566
301.461
301.36
301.265
301.174
301.087
301.004
300.926
300.852
300.782
300.716
300.654
300.596
300.541
300.49
300.443
300.399
300.359
300.321
300.287
300.256
300.227
300.202
300.178
300.158
300.139
300.123
300.11
300.098
300.09
300.083
300.08
305.029
304.774
304.506
304.242
303.991
303.756
303.536
303.332
303.14
302.96
302.79
302.629
302.476
302.331
302.192
302.059
301.933
301.812
301.696
301.585
301.479
301.378
301.281
301.189
301.101
301.017
300.938
300.863
300.792
300.725
300.662
300.603
300.548
300.497
300.449
300.404
300.363
300.325
300.29
300.259
300.23
300.204
300.18
300.159
300.141
300.125
300.111
300.099
300.09
300.084
300.081
304.995
304.757
304.504
304.251
304.007
303.777
303.561
303.359
303.168
302.989
302.819
302.658
302.505
302.358
302.219
302.085
301.958
301.835
301.718
301.606
301.499
301.397
301.299
301.206
301.117
301.032
300.952
300.876
300.804
300.736
300.672
300.612
300.556
300.503
300.455
300.41
300.368
300.329
300.294
300.262
300.233
300.206
300.182
300.161
300.142
300.126
300.112
300.1
300.091
300.085
300.081
304.958
304.737
304.499
304.258
304.023
303.799
303.587
303.388
303.199
303.02
302.851
302.689
302.536
302.389
302.248
302.114
301.985
301.862
301.744
301.631
301.522
301.419
301.32
301.225
301.135
301.049
300.967
300.89
300.817
300.747
300.682
300.621
300.564
300.511
300.462
300.416
300.373
300.334
300.298
300.266
300.236
300.209
300.185
300.163
300.144
300.127
300.113
300.101
300.092
300.086
300.082
304.917
304.714
304.492
304.263
304.038
303.821
303.614
303.418
303.231
303.054
302.885
302.724
302.57
302.422
302.281
302.146
302.016
301.892
301.772
301.658
301.548
301.443
301.343
301.246
301.155
301.067
300.984
300.906
300.831
300.761
300.694
300.632
300.574
300.52
300.469
300.422
300.379
300.339
300.303
300.27
300.239
300.212
300.187
300.165
300.146
300.129
300.115
300.103
300.093
300.086
300.083
304.873
304.687
304.481
304.266
304.052
303.843
303.642
303.449
303.265
303.09
302.922
302.761
302.607
302.459
302.317
302.181
302.05
301.925
301.804
301.688
301.577
301.47
301.368
301.27
301.177
301.088
301.004
300.923
300.847
300.775
300.708
300.644
300.585
300.529
300.478
300.43
300.386
300.345
300.308
300.274
300.243
300.215
300.19
300.168
300.148
300.131
300.116
300.104
300.094
300.087
300.084
304.825
304.656
304.466
304.265
304.062
303.862
303.668
303.48
303.3
303.127
302.96
302.8
302.647
302.499
302.356
302.22
302.088
301.961
301.839
301.722
301.609
301.5
301.397
301.297
301.202
301.111
301.025
300.943
300.865
300.792
300.723
300.658
300.597
300.54
300.487
300.438
300.393
300.351
300.313
300.279
300.247
300.219
300.193
300.17
300.15
300.133
300.118
300.105
300.095
300.088
300.085
304.772
304.619
304.445
304.26
304.069
303.879
303.692
303.511
303.335
303.165
303
302.842
302.689
302.541
302.398
302.261
302.128
302
301.877
301.758
301.644
301.534
301.428
301.327
301.23
301.137
301.049
300.965
300.885
300.81
300.739
300.672
300.61
300.552
300.497
300.447
300.401
300.358
300.319
300.284
300.252
300.223
300.196
300.173
300.153
300.135
300.119
300.107
300.097
300.09
300.086
304.714
304.577
304.42
304.249
304.071
303.892
303.714
303.539
303.368
303.202
303.041
302.884
302.732
302.585
302.442
302.305
302.171
302.042
301.918
301.797
301.681
301.57
301.462
301.359
301.26
301.165
301.074
300.988
300.907
300.83
300.757
300.688
300.624
300.564
300.509
300.457
300.41
300.366
300.326
300.29
300.256
300.227
300.2
300.176
300.155
300.137
300.121
300.108
300.098
300.091
300.087
304.651
304.53
304.388
304.233
304.068
303.9
303.732
303.565
303.4
303.239
303.081
302.927
302.777
302.631
302.489
302.351
302.217
302.087
301.961
301.84
301.722
301.608
301.499
301.393
301.292
301.195
301.103
301.014
300.931
300.851
300.776
300.706
300.64
300.578
300.521
300.468
300.419
300.374
300.333
300.296
300.262
300.231
300.204
300.179
300.158
300.139
300.123
300.11
300.099
300.092
300.088
304.584
304.477
304.351
304.21
304.06
303.904
303.745
303.587
303.429
303.273
303.12
302.969
302.821
302.677
302.536
302.398
302.264
302.134
302.007
301.884
301.765
301.649
301.538
301.43
301.327
301.228
301.133
301.042
300.956
300.875
300.798
300.725
300.657
300.593
300.534
300.48
300.429
300.383
300.341
300.302
300.267
300.236
300.208
300.183
300.161
300.141
300.125
300.111
300.101
300.093
300.089
304.512
304.42
304.308
304.182
304.045
303.901
303.754
303.604
303.454
303.305
303.156
303.01
302.865
302.723
302.583
302.447
302.313
302.182
302.055
301.931
301.81
301.693
301.579
301.47
301.364
301.262
301.165
301.072
300.984
300.899
300.82
300.745
300.675
300.61
300.549
300.492
300.44
300.392
300.349
300.309
300.273
300.241
300.212
300.186
300.164
300.144
300.127
300.113
300.102
300.095
300.09
304.438
304.359
304.261
304.148
304.024
303.893
303.756
303.617
303.475
303.333
303.19
303.048
302.907
302.768
302.63
302.495
302.362
302.231
302.103
301.978
301.856
301.737
301.622
301.51
301.402
301.299
301.199
301.103
301.012
300.926
300.844
300.767
300.694
300.626
300.564
300.505
300.452
300.402
300.357
300.316
300.279
300.246
300.216
300.19
300.167
300.147
300.129
300.115
300.104
300.096
300.092
304.364
304.295
304.21
304.11
303.999
303.88
303.754
303.624
303.491
303.356
303.22
303.083
302.947
302.81
302.675
302.542
302.409
302.279
302.151
302.025
301.902
301.782
301.665
301.552
301.442
301.335
301.233
301.135
301.042
300.953
300.868
300.789
300.714
300.644
300.579
300.519
300.463
300.412
300.366
300.324
300.286
300.251
300.221
300.194
300.17
300.149
300.131
300.117
300.105
300.097
300.093
304.29
304.232
304.158
304.07
303.971
303.863
303.748
303.627
303.503
303.375
303.246
303.114
302.982
302.85
302.717
302.586
302.455
302.325
302.197
302.071
301.948
301.826
301.708
301.592
301.48
301.372
301.267
301.167
301.071
300.979
300.893
300.811
300.733
300.661
300.594
300.532
300.475
300.422
300.375
300.331
300.292
300.257
300.225
300.197
300.173
300.152
300.134
300.119
300.107
300.099
300.094
304.222
304.172
304.107
304.029
303.941
303.843
303.738
303.627
303.511
303.39
303.267
303.141
303.013
302.884
302.755
302.626
302.496
302.368
302.24
302.114
301.99
301.868
301.748
301.631
301.517
301.407
301.3
301.198
301.099
301.005
300.916
300.832
300.752
300.678
300.609
300.545
300.486
300.432
300.383
300.338
300.298
300.262
300.229
300.201
300.176
300.154
300.136
300.12
300.108
300.1
300.095
304.162
304.119
304.062
303.993
303.913
303.824
303.728
303.624
303.515
303.401
303.283
303.162
303.039
302.913
302.787
302.659
302.532
302.404
302.277
302.151
302.027
301.904
301.783
301.665
301.55
301.438
301.329
301.225
301.124
301.028
300.937
300.851
300.77
300.693
300.622
300.557
300.496
300.441
300.39
300.344
300.303
300.266
300.233
300.204
300.178
300.156
300.137
300.122
300.109
300.101
300.096
304.116
304.078
304.026
303.964
303.891
303.808
303.718
303.621
303.517
303.408
303.295
303.178
303.058
302.935
302.811
302.685
302.559
302.432
302.306
302.18
302.056
301.932
301.811
301.692
301.576
301.463
301.353
301.247
301.145
301.047
300.954
300.866
300.783
300.706
300.633
300.566
300.504
300.448
300.396
300.349
300.307
300.27
300.236
300.206
300.18
300.158
300.139
300.123
300.11
300.102
300.097
304.09
304.054
304.006
303.947
303.877
303.799
303.712
303.618
303.518
303.412
303.301
303.186
303.068
302.947
302.824
302.7
302.574
302.448
302.322
302.197
302.072
301.949
301.827
301.708
301.591
301.477
301.366
301.259
301.157
301.058
300.964
300.875
300.791
300.713
300.64
300.572
300.509
300.452
300.4
300.352
300.31
300.272
300.238
300.208
300.182
300.159
300.139
300.123
300.111
300.102
300.097
)
;

boundaryField
{
    inlet
    {
        type            fixedValue;
        value           uniform 300;
    }
    outlet
    {
        type            zeroGradient;
    }
    top
    {
        type            zeroGradient;
    }
    slip-bottom
    {
        type            zeroGradient;
    }
    bottom
    {
        type            zeroGradient;
    }
    interface
    {
        type            fixedGradient;
        gradient        nonuniform List<scalar> 
161
(
68.0049
68.0049
46.2189
46.2189
46.2189
46.2189
34.3077
34.3077
34.3077
34.3077
29.4858
29.4858
29.4858
28.6883
28.6883
28.6883
28.6883
26.0831
26.0831
26.0831
25.2152
25.2152
25.2152
24.7107
24.7107
24.7107
24.0594
24.0594
24.0594
23.472
23.472
23.472
22.9268
22.9268
22.9268
22.3887
22.3887
22.3887
21.875
21.875
21.875
20.8362
20.8362
21.5859
21.5859
21.5859
20.5471
20.5471
21.0314
21.0314
21.0314
19.9998
19.9998
19.9962
19.9962
19.9962
20.1379
20.1379
20.4867
20.4867
19.2274
19.2274
19.1187
19.1187
19.1658
19.1658
19.0251
19.0251
19.0251
18.85
18.85
18.6778
18.4956
18.4956
18.2701
18.2701
18.066
18.066
17.2995
17.2995
18.2683
18.2683
17.8811
17.8811
17.4399
16.6756
16.6756
17.5296
17.5296
17.1731
16.2005
16.2005
17.0611
16.1434
16.1434
16.7357
16.7357
15.7891
16.3928
16.3928
15.4874
16.1131
15.1925
15.1925
15.2545
15.9158
15.9158
14.7787
15.3367
14.3919
14.3919
14.4081
14.6057
15.0142
15.0142
13.8237
13.8741
14.0692
14.4257
14.4257
13.2823
13.3077
13.4761
13.4712
13.8194
12.7606
12.7606
12.671
12.7383
12.6708
12.5866
12.4908
12.3872
12.279
12.1677
12.0549
11.9416
11.8292
11.7191
11.6129
11.5125
11.4199
11.3373
11.2666
11.21
11.1708
11.1545
11.1716
11.2435
11.3217
11.1544
11.1807
11.531
11.8305
12.2556
12.7893
14.852
13.1083
15.3003
17.4745
25.203
)
;
    }
    defaultFaces
    {
        type            empty;
    }
}


// ************************************************************************* //
