/*--------------------------------*- C++ -*----------------------------------*\
| =========                 |                                                 |
| \\      /  F ield         | OpenFOAM: The Open Source CFD Toolbox           |
|  \\    /   O peration     | Version:  2106                                  |
|   \\  /    A nd           | Website:  www.openfoam.com                      |
|    \\/     M anipulation  |                                                 |
\*---------------------------------------------------------------------------*/
FoamFile
{
    version     2.0;
    format      ascii;
    arch        "LSB;label=32;scalar=64";
    class       volScalarField;
    location    "8.4";
    object      T;
}
// * * * * * * * * * * * * * * * * * * * * * * * * * * * * * * * * * * * * * //

dimensions      [0 0 0 1 0 0 0];

internalField   nonuniform List<scalar> 
12013
(
300.004
300.011
300.019
300.026
300.035
300.043
300.052
300.061
300.071
300.081
300.091
300.102
300.113
300.125
300.136
300.149
300.161
300.175
300.188
300.202
300.217
300.232
300.247
300.263
300.279
300.296
300.314
300.332
300.35
300.369
300.389
300.409
300.43
300.452
300.474
300.496
300.52
300.544
300.568
300.594
300.62
300.647
300.674
300.703
300.732
300.762
300.793
300.824
300.857
300.89
300.925
300.96
300.997
301.034
301.072
301.112
301.153
301.195
301.238
301.283
301.328
301.376
301.425
301.475
301.527
301.581
301.637
301.695
301.755
301.817
301.882
301.95
302.022
302.097
302.176
302.26
302.351
302.449
302.558
302.681
302.829
300.004
300.011
300.019
300.026
300.035
300.043
300.052
300.061
300.071
300.081
300.091
300.102
300.113
300.125
300.136
300.149
300.161
300.175
300.188
300.202
300.217
300.232
300.247
300.263
300.279
300.296
300.314
300.332
300.35
300.369
300.389
300.409
300.43
300.451
300.474
300.496
300.52
300.544
300.568
300.594
300.62
300.647
300.674
300.703
300.732
300.762
300.792
300.824
300.857
300.89
300.925
300.96
300.996
301.034
301.072
301.112
301.153
301.195
301.238
301.282
301.328
301.375
301.424
301.474
301.526
301.58
301.636
301.694
301.754
301.816
301.881
301.948
302.019
302.094
302.172
302.256
302.345
302.441
302.545
302.66
302.786
300.004
300.011
300.019
300.026
300.035
300.043
300.052
300.061
300.071
300.081
300.091
300.102
300.113
300.125
300.136
300.149
300.161
300.175
300.188
300.202
300.217
300.232
300.247
300.263
300.279
300.296
300.314
300.332
300.35
300.369
300.389
300.409
300.43
300.451
300.473
300.496
300.519
300.543
300.568
300.594
300.62
300.646
300.674
300.702
300.732
300.761
300.792
300.824
300.856
300.89
300.924
300.96
300.996
301.033
301.072
301.111
301.152
301.194
301.237
301.281
301.327
301.374
301.423
301.473
301.525
301.578
301.634
301.691
301.751
301.813
301.877
301.944
302.014
302.088
302.165
302.246
302.332
302.424
302.521
302.624
302.732
300.004
300.011
300.019
300.026
300.035
300.043
300.052
300.061
300.071
300.081
300.091
300.102
300.113
300.125
300.136
300.149
300.161
300.175
300.188
300.202
300.217
300.232
300.247
300.263
300.279
300.296
300.314
300.332
300.35
300.369
300.389
300.409
300.43
300.451
300.473
300.496
300.519
300.543
300.568
300.593
300.619
300.646
300.674
300.702
300.731
300.761
300.792
300.824
300.856
300.889
300.924
300.959
300.995
301.033
301.071
301.11
301.151
301.193
301.236
301.28
301.325
301.372
301.421
301.471
301.522
301.576
301.631
301.687
301.746
301.808
301.871
301.937
302.006
302.078
302.153
302.231
302.313
302.399
302.489
302.581
302.674
300.004
300.011
300.019
300.026
300.035
300.043
300.052
300.061
300.071
300.081
300.091
300.102
300.113
300.125
300.136
300.149
300.161
300.175
300.188
300.202
300.217
300.232
300.247
300.263
300.279
300.296
300.314
300.332
300.35
300.369
300.389
300.409
300.43
300.451
300.473
300.496
300.519
300.543
300.568
300.593
300.619
300.646
300.673
300.702
300.731
300.761
300.791
300.823
300.855
300.889
300.923
300.958
300.994
301.031
301.07
301.109
301.149
301.191
301.234
301.278
301.323
301.37
301.418
301.467
301.519
301.571
301.626
301.682
301.74
301.8
301.863
301.927
301.994
302.064
302.136
302.211
302.288
302.368
302.45
302.533
302.615
300.004
300.011
300.019
300.026
300.035
300.043
300.052
300.061
300.071
300.081
300.091
300.102
300.113
300.125
300.136
300.149
300.161
300.175
300.188
300.202
300.217
300.232
300.247
300.263
300.279
300.296
300.314
300.332
300.35
300.369
300.389
300.409
300.43
300.451
300.473
300.496
300.519
300.543
300.567
300.593
300.619
300.645
300.673
300.701
300.73
300.76
300.791
300.822
300.854
300.888
300.922
300.957
300.993
301.03
301.068
301.107
301.147
301.189
301.231
301.275
301.32
301.366
301.414
301.463
301.513
301.566
301.619
301.675
301.732
301.79
301.851
301.914
301.979
302.046
302.115
302.185
302.258
302.332
302.407
302.482
302.556
300.004
300.011
300.019
300.026
300.035
300.043
300.052
300.061
300.071
300.081
300.091
300.102
300.113
300.125
300.136
300.149
300.161
300.175
300.188
300.202
300.217
300.231
300.247
300.263
300.279
300.296
300.313
300.331
300.35
300.369
300.388
300.409
300.429
300.451
300.473
300.495
300.519
300.542
300.567
300.592
300.618
300.645
300.672
300.7
300.729
300.759
300.79
300.821
300.853
300.886
300.92
300.955
300.991
301.028
301.066
301.105
301.145
301.186
301.228
301.271
301.316
301.362
301.409
301.457
301.507
301.558
301.611
301.665
301.721
301.778
301.837
301.898
301.96
302.024
302.089
302.156
302.224
302.292
302.361
302.429
302.496
300.004
300.011
300.019
300.026
300.035
300.043
300.052
300.061
300.071
300.081
300.091
300.102
300.113
300.124
300.136
300.149
300.161
300.174
300.188
300.202
300.216
300.231
300.247
300.263
300.279
300.296
300.313
300.331
300.35
300.369
300.388
300.408
300.429
300.45
300.472
300.495
300.518
300.542
300.566
300.592
300.618
300.644
300.671
300.7
300.728
300.758
300.788
300.82
300.852
300.885
300.918
300.953
300.989
301.025
301.063
301.102
301.141
301.182
301.224
301.266
301.31
301.356
301.402
301.45
301.498
301.549
301.6
301.653
301.707
301.763
301.82
301.878
301.938
301.998
302.06
302.123
302.186
302.249
302.312
302.375
302.436
300.004
300.011
300.019
300.026
300.035
300.043
300.052
300.061
300.071
300.081
300.091
300.102
300.113
300.124
300.136
300.149
300.161
300.174
300.188
300.202
300.216
300.231
300.247
300.263
300.279
300.296
300.313
300.331
300.349
300.368
300.388
300.408
300.429
300.45
300.472
300.494
300.518
300.541
300.566
300.591
300.617
300.643
300.67
300.698
300.727
300.757
300.787
300.818
300.85
300.883
300.916
300.951
300.986
301.022
301.059
301.098
301.137
301.177
301.218
301.26
301.304
301.348
301.394
301.44
301.488
301.537
301.587
301.639
301.691
301.745
301.8
301.855
301.912
301.969
302.028
302.086
302.145
302.204
302.262
302.319
302.376
300.004
300.011
300.019
300.026
300.035
300.043
300.052
300.061
300.071
300.081
300.091
300.102
300.113
300.124
300.136
300.149
300.161
300.174
300.188
300.202
300.216
300.231
300.246
300.262
300.279
300.296
300.313
300.331
300.349
300.368
300.388
300.408
300.428
300.449
300.471
300.494
300.517
300.541
300.565
300.59
300.616
300.642
300.669
300.697
300.726
300.755
300.785
300.816
300.847
300.88
300.913
300.947
300.982
301.018
301.055
301.093
301.132
301.171
301.212
301.253
301.296
301.339
301.384
301.43
301.476
301.524
301.572
301.622
301.673
301.724
301.776
301.829
301.883
301.937
301.992
302.047
302.101
302.156
302.21
302.263
302.315
300.004
300.011
300.018
300.026
300.035
300.043
300.052
300.061
300.071
300.081
300.091
300.102
300.113
300.124
300.136
300.148
300.161
300.174
300.188
300.202
300.216
300.231
300.246
300.262
300.278
300.295
300.313
300.33
300.349
300.368
300.387
300.407
300.428
300.449
300.471
300.493
300.516
300.54
300.564
300.589
300.614
300.641
300.668
300.695
300.724
300.753
300.783
300.813
300.845
300.877
300.91
300.943
300.978
301.014
301.05
301.087
301.125
301.164
301.204
301.245
301.286
301.329
301.372
301.417
301.462
301.508
301.555
301.603
301.651
301.7
301.75
301.801
301.851
301.902
301.954
302.005
302.056
302.106
302.156
302.206
302.254
300.004
300.011
300.018
300.026
300.035
300.043
300.052
300.061
300.071
300.081
300.091
300.102
300.113
300.124
300.136
300.148
300.161
300.174
300.188
300.202
300.216
300.231
300.246
300.262
300.278
300.295
300.312
300.33
300.348
300.367
300.387
300.406
300.427
300.448
300.47
300.492
300.515
300.538
300.563
300.587
300.613
300.639
300.666
300.693
300.721
300.75
300.78
300.81
300.841
300.873
300.905
300.939
300.973
301.008
301.044
301.08
301.118
301.156
301.195
301.235
301.275
301.317
301.359
301.402
301.446
301.49
301.535
301.581
301.627
301.674
301.721
301.769
301.817
301.865
301.913
301.961
302.008
302.055
302.102
302.147
302.192
300.004
300.011
300.018
300.026
300.035
300.043
300.052
300.061
300.071
300.081
300.091
300.102
300.113
300.124
300.136
300.148
300.161
300.174
300.187
300.201
300.216
300.23
300.246
300.262
300.278
300.295
300.312
300.329
300.348
300.367
300.386
300.406
300.426
300.447
300.469
300.491
300.514
300.537
300.561
300.586
300.611
300.637
300.663
300.69
300.718
300.747
300.776
300.806
300.837
300.868
300.9
300.933
300.967
301.001
301.036
301.072
301.109
301.146
301.184
301.223
301.262
301.303
301.343
301.385
301.427
301.47
301.513
301.557
301.601
301.645
301.69
301.735
301.78
301.825
301.87
301.915
301.959
302.003
302.046
302.088
302.13
300.004
300.011
300.018
300.026
300.035
300.043
300.052
300.061
300.071
300.081
300.091
300.102
300.113
300.124
300.136
300.148
300.161
300.174
300.187
300.201
300.215
300.23
300.245
300.261
300.277
300.294
300.311
300.329
300.347
300.366
300.385
300.405
300.425
300.446
300.467
300.489
300.512
300.535
300.559
300.584
300.609
300.634
300.66
300.687
300.715
300.743
300.772
300.802
300.832
300.863
300.895
300.927
300.96
300.993
301.028
301.063
301.099
301.135
301.172
301.209
301.248
301.287
301.326
301.366
301.406
301.447
301.489
301.53
301.572
301.614
301.656
301.699
301.741
301.783
301.825
301.867
301.908
301.949
301.989
302.029
302.068
300.004
300.011
300.018
300.026
300.035
300.043
300.052
300.061
300.071
300.081
300.091
300.101
300.112
300.124
300.136
300.148
300.16
300.173
300.187
300.201
300.215
300.23
300.245
300.261
300.277
300.293
300.311
300.328
300.346
300.365
300.384
300.404
300.424
300.445
300.466
300.488
300.51
300.533
300.557
300.581
300.606
300.631
300.657
300.684
300.711
300.739
300.767
300.797
300.826
300.857
300.888
300.919
300.952
300.985
301.018
301.052
301.087
301.122
301.158
301.194
301.231
301.269
301.307
301.345
301.384
301.423
301.462
301.501
301.541
301.581
301.621
301.66
301.7
301.74
301.779
301.818
301.856
301.894
301.932
301.969
302.005
300.004
300.011
300.018
300.026
300.035
300.043
300.052
300.061
300.071
300.08
300.091
300.101
300.112
300.124
300.135
300.148
300.16
300.173
300.187
300.2
300.215
300.229
300.245
300.26
300.276
300.293
300.31
300.327
300.345
300.364
300.383
300.402
300.423
300.443
300.464
300.486
300.508
300.531
300.554
300.578
300.603
300.628
300.653
300.68
300.707
300.734
300.762
300.791
300.82
300.85
300.88
300.911
300.942
300.974
301.007
301.04
301.074
301.108
301.142
301.178
301.213
301.249
301.285
301.322
301.359
301.396
301.433
301.471
301.508
301.546
301.583
301.62
301.658
301.695
301.731
301.768
301.804
301.839
301.874
301.909
301.942
300.004
300.011
300.018
300.026
300.034
300.043
300.052
300.061
300.071
300.08
300.091
300.101
300.112
300.124
300.135
300.147
300.16
300.173
300.186
300.2
300.214
300.229
300.244
300.259
300.276
300.292
300.309
300.326
300.344
300.363
300.382
300.401
300.421
300.441
300.462
300.484
300.506
300.528
300.551
300.575
300.599
300.624
300.649
300.675
300.701
300.728
300.756
300.784
300.812
300.841
300.871
300.901
300.932
300.963
300.994
301.027
301.059
301.092
301.125
301.159
301.193
301.227
301.262
301.297
301.332
301.367
301.402
301.438
301.473
301.508
301.544
301.579
301.614
301.648
301.683
301.716
301.75
301.783
301.816
301.848
301.88
300.004
300.011
300.018
300.026
300.034
300.043
300.052
300.061
300.07
300.08
300.09
300.101
300.112
300.123
300.135
300.147
300.16
300.172
300.186
300.2
300.214
300.228
300.243
300.259
300.275
300.291
300.308
300.325
300.343
300.361
300.38
300.399
300.419
300.439
300.46
300.481
300.503
300.525
300.548
300.571
300.595
300.619
300.644
300.669
300.695
300.722
300.749
300.776
300.804
300.832
300.861
300.89
300.92
300.95
300.981
301.012
301.043
301.075
301.107
301.139
301.171
301.204
301.237
301.27
301.303
301.337
301.37
301.403
301.437
301.47
301.503
301.536
301.568
301.601
301.633
301.665
301.696
301.727
301.757
301.787
301.817
300.004
300.011
300.018
300.026
300.034
300.043
300.052
300.061
300.07
300.08
300.09
300.101
300.112
300.123
300.135
300.147
300.159
300.172
300.185
300.199
300.213
300.228
300.242
300.258
300.274
300.29
300.307
300.324
300.341
300.36
300.378
300.397
300.417
300.437
300.457
300.478
300.5
300.522
300.544
300.567
300.59
300.614
300.638
300.663
300.689
300.714
300.741
300.767
300.794
300.822
300.85
300.878
300.907
300.936
300.965
300.995
301.025
301.056
301.086
301.117
301.148
301.179
301.21
301.242
301.273
301.305
301.336
301.368
301.399
301.43
301.461
301.492
301.522
301.553
301.582
301.612
301.641
301.67
301.699
301.727
301.754
300.004
300.011
300.018
300.026
300.034
300.043
300.052
300.061
300.07
300.08
300.09
300.101
300.111
300.123
300.134
300.146
300.159
300.171
300.185
300.198
300.212
300.227
300.242
300.257
300.273
300.289
300.305
300.322
300.34
300.358
300.376
300.395
300.414
300.434
300.454
300.475
300.496
300.517
300.539
300.562
300.585
300.608
300.632
300.656
300.681
300.706
300.732
300.758
300.784
300.81
300.838
300.865
300.893
300.921
300.949
300.977
301.006
301.035
301.064
301.094
301.123
301.153
301.182
301.212
301.242
301.271
301.301
301.331
301.36
301.389
301.418
301.447
301.475
301.504
301.532
301.559
301.587
301.614
301.64
301.666
301.692
300.004
300.011
300.018
300.026
300.034
300.043
300.051
300.06
300.07
300.08
300.09
300.1
300.111
300.122
300.134
300.146
300.158
300.171
300.184
300.198
300.211
300.226
300.241
300.256
300.271
300.287
300.304
300.32
300.338
300.355
300.374
300.392
300.411
300.431
300.451
300.471
300.492
300.513
300.534
300.556
300.579
300.602
300.625
300.649
300.673
300.697
300.722
300.747
300.772
300.798
300.824
300.85
300.877
300.904
300.931
300.958
300.986
301.014
301.041
301.069
301.097
301.125
301.153
301.181
301.209
301.237
301.265
301.292
301.32
301.347
301.375
301.401
301.428
301.455
301.481
301.507
301.532
301.557
301.582
301.606
301.63
300.004
300.011
300.018
300.026
300.034
300.042
300.051
300.06
300.07
300.079
300.089
300.1
300.111
300.122
300.133
300.145
300.158
300.17
300.183
300.197
300.21
300.225
300.239
300.254
300.27
300.286
300.302
300.318
300.336
300.353
300.371
300.389
300.408
300.427
300.447
300.467
300.487
300.508
300.529
300.55
300.572
300.594
300.617
300.64
300.663
300.687
300.711
300.735
300.76
300.785
300.81
300.835
300.861
300.886
300.912
300.938
300.964
300.991
301.017
301.043
301.07
301.096
301.123
301.149
301.175
301.202
301.228
301.254
301.28
301.305
301.331
301.356
301.381
301.405
301.43
301.454
301.478
301.501
301.524
301.547
301.569
300.004
300.011
300.018
300.026
300.034
300.042
300.051
300.06
300.069
300.079
300.089
300.1
300.11
300.121
300.133
300.145
300.157
300.169
300.182
300.196
300.209
300.223
300.238
300.253
300.268
300.284
300.3
300.316
300.333
300.35
300.368
300.386
300.404
300.423
300.442
300.462
300.482
300.502
300.523
300.544
300.565
300.587
300.608
300.631
300.653
300.676
300.699
300.723
300.746
300.77
300.794
300.818
300.843
300.867
300.892
300.917
300.942
300.967
300.992
301.017
301.042
301.067
301.092
301.116
301.141
301.166
301.19
301.215
301.239
301.263
301.286
301.31
301.333
301.356
301.379
301.402
301.424
301.446
301.467
301.489
301.51
300.003
300.011
300.018
300.026
300.034
300.042
300.051
300.06
300.069
300.079
300.089
300.099
300.11
300.121
300.132
300.144
300.156
300.168
300.181
300.195
300.208
300.222
300.236
300.251
300.266
300.282
300.297
300.314
300.33
300.347
300.365
300.382
300.4
300.419
300.437
300.456
300.476
300.496
300.516
300.536
300.557
300.578
300.599
300.621
300.643
300.665
300.687
300.709
300.732
300.755
300.778
300.801
300.824
300.848
300.871
300.895
300.918
300.942
300.966
300.989
301.013
301.036
301.06
301.083
301.106
301.129
301.152
301.175
301.198
301.22
301.243
301.265
301.286
301.308
301.329
301.35
301.371
301.391
301.411
301.431
301.451
300.003
300.011
300.018
300.026
300.034
300.042
300.051
300.06
300.069
300.078
300.088
300.099
300.109
300.12
300.131
300.143
300.155
300.167
300.18
300.193
300.207
300.221
300.235
300.249
300.264
300.279
300.295
300.311
300.327
300.344
300.361
300.378
300.396
300.414
300.432
300.451
300.47
300.489
300.508
300.528
300.548
300.569
300.589
300.61
300.631
300.652
300.674
300.695
300.717
300.739
300.761
300.783
300.805
300.827
300.85
300.872
300.894
300.917
300.939
300.961
300.984
301.006
301.028
301.05
301.072
301.093
301.115
301.136
301.157
301.178
301.199
301.22
301.24
301.26
301.28
301.3
301.319
301.338
301.357
301.375
301.394
300.003
300.011
300.018
300.026
300.034
300.042
300.05
300.059
300.068
300.078
300.088
300.098
300.109
300.119
300.131
300.142
300.154
300.166
300.179
300.192
300.205
300.219
300.233
300.247
300.262
300.277
300.292
300.308
300.324
300.34
300.357
300.374
300.391
300.409
300.426
300.445
300.463
300.482
300.501
300.52
300.539
300.559
300.579
300.599
300.619
300.639
300.66
300.681
300.701
300.722
300.743
300.764
300.785
300.806
300.828
300.849
300.87
300.891
300.912
300.933
300.954
300.975
300.996
301.016
301.037
301.057
301.077
301.097
301.117
301.137
301.156
301.176
301.195
301.213
301.232
301.25
301.268
301.286
301.304
301.321
301.338
300.003
300.01
300.018
300.025
300.033
300.042
300.05
300.059
300.068
300.078
300.087
300.097
300.108
300.119
300.13
300.141
300.153
300.165
300.178
300.19
300.203
300.217
300.231
300.245
300.259
300.274
300.289
300.304
300.32
300.336
300.352
300.369
300.386
300.403
300.42
300.438
300.456
300.474
300.492
300.511
300.53
300.549
300.568
300.587
300.606
300.626
300.646
300.665
300.685
300.705
300.725
300.745
300.765
300.785
300.805
300.825
300.845
300.865
300.885
300.905
300.925
300.944
300.964
300.983
301.003
301.022
301.041
301.059
301.078
301.096
301.115
301.133
301.15
301.168
301.185
301.203
301.219
301.236
301.253
301.269
301.285
300.003
300.01
300.018
300.025
300.033
300.041
300.05
300.059
300.068
300.077
300.087
300.097
300.107
300.118
300.129
300.14
300.152
300.164
300.176
300.189
300.202
300.215
300.228
300.242
300.256
300.271
300.286
300.301
300.316
300.332
300.348
300.364
300.38
300.397
300.414
300.431
300.448
300.466
300.484
300.502
300.52
300.538
300.556
300.575
300.594
300.612
300.631
300.65
300.669
300.688
300.707
300.726
300.745
300.764
300.783
300.802
300.821
300.84
300.859
300.877
300.896
300.914
300.933
300.951
300.969
300.987
301.005
301.022
301.04
301.057
301.074
301.091
301.108
301.124
301.141
301.157
301.173
301.188
301.204
301.219
301.234
300.003
300.01
300.018
300.025
300.033
300.041
300.049
300.058
300.067
300.076
300.086
300.096
300.106
300.117
300.128
300.139
300.15
300.162
300.174
300.187
300.2
300.213
300.226
300.24
300.254
300.268
300.282
300.297
300.312
300.327
300.343
300.359
300.375
300.391
300.407
300.424
300.441
300.458
300.475
300.492
300.51
300.527
300.545
300.563
300.58
300.598
300.616
300.634
300.653
300.671
300.689
300.707
300.725
300.743
300.761
300.779
300.797
300.815
300.833
300.85
300.868
300.885
300.903
300.92
300.937
300.954
300.97
300.987
301.003
301.02
301.036
301.052
301.067
301.083
301.098
301.113
301.128
301.143
301.157
301.171
301.185
300.003
300.01
300.017
300.025
300.033
300.041
300.049
300.058
300.067
300.076
300.085
300.095
300.105
300.116
300.127
300.138
300.149
300.161
300.173
300.185
300.198
300.21
300.224
300.237
300.251
300.265
300.279
300.293
300.308
300.323
300.338
300.353
300.369
300.385
300.4
300.417
300.433
300.449
300.466
300.483
300.499
300.516
300.533
300.55
300.567
300.585
300.602
300.619
300.636
300.654
300.671
300.688
300.705
300.723
300.74
300.757
300.774
300.791
300.808
300.824
300.841
300.857
300.874
300.89
300.906
300.922
300.938
300.953
300.969
300.984
300.999
301.014
301.029
301.043
301.058
301.072
301.086
301.1
301.113
301.127
301.14
300.003
300.01
300.017
300.025
300.032
300.04
300.049
300.057
300.066
300.075
300.085
300.094
300.104
300.115
300.125
300.136
300.148
300.159
300.171
300.183
300.195
300.208
300.221
300.234
300.247
300.261
300.275
300.289
300.303
300.318
300.333
300.348
300.363
300.378
300.394
300.409
300.425
300.441
300.457
300.473
300.489
300.506
300.522
300.538
300.555
300.571
300.588
300.604
300.621
300.637
300.654
300.67
300.687
300.703
300.719
300.735
300.752
300.768
300.784
300.799
300.815
300.831
300.846
300.862
300.877
300.892
300.907
300.922
300.936
300.951
300.965
300.979
300.993
301.007
301.02
301.034
301.047
301.06
301.073
301.085
301.098
300.003
300.01
300.017
300.025
300.032
300.04
300.048
300.057
300.066
300.075
300.084
300.094
300.104
300.114
300.124
300.135
300.146
300.157
300.169
300.181
300.193
300.206
300.218
300.231
300.244
300.258
300.271
300.285
300.299
300.313
300.328
300.342
300.357
300.372
300.387
300.402
300.417
300.433
300.448
300.464
300.479
300.495
300.511
300.527
300.542
300.558
300.574
300.59
300.606
300.622
300.637
300.653
300.669
300.684
300.7
300.715
300.731
300.746
300.761
300.776
300.791
300.806
300.821
300.835
300.85
300.864
300.878
300.892
300.906
300.92
300.933
300.947
300.96
300.973
300.986
300.999
301.011
301.023
301.036
301.048
301.059
300.003
300.01
300.017
300.024
300.032
300.04
300.048
300.056
300.065
300.074
300.083
300.093
300.103
300.113
300.123
300.134
300.145
300.156
300.167
300.179
300.191
300.203
300.216
300.228
300.241
300.254
300.268
300.281
300.295
300.309
300.323
300.337
300.351
300.366
300.38
300.395
300.41
300.425
300.44
300.455
300.47
300.485
300.5
300.516
300.531
300.546
300.561
300.577
300.592
300.607
300.622
300.637
300.652
300.667
300.682
300.697
300.712
300.726
300.741
300.755
300.769
300.783
300.798
300.811
300.825
300.839
300.852
300.866
300.879
300.892
300.905
300.917
300.93
300.942
300.955
300.967
300.979
300.991
301.002
301.014
301.025
300.003
300.01
300.017
300.024
300.032
300.039
300.047
300.056
300.064
300.073
300.082
300.092
300.102
300.112
300.122
300.132
300.143
300.154
300.165
300.177
300.189
300.201
300.213
300.225
300.238
300.251
300.264
300.277
300.291
300.304
300.318
300.332
300.346
300.36
300.374
300.389
300.403
300.418
300.432
300.447
300.461
300.476
300.491
300.506
300.52
300.535
300.55
300.564
300.579
300.594
300.608
300.623
300.637
300.652
300.666
300.68
300.694
300.708
300.722
300.736
300.75
300.763
300.777
300.79
300.803
300.816
300.829
300.842
300.855
300.867
300.879
300.892
300.904
300.916
300.927
300.939
300.95
300.962
300.973
300.984
300.994
300.003
300.01
300.017
300.024
300.031
300.039
300.047
300.055
300.064
300.073
300.082
300.091
300.101
300.11
300.121
300.131
300.142
300.153
300.164
300.175
300.187
300.199
300.211
300.223
300.235
300.248
300.261
300.274
300.287
300.3
300.314
300.327
300.341
300.355
300.369
300.383
300.397
300.411
300.425
300.439
300.454
300.468
300.482
300.496
300.511
300.525
300.539
300.554
300.568
300.582
300.596
300.61
300.624
300.638
300.652
300.666
300.679
300.693
300.706
300.719
300.733
300.746
300.759
300.772
300.784
300.797
300.809
300.822
300.834
300.846
300.858
300.869
300.881
300.892
300.904
300.915
300.926
300.937
300.947
300.958
300.968
300.003
300.01
300.017
300.024
300.031
300.039
300.047
300.055
300.063
300.072
300.081
300.09
300.1
300.109
300.12
300.13
300.14
300.151
300.162
300.173
300.185
300.197
300.208
300.221
300.233
300.245
300.258
300.271
300.284
300.297
300.31
300.323
300.337
300.35
300.364
300.378
300.391
300.405
300.419
300.433
300.447
300.461
300.475
300.489
300.503
300.517
300.531
300.544
300.558
300.572
300.586
300.599
300.613
300.626
300.64
300.653
300.666
300.68
300.693
300.706
300.718
300.731
300.744
300.756
300.768
300.781
300.793
300.805
300.816
300.828
300.84
300.851
300.862
300.873
300.884
300.895
300.906
300.916
300.926
300.937
300.947
300.003
300.01
300.016
300.024
300.031
300.038
300.046
300.054
300.063
300.071
300.08
300.089
300.099
300.109
300.119
300.129
300.139
300.15
300.161
300.172
300.183
300.195
300.207
300.219
300.231
300.243
300.255
300.268
300.281
300.294
300.307
300.32
300.333
300.346
300.36
300.373
300.387
300.4
300.414
300.428
300.441
300.455
300.469
300.482
300.496
300.51
300.523
300.537
300.55
300.564
300.577
300.591
300.604
300.617
300.63
300.643
300.656
300.669
300.682
300.694
300.707
300.719
300.732
300.744
300.756
300.768
300.779
300.791
300.803
300.814
300.825
300.836
300.847
300.858
300.869
300.879
300.89
300.9
300.91
300.92
300.93
300.003
300.01
300.016
300.023
300.031
300.038
300.046
300.054
300.062
300.071
300.08
300.089
300.098
300.108
300.118
300.128
300.138
300.149
300.16
300.171
300.182
300.193
300.205
300.217
300.229
300.241
300.253
300.266
300.278
300.291
300.304
300.317
300.33
300.343
300.357
300.37
300.383
300.397
300.41
300.424
300.437
300.451
300.464
300.478
300.491
300.504
300.518
300.531
300.545
300.558
300.571
300.584
300.597
300.61
300.623
300.636
300.649
300.661
300.674
300.686
300.698
300.711
300.723
300.735
300.746
300.758
300.77
300.781
300.792
300.804
300.815
300.826
300.836
300.847
300.857
300.868
300.878
300.888
300.898
300.908
300.917
300.003
300.01
300.016
300.023
300.03
300.038
300.046
300.054
300.062
300.071
300.079
300.088
300.098
300.107
300.117
300.127
300.137
300.148
300.159
300.17
300.181
300.192
300.204
300.216
300.228
300.24
300.252
300.264
300.277
300.29
300.302
300.315
300.328
300.341
300.354
300.368
300.381
300.394
300.407
300.421
300.434
300.447
300.461
300.474
300.488
300.501
300.514
300.527
300.541
300.554
300.567
300.58
300.593
300.606
300.618
300.631
300.644
300.656
300.668
300.681
300.693
300.705
300.717
300.729
300.74
300.752
300.763
300.775
300.786
300.797
300.808
300.818
300.829
300.84
300.85
300.86
300.87
300.88
300.89
300.9
300.909
300.003
300.01
300.016
300.023
300.03
300.038
300.046
300.054
300.062
300.07
300.079
300.088
300.097
300.107
300.117
300.127
300.137
300.148
300.158
300.169
300.18
300.192
300.203
300.215
300.227
300.239
300.251
300.263
300.276
300.288
300.301
300.314
300.327
300.34
300.353
300.366
300.379
300.393
300.406
300.419
300.432
300.446
300.459
300.472
300.486
300.499
300.512
300.525
300.538
300.551
300.564
300.577
300.59
300.603
300.616
300.628
300.641
300.653
300.665
300.678
300.69
300.702
300.714
300.725
300.737
300.748
300.76
300.771
300.782
300.793
300.804
300.815
300.825
300.836
300.846
300.856
300.866
300.876
300.886
300.895
300.905
300.003
300.01
300.016
300.023
300.03
300.038
300.045
300.053
300.062
300.07
300.079
300.088
300.097
300.107
300.117
300.127
300.137
300.147
300.158
300.169
300.18
300.191
300.203
300.215
300.226
300.238
300.251
300.263
300.275
300.288
300.301
300.314
300.326
300.339
300.352
300.366
300.379
300.392
300.405
300.418
300.432
300.445
300.458
300.472
300.485
300.498
300.511
300.524
300.537
300.55
300.563
300.576
300.589
300.602
300.615
300.627
300.64
300.652
300.664
300.677
300.689
300.701
300.712
300.724
300.736
300.747
300.758
300.77
300.781
300.792
300.803
300.813
300.824
300.834
300.844
300.855
300.865
300.874
300.884
300.894
300.903
303.023
303.152
303.23
303.302
303.365
303.417
303.452
303.492
303.532
303.569
303.6
303.634
303.669
303.703
303.737
303.77
303.801
303.829
303.858
303.888
303.917
303.946
303.976
304.005
304.034
304.063
304.09
304.118
304.146
304.173
304.2
304.227
304.253
304.28
304.306
304.331
304.357
304.382
304.407
304.432
304.457
304.48
304.506
304.533
304.56
304.585
304.608
304.633
304.659
304.685
304.709
304.732
304.756
304.781
304.806
304.832
304.858
304.884
304.909
304.933
304.954
304.977
305.001
305.025
305.05
305.075
305.099
305.124
305.148
305.172
305.197
305.22
305.244
305.267
305.291
305.315
305.338
305.361
305.383
305.409
305.437
305.462
305.486
305.509
305.531
305.552
305.576
305.603
305.628
305.65
305.67
305.694
305.721
305.744
305.769
305.797
305.822
305.844
305.87
305.894
305.915
305.94
305.962
305.986
306.012
306.04
306.065
306.085
306.109
306.129
306.153
306.179
306.206
306.233
306.257
306.276
306.3
306.326
306.352
306.375
306.392
306.414
306.438
306.461
306.483
306.5
306.52
306.54
306.561
306.581
306.6
306.618
306.635
306.651
306.665
306.679
306.69
306.701
306.71
306.717
306.723
306.726
306.728
306.727
306.724
306.719
306.711
306.7
306.685
306.667
306.642
306.615
306.586
306.551
306.511
306.465
306.413
306.324
306.242
306.138
306.002
302.922
303.036
303.124
303.199
303.265
303.32
303.366
303.41
303.451
303.491
303.527
303.563
303.599
303.634
303.669
303.702
303.734
303.765
303.795
303.826
303.856
303.886
303.916
303.945
303.975
304.004
304.032
304.061
304.089
304.116
304.144
304.171
304.198
304.225
304.251
304.277
304.303
304.329
304.354
304.38
304.405
304.43
304.455
304.482
304.508
304.533
304.558
304.583
304.609
304.635
304.659
304.683
304.708
304.733
304.758
304.784
304.81
304.835
304.861
304.885
304.907
304.931
304.955
304.979
305.004
305.029
305.053
305.078
305.103
305.127
305.151
305.175
305.199
305.223
305.247
305.271
305.294
305.318
305.341
305.367
305.393
305.419
305.443
305.466
305.489
305.511
305.535
305.561
305.586
305.609
305.631
305.655
305.681
305.705
305.73
305.757
305.782
305.805
305.831
305.855
305.878
305.902
305.925
305.949
305.975
306.002
306.027
306.049
306.073
306.094
306.118
306.144
306.171
306.197
306.222
306.243
306.267
306.292
306.317
306.34
306.36
306.382
306.405
306.428
306.451
306.469
306.489
306.509
306.53
306.55
306.569
306.588
306.605
306.621
306.636
306.649
306.662
306.672
306.681
306.689
306.695
306.698
306.7
306.7
306.697
306.691
306.683
306.672
306.658
306.639
306.615
306.587
306.557
306.522
306.481
306.433
306.377
306.291
306.205
306.095
305.946
302.84
302.939
303.025
303.101
303.167
303.225
303.277
303.324
303.369
303.41
303.45
303.488
303.525
303.562
303.597
303.632
303.665
303.697
303.729
303.76
303.791
303.822
303.852
303.882
303.912
303.942
303.971
304
304.028
304.056
304.084
304.112
304.139
304.166
304.193
304.219
304.246
304.272
304.298
304.324
304.349
304.375
304.401
304.427
304.453
304.479
304.505
304.53
304.556
304.581
304.606
304.631
304.656
304.681
304.707
304.732
304.758
304.784
304.809
304.834
304.857
304.881
304.905
304.93
304.955
304.98
305.005
305.029
305.054
305.079
305.103
305.128
305.152
305.176
305.2
305.224
305.248
305.272
305.296
305.321
305.347
305.373
305.397
305.421
305.444
305.467
305.492
305.517
305.542
305.566
305.589
305.613
305.638
305.663
305.688
305.714
305.74
305.764
305.789
305.814
305.837
305.862
305.885
305.91
305.936
305.962
305.987
306.01
306.034
306.057
306.081
306.107
306.133
306.16
306.184
306.207
306.231
306.256
306.281
306.304
306.325
306.347
306.371
306.394
306.416
306.435
306.456
306.476
306.497
306.518
306.537
306.556
306.573
306.589
306.605
306.618
306.631
306.642
306.651
306.659
306.665
306.669
306.671
306.67
306.668
306.662
306.654
306.643
306.629
306.61
306.586
306.558
306.527
306.491
306.449
306.399
306.34
306.256
306.165
306.051
305.894
302.766
302.854
302.934
303.007
303.073
303.133
303.187
303.237
303.283
303.327
303.369
303.409
303.448
303.485
303.522
303.557
303.592
303.625
303.658
303.69
303.722
303.754
303.785
303.815
303.846
303.876
303.906
303.935
303.964
303.992
304.021
304.049
304.077
304.104
304.131
304.158
304.185
304.212
304.238
304.264
304.291
304.317
304.343
304.369
304.396
304.422
304.447
304.473
304.499
304.525
304.55
304.575
304.601
304.626
304.652
304.678
304.703
304.729
304.754
304.779
304.804
304.828
304.853
304.877
304.902
304.927
304.952
304.977
305.002
305.027
305.052
305.077
305.101
305.125
305.15
305.174
305.199
305.223
305.247
305.273
305.298
305.324
305.349
305.373
305.397
305.42
305.445
305.47
305.495
305.519
305.543
305.568
305.593
305.618
305.643
305.669
305.695
305.72
305.745
305.77
305.794
305.818
305.843
305.868
305.894
305.92
305.945
305.969
305.993
306.017
306.041
306.067
306.093
306.119
306.144
306.168
306.192
306.217
306.242
306.266
306.288
306.311
306.334
306.357
306.379
306.4
306.42
306.441
306.462
306.483
306.503
306.521
306.539
306.556
306.571
306.585
306.598
306.609
306.619
306.627
306.633
306.637
306.639
306.639
306.637
306.632
306.624
306.612
306.598
306.579
306.555
306.527
306.495
306.459
306.415
306.364
306.302
306.219
306.125
306.006
305.843
302.696
302.775
302.849
302.919
302.983
303.042
303.097
303.149
303.197
303.242
303.286
303.327
303.367
303.406
303.444
303.48
303.515
303.55
303.584
303.617
303.65
303.682
303.714
303.745
303.776
303.806
303.837
303.866
303.896
303.925
303.954
303.982
304.011
304.038
304.066
304.094
304.121
304.148
304.175
304.201
304.228
304.254
304.281
304.308
304.334
304.36
304.387
304.413
304.439
304.465
304.491
304.516
304.542
304.568
304.593
304.619
304.645
304.671
304.697
304.722
304.747
304.771
304.796
304.821
304.846
304.872
304.897
304.922
304.947
304.972
304.997
305.022
305.047
305.072
305.096
305.121
305.146
305.171
305.195
305.221
305.246
305.272
305.297
305.321
305.346
305.37
305.395
305.42
305.445
305.47
305.494
305.519
305.544
305.57
305.595
305.621
305.647
305.672
305.698
305.723
305.748
305.772
305.797
305.823
305.848
305.875
305.9
305.924
305.949
305.973
305.998
306.024
306.05
306.077
306.102
306.126
306.151
306.176
306.201
306.225
306.248
306.271
306.295
306.318
306.34
306.362
306.383
306.404
306.425
306.446
306.466
306.485
306.503
306.52
306.536
306.55
306.563
306.575
306.585
306.593
306.599
306.604
306.606
306.606
306.604
306.599
306.591
306.58
306.565
306.546
306.522
306.494
306.462
306.424
306.38
306.327
306.263
306.179
306.083
305.961
305.795
302.629
302.7
302.769
302.834
302.896
302.954
303.009
303.061
303.11
303.156
303.2
303.243
303.284
303.324
303.362
303.4
303.436
303.471
303.506
303.54
303.573
303.606
303.639
303.671
303.702
303.733
303.764
303.794
303.824
303.854
303.883
303.912
303.941
303.969
303.997
304.025
304.053
304.08
304.107
304.135
304.162
304.188
304.215
304.242
304.269
304.296
304.322
304.349
304.375
304.401
304.427
304.453
304.479
304.505
304.531
304.557
304.583
304.609
304.635
304.661
304.686
304.711
304.736
304.762
304.787
304.813
304.838
304.863
304.889
304.914
304.939
304.965
304.99
305.015
305.04
305.065
305.09
305.115
305.14
305.165
305.191
305.217
305.242
305.267
305.292
305.316
305.342
305.367
305.392
305.417
305.442
305.467
305.493
305.518
305.544
305.57
305.596
305.622
305.647
305.673
305.698
305.723
305.749
305.774
305.8
305.826
305.852
305.877
305.902
305.927
305.953
305.979
306.005
306.031
306.057
306.082
306.107
306.132
306.157
306.182
306.205
306.229
306.253
306.276
306.299
306.321
306.343
306.364
306.386
306.407
306.427
306.446
306.465
306.482
306.498
306.513
306.526
306.538
306.548
306.557
306.564
306.568
306.571
306.571
306.569
306.564
306.556
306.545
306.53
306.511
306.487
306.459
306.426
306.388
306.342
306.288
306.222
306.138
306.039
305.915
305.749
302.562
302.627
302.691
302.752
302.812
302.868
302.922
302.973
303.022
303.069
303.114
303.157
303.199
303.239
303.278
303.316
303.353
303.39
303.425
303.46
303.494
303.527
303.56
303.593
303.625
303.656
303.687
303.718
303.749
303.779
303.808
303.838
303.867
303.896
303.924
303.953
303.981
304.009
304.036
304.064
304.091
304.119
304.146
304.173
304.2
304.227
304.254
304.281
304.307
304.334
304.36
304.386
304.413
304.439
304.465
304.492
304.518
304.544
304.57
304.596
304.621
304.647
304.673
304.698
304.724
304.75
304.775
304.801
304.827
304.852
304.878
304.903
304.929
304.954
304.979
305.005
305.03
305.055
305.081
305.107
305.132
305.158
305.184
305.209
305.234
305.259
305.285
305.31
305.336
305.361
305.387
305.412
305.438
305.464
305.49
305.516
305.542
305.568
305.594
305.62
305.646
305.671
305.697
305.723
305.749
305.775
305.801
305.827
305.852
305.878
305.904
305.93
305.957
305.983
306.009
306.034
306.06
306.085
306.111
306.136
306.16
306.184
306.208
306.232
306.255
306.278
306.3
306.322
306.343
306.365
306.385
306.405
306.424
306.441
306.458
306.473
306.487
306.499
306.51
306.519
306.526
306.531
306.533
306.534
306.532
306.527
306.519
306.508
306.493
306.474
306.45
306.422
306.389
306.349
306.303
306.247
306.18
306.095
305.995
305.869
305.705
302.497
302.557
302.616
302.673
302.729
302.783
302.836
302.886
302.934
302.981
303.026
303.069
303.111
303.152
303.192
303.23
303.268
303.305
303.341
303.376
303.411
303.445
303.478
303.511
303.544
303.576
303.607
303.639
303.669
303.7
303.73
303.76
303.79
303.819
303.848
303.877
303.905
303.933
303.961
303.989
304.017
304.045
304.072
304.1
304.127
304.154
304.182
304.209
304.236
304.262
304.289
304.316
304.342
304.369
304.396
304.422
304.449
304.475
304.501
304.527
304.553
304.579
304.605
304.631
304.657
304.683
304.709
304.735
304.761
304.787
304.812
304.838
304.864
304.89
304.915
304.941
304.967
304.992
305.018
305.044
305.07
305.096
305.122
305.147
305.173
305.199
305.224
305.25
305.276
305.302
305.327
305.353
305.379
305.406
305.432
305.458
305.485
305.511
305.537
305.564
305.59
305.616
305.642
305.668
305.695
305.721
305.747
305.774
305.8
305.826
305.852
305.878
305.905
305.932
305.958
305.984
306.01
306.036
306.061
306.087
306.111
306.136
306.16
306.185
306.208
306.231
306.254
306.276
306.299
306.32
306.341
306.361
306.38
306.398
306.415
306.431
306.445
306.457
306.468
306.478
306.485
306.491
306.494
306.494
306.493
306.488
306.48
306.469
306.454
306.435
306.411
306.383
306.349
306.309
306.261
306.205
306.136
306.051
305.949
305.823
305.663
302.431
302.487
302.542
302.596
302.649
302.701
302.751
302.8
302.847
302.893
302.938
302.981
303.023
303.064
303.104
303.143
303.181
303.218
303.254
303.29
303.325
303.359
303.393
303.426
303.459
303.492
303.524
303.555
303.587
303.618
303.648
303.678
303.708
303.738
303.767
303.797
303.825
303.854
303.883
303.911
303.939
303.967
303.995
304.023
304.051
304.078
304.106
304.133
304.16
304.187
304.214
304.241
304.268
304.295
304.322
304.349
304.375
304.402
304.429
304.455
304.481
304.508
304.534
304.56
304.586
304.613
304.639
304.665
304.691
304.717
304.743
304.769
304.795
304.821
304.847
304.873
304.899
304.925
304.951
304.978
305.004
305.03
305.056
305.082
305.108
305.134
305.16
305.186
305.213
305.239
305.265
305.291
305.318
305.344
305.371
305.397
305.424
305.451
305.477
305.504
305.53
305.557
305.583
305.61
305.637
305.664
305.69
305.717
305.743
305.77
305.796
305.823
305.85
305.877
305.904
305.93
305.957
305.983
306.009
306.035
306.06
306.085
306.11
306.134
306.158
306.182
306.205
306.228
306.251
306.273
306.294
306.314
306.334
306.352
306.37
306.386
306.4
306.413
306.425
306.434
306.442
306.448
306.452
306.453
306.451
306.447
306.439
306.428
306.413
306.394
306.37
306.341
306.307
306.267
306.218
306.16
306.091
306.005
305.903
305.778
305.621
302.366
302.418
302.469
302.52
302.57
302.619
302.667
302.714
302.76
302.805
302.849
302.892
302.933
302.974
303.014
303.053
303.091
303.128
303.165
303.201
303.236
303.271
303.305
303.339
303.372
303.405
303.437
303.469
303.501
303.532
303.563
303.593
303.624
303.654
303.683
303.713
303.742
303.771
303.8
303.829
303.857
303.886
303.914
303.942
303.97
303.998
304.026
304.053
304.081
304.108
304.135
304.163
304.19
304.217
304.244
304.271
304.298
304.325
304.352
304.379
304.405
304.432
304.459
304.485
304.512
304.538
304.565
304.591
304.618
304.644
304.67
304.697
304.723
304.749
304.776
304.802
304.828
304.855
304.881
304.907
304.934
304.96
304.987
305.013
305.04
305.066
305.092
305.119
305.145
305.172
305.198
305.225
305.252
305.279
305.306
305.333
305.36
305.387
305.413
305.44
305.467
305.494
305.521
305.548
305.575
305.603
305.63
305.657
305.684
305.711
305.738
305.765
305.792
305.819
305.846
305.873
305.9
305.927
305.953
305.979
306.005
306.031
306.056
306.081
306.106
306.13
306.154
306.177
306.2
306.222
306.244
306.265
306.285
306.304
306.321
306.338
306.353
306.367
306.378
306.389
306.397
306.403
306.407
306.408
306.407
306.403
306.396
306.385
306.37
306.351
306.327
306.298
306.264
306.222
306.173
306.115
306.044
305.959
305.856
305.732
305.581
302.302
302.349
302.397
302.445
302.492
302.538
302.584
302.63
302.674
302.718
302.76
302.802
302.843
302.884
302.923
302.962
303
303.037
303.074
303.11
303.145
303.18
303.214
303.248
303.282
303.315
303.347
303.379
303.411
303.443
303.474
303.505
303.535
303.566
303.596
303.626
303.655
303.685
303.714
303.743
303.772
303.8
303.829
303.857
303.885
303.914
303.942
303.97
303.997
304.025
304.053
304.08
304.108
304.135
304.163
304.19
304.217
304.244
304.271
304.298
304.325
304.352
304.379
304.406
304.433
304.46
304.486
304.513
304.54
304.567
304.593
304.62
304.647
304.673
304.7
304.727
304.753
304.78
304.807
304.833
304.86
304.887
304.914
304.94
304.967
304.994
305.021
305.048
305.074
305.101
305.128
305.155
305.182
305.21
305.237
305.264
305.291
305.319
305.346
305.373
305.401
305.428
305.455
305.483
305.51
305.538
305.565
305.593
305.62
305.648
305.675
305.703
305.73
305.758
305.786
305.813
305.84
305.867
305.894
305.921
305.947
305.973
305.999
306.025
306.05
306.074
306.099
306.123
306.146
306.169
306.191
306.212
306.233
306.252
306.27
306.287
306.303
306.317
306.329
306.34
306.349
306.355
306.36
306.361
306.361
306.357
306.35
306.339
306.324
306.305
306.282
306.253
306.218
306.176
306.126
306.067
305.996
305.911
305.809
305.687
305.541
302.237
302.281
302.326
302.37
302.415
302.459
302.503
302.546
302.588
302.631
302.672
302.713
302.753
302.792
302.831
302.87
302.907
302.944
302.981
303.016
303.052
303.087
303.121
303.155
303.189
303.222
303.254
303.287
303.319
303.351
303.382
303.413
303.444
303.475
303.505
303.535
303.565
303.594
303.624
303.653
303.682
303.711
303.74
303.769
303.797
303.826
303.854
303.882
303.91
303.938
303.966
303.994
304.022
304.049
304.077
304.105
304.132
304.159
304.187
304.214
304.241
304.269
304.296
304.323
304.35
304.377
304.404
304.431
304.458
304.485
304.512
304.539
304.566
304.593
304.62
304.647
304.674
304.701
304.728
304.755
304.782
304.81
304.837
304.864
304.891
304.918
304.945
304.972
305
305.027
305.054
305.082
305.109
305.137
305.164
305.192
305.219
305.247
305.275
305.303
305.33
305.358
305.386
305.414
305.442
305.47
305.498
305.525
305.553
305.581
305.609
305.637
305.665
305.693
305.721
305.749
305.777
305.804
305.832
305.859
305.886
305.912
305.939
305.965
305.99
306.016
306.04
306.065
306.089
306.112
306.135
306.157
306.177
306.197
306.216
306.234
306.25
306.264
306.277
306.288
306.298
306.305
306.31
306.312
306.311
306.308
306.301
306.291
306.276
306.257
306.234
306.205
306.17
306.128
306.078
306.018
305.947
305.862
305.762
305.642
305.502
302.172
302.213
302.255
302.297
302.339
302.38
302.422
302.463
302.504
302.544
302.584
302.623
302.663
302.701
302.739
302.777
302.814
302.85
302.886
302.922
302.957
302.992
303.026
303.06
303.093
303.126
303.159
303.192
303.224
303.256
303.287
303.318
303.349
303.38
303.411
303.441
303.471
303.501
303.53
303.56
303.589
303.618
303.648
303.676
303.705
303.734
303.762
303.791
303.819
303.847
303.876
303.904
303.932
303.96
303.988
304.015
304.043
304.071
304.098
304.126
304.154
304.181
304.209
304.236
304.263
304.291
304.318
304.345
304.373
304.4
304.427
304.455
304.482
304.509
304.537
304.564
304.591
304.619
304.646
304.673
304.701
304.728
304.756
304.783
304.811
304.838
304.866
304.893
304.921
304.948
304.976
305.004
305.032
305.06
305.088
305.116
305.144
305.172
305.2
305.228
305.256
305.284
305.313
305.341
305.369
305.398
305.426
305.454
305.483
305.511
305.539
305.568
305.596
305.625
305.653
305.681
305.71
305.738
305.766
305.793
305.821
305.848
305.875
305.901
305.927
305.953
305.979
306.004
306.028
306.052
306.075
306.098
306.119
306.139
306.159
306.177
306.194
306.209
306.222
306.234
306.244
306.251
306.257
306.259
306.259
306.256
306.25
306.24
306.226
306.207
306.184
306.155
306.12
306.078
306.028
305.968
305.897
305.813
305.714
305.598
305.464
302.106
302.145
302.184
302.224
302.263
302.302
302.341
302.38
302.419
302.458
302.496
302.535
302.572
302.61
302.647
302.683
302.72
302.755
302.791
302.826
302.861
302.895
302.929
302.963
302.996
303.029
303.062
303.094
303.126
303.158
303.19
303.221
303.252
303.283
303.313
303.344
303.374
303.404
303.434
303.464
303.493
303.522
303.552
303.581
303.61
303.639
303.667
303.696
303.725
303.753
303.781
303.81
303.838
303.866
303.894
303.922
303.95
303.978
304.006
304.034
304.062
304.09
304.117
304.145
304.173
304.2
304.228
304.256
304.283
304.311
304.339
304.366
304.394
304.421
304.449
304.477
304.504
304.532
304.56
304.587
304.615
304.643
304.671
304.698
304.726
304.754
304.782
304.81
304.838
304.866
304.894
304.922
304.95
304.979
305.007
305.036
305.064
305.092
305.121
305.15
305.178
305.207
305.235
305.264
305.293
305.322
305.351
305.379
305.408
305.437
305.466
305.495
305.524
305.553
305.581
305.61
305.639
305.667
305.696
305.724
305.752
305.78
305.807
305.834
305.861
305.887
305.913
305.939
305.964
305.988
306.012
306.035
306.057
306.078
306.098
306.117
306.134
306.15
306.164
306.176
306.187
306.195
306.201
306.204
306.205
306.202
306.196
306.186
306.173
306.154
306.131
306.102
306.068
306.026
305.976
305.916
305.846
305.763
305.666
305.554
305.426
302.041
302.078
302.114
302.151
302.188
302.225
302.262
302.299
302.336
302.373
302.41
302.446
302.482
302.519
302.554
302.59
302.625
302.66
302.695
302.729
302.764
302.797
302.831
302.864
302.897
302.93
302.962
302.995
303.027
303.058
303.09
303.121
303.152
303.183
303.214
303.244
303.274
303.304
303.334
303.364
303.394
303.423
303.453
303.482
303.511
303.54
303.569
303.598
303.626
303.655
303.684
303.712
303.741
303.769
303.797
303.826
303.854
303.882
303.91
303.938
303.966
303.994
304.022
304.05
304.078
304.106
304.134
304.162
304.19
304.218
304.246
304.274
304.302
304.329
304.357
304.385
304.413
304.441
304.469
304.497
304.525
304.554
304.582
304.61
304.638
304.666
304.695
304.723
304.751
304.78
304.808
304.837
304.865
304.894
304.923
304.952
304.98
305.009
305.038
305.067
305.096
305.125
305.154
305.184
305.213
305.242
305.271
305.301
305.33
305.359
305.389
305.418
305.447
305.477
305.506
305.535
305.564
305.593
305.622
305.651
305.68
305.708
305.736
305.764
305.791
305.818
305.845
305.871
305.896
305.921
305.946
305.969
305.992
306.014
306.034
306.053
306.071
306.088
306.103
306.116
306.127
306.135
306.142
306.146
306.147
306.145
306.139
306.13
306.117
306.099
306.076
306.048
306.013
305.972
305.922
305.863
305.794
305.712
305.618
305.51
305.388
301.976
302.01
302.044
302.079
302.113
302.148
302.183
302.218
302.253
302.288
302.323
302.358
302.393
302.428
302.462
302.497
302.531
302.565
302.599
302.633
302.666
302.699
302.732
302.765
302.797
302.83
302.862
302.894
302.925
302.957
302.988
303.019
303.05
303.081
303.111
303.142
303.172
303.202
303.232
303.262
303.292
303.321
303.351
303.38
303.409
303.438
303.467
303.496
303.525
303.554
303.583
303.611
303.64
303.668
303.697
303.725
303.754
303.782
303.811
303.839
303.867
303.895
303.924
303.952
303.98
304.008
304.036
304.065
304.093
304.121
304.149
304.177
304.206
304.234
304.262
304.29
304.319
304.347
304.375
304.404
304.432
304.46
304.489
304.517
304.546
304.575
304.603
304.632
304.661
304.69
304.718
304.747
304.776
304.805
304.834
304.864
304.893
304.922
304.952
304.981
305.01
305.04
305.07
305.099
305.129
305.158
305.188
305.218
305.248
305.278
305.307
305.337
305.367
305.397
305.427
305.457
305.486
305.516
305.545
305.574
305.603
305.632
305.661
305.689
305.717
305.745
305.772
305.799
305.825
305.851
305.876
305.9
305.923
305.945
305.967
305.987
306.005
306.022
306.038
306.051
306.063
306.073
306.08
306.084
306.086
306.085
306.08
306.071
306.059
306.041
306.019
305.991
305.957
305.916
305.867
305.809
305.741
305.661
305.57
305.466
305.35
301.911
301.943
301.975
302.007
302.04
302.072
302.105
302.138
302.172
302.205
302.238
302.271
302.305
302.338
302.371
302.404
302.437
302.47
302.503
302.536
302.568
302.601
302.633
302.665
302.697
302.729
302.76
302.792
302.823
302.854
302.885
302.916
302.946
302.977
303.007
303.038
303.068
303.098
303.127
303.157
303.187
303.216
303.246
303.275
303.304
303.334
303.363
303.392
303.421
303.45
303.479
303.507
303.536
303.565
303.593
303.622
303.651
303.679
303.708
303.736
303.765
303.793
303.821
303.85
303.878
303.907
303.935
303.964
303.992
304.02
304.049
304.077
304.106
304.134
304.163
304.191
304.22
304.249
304.277
304.306
304.335
304.363
304.392
304.421
304.45
304.479
304.508
304.537
304.566
304.595
304.625
304.654
304.683
304.713
304.742
304.772
304.802
304.831
304.861
304.891
304.921
304.951
304.981
305.011
305.041
305.071
305.101
305.132
305.162
305.192
305.222
305.253
305.283
305.313
305.344
305.374
305.404
305.434
305.464
305.494
305.524
305.553
305.582
305.611
305.64
305.668
305.696
305.723
305.75
305.776
305.802
305.827
305.851
305.874
305.895
305.916
305.935
305.953
305.969
305.984
305.996
306.007
306.014
306.02
306.022
306.022
306.017
306.009
305.997
305.981
305.959
305.932
305.898
305.858
305.81
305.753
305.687
305.61
305.522
305.422
305.312
301.846
301.876
301.906
301.936
301.967
301.997
302.028
302.06
302.091
302.122
302.154
302.186
302.217
302.249
302.281
302.313
302.344
302.376
302.408
302.439
302.471
302.502
302.534
302.565
302.596
302.627
302.658
302.689
302.72
302.75
302.781
302.811
302.841
302.872
302.902
302.932
302.962
302.991
303.021
303.051
303.08
303.11
303.139
303.168
303.198
303.227
303.256
303.285
303.314
303.343
303.372
303.401
303.429
303.458
303.487
303.516
303.544
303.573
303.602
303.63
303.659
303.687
303.716
303.745
303.773
303.802
303.831
303.859
303.888
303.917
303.945
303.974
304.003
304.031
304.06
304.089
304.118
304.147
304.176
304.205
304.234
304.263
304.292
304.321
304.351
304.38
304.409
304.439
304.468
304.498
304.527
304.557
304.587
304.617
304.647
304.677
304.707
304.737
304.767
304.797
304.828
304.858
304.888
304.919
304.949
304.98
305.011
305.041
305.072
305.103
305.134
305.165
305.195
305.226
305.257
305.288
305.318
305.349
305.38
305.41
305.44
305.47
305.5
305.529
305.558
305.587
305.616
305.644
305.671
305.698
305.724
305.75
305.774
305.798
305.821
305.842
305.862
305.881
305.898
305.913
305.926
305.937
305.946
305.952
305.955
305.955
305.952
305.945
305.933
305.918
305.897
305.87
305.838
305.798
305.752
305.696
305.632
305.558
305.473
305.378
305.273
301.782
301.809
301.837
301.866
301.894
301.923
301.952
301.982
302.011
302.041
302.071
302.101
302.131
302.161
302.191
302.222
302.252
302.283
302.313
302.343
302.374
302.404
302.435
302.465
302.495
302.526
302.556
302.586
302.616
302.646
302.676
302.706
302.736
302.766
302.795
302.825
302.854
302.884
302.913
302.943
302.972
303.001
303.031
303.06
303.089
303.118
303.147
303.176
303.205
303.234
303.263
303.291
303.32
303.349
303.378
303.407
303.435
303.464
303.493
303.522
303.55
303.579
303.608
303.637
303.665
303.694
303.723
303.752
303.781
303.81
303.838
303.867
303.896
303.925
303.954
303.983
304.013
304.042
304.071
304.1
304.13
304.159
304.189
304.218
304.248
304.277
304.307
304.337
304.367
304.397
304.427
304.457
304.487
304.517
304.547
304.578
304.608
304.639
304.669
304.7
304.731
304.761
304.792
304.823
304.854
304.885
304.916
304.948
304.979
305.01
305.041
305.073
305.104
305.135
305.167
305.198
305.229
305.26
305.291
305.322
305.353
305.383
305.414
305.444
305.473
305.503
305.532
305.56
305.589
305.616
305.643
305.669
305.694
305.719
305.742
305.764
305.785
305.804
305.822
305.838
305.852
305.864
305.873
305.88
305.884
305.885
305.883
305.877
305.866
305.851
305.832
305.806
305.775
305.737
305.691
305.638
305.576
305.505
305.424
305.333
305.234
301.718
301.744
301.77
301.796
301.823
301.85
301.878
301.905
301.933
301.961
301.989
302.018
302.046
302.075
302.104
302.132
302.161
302.191
302.22
302.249
302.278
302.307
302.337
302.366
302.395
302.425
302.454
302.484
302.513
302.542
302.571
302.601
302.63
302.659
302.688
302.718
302.747
302.776
302.805
302.834
302.863
302.892
302.921
302.95
302.979
303.007
303.036
303.065
303.094
303.123
303.152
303.18
303.209
303.238
303.267
303.295
303.324
303.353
303.382
303.411
303.439
303.468
303.497
303.526
303.555
303.584
303.613
303.642
303.671
303.7
303.729
303.758
303.787
303.816
303.846
303.875
303.904
303.934
303.963
303.993
304.022
304.052
304.082
304.112
304.141
304.171
304.201
304.232
304.262
304.292
304.322
304.353
304.383
304.414
304.445
304.475
304.506
304.537
304.568
304.599
304.63
304.662
304.693
304.724
304.756
304.787
304.819
304.85
304.882
304.914
304.945
304.977
305.009
305.041
305.073
305.104
305.136
305.168
305.199
305.231
305.262
305.293
305.324
305.354
305.385
305.415
305.444
305.474
305.502
305.53
305.558
305.585
305.611
305.636
305.66
305.683
305.704
305.724
305.743
305.76
305.774
305.787
305.798
305.805
305.81
305.812
305.811
305.806
305.796
305.782
305.764
305.74
305.71
305.673
305.63
305.578
305.519
305.451
305.374
305.288
305.195
301.654
301.679
301.703
301.728
301.753
301.778
301.804
301.83
301.856
301.883
301.909
301.936
301.963
301.99
302.017
302.045
302.072
302.1
302.128
302.156
302.184
302.212
302.24
302.268
302.297
302.325
302.354
302.382
302.41
302.439
302.467
302.496
302.525
302.553
302.582
302.61
302.639
302.667
302.696
302.725
302.753
302.782
302.81
302.839
302.868
302.896
302.925
302.953
302.982
303.011
303.039
303.068
303.097
303.125
303.154
303.183
303.211
303.24
303.269
303.298
303.327
303.355
303.384
303.413
303.442
303.471
303.5
303.529
303.558
303.588
303.617
303.646
303.675
303.705
303.734
303.764
303.793
303.823
303.853
303.882
303.912
303.942
303.972
304.002
304.033
304.063
304.093
304.124
304.154
304.185
304.215
304.246
304.277
304.308
304.339
304.37
304.401
304.433
304.464
304.495
304.527
304.559
304.59
304.622
304.654
304.686
304.718
304.75
304.782
304.814
304.846
304.879
304.911
304.943
304.975
305.007
305.04
305.072
305.104
305.136
305.167
305.199
305.23
305.262
305.292
305.323
305.353
305.383
305.412
305.441
305.469
305.497
305.523
305.549
305.574
305.597
305.619
305.64
305.66
305.677
305.693
305.707
305.718
305.727
305.733
305.736
305.735
305.731
305.723
305.71
305.693
305.67
305.642
305.607
305.566
305.517
305.461
305.396
305.323
305.242
305.154
301.592
301.614
301.637
301.661
301.684
301.708
301.732
301.756
301.781
301.806
301.831
301.856
301.881
301.907
301.933
301.959
301.985
302.011
302.038
302.065
302.091
302.118
302.145
302.172
302.2
302.227
302.254
302.282
302.309
302.337
302.365
302.392
302.42
302.448
302.476
302.504
302.532
302.56
302.588
302.616
302.644
302.672
302.7
302.728
302.756
302.785
302.813
302.841
302.87
302.898
302.926
302.955
302.983
303.012
303.04
303.069
303.097
303.126
303.155
303.183
303.212
303.241
303.27
303.299
303.328
303.357
303.386
303.415
303.444
303.474
303.503
303.532
303.562
303.591
303.621
303.651
303.68
303.71
303.74
303.77
303.8
303.83
303.86
303.891
303.921
303.952
303.982
304.013
304.044
304.075
304.106
304.137
304.168
304.199
304.23
304.262
304.294
304.325
304.357
304.389
304.421
304.453
304.485
304.517
304.549
304.582
304.614
304.646
304.679
304.711
304.744
304.777
304.809
304.842
304.875
304.907
304.94
304.972
305.005
305.037
305.07
305.102
305.134
305.165
305.197
305.228
305.259
305.289
305.319
305.348
305.377
305.405
305.432
305.458
305.484
305.508
305.531
305.553
305.573
305.591
305.608
305.622
305.635
305.644
305.651
305.655
305.656
305.653
305.646
305.635
305.619
305.598
305.572
305.539
305.5
305.454
305.401
305.34
305.271
305.195
305.112
301.53
301.552
301.573
301.595
301.617
301.639
301.662
301.684
301.708
301.731
301.754
301.778
301.802
301.826
301.851
301.875
301.9
301.925
301.95
301.976
302.001
302.027
302.053
302.078
302.105
302.131
302.157
302.183
302.21
302.237
302.263
302.29
302.317
302.344
302.371
302.398
302.426
302.453
302.48
302.508
302.535
302.563
302.59
302.618
302.646
302.674
302.701
302.729
302.757
302.785
302.813
302.841
302.87
302.898
302.926
302.955
302.983
303.011
303.04
303.069
303.097
303.126
303.155
303.184
303.213
303.242
303.271
303.3
303.329
303.358
303.388
303.417
303.447
303.476
303.506
303.536
303.566
303.596
303.626
303.656
303.686
303.716
303.747
303.777
303.808
303.839
303.869
303.9
303.931
303.963
303.994
304.025
304.057
304.088
304.12
304.152
304.184
304.216
304.248
304.28
304.312
304.344
304.377
304.409
304.442
304.475
304.507
304.54
304.573
304.606
304.639
304.672
304.705
304.738
304.771
304.804
304.837
304.87
304.903
304.936
304.969
305.001
305.034
305.066
305.098
305.129
305.161
305.191
305.222
305.252
305.281
305.309
305.337
305.364
305.39
305.415
305.439
305.461
305.482
305.502
305.519
305.534
305.548
305.558
305.566
305.572
305.573
305.572
305.566
305.557
305.543
305.523
305.499
305.469
305.432
305.389
305.339
305.282
305.218
305.147
305.069
301.47
301.49
301.51
301.531
301.551
301.572
301.593
301.615
301.636
301.658
301.68
301.702
301.725
301.748
301.771
301.794
301.818
301.841
301.865
301.889
301.913
301.938
301.962
301.987
302.012
302.037
302.062
302.088
302.113
302.139
302.164
302.19
302.216
302.242
302.269
302.295
302.321
302.348
302.375
302.401
302.428
302.455
302.482
302.509
302.536
302.564
302.591
302.618
302.646
302.673
302.701
302.729
302.757
302.785
302.813
302.841
302.869
302.897
302.925
302.954
302.982
303.011
303.04
303.068
303.097
303.126
303.155
303.184
303.213
303.243
303.272
303.301
303.331
303.361
303.39
303.42
303.45
303.48
303.51
303.541
303.571
303.601
303.632
303.663
303.693
303.724
303.755
303.786
303.818
303.849
303.881
303.912
303.944
303.976
304.008
304.04
304.072
304.104
304.136
304.169
304.201
304.234
304.267
304.3
304.333
304.366
304.399
304.432
304.465
304.498
304.532
304.565
304.599
304.632
304.665
304.699
304.732
304.766
304.799
304.832
304.865
304.898
304.931
304.963
304.996
305.028
305.059
305.091
305.122
305.152
305.182
305.211
305.239
305.267
305.293
305.319
305.343
305.366
305.388
305.408
305.426
305.443
305.457
305.469
305.478
305.484
305.487
305.487
305.483
305.475
305.462
305.445
305.423
305.395
305.361
305.321
305.275
305.222
305.162
305.096
305.023
301.412
301.43
301.449
301.468
301.487
301.507
301.527
301.547
301.567
301.588
301.608
301.629
301.651
301.672
301.694
301.716
301.738
301.76
301.783
301.806
301.829
301.852
301.875
301.899
301.922
301.946
301.97
301.995
302.019
302.044
302.068
302.093
302.118
302.143
302.169
302.194
302.22
302.245
302.271
302.297
302.323
302.35
302.376
302.402
302.429
302.456
302.482
302.509
302.536
302.563
302.59
302.618
302.645
302.673
302.7
302.728
302.756
302.784
302.812
302.84
302.868
302.896
302.925
302.953
302.982
303.011
303.04
303.069
303.098
303.127
303.156
303.186
303.215
303.245
303.275
303.304
303.334
303.364
303.395
303.425
303.455
303.486
303.517
303.547
303.578
303.609
303.64
303.672
303.703
303.735
303.766
303.798
303.83
303.862
303.894
303.926
303.959
303.991
304.024
304.057
304.089
304.122
304.155
304.189
304.222
304.255
304.288
304.322
304.355
304.389
304.423
304.456
304.49
304.524
304.557
304.591
304.625
304.659
304.692
304.726
304.759
304.792
304.826
304.858
304.891
304.924
304.956
304.987
305.019
305.049
305.079
305.109
305.138
305.166
305.193
305.219
305.244
305.268
305.29
305.311
305.33
305.347
305.362
305.375
305.385
305.393
305.397
305.398
305.396
305.389
305.379
305.364
305.344
305.318
305.288
305.251
305.208
305.159
305.104
305.043
304.975
301.355
301.373
301.39
301.408
301.426
301.444
301.463
301.482
301.501
301.52
301.539
301.559
301.579
301.599
301.62
301.64
301.661
301.682
301.704
301.725
301.747
301.769
301.791
301.814
301.836
301.859
301.882
301.905
301.928
301.952
301.976
301.999
302.024
302.048
302.072
302.097
302.121
302.146
302.171
302.196
302.222
302.247
302.273
302.298
302.324
302.35
302.376
302.403
302.429
302.455
302.482
302.509
302.536
302.563
302.59
302.617
302.645
302.672
302.7
302.728
302.756
302.784
302.812
302.84
302.869
302.897
302.926
302.954
302.983
303.012
303.042
303.071
303.1
303.13
303.16
303.189
303.219
303.249
303.279
303.31
303.34
303.371
303.402
303.432
303.463
303.494
303.526
303.557
303.589
303.62
303.652
303.684
303.716
303.748
303.78
303.813
303.845
303.878
303.911
303.944
303.977
304.01
304.043
304.076
304.11
304.143
304.177
304.211
304.244
304.278
304.312
304.346
304.38
304.414
304.448
304.482
304.516
304.55
304.584
304.618
304.651
304.685
304.718
304.751
304.784
304.817
304.849
304.881
304.913
304.944
304.975
305.004
305.034
305.062
305.09
305.116
305.142
305.166
305.189
305.21
305.23
305.248
305.264
305.278
305.289
305.298
305.303
305.306
305.305
305.3
305.292
305.279
305.261
305.238
305.211
305.177
305.138
305.094
305.043
304.987
304.924
301.301
301.317
301.333
301.35
301.367
301.384
301.402
301.419
301.437
301.455
301.473
301.492
301.511
301.53
301.549
301.569
301.588
301.608
301.628
301.649
301.669
301.69
301.711
301.732
301.754
301.775
301.797
301.819
301.842
301.864
301.887
301.91
301.933
301.956
301.979
302.003
302.027
302.051
302.075
302.099
302.123
302.148
302.173
302.198
302.223
302.248
302.274
302.299
302.325
302.351
302.377
302.403
302.43
302.456
302.483
302.509
302.536
302.563
302.591
302.618
302.646
302.673
302.701
302.729
302.757
302.785
302.814
302.842
302.871
302.9
302.929
302.958
302.987
303.017
303.046
303.076
303.106
303.136
303.166
303.196
303.226
303.257
303.288
303.318
303.349
303.381
303.412
303.443
303.475
303.507
303.538
303.57
303.602
303.635
303.667
303.7
303.732
303.765
303.798
303.831
303.864
303.897
303.931
303.964
303.998
304.032
304.065
304.099
304.133
304.167
304.201
304.235
304.269
304.304
304.338
304.372
304.406
304.44
304.474
304.508
304.542
304.576
304.609
304.643
304.676
304.709
304.741
304.773
304.805
304.836
304.867
304.897
304.927
304.956
304.984
305.011
305.037
305.061
305.085
305.107
305.127
305.146
305.162
305.177
305.189
305.199
305.206
305.21
305.21
305.207
305.201
305.19
305.175
305.155
305.13
305.1
305.065
305.025
304.979
304.927
304.87
301.249
301.264
301.279
301.295
301.311
301.327
301.343
301.36
301.377
301.394
301.411
301.428
301.446
301.464
301.482
301.5
301.519
301.538
301.557
301.576
301.596
301.615
301.635
301.655
301.676
301.696
301.717
301.738
301.759
301.781
301.802
301.824
301.846
301.869
301.891
301.914
301.936
301.96
301.983
302.006
302.03
302.054
302.078
302.102
302.126
302.151
302.175
302.2
302.225
302.25
302.276
302.301
302.327
302.353
302.379
302.405
302.432
302.458
302.485
302.512
302.539
302.566
302.594
302.621
302.649
302.677
302.705
302.733
302.762
302.79
302.819
302.848
302.877
302.906
302.935
302.965
302.995
303.024
303.054
303.085
303.115
303.145
303.176
303.207
303.238
303.269
303.3
303.331
303.363
303.394
303.426
303.458
303.49
303.523
303.555
303.588
303.62
303.653
303.686
303.719
303.752
303.786
303.819
303.853
303.887
303.92
303.954
303.988
304.022
304.056
304.09
304.124
304.159
304.193
304.227
304.261
304.296
304.33
304.364
304.398
304.432
304.466
304.499
304.533
304.566
304.599
304.632
304.664
304.696
304.727
304.758
304.788
304.818
304.847
304.875
304.902
304.929
304.954
304.978
305
305.021
305.04
305.058
305.073
305.086
305.097
305.105
305.11
305.112
305.111
305.106
305.097
305.085
305.068
305.046
305.02
304.988
304.952
304.91
304.864
304.812
301.2
301.214
301.228
301.243
301.258
301.273
301.288
301.304
301.32
301.336
301.352
301.368
301.385
301.402
301.419
301.436
301.454
301.472
301.49
301.508
301.526
301.545
301.564
301.583
301.602
301.622
301.642
301.662
301.682
301.702
301.723
301.744
301.765
301.786
301.808
301.829
301.851
301.874
301.896
301.918
301.941
301.964
301.987
302.011
302.034
302.058
302.082
302.106
302.13
302.155
302.18
302.205
302.23
302.255
302.28
302.306
302.332
302.358
302.384
302.411
302.437
302.464
302.491
302.518
302.545
302.573
302.601
302.628
302.656
302.685
302.713
302.742
302.77
302.799
302.828
302.858
302.887
302.917
302.946
302.976
303.007
303.037
303.067
303.098
303.129
303.16
303.191
303.222
303.254
303.285
303.317
303.349
303.381
303.413
303.446
303.478
303.511
303.543
303.576
303.609
303.643
303.676
303.709
303.743
303.777
303.81
303.844
303.878
303.912
303.946
303.98
304.015
304.049
304.083
304.117
304.151
304.186
304.22
304.254
304.288
304.322
304.355
304.389
304.422
304.456
304.489
304.521
304.553
304.585
304.617
304.648
304.678
304.708
304.737
304.765
304.792
304.819
304.844
304.868
304.891
304.912
304.932
304.95
304.966
304.98
304.991
305
305.007
305.01
305.011
305.008
305.001
304.991
304.977
304.958
304.935
304.907
304.875
304.838
304.796
304.749
301.153
301.167
301.18
301.194
301.208
301.222
301.237
301.252
301.266
301.282
301.297
301.312
301.328
301.344
301.36
301.377
301.393
301.41
301.427
301.444
301.462
301.48
301.497
301.516
301.534
301.553
301.571
301.59
301.61
301.629
301.649
301.669
301.689
301.709
301.73
301.751
301.772
301.793
301.815
301.836
301.858
301.88
301.903
301.925
301.948
301.971
301.994
302.018
302.041
302.065
302.089
302.113
302.138
302.162
302.187
302.212
302.238
302.263
302.289
302.315
302.341
302.367
302.393
302.42
302.447
302.474
302.501
302.529
302.556
302.584
302.612
302.64
302.669
302.697
302.726
302.755
302.784
302.814
302.843
302.873
302.903
302.933
302.963
302.993
303.024
303.055
303.086
303.117
303.148
303.18
303.211
303.243
303.275
303.307
303.339
303.372
303.404
303.437
303.47
303.503
303.536
303.569
303.602
303.636
303.669
303.703
303.737
303.771
303.804
303.838
303.872
303.906
303.941
303.975
304.009
304.043
304.077
304.111
304.145
304.179
304.212
304.246
304.279
304.313
304.346
304.378
304.411
304.443
304.475
304.506
304.537
304.567
304.597
304.626
304.654
304.681
304.707
304.733
304.757
304.78
304.801
304.821
304.84
304.856
304.871
304.883
304.893
304.901
304.906
304.907
304.906
304.902
304.894
304.882
304.866
304.846
304.822
304.794
304.761
304.724
304.682
301.11
301.123
301.136
301.149
301.162
301.176
301.189
301.203
301.217
301.232
301.246
301.261
301.276
301.291
301.306
301.322
301.337
301.353
301.369
301.386
301.402
301.419
301.436
301.454
301.471
301.489
301.507
301.525
301.543
301.562
301.581
301.6
301.619
301.639
301.658
301.678
301.699
301.719
301.74
301.761
301.782
301.803
301.825
301.846
301.868
301.891
301.913
301.936
301.959
301.982
302.005
302.029
302.052
302.076
302.101
302.125
302.15
302.174
302.2
302.225
302.25
302.276
302.302
302.328
302.355
302.381
302.408
302.435
302.462
302.489
302.517
302.545
302.573
302.601
302.63
302.658
302.687
302.716
302.745
302.775
302.804
302.834
302.864
302.894
302.924
302.955
302.986
303.017
303.048
303.079
303.11
303.142
303.174
303.205
303.237
303.27
303.302
303.334
303.367
303.4
303.433
303.466
303.499
303.532
303.566
303.599
303.632
303.666
303.7
303.734
303.767
303.801
303.835
303.869
303.903
303.936
303.97
304.004
304.038
304.071
304.105
304.138
304.171
304.204
304.237
304.269
304.301
304.333
304.364
304.395
304.426
304.456
304.485
304.514
304.542
304.569
304.595
304.62
304.645
304.667
304.689
304.709
304.728
304.745
304.76
304.773
304.784
304.792
304.798
304.801
304.802
304.799
304.793
304.784
304.771
304.754
304.733
304.709
304.68
304.647
304.61
301.071
301.083
301.096
301.108
301.12
301.133
301.146
301.159
301.173
301.186
301.2
301.214
301.228
301.242
301.257
301.272
301.287
301.302
301.317
301.333
301.349
301.365
301.381
301.397
301.414
301.431
301.448
301.466
301.483
301.501
301.519
301.537
301.556
301.575
301.593
301.613
301.632
301.652
301.672
301.692
301.712
301.733
301.753
301.774
301.796
301.817
301.839
301.861
301.883
301.905
301.928
301.951
301.974
301.997
302.021
302.045
302.069
302.093
302.118
302.142
302.167
302.192
302.218
302.243
302.269
302.295
302.322
302.348
302.375
302.402
302.429
302.456
302.484
302.512
302.54
302.568
302.596
302.625
302.654
302.683
302.712
302.742
302.771
302.801
302.831
302.861
302.892
302.922
302.953
302.984
303.015
303.046
303.078
303.109
303.141
303.173
303.205
303.237
303.27
303.302
303.335
303.367
303.4
303.433
303.466
303.499
303.533
303.566
303.599
303.633
303.666
303.7
303.733
303.767
303.8
303.833
303.867
303.9
303.933
303.967
304
304.032
304.065
304.098
304.13
304.162
304.193
304.225
304.256
304.286
304.316
304.346
304.375
304.403
304.43
304.457
304.483
304.508
304.532
304.555
304.576
304.596
304.615
304.632
304.647
304.661
304.672
304.681
304.688
304.693
304.694
304.693
304.689
304.682
304.672
304.658
304.641
304.62
304.595
304.566
304.534
301.036
301.048
301.059
301.071
301.083
301.095
301.107
301.12
301.133
301.146
301.159
301.172
301.185
301.199
301.213
301.227
301.241
301.256
301.271
301.285
301.301
301.316
301.331
301.347
301.363
301.379
301.396
301.413
301.429
301.447
301.464
301.481
301.499
301.517
301.535
301.554
301.573
301.591
301.611
301.63
301.65
301.67
301.69
301.71
301.731
301.751
301.772
301.794
301.815
301.837
301.859
301.881
301.904
301.927
301.949
301.973
301.996
302.02
302.044
302.068
302.092
302.117
302.142
302.167
302.192
302.218
302.243
302.269
302.296
302.322
302.349
302.376
302.403
302.43
302.458
302.486
302.514
302.542
302.57
302.599
302.628
302.657
302.686
302.715
302.745
302.775
302.805
302.835
302.866
302.896
302.927
302.958
302.989
303.02
303.051
303.083
303.115
303.147
303.178
303.211
303.243
303.275
303.308
303.34
303.373
303.405
303.438
303.471
303.504
303.537
303.57
303.603
303.636
303.669
303.702
303.735
303.768
303.8
303.833
303.866
303.898
303.93
303.962
303.994
304.026
304.057
304.088
304.119
304.149
304.179
304.208
304.237
304.266
304.293
304.32
304.346
304.372
304.396
304.42
304.442
304.463
304.483
304.502
304.519
304.534
304.548
304.56
304.57
304.577
304.583
304.586
304.586
304.584
304.579
304.571
304.559
304.545
304.527
304.506
304.482
304.454
301.005
301.016
301.027
301.039
301.05
301.062
301.073
301.085
301.098
301.11
301.122
301.135
301.148
301.161
301.175
301.188
301.202
301.216
301.23
301.244
301.259
301.273
301.288
301.303
301.319
301.334
301.35
301.366
301.382
301.399
301.416
301.433
301.45
301.467
301.485
301.502
301.521
301.539
301.557
301.576
301.595
301.614
301.634
301.654
301.674
301.694
301.714
301.735
301.756
301.777
301.798
301.82
301.842
301.864
301.886
301.909
301.932
301.955
301.978
302.002
302.026
302.05
302.074
302.099
302.124
302.149
302.174
302.199
302.225
302.251
302.277
302.304
302.33
302.357
302.384
302.412
302.439
302.467
302.495
302.523
302.552
302.58
302.609
302.638
302.667
302.697
302.726
302.756
302.786
302.816
302.846
302.877
302.908
302.938
302.969
303
303.032
303.063
303.095
303.126
303.158
303.19
303.222
303.254
303.286
303.318
303.35
303.383
303.415
303.447
303.48
303.512
303.544
303.577
303.609
303.641
303.674
303.706
303.738
303.769
303.801
303.833
303.864
303.895
303.926
303.957
303.987
304.017
304.046
304.075
304.104
304.132
304.159
304.186
304.213
304.238
304.263
304.287
304.309
304.331
304.352
304.372
304.39
304.407
304.422
304.436
304.448
304.458
304.466
304.473
304.477
304.478
304.477
304.474
304.468
304.459
304.447
304.433
304.415
304.394
304.37
300.979
300.989
301
301.011
301.022
301.033
301.044
301.056
301.068
301.08
301.092
301.104
301.116
301.129
301.142
301.155
301.168
301.181
301.195
301.209
301.223
301.237
301.252
301.266
301.281
301.296
301.311
301.327
301.343
301.358
301.375
301.391
301.408
301.424
301.441
301.459
301.476
301.494
301.512
301.53
301.549
301.567
301.586
301.605
301.625
301.644
301.664
301.684
301.705
301.725
301.746
301.767
301.789
301.81
301.832
301.854
301.877
301.899
301.922
301.945
301.969
301.992
302.016
302.04
302.064
302.089
302.114
302.139
302.164
302.189
302.215
302.241
302.267
302.294
302.32
302.347
302.374
302.402
302.429
302.457
302.485
302.513
302.541
302.57
302.599
302.628
302.657
302.686
302.715
302.745
302.775
302.805
302.835
302.865
302.896
302.926
302.957
302.988
303.019
303.05
303.081
303.112
303.144
303.175
303.207
303.238
303.27
303.301
303.333
303.365
303.397
303.428
303.46
303.491
303.523
303.554
303.586
303.617
303.648
303.679
303.71
303.741
303.771
303.801
303.831
303.861
303.89
303.919
303.948
303.976
304.004
304.031
304.057
304.083
304.109
304.133
304.157
304.18
304.202
304.224
304.244
304.263
304.281
304.297
304.312
304.326
304.338
304.348
304.357
304.364
304.368
304.371
304.372
304.37
304.365
304.359
304.349
304.337
304.322
304.305
304.284
300.957
300.967
300.977
300.988
300.999
301.009
301.02
301.032
301.043
301.055
301.066
301.078
301.09
301.102
301.115
301.127
301.14
301.153
301.167
301.18
301.194
301.207
301.221
301.236
301.25
301.265
301.279
301.294
301.31
301.325
301.341
301.357
301.373
301.389
301.406
301.423
301.44
301.457
301.475
301.492
301.51
301.529
301.547
301.566
301.585
301.604
301.623
301.643
301.663
301.683
301.703
301.724
301.745
301.766
301.787
301.809
301.831
301.853
301.875
301.898
301.921
301.944
301.967
301.991
302.015
302.039
302.063
302.088
302.113
302.138
302.163
302.188
302.214
302.24
302.266
302.293
302.319
302.346
302.373
302.4
302.428
302.456
302.483
302.512
302.54
302.568
302.597
302.626
302.655
302.684
302.713
302.742
302.772
302.802
302.832
302.862
302.892
302.922
302.952
302.983
303.013
303.044
303.075
303.105
303.136
303.167
303.198
303.229
303.26
303.291
303.321
303.352
303.383
303.414
303.445
303.475
303.506
303.536
303.566
303.596
303.626
303.656
303.685
303.715
303.743
303.772
303.8
303.828
303.856
303.883
303.909
303.936
303.961
303.986
304.011
304.034
304.057
304.079
304.1
304.121
304.14
304.159
304.176
304.192
304.207
304.22
304.232
304.242
304.251
304.258
304.264
304.267
304.268
304.268
304.265
304.26
304.253
304.243
304.231
304.216
304.199
300.94
300.95
300.96
300.97
300.98
300.991
301.002
301.013
301.024
301.035
301.046
301.058
301.07
301.082
301.094
301.106
301.119
301.131
301.144
301.157
301.171
301.184
301.198
301.212
301.226
301.24
301.254
301.269
301.284
301.299
301.315
301.33
301.346
301.362
301.378
301.395
301.411
301.428
301.445
301.463
301.48
301.498
301.516
301.535
301.553
301.572
301.591
301.61
301.63
301.65
301.67
301.69
301.71
301.731
301.752
301.773
301.795
301.816
301.838
301.861
301.883
301.906
301.929
301.952
301.975
301.999
302.023
302.047
302.071
302.096
302.121
302.146
302.171
302.197
302.223
302.248
302.275
302.301
302.328
302.354
302.381
302.409
302.436
302.464
302.491
302.519
302.547
302.576
302.604
302.633
302.661
302.69
302.719
302.748
302.778
302.807
302.836
302.866
302.896
302.926
302.955
302.985
303.015
303.045
303.075
303.105
303.135
303.166
303.196
303.226
303.256
303.286
303.316
303.346
303.375
303.405
303.434
303.464
303.493
303.522
303.551
303.58
303.608
303.636
303.664
303.691
303.719
303.745
303.772
303.798
303.823
303.848
303.873
303.897
303.92
303.943
303.965
303.986
304.006
304.025
304.044
304.062
304.078
304.094
304.108
304.121
304.132
304.143
304.152
304.159
304.165
304.168
304.171
304.171
304.169
304.166
304.16
304.153
304.143
304.131
304.116
300.927
300.937
300.947
300.957
300.967
300.977
300.988
300.999
301.009
301.021
301.032
301.043
301.055
301.066
301.078
301.09
301.103
301.115
301.128
301.141
301.154
301.167
301.18
301.194
301.208
301.222
301.236
301.251
301.265
301.28
301.295
301.311
301.326
301.342
301.358
301.374
301.39
301.407
301.424
301.441
301.458
301.476
301.494
301.512
301.53
301.549
301.567
301.586
301.605
301.625
301.645
301.665
301.685
301.705
301.726
301.747
301.768
301.789
301.811
301.833
301.855
301.877
301.9
301.923
301.946
301.969
301.993
302.017
302.041
302.065
302.089
302.114
302.139
302.164
302.189
302.215
302.241
302.266
302.293
302.319
302.345
302.372
302.399
302.426
302.453
302.481
302.508
302.536
302.564
302.592
302.62
302.649
302.677
302.706
302.734
302.763
302.792
302.821
302.85
302.879
302.908
302.937
302.966
302.996
303.025
303.054
303.084
303.113
303.142
303.171
303.2
303.23
303.259
303.288
303.316
303.345
303.374
303.402
303.43
303.458
303.486
303.514
303.541
303.568
303.595
303.621
303.647
303.673
303.698
303.723
303.748
303.771
303.795
303.818
303.84
303.861
303.882
303.902
303.922
303.94
303.958
303.975
303.991
304.005
304.019
304.031
304.043
304.053
304.062
304.069
304.075
304.079
304.082
304.083
304.082
304.08
304.076
304.07
304.062
304.052
304.04
300.919
300.928
300.938
300.948
300.958
300.968
300.979
300.989
301
301.011
301.022
301.034
301.045
301.057
301.068
301.08
301.092
301.105
301.117
301.13
301.143
301.156
301.169
301.183
301.196
301.21
301.224
301.239
301.253
301.268
301.283
301.298
301.313
301.329
301.345
301.361
301.377
301.393
301.41
301.427
301.444
301.461
301.479
301.497
301.515
301.533
301.552
301.57
301.589
301.609
301.628
301.648
301.668
301.688
301.709
301.729
301.75
301.771
301.793
301.814
301.836
301.858
301.881
301.903
301.926
301.949
301.972
301.996
302.019
302.043
302.067
302.092
302.116
302.141
302.166
302.191
302.217
302.242
302.268
302.294
302.32
302.346
302.373
302.4
302.426
302.453
302.48
302.508
302.535
302.563
302.59
302.618
302.646
302.674
302.702
302.73
302.758
302.787
302.815
302.843
302.872
302.9
302.929
302.958
302.986
303.015
303.043
303.072
303.1
303.129
303.157
303.185
303.213
303.241
303.269
303.297
303.325
303.352
303.38
303.407
303.434
303.46
303.487
303.513
303.538
303.564
303.589
303.614
303.638
303.662
303.685
303.708
303.73
303.752
303.773
303.794
303.814
303.833
303.851
303.869
303.886
303.902
303.917
303.931
303.944
303.956
303.967
303.977
303.985
303.993
303.999
304.003
304.006
304.008
304.008
304.006
304.003
303.998
303.992
303.983
303.973
300.914
300.924
300.934
300.943
300.953
300.964
300.974
300.985
300.995
301.006
301.017
301.028
301.04
301.051
301.063
301.075
301.087
301.099
301.112
301.124
301.137
301.15
301.163
301.177
301.19
301.204
301.218
301.232
301.247
301.261
301.276
301.291
301.306
301.322
301.337
301.353
301.369
301.386
301.402
301.419
301.436
301.453
301.471
301.489
301.507
301.525
301.543
301.562
301.581
301.6
301.619
301.639
301.659
301.679
301.699
301.719
301.74
301.761
301.782
301.804
301.825
301.847
301.87
301.892
301.914
301.937
301.96
301.984
302.007
302.031
302.055
302.079
302.103
302.128
302.152
302.177
302.202
302.228
302.253
302.279
302.305
302.33
302.357
302.383
302.409
302.436
302.463
302.49
302.517
302.544
302.571
302.598
302.626
302.653
302.681
302.708
302.736
302.764
302.792
302.82
302.848
302.876
302.904
302.932
302.96
302.987
303.015
303.043
303.071
303.099
303.127
303.154
303.182
303.209
303.236
303.263
303.29
303.317
303.344
303.37
303.396
303.422
303.447
303.473
303.498
303.522
303.546
303.57
303.594
303.617
303.639
303.661
303.683
303.704
303.724
303.744
303.763
303.782
303.799
303.816
303.832
303.848
303.862
303.876
303.888
303.9
303.91
303.92
303.928
303.935
303.941
303.946
303.949
303.951
303.951
303.951
303.948
303.944
303.938
303.931
303.922
300.913
300.922
300.932
300.942
300.952
300.962
300.972
300.983
300.993
301.004
301.015
301.026
301.038
301.049
301.061
301.073
301.085
301.097
301.11
301.122
301.135
301.148
301.161
301.174
301.188
301.202
301.216
301.23
301.244
301.259
301.274
301.289
301.304
301.319
301.335
301.351
301.367
301.383
301.4
301.416
301.433
301.451
301.468
301.486
301.504
301.522
301.54
301.559
301.577
301.597
301.616
301.635
301.655
301.675
301.695
301.716
301.736
301.757
301.778
301.8
301.821
301.843
301.865
301.888
301.91
301.933
301.956
301.979
302.002
302.026
302.049
302.073
302.098
302.122
302.146
302.171
302.196
302.221
302.246
302.272
302.298
302.323
302.349
302.375
302.402
302.428
302.454
302.481
302.508
302.535
302.562
302.589
302.616
302.643
302.67
302.698
302.725
302.753
302.78
302.808
302.835
302.863
302.891
302.918
302.946
302.974
303.001
303.029
303.056
303.083
303.111
303.138
303.165
303.192
303.219
303.245
303.272
303.298
303.324
303.35
303.376
303.401
303.426
303.451
303.475
303.499
303.523
303.547
303.57
303.592
303.614
303.636
303.657
303.677
303.697
303.716
303.735
303.753
303.77
303.787
303.803
303.818
303.832
303.845
303.857
303.868
303.879
303.888
303.896
303.903
303.909
303.913
303.917
303.919
303.92
303.919
303.917
303.913
303.908
303.902
303.894
305.299
304.759
304.345
303.997
303.694
303.426
303.186
302.968
302.769
302.586
302.415
302.256
302.107
301.967
301.835
301.71
301.592
301.48
301.374
301.274
301.179
301.089
301.005
300.924
300.849
300.778
300.711
300.648
300.59
300.535
300.484
300.437
300.393
300.353
300.315
300.281
300.25
300.222
300.196
300.172
300.151
300.133
300.116
300.101
300.088
300.077
300.068
300.06
300.055
300.05
300.048
305.298
304.759
304.345
303.997
303.694
303.426
303.186
302.968
302.769
302.586
302.415
302.256
302.107
301.967
301.835
301.71
301.592
301.48
301.374
301.274
301.179
301.089
301.005
300.925
300.849
300.778
300.711
300.648
300.59
300.535
300.484
300.437
300.393
300.353
300.315
300.281
300.25
300.222
300.196
300.172
300.151
300.133
300.116
300.101
300.088
300.077
300.068
300.06
300.055
300.05
300.048
305.294
304.758
304.344
303.997
303.694
303.426
303.186
302.969
302.769
302.586
302.415
302.256
302.107
301.967
301.835
301.71
301.592
301.48
301.374
301.274
301.179
301.09
301.005
300.925
300.849
300.778
300.711
300.649
300.59
300.535
300.484
300.437
300.393
300.353
300.316
300.281
300.25
300.222
300.196
300.172
300.151
300.133
300.116
300.101
300.088
300.077
300.068
300.06
300.055
300.05
300.048
305.288
304.756
304.344
303.996
303.694
303.427
303.186
302.969
302.77
302.586
302.416
302.257
302.108
301.967
301.835
301.71
301.592
301.481
301.375
301.275
301.18
301.09
301.005
300.925
300.849
300.778
300.711
300.649
300.59
300.535
300.484
300.437
300.393
300.353
300.316
300.281
300.25
300.222
300.196
300.173
300.152
300.133
300.116
300.101
300.088
300.077
300.068
300.06
300.055
300.051
300.048
305.281
304.755
304.343
303.996
303.694
303.427
303.187
302.969
302.77
302.586
302.416
302.257
302.108
301.968
301.836
301.711
301.593
301.481
301.375
301.275
301.18
301.09
301.005
300.925
300.85
300.778
300.712
300.649
300.59
300.536
300.485
300.437
300.394
300.353
300.316
300.282
300.25
300.222
300.196
300.173
300.152
300.133
300.116
300.101
300.088
300.077
300.068
300.06
300.055
300.051
300.048
305.271
304.752
304.342
303.996
303.694
303.427
303.187
302.97
302.771
302.587
302.417
302.258
302.109
301.968
301.836
301.711
301.593
301.482
301.376
301.275
301.181
301.091
301.006
300.926
300.85
300.779
300.712
300.649
300.591
300.536
300.485
300.438
300.394
300.353
300.316
300.282
300.251
300.222
300.196
300.173
300.152
300.133
300.116
300.101
300.089
300.077
300.068
300.06
300.055
300.051
300.048
305.26
304.749
304.341
303.996
303.694
303.427
303.188
302.97
302.771
302.588
302.418
302.259
302.109
301.969
301.837
301.712
301.594
301.482
301.377
301.276
301.181
301.091
301.006
300.926
300.851
300.779
300.713
300.65
300.591
300.536
300.485
300.438
300.394
300.354
300.316
300.282
300.251
300.222
300.196
300.173
300.152
300.133
300.116
300.102
300.089
300.078
300.068
300.061
300.055
300.051
300.049
305.247
304.745
304.34
303.995
303.695
303.428
303.188
302.971
302.772
302.589
302.419
302.26
302.111
301.97
301.838
301.713
301.595
301.483
301.378
301.277
301.182
301.092
301.007
300.927
300.851
300.78
300.713
300.65
300.592
300.537
300.486
300.438
300.395
300.354
300.317
300.282
300.251
300.222
300.197
300.173
300.152
300.133
300.116
300.102
300.089
300.078
300.068
300.061
300.055
300.051
300.049
305.232
304.741
304.338
303.995
303.695
303.429
303.19
302.973
302.774
302.591
302.42
302.261
302.112
301.972
301.84
301.715
301.597
301.485
301.379
301.279
301.183
301.094
301.008
300.928
300.852
300.781
300.714
300.651
300.592
300.538
300.487
300.439
300.395
300.354
300.317
300.283
300.251
300.223
300.197
300.173
300.152
300.133
300.117
300.102
300.089
300.078
300.068
300.061
300.055
300.051
300.049
305.215
304.736
304.337
303.995
303.696
303.43
303.191
302.975
302.776
302.593
302.422
302.263
302.114
301.974
301.842
301.717
301.599
301.487
301.381
301.28
301.185
301.095
301.01
300.929
300.854
300.782
300.715
300.652
300.593
300.538
300.487
300.44
300.396
300.355
300.318
300.283
300.252
300.223
300.197
300.174
300.153
300.134
300.117
300.102
300.089
300.078
300.068
300.061
300.055
300.051
300.049
305.197
304.73
304.335
303.996
303.697
303.432
303.194
302.977
302.779
302.595
302.425
302.266
302.117
301.977
301.844
301.719
301.601
301.489
301.383
301.282
301.187
301.097
301.012
300.931
300.855
300.784
300.716
300.653
300.595
300.54
300.488
300.441
300.397
300.356
300.318
300.284
300.252
300.224
300.198
300.174
300.153
300.134
300.117
300.102
300.089
300.078
300.069
300.061
300.055
300.051
300.049
305.178
304.723
304.334
303.996
303.699
303.435
303.197
302.98
302.782
302.599
302.429
302.27
302.12
301.98
301.847
301.722
301.604
301.492
301.385
301.285
301.189
301.099
301.014
300.933
300.857
300.785
300.718
300.655
300.596
300.541
300.489
300.442
300.398
300.357
300.319
300.285
300.253
300.224
300.198
300.175
300.153
300.134
300.117
300.103
300.089
300.078
300.069
300.061
300.055
300.051
300.049
305.158
304.716
304.332
303.997
303.701
303.438
303.2
302.984
302.786
302.603
302.433
302.274
302.124
301.984
301.851
301.726
301.607
301.495
301.389
301.288
301.192
301.102
301.016
300.935
300.859
300.787
300.72
300.657
300.598
300.542
300.491
300.443
300.399
300.358
300.32
300.285
300.254
300.225
300.199
300.175
300.154
300.135
300.118
300.103
300.09
300.078
300.069
300.061
300.055
300.051
300.049
305.136
304.708
304.33
303.998
303.704
303.442
303.205
302.989
302.791
302.608
302.438
302.279
302.129
301.989
301.856
301.73
301.612
301.499
301.392
301.291
301.196
301.105
301.019
300.938
300.862
300.79
300.722
300.659
300.6
300.544
300.492
300.445
300.4
300.359
300.321
300.286
300.255
300.226
300.199
300.176
300.154
300.135
300.118
300.103
300.09
300.079
300.069
300.061
300.055
300.051
300.049
305.113
304.7
304.329
304
303.708
303.447
303.211
302.995
302.798
302.615
302.444
302.285
302.135
301.994
301.862
301.736
301.617
301.504
301.397
301.296
301.2
301.109
301.023
300.942
300.865
300.793
300.725
300.661
300.602
300.546
300.494
300.446
300.402
300.36
300.322
300.288
300.256
300.227
300.2
300.176
300.155
300.136
300.119
300.104
300.09
300.079
300.07
300.062
300.056
300.051
300.049
305.09
304.691
304.327
304.003
303.713
303.453
303.218
303.003
302.805
302.622
302.452
302.292
302.143
302.001
301.868
301.742
301.623
301.51
301.403
301.301
301.205
301.113
301.027
300.946
300.869
300.796
300.728
300.664
300.605
300.549
300.497
300.448
300.403
300.362
300.324
300.289
300.257
300.228
300.201
300.177
300.156
300.136
300.119
300.104
300.091
300.079
300.07
300.062
300.056
300.052
300.049
305.065
304.682
304.326
304.006
303.719
303.461
303.226
303.012
302.814
302.631
302.461
302.301
302.151
302.01
301.876
301.75
301.63
301.517
301.409
301.307
301.21
301.119
301.032
300.95
300.873
300.8
300.732
300.668
300.608
300.552
300.499
300.451
300.406
300.364
300.326
300.29
300.258
300.229
300.202
300.178
300.157
300.137
300.12
300.105
300.091
300.08
300.07
300.062
300.056
300.052
300.05
305.04
304.672
304.326
304.011
303.726
303.469
303.236
303.022
302.825
302.642
302.471
302.311
302.161
302.019
301.885
301.759
301.639
301.525
301.417
301.314
301.217
301.125
301.038
300.956
300.878
300.805
300.736
300.672
300.611
300.555
300.502
300.453
300.408
300.366
300.328
300.292
300.26
300.23
300.204
300.179
300.158
300.138
300.121
300.105
300.092
300.08
300.071
300.063
300.056
300.052
300.05
305.014
304.662
304.325
304.016
303.735
303.48
303.248
303.034
302.837
302.655
302.484
302.324
302.173
302.031
301.896
301.769
301.648
301.534
301.426
301.323
301.225
301.132
301.045
300.962
300.884
300.81
300.741
300.676
300.615
300.559
300.506
300.456
300.411
300.369
300.33
300.294
300.262
300.232
300.205
300.181
300.159
300.139
300.121
300.106
300.093
300.081
300.071
300.063
300.057
300.052
300.05
304.986
304.651
304.325
304.022
303.745
303.492
303.261
303.048
302.852
302.669
302.498
302.337
302.186
302.044
301.909
301.781
301.66
301.545
301.436
301.332
301.234
301.141
301.053
300.97
300.891
300.817
300.747
300.682
300.62
300.563
300.51
300.46
300.414
300.372
300.332
300.296
300.264
300.234
300.206
300.182
300.16
300.14
300.122
300.107
300.093
300.081
300.071
300.063
300.057
300.053
300.05
304.958
304.64
304.325
304.029
303.756
303.506
303.276
303.065
302.868
302.686
302.514
302.354
302.202
302.059
301.923
301.795
301.673
301.557
301.448
301.343
301.244
301.151
301.062
300.978
300.899
300.824
300.754
300.688
300.626
300.568
300.514
300.464
300.418
300.375
300.335
300.299
300.266
300.236
300.208
300.183
300.161
300.141
300.123
300.108
300.094
300.082
300.072
300.064
300.057
300.053
300.05
304.927
304.627
304.325
304.037
303.769
303.522
303.294
303.083
302.887
302.704
302.533
302.372
302.22
302.076
301.94
301.811
301.688
301.572
301.461
301.356
301.256
301.162
301.072
300.988
300.908
300.832
300.761
300.694
300.632
300.574
300.519
300.469
300.422
300.378
300.338
300.302
300.268
300.238
300.21
300.185
300.163
300.142
300.124
300.109
300.095
300.083
300.073
300.064
300.058
300.053
300.051
304.895
304.612
304.323
304.044
303.782
303.539
303.313
303.104
302.908
302.726
302.554
302.393
302.24
302.095
301.959
301.829
301.705
301.588
301.477
301.371
301.27
301.175
301.084
300.999
300.918
300.841
300.77
300.702
300.639
300.58
300.525
300.474
300.426
300.382
300.342
300.305
300.271
300.24
300.212
300.187
300.164
300.144
300.126
300.11
300.096
300.083
300.073
300.065
300.058
300.054
300.051
304.861
304.596
304.321
304.052
303.796
303.557
303.334
303.126
302.932
302.749
302.578
302.416
302.263
302.117
301.98
301.849
301.725
301.607
301.494
301.387
301.286
301.189
301.098
301.011
300.929
300.852
300.779
300.711
300.647
300.587
300.531
300.479
300.431
300.387
300.346
300.308
300.274
300.243
300.215
300.189
300.166
300.145
300.127
300.111
300.097
300.084
300.074
300.065
300.059
300.054
300.052
304.825
304.577
304.316
304.058
303.81
303.576
303.357
303.151
302.958
302.776
302.604
302.442
302.288
302.142
302.004
301.872
301.747
301.627
301.514
301.406
301.303
301.206
301.113
301.025
300.942
300.864
300.79
300.721
300.656
300.595
300.538
300.486
300.437
300.392
300.35
300.312
300.278
300.246
300.217
300.191
300.168
300.147
300.128
300.112
300.098
300.085
300.075
300.066
300.059
300.055
300.052
304.785
304.555
304.309
304.063
303.824
303.596
303.38
303.177
302.985
302.804
302.632
302.47
302.316
302.169
302.03
301.898
301.771
301.651
301.536
301.427
301.323
301.224
301.13
301.041
300.957
300.877
300.803
300.732
300.666
300.604
300.547
300.493
300.443
300.398
300.355
300.317
300.281
300.249
300.22
300.194
300.17
300.149
300.13
300.113
300.099
300.086
300.075
300.067
300.06
300.055
300.052
304.742
304.529
304.299
304.066
303.836
303.615
303.404
303.204
303.014
302.834
302.663
302.501
302.347
302.2
302.059
301.926
301.799
301.677
301.561
301.45
301.345
301.245
301.149
301.059
300.973
300.893
300.816
300.745
300.677
300.614
300.556
300.501
300.45
300.404
300.361
300.321
300.285
300.253
300.223
300.196
300.172
300.151
300.132
300.115
300.1
300.087
300.076
300.067
300.06
300.056
300.053
304.695
304.499
304.286
304.065
303.846
303.633
303.428
303.232
303.044
302.866
302.696
302.534
302.38
302.232
302.091
301.957
301.829
301.706
301.588
301.476
301.37
301.268
301.171
301.079
300.992
300.909
300.832
300.758
300.69
300.626
300.566
300.51
300.458
300.411
300.367
300.327
300.29
300.257
300.226
300.199
300.175
300.153
300.133
300.116
300.101
300.088
300.077
300.068
300.061
300.056
300.053
304.643
304.465
304.267
304.061
303.853
303.649
303.45
303.259
303.075
302.899
302.731
302.569
302.415
302.267
302.126
301.991
301.861
301.737
301.619
301.505
301.397
301.293
301.195
301.101
301.012
300.928
300.849
300.774
300.704
300.638
300.577
300.52
300.467
300.418
300.374
300.333
300.295
300.261
300.23
300.202
300.177
300.155
300.135
300.118
300.103
300.089
300.078
300.069
300.062
300.057
300.054
304.587
304.425
304.244
304.052
303.856
303.661
303.47
303.285
303.105
302.932
302.766
302.606
302.452
302.305
302.163
302.027
301.897
301.771
301.651
301.536
301.426
301.321
301.221
301.125
301.034
300.948
300.867
300.791
300.719
300.652
300.589
300.531
300.477
300.427
300.381
300.339
300.301
300.266
300.234
300.206
300.18
300.158
300.137
300.12
300.104
300.091
300.079
300.07
300.063
300.057
300.055
304.526
304.38
304.215
304.037
303.854
303.67
303.488
303.309
303.135
302.966
302.802
302.644
302.491
302.344
302.202
302.066
301.935
301.808
301.687
301.57
301.458
301.351
301.249
301.151
301.059
300.971
300.888
300.809
300.736
300.667
300.602
300.542
300.487
300.436
300.389
300.346
300.306
300.271
300.239
300.21
300.184
300.16
300.14
300.122
300.106
300.092
300.08
300.071
300.063
300.058
300.055
304.459
304.329
304.18
304.017
303.848
303.675
303.501
303.33
303.162
302.997
302.837
302.682
302.531
302.385
302.243
302.106
301.974
301.847
301.724
301.606
301.493
301.384
301.279
301.18
301.085
300.995
300.91
300.829
300.754
300.683
300.617
300.555
300.498
300.446
300.397
300.353
300.313
300.276
300.243
300.214
300.187
300.163
300.142
300.124
300.107
300.093
300.082
300.072
300.064
300.059
300.056
304.388
304.273
304.139
303.991
303.835
303.674
303.511
303.348
303.186
303.027
302.872
302.719
302.571
302.426
302.285
302.149
302.016
301.888
301.764
301.644
301.529
301.418
301.312
301.21
301.113
301.021
300.934
300.851
300.773
300.7
300.632
300.569
300.51
300.456
300.407
300.361
300.32
300.282
300.248
300.218
300.19
300.166
300.145
300.126
300.109
300.095
300.083
300.073
300.065
300.06
300.057
304.314
304.212
304.093
303.96
303.817
303.668
303.515
303.361
303.208
303.055
302.904
302.755
302.61
302.467
302.327
302.191
302.059
301.93
301.805
301.684
301.567
301.455
301.346
301.243
301.143
301.049
300.959
300.874
300.794
300.719
300.649
300.584
300.523
300.468
300.416
300.37
300.327
300.288
300.254
300.222
300.194
300.169
300.147
300.128
300.111
300.096
300.084
300.074
300.066
300.06
300.057
304.236
304.148
304.042
303.923
303.793
303.656
303.515
303.371
303.225
303.079
302.934
302.79
302.647
302.507
302.369
302.234
302.102
301.973
301.847
301.725
301.607
301.492
301.382
301.276
301.174
301.078
300.985
300.898
300.816
300.739
300.666
300.599
300.537
300.479
300.427
300.378
300.335
300.295
300.259
300.227
300.198
300.173
300.15
300.13
300.113
300.098
300.085
300.075
300.067
300.061
300.058
304.158
304.082
303.989
303.882
303.766
303.641
303.51
303.376
303.238
303.1
302.96
302.821
302.683
302.545
302.41
302.276
302.144
302.015
301.889
301.766
301.646
301.53
301.418
301.31
301.206
301.107
301.012
300.923
300.838
300.759
300.684
300.615
300.551
300.491
300.437
300.387
300.342
300.301
300.265
300.231
300.202
300.176
300.153
300.132
300.115
300.099
300.087
300.076
300.068
300.062
300.059
304.082
304.016
303.934
303.84
303.735
303.622
303.502
303.377
303.248
303.116
302.983
302.849
302.715
302.581
302.447
302.315
302.184
302.056
301.929
301.806
301.685
301.567
301.453
301.343
301.238
301.136
301.039
300.948
300.861
300.779
300.702
300.631
300.565
300.504
300.448
300.396
300.35
300.308
300.27
300.236
300.206
300.179
300.155
300.135
300.116
300.101
300.088
300.077
300.069
300.063
300.06
304.011
303.953
303.882
303.798
303.704
303.601
303.491
303.374
303.254
303.129
303.002
302.873
302.743
302.612
302.481
302.351
302.222
302.093
301.967
301.843
301.721
301.602
301.487
301.375
301.268
301.164
301.065
300.971
300.882
300.798
300.719
300.646
300.578
300.515
300.458
300.405
300.357
300.314
300.275
300.24
300.209
300.182
300.158
300.137
300.118
300.102
300.089
300.078
300.069
300.063
300.06
303.948
303.899
303.835
303.761
303.675
303.581
303.479
303.371
303.257
303.139
303.017
302.893
302.766
302.639
302.51
302.382
302.253
302.126
302
301.875
301.753
301.633
301.517
301.404
301.294
301.189
301.088
300.992
300.901
300.815
300.735
300.66
300.59
300.526
300.467
300.413
300.364
300.32
300.28
300.244
300.213
300.185
300.16
300.138
300.12
300.104
300.09
300.079
300.07
300.064
300.061
303.901
303.856
303.799
303.731
303.652
303.564
303.469
303.367
303.258
303.145
303.028
302.907
302.784
302.659
302.532
302.405
302.278
302.151
302.025
301.901
301.778
301.658
301.54
301.426
301.316
301.209
301.107
301.009
300.917
300.829
300.747
300.671
300.6
300.534
300.474
300.419
300.369
300.324
300.284
300.247
300.215
300.187
300.162
300.14
300.121
300.104
300.091
300.079
300.071
300.064
300.061
303.874
303.832
303.778
303.713
303.639
303.555
303.463
303.364
303.259
303.148
303.033
302.915
302.794
302.67
302.545
302.419
302.292
302.166
302.04
301.915
301.793
301.672
301.554
301.439
301.328
301.221
301.118
301.019
300.926
300.837
300.755
300.677
300.605
300.539
300.478
300.423
300.372
300.327
300.286
300.249
300.217
300.188
300.163
300.141
300.121
300.105
300.091
300.08
300.071
300.065
300.061
)
;

boundaryField
{
    inlet
    {
        type            fixedValue;
        value           uniform 300;
    }
    outlet
    {
        type            zeroGradient;
    }
    top
    {
        type            zeroGradient;
    }
    slip-bottom
    {
        type            zeroGradient;
    }
    bottom
    {
        type            zeroGradient;
    }
    interface
    {
        type            fixedGradient;
        gradient        nonuniform List<scalar> 
161
(
68.0157
68.0157
46.2224
46.2224
46.2224
46.2224
34.3066
34.3066
34.3066
34.3066
29.482
29.482
29.482
28.6839
28.6839
28.6839
28.6839
26.0766
26.0766
26.0766
25.2079
25.2079
25.2079
24.7027
24.7027
24.7027
24.0507
24.0507
24.0507
23.4624
23.4624
23.4624
22.9164
22.9164
22.9164
22.3774
22.3774
22.3774
21.8628
21.8628
21.8628
20.8225
20.8225
21.5726
21.5726
21.5726
20.5322
20.5322
21.0166
21.0166
21.0166
19.9833
19.9833
19.9792
19.9792
19.9792
20.1205
20.1205
20.469
20.469
19.208
19.208
19.0987
19.0987
19.1451
19.1451
19.0037
19.0037
19.0037
18.8276
18.8276
18.6546
18.4716
18.4716
18.2452
18.2452
18.0403
18.0403
17.2734
17.2734
18.2402
18.2402
17.8522
17.8522
17.4104
16.6469
16.6469
17.4973
17.4973
17.1404
16.1703
16.1703
17.0255
16.1114
16.1114
16.698
16.698
15.7565
16.3533
16.3533
15.4546
16.0715
15.1599
15.1599
15.2194
15.8686
15.8686
14.7468
15.292
14.3642
14.3642
14.3783
14.5699
14.964
14.964
13.8044
13.8518
14.0395
14.3787
14.3787
13.279
13.3025
13.4627
13.4562
13.7792
12.7846
12.7846
12.701
12.7646
12.7017
12.6235
12.5351
12.4398
12.3409
12.2398
12.1379
12.0365
11.9367
11.84
11.7479
11.6624
11.5854
11.519
11.4653
11.4265
11.4059
11.4093
11.4479
11.5452
11.644
11.4434
11.4829
11.8886
12.2204
12.6823
13.2556
15.4515
13.583
15.9054
18.1842
26.2622
)
;
    }
    defaultFaces
    {
        type            empty;
    }
}


// ************************************************************************* //
