/*--------------------------------*- C++ -*----------------------------------*\
| =========                 |                                                 |
| \\      /  F ield         | OpenFOAM: The Open Source CFD Toolbox           |
|  \\    /   O peration     | Version:  2106                                  |
|   \\  /    A nd           | Website:  www.openfoam.com                      |
|    \\/     M anipulation  |                                                 |
\*---------------------------------------------------------------------------*/
FoamFile
{
    version     2.0;
    format      ascii;
    arch        "LSB;label=32;scalar=64";
    class       volScalarField;
    location    "0.2";
    object      T;
}
// * * * * * * * * * * * * * * * * * * * * * * * * * * * * * * * * * * * * * //

dimensions      [0 0 0 1 0 0 0];

internalField   nonuniform List<scalar> 
12013
(
300
300
300
300
300
300
300
300
300
300
300
300
300
300
300
300
300
300
300
300
300
300
300
300
300
300.001
300.001
300.001
300.001
300.002
300.002
300.003
300.004
300.005
300.006
300.007
300.009
300.011
300.013
300.015
300.018
300.022
300.025
300.03
300.035
300.04
300.046
300.053
300.061
300.069
300.079
300.089
300.1
300.112
300.126
300.14
300.156
300.174
300.192
300.212
300.234
300.257
300.282
300.309
300.337
300.368
300.401
300.436
300.474
300.514
300.557
300.603
300.653
300.707
300.765
300.828
300.898
300.975
301.062
301.163
301.288
300
300
300
300
300
300
300
300
300
300
300
300
300
300
300
300
300
300
300
300
300
300
300
300
300
300.001
300.001
300.001
300.001
300.002
300.002
300.003
300.004
300.005
300.006
300.007
300.009
300.011
300.013
300.015
300.018
300.022
300.025
300.03
300.035
300.04
300.046
300.053
300.061
300.069
300.078
300.089
300.1
300.112
300.126
300.14
300.156
300.173
300.192
300.212
300.233
300.257
300.282
300.308
300.337
300.367
300.4
300.435
300.473
300.513
300.556
300.602
300.651
300.704
300.761
300.824
300.892
300.967
301.05
301.143
301.248
300
300
300
300
300
300
300
300
300
300
300
300
300
300
300
300
300
300
300
300
300
300
300
300
300
300.001
300.001
300.001
300.001
300.002
300.002
300.003
300.004
300.005
300.006
300.007
300.009
300.011
300.013
300.015
300.018
300.022
300.025
300.03
300.035
300.04
300.046
300.053
300.061
300.069
300.078
300.088
300.1
300.112
300.125
300.14
300.156
300.173
300.191
300.211
300.233
300.256
300.281
300.307
300.335
300.366
300.398
300.433
300.47
300.51
300.552
300.597
300.646
300.698
300.754
300.814
300.879
300.95
301.027
301.109
301.196
300
300
300
300
300
300
300
300
300
300
300
300
300
300
300
300
300
300
300
300
300
300
300
300
300
300.001
300.001
300.001
300.001
300.002
300.002
300.003
300.004
300.005
300.006
300.007
300.009
300.011
300.013
300.015
300.018
300.022
300.025
300.03
300.034
300.04
300.046
300.053
300.06
300.069
300.078
300.088
300.099
300.111
300.125
300.139
300.155
300.172
300.19
300.21
300.231
300.254
300.279
300.305
300.333
300.363
300.395
300.43
300.466
300.505
300.546
300.591
300.638
300.688
300.742
300.8
300.861
300.926
300.995
301.067
301.141
300
300
300
300
300
300
300
300
300
300
300
300
300
300
300
300
300
300
300
300
300
300
300
300
300
300.001
300.001
300.001
300.001
300.002
300.002
300.003
300.004
300.005
300.006
300.007
300.009
300.011
300.013
300.015
300.018
300.021
300.025
300.029
300.034
300.04
300.046
300.052
300.06
300.068
300.077
300.088
300.099
300.111
300.124
300.138
300.154
300.171
300.189
300.208
300.229
300.252
300.276
300.302
300.33
300.359
300.391
300.424
300.46
300.498
300.538
300.581
300.627
300.675
300.726
300.78
300.837
300.896
300.958
301.021
301.084
300
300
300
300
300
300
300
300
300
300
300
300
300
300
300
300
300
300
300
300
300
300
300
300
300
300.001
300.001
300.001
300.001
300.002
300.002
300.003
300.004
300.005
300.006
300.007
300.009
300.011
300.013
300.015
300.018
300.021
300.025
300.029
300.034
300.039
300.045
300.052
300.059
300.068
300.077
300.087
300.098
300.11
300.123
300.137
300.152
300.169
300.187
300.206
300.227
300.249
300.273
300.298
300.325
300.354
300.385
300.418
300.452
300.489
300.528
300.569
300.612
300.658
300.706
300.756
300.808
300.862
300.917
300.972
301.027
300
300
300
300
300
300
300
300
300
300
300
300
300
300
300
300
300
300
300
300
300
300
300
300
300
300.001
300.001
300.001
300.001
300.002
300.002
300.003
300.004
300.005
300.006
300.007
300.009
300.011
300.013
300.015
300.018
300.021
300.025
300.029
300.034
300.039
300.045
300.051
300.059
300.067
300.076
300.086
300.097
300.108
300.121
300.135
300.15
300.167
300.184
300.203
300.223
300.245
300.268
300.293
300.319
300.347
300.377
300.409
300.442
300.477
300.514
300.553
300.594
300.637
300.681
300.727
300.775
300.823
300.872
300.921
300.969
300
300
300
300
300
300
300
300
300
300
300
300
300
300
300
300
300
300
300
300
300
300
300
300
300
300.001
300.001
300.001
300.001
300.002
300.002
300.003
300.004
300.005
300.006
300.007
300.009
300.01
300.012
300.015
300.018
300.021
300.024
300.029
300.033
300.038
300.044
300.051
300.058
300.066
300.075
300.085
300.095
300.107
300.119
300.133
300.148
300.164
300.181
300.199
300.219
300.24
300.263
300.287
300.312
300.339
300.368
300.398
300.43
300.463
300.498
300.535
300.573
300.612
300.653
300.695
300.738
300.782
300.825
300.868
300.911
300
300
300
300
300
300
300
300
300
300
300
300
300
300
300
300
300
300
300
300
300
300
300
300
300
300.001
300.001
300.001
300.001
300.002
300.002
300.003
300.004
300.005
300.006
300.007
300.008
300.01
300.012
300.015
300.017
300.021
300.024
300.028
300.033
300.038
300.044
300.05
300.057
300.065
300.073
300.083
300.093
300.105
300.117
300.13
300.145
300.16
300.177
300.195
300.214
300.234
300.256
300.279
300.303
300.329
300.356
300.385
300.415
300.446
300.479
300.513
300.549
300.585
300.622
300.66
300.699
300.738
300.776
300.815
300.852
300
300
300
300
300
300
300
300
300
300
300
300
300
300
300
300
300
300
300
300
300
300
300
300
300
300.001
300.001
300.001
300.001
300.002
300.002
300.003
300.004
300.005
300.006
300.007
300.008
300.01
300.012
300.014
300.017
300.02
300.024
300.028
300.032
300.037
300.043
300.049
300.056
300.063
300.072
300.081
300.091
300.102
300.114
300.127
300.141
300.156
300.172
300.189
300.207
300.227
300.248
300.27
300.293
300.317
300.343
300.37
300.398
300.427
300.458
300.489
300.522
300.555
300.589
300.623
300.657
300.692
300.726
300.76
300.794
300
300
300
300
300
300
300
300
300
300
300
300
300
300
300
300
300
300
300
300
300
300
300
300
300
300.001
300.001
300.001
300.001
300.002
300.002
300.003
300.004
300.004
300.005
300.007
300.008
300.01
300.012
300.014
300.017
300.02
300.023
300.027
300.031
300.036
300.042
300.048
300.054
300.062
300.07
300.079
300.089
300.099
300.111
300.123
300.136
300.151
300.166
300.182
300.2
300.219
300.238
300.259
300.281
300.304
300.328
300.353
300.379
300.406
300.434
300.463
300.492
300.522
300.553
300.583
300.614
300.645
300.675
300.705
300.735
300
300
300
300
300
300
300
300
300
300
300
300
300
300
300
300
300
300
300
300
300
300
300
300
300
300.001
300.001
300.001
300.001
300.002
300.002
300.003
300.003
300.004
300.005
300.007
300.008
300.01
300.011
300.014
300.016
300.019
300.022
300.026
300.03
300.035
300.04
300.046
300.053
300.06
300.068
300.076
300.085
300.096
300.107
300.118
300.131
300.145
300.159
300.175
300.191
300.209
300.227
300.247
300.267
300.289
300.311
300.334
300.358
300.383
300.408
300.434
300.461
300.488
300.515
300.542
300.57
300.597
300.624
300.65
300.676
300
300
300
300
300
300
300
300
300
300
300
300
300
300
300
300
300
300
300
300
300
300
300
300
300
300.001
300.001
300.001
300.001
300.002
300.002
300.003
300.003
300.004
300.005
300.006
300.008
300.009
300.011
300.013
300.016
300.018
300.022
300.025
300.029
300.034
300.039
300.044
300.051
300.057
300.065
300.073
300.082
300.092
300.102
300.113
300.125
300.138
300.152
300.166
300.182
300.198
300.215
300.233
300.252
300.272
300.292
300.313
300.335
300.357
300.38
300.404
300.428
300.452
300.476
300.5
300.524
300.548
300.572
300.595
300.618
300
300
300
300
300
300
300
300
300
300
300
300
300
300
300
300
300
300
300
300
300
300
300
300
300
300
300.001
300.001
300.001
300.002
300.002
300.003
300.003
300.004
300.005
300.006
300.007
300.009
300.011
300.013
300.015
300.018
300.021
300.024
300.028
300.032
300.037
300.042
300.048
300.055
300.062
300.07
300.078
300.087
300.097
300.107
300.118
300.13
300.143
300.157
300.171
300.186
300.202
300.218
300.236
300.253
300.272
300.291
300.311
300.331
300.351
300.372
300.393
300.415
300.436
300.457
300.478
300.499
300.52
300.541
300.561
300
300
300
300
300
300
300
300
300
300
300
300
300
300
300
300
300
300
300
300
300
300
300
300
300
300
300.001
300.001
300.001
300.002
300.002
300.002
300.003
300.004
300.005
300.006
300.007
300.009
300.01
300.012
300.014
300.017
300.02
300.023
300.027
300.031
300.035
300.04
300.046
300.052
300.058
300.066
300.073
300.082
300.091
300.101
300.111
300.122
300.134
300.146
300.159
300.173
300.187
300.202
300.218
300.234
300.251
300.268
300.285
300.303
300.321
300.34
300.358
300.377
300.395
300.414
300.433
300.451
300.469
300.487
300.505
300
300
300
300
300
300
300
300
300
300
300
300
300
300
300
300
300
300
300
300
300
300
300
300
300
300
300.001
300.001
300.001
300.001
300.002
300.002
300.003
300.004
300.005
300.006
300.007
300.008
300.01
300.011
300.014
300.016
300.019
300.022
300.025
300.029
300.033
300.038
300.043
300.048
300.055
300.061
300.068
300.076
300.085
300.093
300.103
300.113
300.124
300.135
300.147
300.159
300.172
300.185
300.199
300.214
300.228
300.243
300.259
300.275
300.29
300.307
300.323
300.339
300.355
300.371
300.387
300.403
300.419
300.434
300.45
300
300
300
300
300
300
300
300
300
300
300
300
300
300
300
300
300
300
300
300
300
300
300
300
300
300
300.001
300.001
300.001
300.001
300.002
300.002
300.003
300.003
300.004
300.005
300.006
300.008
300.009
300.011
300.013
300.015
300.017
300.02
300.023
300.027
300.031
300.035
300.04
300.045
300.05
300.057
300.063
300.07
300.078
300.086
300.094
300.103
300.113
300.123
300.134
300.145
300.156
300.168
300.18
300.193
300.206
300.219
300.232
300.246
300.26
300.273
300.287
300.301
300.315
300.329
300.343
300.357
300.37
300.383
300.396
300
300
300
300
300
300
300
300
300
300
300
300
300
300
300
300
300
300
300
300
300
300
300
300
300
300
300
300.001
300.001
300.001
300.002
300.002
300.003
300.003
300.004
300.005
300.006
300.007
300.008
300.01
300.012
300.014
300.016
300.019
300.021
300.025
300.028
300.032
300.036
300.041
300.046
300.052
300.057
300.064
300.071
300.078
300.085
300.093
300.102
300.111
300.12
300.13
300.14
300.15
300.161
300.171
300.183
300.194
300.205
300.217
300.229
300.241
300.253
300.265
300.277
300.288
300.3
300.312
300.323
300.334
300.345
300
300
300
300
300
300
300
300
300
300
300
300
300
300
300
300
300
300
300
300
300
300
300
300
300
300
300
300.001
300.001
300.001
300.001
300.002
300.002
300.003
300.004
300.004
300.005
300.006
300.008
300.009
300.011
300.013
300.015
300.017
300.019
300.022
300.026
300.029
300.033
300.037
300.041
300.046
300.052
300.057
300.063
300.069
300.076
300.083
300.09
300.098
300.106
300.114
300.123
300.132
300.141
300.15
300.16
300.169
300.179
300.189
300.199
300.209
300.219
300.229
300.239
300.249
300.259
300.269
300.278
300.288
300.297
300
300
300
300
300
300
300
300
300
300
300
300
300
300
300
300
300
300
300
300
300
300
300
300
300
300
300
300.001
300.001
300.001
300.001
300.002
300.002
300.003
300.003
300.004
300.005
300.006
300.007
300.008
300.01
300.011
300.013
300.015
300.017
300.02
300.023
300.026
300.029
300.033
300.037
300.041
300.045
300.05
300.055
300.061
300.067
300.073
300.079
300.085
300.092
300.099
300.107
300.114
300.122
300.13
300.138
300.146
300.154
300.162
300.17
300.179
300.187
300.195
300.204
300.212
300.22
300.228
300.236
300.244
300.251
300
300
300
300
300
300
300
300
300
300
300
300
300
300
300
300
300
300
300
300
300
300
300
300
300
300
300
300
300.001
300.001
300.001
300.001
300.002
300.002
300.003
300.003
300.004
300.005
300.006
300.007
300.008
300.01
300.011
300.013
300.015
300.017
300.02
300.023
300.025
300.029
300.032
300.035
300.039
300.043
300.048
300.052
300.057
300.062
300.068
300.073
300.079
300.085
300.091
300.097
300.103
300.11
300.116
300.123
300.13
300.136
300.143
300.15
300.157
300.164
300.17
300.177
300.184
300.19
300.197
300.203
300.209
300
300
300
300
300
300
300
300
300
300
300
300
300
300
300
300
300
300
300
300
300
300
300
300
300
300
300
300
300.001
300.001
300.001
300.001
300.002
300.002
300.002
300.003
300.004
300.004
300.005
300.006
300.007
300.009
300.01
300.011
300.013
300.015
300.017
300.019
300.022
300.024
300.027
300.03
300.033
300.037
300.04
300.044
300.048
300.052
300.057
300.061
300.066
300.071
300.076
300.081
300.086
300.091
300.096
300.102
300.107
300.113
300.118
300.124
300.129
300.135
300.14
300.145
300.151
300.156
300.161
300.166
300.171
300
300
300
300
300
300
300
300
300
300
300
300
300
300
300
300
300
300
300
300
300
300
300
300
300
300
300
300
300
300.001
300.001
300.001
300.001
300.002
300.002
300.003
300.003
300.004
300.004
300.005
300.006
300.007
300.008
300.01
300.011
300.013
300.014
300.016
300.018
300.02
300.023
300.025
300.028
300.03
300.033
300.036
300.04
300.043
300.047
300.05
300.054
300.058
300.062
300.066
300.07
300.074
300.078
300.082
300.087
300.091
300.095
300.1
300.104
300.108
300.112
300.117
300.121
300.125
300.129
300.133
300.137
300
300
300
300
300
300
300
300
300
300
300
300
300
300
300
300
300
300
300
300
300
300
300
300
300
300
300
300
300
300
300.001
300.001
300.001
300.001
300.002
300.002
300.003
300.003
300.004
300.004
300.005
300.006
300.007
300.008
300.009
300.01
300.012
300.013
300.015
300.016
300.018
300.02
300.022
300.025
300.027
300.029
300.032
300.035
300.037
300.04
300.043
300.046
300.049
300.052
300.055
300.059
300.062
300.065
300.068
300.072
300.075
300.078
300.082
300.085
300.088
300.092
300.095
300.098
300.101
300.104
300.107
300
300
300
300
300
300
300
300
300
300
300
300
300
300
300
300
300
300
300
300
300
300
300
300
300
300
300
300
300
300
300
300.001
300.001
300.001
300.001
300.002
300.002
300.002
300.003
300.003
300.004
300.005
300.005
300.006
300.007
300.008
300.009
300.01
300.012
300.013
300.014
300.016
300.018
300.019
300.021
300.023
300.025
300.027
300.029
300.031
300.033
300.036
300.038
300.04
300.043
300.045
300.048
300.05
300.053
300.055
300.058
300.06
300.062
300.065
300.067
300.07
300.072
300.075
300.077
300.079
300.082
300
300
300
300
300
300
300
300
300
300
300
300
300
300
300
300
300
300
300
300
300
300
300
300
300
300
300
300
300
300
300
300
300.001
300.001
300.001
300.001
300.001
300.002
300.002
300.003
300.003
300.004
300.004
300.005
300.005
300.006
300.007
300.008
300.009
300.01
300.011
300.012
300.013
300.015
300.016
300.017
300.019
300.02
300.022
300.023
300.025
300.027
300.028
300.03
300.032
300.034
300.035
300.037
300.039
300.041
300.043
300.045
300.046
300.048
300.05
300.052
300.053
300.055
300.057
300.059
300.06
300
300
300
300
300
300
300
300
300
300
300
300
300
300
300
300
300
300
300
300
300
300
300
300
300
300
300
300
300
300
300
300
300
300
300.001
300.001
300.001
300.001
300.002
300.002
300.002
300.003
300.003
300.003
300.004
300.005
300.005
300.006
300.006
300.007
300.008
300.009
300.01
300.011
300.012
300.013
300.014
300.015
300.016
300.017
300.018
300.019
300.021
300.022
300.023
300.024
300.026
300.027
300.028
300.029
300.031
300.032
300.033
300.035
300.036
300.037
300.038
300.04
300.041
300.042
300.043
300
300
300
300
300
300
300
300
300
300
300
300
300
300
300
300
300
300
300
300
300
300
300
300
300
300
300
300
300
300
300
300
300
300
300
300
300.001
300.001
300.001
300.001
300.001
300.002
300.002
300.002
300.003
300.003
300.004
300.004
300.005
300.005
300.006
300.006
300.007
300.007
300.008
300.009
300.01
300.01
300.011
300.012
300.013
300.013
300.014
300.015
300.016
300.017
300.018
300.019
300.019
300.02
300.021
300.022
300.023
300.024
300.025
300.026
300.026
300.027
300.028
300.029
300.03
300
300
300
300
300
300
300
300
300
300
300
300
300
300
300
300
300
300
300
300
300
300
300
300
300
300
300
300
300
300
300
300
300
300
300
300
300
300
300.001
300.001
300.001
300.001
300.001
300.002
300.002
300.002
300.002
300.003
300.003
300.003
300.004
300.004
300.004
300.005
300.005
300.006
300.006
300.007
300.007
300.008
300.008
300.009
300.009
300.01
300.011
300.011
300.012
300.012
300.013
300.013
300.014
300.015
300.015
300.016
300.016
300.017
300.017
300.018
300.018
300.019
300.019
300
300
300
300
300
300
300
300
300
300
300
300
300
300
300
300
300
300
300
300
300
300
300
300
300
300
300
300
300
300
300
300
300
300
300
300
300
300
300
300
300
300.001
300.001
300.001
300.001
300.001
300.001
300.002
300.002
300.002
300.002
300.003
300.003
300.003
300.003
300.004
300.004
300.004
300.005
300.005
300.005
300.006
300.006
300.006
300.007
300.007
300.007
300.008
300.008
300.008
300.009
300.009
300.009
300.01
300.01
300.01
300.011
300.011
300.012
300.012
300.012
300
300
300
300
300
300
300
300
300
300
300
300
300
300
300
300
300
300
300
300
300
300
300
300
300
300
300
300
300
300
300
300
300
300
300
300
300
300
300
300
300
300
300
300
300
300.001
300.001
300.001
300.001
300.001
300.001
300.001
300.002
300.002
300.002
300.002
300.002
300.002
300.003
300.003
300.003
300.003
300.003
300.004
300.004
300.004
300.004
300.004
300.005
300.005
300.005
300.005
300.006
300.006
300.006
300.006
300.006
300.007
300.007
300.007
300.007
300
300
300
300
300
300
300
300
300
300
300
300
300
300
300
300
300
300
300
300
300
300
300
300
300
300
300
300
300
300
300
300
300
300
300
300
300
300
300
300
300
300
300
300
300
300
300
300
300
300
300
300.001
300.001
300.001
300.001
300.001
300.001
300.001
300.001
300.001
300.002
300.002
300.002
300.002
300.002
300.002
300.002
300.002
300.002
300.003
300.003
300.003
300.003
300.003
300.003
300.003
300.003
300.004
300.004
300.004
300.004
300
300
300
300
300
300
300
300
300
300
300
300
300
300
300
300
300
300
300
300
299.999
299.999
299.999
299.999
299.999
299.999
300
300
300
300
300
300
300
300
300
300
300
300
300
300
300
300
300
300
300
300
300
300
300
300
300
300
300
300
300
300
300
300
300
300.001
300.001
300.001
300.001
300.001
300.001
300.001
300.001
300.001
300.001
300.001
300.001
300.001
300.001
300.001
300.001
300.002
300.002
300.002
300.002
300.002
300.002
300
300
300
300
300
300
300
300
300
300
300
300
300
300
299.999
299.999
299.999
299.999
299.999
299.999
299.999
299.999
299.999
299.999
299.999
299.999
299.999
299.999
299.999
299.999
299.999
299.999
299.999
299.999
299.999
299.999
299.999
300
300
300
300
300
300
300
300
300
300
300
300
300
300
300
300
300
300
300
300
300
300
300
300
300
300
300
300
300
300
300
300
300
300
300
300
300
300
300
300
300.001
300.001
300.001
300.001
300
300
300
300
300
300
300
300
300
300
300
300
299.999
299.999
299.999
299.999
299.999
299.999
299.999
299.999
299.999
299.999
299.999
299.999
299.999
299.999
299.999
299.999
299.999
299.999
299.999
299.999
299.999
299.999
299.999
299.999
299.999
299.999
299.999
299.999
299.999
299.999
299.999
299.999
299.999
299.999
299.999
299.999
300
300
300
300
300
300
300
300
300
300
300
300
300
300
300
300
300
300
300
300
300
300
300
300
300
300
300
300
300
300
300
300
300
300
300
300
300
300
300
300
300
300
300
299.999
299.999
299.999
299.999
299.999
299.999
299.999
299.999
299.999
299.999
299.999
299.999
299.999
299.999
299.999
299.999
299.999
299.999
299.999
299.999
299.999
299.999
299.999
299.999
299.999
299.999
299.999
299.999
299.999
299.999
299.999
299.999
299.999
299.999
299.999
299.999
299.999
299.999
299.999
299.999
299.999
299.999
299.999
299.999
299.999
299.999
299.999
299.999
299.999
299.999
299.999
299.999
299.999
299.999
299.999
299.999
300
300
300
300
300
300
300
300
300
300
300
300
300
300
300
300
300
300
300
300
300
300
300
300
299.999
299.999
299.999
299.999
299.999
299.999
299.999
299.999
299.999
299.999
299.999
299.999
299.999
299.999
299.999
299.999
299.999
299.999
299.999
299.999
299.999
299.999
299.999
299.999
299.999
299.999
299.999
299.999
299.999
299.999
299.999
299.999
299.999
299.999
299.999
299.999
299.999
299.999
299.999
299.999
299.999
299.999
299.999
299.999
299.999
299.999
299.999
299.999
299.999
299.999
299.999
299.999
299.999
299.999
299.999
299.999
299.999
299.999
299.999
299.999
299.999
299.999
299.999
299.999
299.999
299.999
299.999
299.999
299.999
299.999
299.999
299.999
300
300
300
300
300
300
300
300
299.999
299.999
299.999
299.999
299.999
299.999
299.999
299.999
299.999
299.999
299.999
299.999
299.999
299.999
299.999
299.999
299.999
299.999
299.999
299.999
299.999
299.999
299.999
299.999
299.999
299.999
299.999
299.999
299.999
299.999
299.999
299.999
299.999
299.999
299.999
299.999
299.999
299.999
299.999
299.999
299.999
299.999
299.999
299.999
299.999
299.999
299.999
299.999
299.999
299.999
299.999
299.999
299.999
299.999
299.999
299.999
299.999
299.999
299.999
299.999
299.999
299.999
299.999
299.999
299.999
299.999
299.999
299.999
299.999
299.999
299.999
299.999
299.999
300
300
300
300
300
300
300
300
299.999
299.999
299.999
299.999
299.999
299.999
299.999
299.999
299.999
299.999
299.999
299.999
299.999
299.999
299.999
299.999
299.999
299.999
299.999
299.999
299.999
299.999
299.999
299.999
299.999
299.999
299.999
299.999
299.999
299.999
299.999
299.999
299.999
299.999
299.999
299.999
299.999
299.999
299.999
299.999
299.999
299.999
299.999
299.999
299.999
299.999
299.999
299.999
299.999
299.999
299.999
299.999
299.999
299.999
299.999
299.999
299.999
299.999
299.999
299.999
299.999
299.999
299.999
299.999
299.999
299.999
299.999
299.999
299.999
299.999
299.999
299.999
299.999
300
300
300
300
300
300
300
299.999
299.999
299.999
299.999
299.999
299.999
299.999
299.999
299.999
299.999
299.999
299.999
299.999
299.999
299.999
299.999
299.999
299.999
299.999
299.999
299.999
299.999
299.999
299.999
299.999
299.999
299.999
299.999
299.999
299.999
299.999
299.999
299.999
299.999
299.999
299.999
299.999
299.999
299.999
299.999
299.999
299.999
299.999
299.999
299.999
299.999
299.999
299.999
299.999
299.999
299.999
299.999
299.999
299.999
299.999
299.999
299.999
299.999
299.999
299.999
299.999
299.999
299.999
299.999
299.999
299.999
299.999
299.999
299.999
299.999
299.999
299.999
299.999
299.999
300
300
300
300
300
300
300
299.999
299.999
299.999
299.999
299.999
299.999
299.999
299.999
299.999
299.999
299.999
299.999
299.999
299.999
299.999
299.999
299.999
299.999
299.999
299.999
299.999
299.999
299.999
299.999
299.999
299.999
299.999
299.999
299.999
299.999
299.999
299.999
299.999
299.999
299.999
299.999
299.999
299.999
299.999
299.999
299.999
299.999
299.999
299.999
299.999
299.999
299.999
299.999
299.999
299.999
299.999
299.999
299.999
299.999
299.999
299.999
299.999
299.999
299.999
299.999
299.999
299.999
299.999
299.999
299.999
299.999
299.999
299.999
299.999
299.999
299.999
299.999
299.999
299.999
301.457
301.565
301.627
301.684
301.732
301.77
301.794
301.82
301.847
301.871
301.89
301.911
301.932
301.951
301.97
301.988
302.004
302.019
302.033
302.048
302.061
302.074
302.087
302.1
302.112
302.123
302.134
302.144
302.154
302.164
302.173
302.181
302.19
302.197
302.205
302.212
302.219
302.225
302.232
302.237
302.243
302.248
302.254
302.259
302.264
302.269
302.273
302.277
302.281
302.285
302.288
302.292
302.295
302.298
302.301
302.304
302.307
302.309
302.312
302.314
302.316
302.318
302.319
302.321
302.323
302.324
302.326
302.327
302.329
302.33
302.331
302.332
302.333
302.334
302.334
302.335
302.336
302.336
302.337
302.337
302.337
302.338
302.338
302.338
302.338
302.338
302.338
302.338
302.338
302.338
302.338
302.338
302.338
302.338
302.337
302.337
302.337
302.337
302.336
302.336
302.336
302.335
302.335
302.335
302.334
302.334
302.333
302.333
302.333
302.332
302.332
302.332
302.332
302.332
302.332
302.332
302.332
302.332
302.332
302.332
302.332
302.332
302.332
302.332
302.332
302.333
302.333
302.333
302.333
302.333
302.332
302.332
302.332
302.331
302.33
302.329
302.328
302.327
302.325
302.323
302.321
302.319
302.316
302.313
302.309
302.305
302.3
302.294
302.287
302.278
302.266
302.252
302.237
302.218
302.194
302.163
302.127
302.056
301.983
301.879
301.725
301.362
301.455
301.526
301.585
301.634
301.675
301.707
301.737
301.764
301.79
301.812
301.834
301.856
301.876
301.895
301.913
301.93
301.946
301.961
301.975
301.989
302.003
302.016
302.029
302.041
302.052
302.063
302.074
302.084
302.093
302.102
302.111
302.119
302.127
302.135
302.142
302.149
302.155
302.162
302.167
302.173
302.178
302.184
302.189
302.194
302.198
302.203
302.207
302.211
302.215
302.218
302.221
302.224
302.228
302.23
302.233
302.236
302.238
302.241
302.243
302.245
302.247
302.249
302.25
302.252
302.253
302.255
302.256
302.257
302.259
302.26
302.261
302.261
302.262
302.263
302.264
302.264
302.265
302.265
302.266
302.266
302.266
302.266
302.267
302.267
302.267
302.267
302.267
302.267
302.267
302.267
302.266
302.266
302.266
302.266
302.266
302.265
302.265
302.265
302.265
302.264
302.264
302.264
302.263
302.263
302.262
302.262
302.262
302.262
302.261
302.261
302.261
302.261
302.26
302.26
302.26
302.26
302.26
302.26
302.26
302.261
302.261
302.261
302.261
302.261
302.261
302.261
302.261
302.261
302.261
302.261
302.261
302.26
302.26
302.259
302.258
302.257
302.256
302.254
302.252
302.25
302.248
302.245
302.242
302.239
302.234
302.23
302.224
302.217
302.208
302.196
302.183
302.167
302.148
302.124
302.093
302.054
301.986
301.909
301.801
301.633
301.284
301.364
301.432
301.49
301.539
301.582
301.618
301.65
301.68
301.706
301.731
301.754
301.776
301.797
301.817
301.836
301.853
301.869
301.885
301.9
301.914
301.928
301.941
301.954
301.966
301.978
301.989
302
302.01
302.019
302.029
302.037
302.046
302.054
302.061
302.068
302.075
302.082
302.088
302.094
302.1
302.105
302.11
302.115
302.12
302.125
302.129
302.133
302.137
302.141
302.144
302.147
302.15
302.153
302.156
302.159
302.162
302.164
302.166
302.169
302.171
302.172
302.174
302.176
302.177
302.179
302.18
302.181
302.183
302.184
302.185
302.186
302.187
302.187
302.188
302.189
302.189
302.19
302.19
302.191
302.191
302.191
302.191
302.192
302.192
302.192
302.192
302.192
302.192
302.192
302.192
302.191
302.191
302.191
302.191
302.191
302.191
302.19
302.19
302.19
302.189
302.189
302.189
302.188
302.188
302.188
302.187
302.187
302.187
302.186
302.186
302.186
302.186
302.186
302.186
302.186
302.186
302.186
302.186
302.186
302.186
302.186
302.186
302.186
302.186
302.186
302.186
302.187
302.186
302.186
302.186
302.186
302.185
302.185
302.184
302.183
302.182
302.181
302.18
302.178
302.176
302.174
302.171
302.168
302.165
302.161
302.156
302.15
302.143
302.134
302.123
302.11
302.094
302.075
302.051
302.019
301.978
301.912
301.833
301.721
301.546
301.213
301.282
301.344
301.399
301.448
301.491
301.528
301.562
301.593
301.621
301.647
301.671
301.694
301.716
301.736
301.755
301.773
301.79
301.806
301.821
301.836
301.85
301.863
301.876
301.889
301.9
301.912
301.922
301.932
301.942
301.951
301.96
301.969
301.977
301.984
301.991
301.998
302.005
302.011
302.017
302.023
302.028
302.033
302.038
302.043
302.047
302.052
302.056
302.06
302.063
302.067
302.07
302.073
302.076
302.079
302.081
302.084
302.086
302.089
302.091
302.093
302.094
302.096
302.098
302.099
302.101
302.102
302.103
302.104
302.105
302.106
302.107
302.108
302.109
302.11
302.11
302.111
302.111
302.112
302.112
302.112
302.113
302.113
302.113
302.113
302.113
302.113
302.113
302.113
302.113
302.113
302.113
302.113
302.113
302.112
302.112
302.112
302.112
302.111
302.111
302.111
302.111
302.11
302.11
302.11
302.109
302.109
302.109
302.108
302.108
302.108
302.108
302.107
302.107
302.107
302.107
302.107
302.107
302.107
302.107
302.107
302.108
302.108
302.108
302.108
302.108
302.108
302.108
302.108
302.108
302.108
302.108
302.107
302.107
302.106
302.105
302.104
302.103
302.101
302.1
302.098
302.096
302.093
302.09
302.087
302.083
302.079
302.073
302.066
302.057
302.046
302.033
302.018
301.999
301.974
301.942
301.9
301.836
301.755
301.64
301.462
301.146
301.206
301.262
301.313
301.359
301.401
301.439
301.474
301.505
301.534
301.561
301.586
301.609
301.631
301.652
301.671
301.69
301.707
301.724
301.739
301.754
301.768
301.782
301.795
301.808
301.819
301.831
301.841
301.852
301.861
301.871
301.88
301.888
301.896
301.904
301.911
301.918
301.924
301.931
301.936
301.942
301.948
301.953
301.958
301.962
301.967
301.971
301.975
301.979
301.982
301.986
301.989
301.992
301.995
301.998
302
302.003
302.005
302.007
302.009
302.011
302.013
302.014
302.016
302.018
302.019
302.02
302.021
302.023
302.024
302.025
302.025
302.026
302.027
302.028
302.028
302.029
302.029
302.03
302.03
302.03
302.031
302.031
302.031
302.031
302.031
302.031
302.031
302.031
302.031
302.031
302.031
302.031
302.03
302.03
302.03
302.03
302.03
302.029
302.029
302.029
302.029
302.028
302.028
302.028
302.027
302.027
302.027
302.026
302.026
302.026
302.026
302.026
302.025
302.025
302.025
302.025
302.025
302.025
302.025
302.025
302.026
302.026
302.026
302.026
302.026
302.026
302.026
302.026
302.026
302.026
302.026
302.025
302.025
302.024
302.023
302.022
302.021
302.02
302.018
302.016
302.014
302.012
302.009
302.006
302.002
301.998
301.992
301.986
301.977
301.966
301.954
301.938
301.919
301.894
301.862
301.819
301.755
301.674
301.558
301.381
301.081
301.133
301.183
301.23
301.274
301.314
301.351
301.385
301.417
301.446
301.473
301.499
301.522
301.545
301.566
301.585
301.604
301.622
301.638
301.654
301.67
301.684
301.698
301.711
301.723
301.735
301.747
301.757
301.768
301.777
301.787
301.796
301.804
301.812
301.82
301.827
301.834
301.84
301.847
301.853
301.858
301.864
301.869
301.874
301.878
301.883
301.887
301.891
301.894
301.898
301.901
301.904
301.907
301.91
301.913
301.915
301.918
301.92
301.922
301.924
301.926
301.928
301.929
301.931
301.932
301.934
301.935
301.936
301.937
301.938
301.939
301.94
301.941
301.941
301.942
301.943
301.943
301.944
301.944
301.944
301.945
301.945
301.945
301.945
301.945
301.945
301.945
301.945
301.945
301.945
301.945
301.945
301.945
301.945
301.945
301.944
301.944
301.944
301.944
301.943
301.943
301.943
301.943
301.942
301.942
301.942
301.941
301.941
301.941
301.941
301.94
301.94
301.94
301.94
301.94
301.94
301.94
301.94
301.94
301.94
301.94
301.94
301.94
301.94
301.94
301.94
301.941
301.941
301.941
301.94
301.94
301.94
301.94
301.939
301.939
301.938
301.937
301.936
301.935
301.933
301.931
301.929
301.927
301.925
301.921
301.918
301.913
301.908
301.902
301.893
301.883
301.87
301.855
301.836
301.811
301.778
301.735
301.672
301.59
301.475
301.302
301.016
301.063
301.107
301.15
301.191
301.229
301.264
301.298
301.329
301.357
301.384
301.41
301.434
301.456
301.477
301.497
301.516
301.534
301.551
301.567
301.582
301.597
301.61
301.623
301.636
301.648
301.659
301.67
301.681
301.69
301.7
301.709
301.717
301.725
301.733
301.74
301.747
301.753
301.759
301.765
301.771
301.776
301.781
301.786
301.791
301.795
301.799
301.803
301.807
301.81
301.813
301.816
301.819
301.822
301.825
301.827
301.83
301.832
301.834
301.836
301.838
301.839
301.841
301.842
301.844
301.845
301.846
301.847
301.848
301.849
301.85
301.851
301.852
301.852
301.853
301.854
301.854
301.854
301.855
301.855
301.855
301.856
301.856
301.856
301.856
301.856
301.856
301.856
301.856
301.856
301.856
301.856
301.856
301.856
301.855
301.855
301.855
301.855
301.855
301.854
301.854
301.854
301.854
301.853
301.853
301.853
301.852
301.852
301.852
301.852
301.852
301.851
301.851
301.851
301.851
301.851
301.851
301.851
301.851
301.851
301.851
301.851
301.851
301.851
301.851
301.851
301.852
301.852
301.852
301.851
301.851
301.851
301.851
301.85
301.85
301.849
301.848
301.847
301.846
301.845
301.843
301.841
301.839
301.836
301.833
301.83
301.826
301.82
301.814
301.806
301.796
301.784
301.769
301.749
301.725
301.692
301.648
301.587
301.505
301.391
301.226
300.952
300.994
301.034
301.073
301.11
301.146
301.179
301.211
301.241
301.269
301.295
301.32
301.344
301.366
301.387
301.407
301.426
301.444
301.461
301.477
301.492
301.507
301.52
301.534
301.546
301.558
301.569
301.58
301.591
301.6
301.61
301.618
301.627
301.635
301.642
301.65
301.656
301.663
301.669
301.675
301.681
301.686
301.691
301.696
301.7
301.704
301.708
301.712
301.716
301.719
301.722
301.725
301.728
301.731
301.733
301.736
301.738
301.74
301.742
301.744
301.746
301.747
301.749
301.75
301.752
301.753
301.754
301.755
301.756
301.757
301.758
301.759
301.759
301.76
301.761
301.761
301.762
301.762
301.762
301.763
301.763
301.763
301.763
301.764
301.764
301.764
301.764
301.764
301.764
301.764
301.764
301.763
301.763
301.763
301.763
301.763
301.763
301.762
301.762
301.762
301.762
301.762
301.761
301.761
301.761
301.76
301.76
301.76
301.76
301.759
301.759
301.759
301.759
301.759
301.759
301.759
301.759
301.759
301.759
301.759
301.759
301.759
301.759
301.759
301.759
301.759
301.759
301.759
301.759
301.759
301.759
301.759
301.758
301.758
301.758
301.757
301.756
301.755
301.754
301.753
301.751
301.749
301.747
301.745
301.742
301.739
301.735
301.73
301.723
301.716
301.706
301.694
301.679
301.66
301.635
301.603
301.559
301.499
301.418
301.307
301.151
300.889
300.926
300.962
300.997
301.031
301.064
301.095
301.125
301.154
301.181
301.206
301.23
301.253
301.275
301.296
301.316
301.334
301.352
301.369
301.385
301.4
301.414
301.428
301.441
301.454
301.466
301.477
301.488
301.498
301.508
301.517
301.526
301.534
301.542
301.549
301.557
301.563
301.57
301.576
301.582
301.587
301.592
301.597
301.602
301.606
301.61
301.614
301.618
301.622
301.625
301.628
301.631
301.634
301.637
301.639
301.641
301.643
301.646
301.647
301.649
301.651
301.653
301.654
301.655
301.657
301.658
301.659
301.66
301.661
301.662
301.663
301.663
301.664
301.665
301.665
301.666
301.666
301.667
301.667
301.667
301.667
301.668
301.668
301.668
301.668
301.668
301.668
301.668
301.668
301.668
301.668
301.668
301.668
301.668
301.667
301.667
301.667
301.667
301.667
301.666
301.666
301.666
301.666
301.666
301.665
301.665
301.665
301.665
301.664
301.664
301.664
301.664
301.664
301.664
301.663
301.663
301.663
301.663
301.663
301.663
301.663
301.664
301.664
301.664
301.664
301.664
301.664
301.664
301.664
301.664
301.664
301.663
301.663
301.663
301.662
301.662
301.661
301.66
301.659
301.658
301.656
301.655
301.653
301.65
301.648
301.645
301.641
301.636
301.63
301.622
301.613
301.601
301.586
301.567
301.543
301.511
301.467
301.409
301.33
301.224
301.078
300.826
300.859
300.891
300.923
300.954
300.984
301.013
301.041
301.067
301.093
301.117
301.141
301.163
301.184
301.204
301.223
301.241
301.259
301.275
301.291
301.306
301.32
301.334
301.347
301.359
301.371
301.382
301.393
301.403
301.413
301.422
301.43
301.439
301.446
301.454
301.461
301.468
301.474
301.48
301.486
301.491
301.496
301.501
301.506
301.51
301.514
301.518
301.521
301.525
301.528
301.531
301.534
301.537
301.539
301.542
301.544
301.546
301.548
301.55
301.552
301.553
301.555
301.556
301.558
301.559
301.56
301.561
301.562
301.563
301.564
301.564
301.565
301.566
301.566
301.567
301.567
301.568
301.568
301.568
301.569
301.569
301.569
301.569
301.569
301.57
301.57
301.57
301.57
301.57
301.57
301.57
301.569
301.569
301.569
301.569
301.569
301.569
301.569
301.568
301.568
301.568
301.568
301.567
301.567
301.567
301.567
301.567
301.566
301.566
301.566
301.566
301.566
301.565
301.565
301.565
301.565
301.565
301.565
301.565
301.565
301.565
301.565
301.565
301.565
301.566
301.566
301.566
301.566
301.566
301.566
301.565
301.565
301.565
301.565
301.564
301.564
301.563
301.562
301.561
301.56
301.559
301.557
301.555
301.553
301.551
301.547
301.544
301.539
301.533
301.526
301.517
301.505
301.491
301.472
301.448
301.417
301.374
301.317
301.241
301.14
301.005
300.764
300.793
300.822
300.85
300.878
300.905
300.932
300.958
300.982
301.006
301.029
301.051
301.072
301.093
301.112
301.131
301.148
301.165
301.181
301.196
301.211
301.225
301.238
301.251
301.263
301.275
301.286
301.296
301.306
301.316
301.325
301.333
301.341
301.349
301.356
301.363
301.37
301.376
301.382
301.387
301.393
301.398
301.402
301.407
301.411
301.415
301.419
301.422
301.426
301.429
301.432
301.435
301.437
301.44
301.442
301.444
301.446
301.448
301.45
301.452
301.453
301.455
301.456
301.457
301.458
301.459
301.46
301.461
301.462
301.463
301.464
301.464
301.465
301.466
301.466
301.467
301.467
301.467
301.468
301.468
301.468
301.468
301.468
301.469
301.469
301.469
301.469
301.469
301.469
301.469
301.469
301.468
301.468
301.468
301.468
301.468
301.468
301.468
301.467
301.467
301.467
301.467
301.467
301.466
301.466
301.466
301.466
301.466
301.465
301.465
301.465
301.465
301.465
301.465
301.465
301.465
301.464
301.464
301.464
301.465
301.465
301.465
301.465
301.465
301.465
301.465
301.465
301.465
301.465
301.465
301.465
301.464
301.464
301.464
301.463
301.463
301.462
301.462
301.461
301.46
301.458
301.457
301.455
301.453
301.451
301.448
301.444
301.44
301.434
301.427
301.419
301.407
301.393
301.375
301.352
301.321
301.279
301.224
301.152
301.057
300.933
300.702
300.728
300.753
300.779
300.804
300.828
300.853
300.876
300.899
300.921
300.942
300.963
300.983
301.002
301.02
301.038
301.055
301.071
301.087
301.101
301.116
301.129
301.142
301.154
301.166
301.177
301.188
301.198
301.208
301.217
301.226
301.234
301.242
301.25
301.257
301.264
301.27
301.276
301.282
301.287
301.293
301.297
301.302
301.306
301.31
301.314
301.318
301.321
301.325
301.328
301.331
301.333
301.336
301.338
301.34
301.342
301.344
301.346
301.348
301.349
301.351
301.352
301.354
301.355
301.356
301.357
301.358
301.359
301.36
301.36
301.361
301.362
301.362
301.363
301.363
301.364
301.364
301.364
301.365
301.365
301.365
301.365
301.365
301.366
301.366
301.366
301.366
301.366
301.366
301.366
301.366
301.365
301.365
301.365
301.365
301.365
301.365
301.365
301.365
301.364
301.364
301.364
301.364
301.364
301.363
301.363
301.363
301.363
301.363
301.362
301.362
301.362
301.362
301.362
301.362
301.362
301.362
301.362
301.362
301.362
301.362
301.362
301.362
301.362
301.362
301.362
301.362
301.362
301.362
301.362
301.362
301.362
301.361
301.361
301.361
301.36
301.36
301.359
301.358
301.357
301.356
301.355
301.353
301.351
301.349
301.346
301.343
301.339
301.333
301.327
301.318
301.308
301.294
301.276
301.253
301.223
301.183
301.131
301.063
300.974
300.862
300.641
300.664
300.686
300.709
300.731
300.753
300.775
300.796
300.817
300.837
300.857
300.876
300.895
300.912
300.93
300.946
300.962
300.978
300.992
301.006
301.02
301.033
301.045
301.057
301.069
301.079
301.09
301.1
301.109
301.118
301.126
301.134
301.142
301.149
301.156
301.163
301.169
301.175
301.181
301.186
301.191
301.196
301.2
301.204
301.208
301.212
301.216
301.219
301.222
301.225
301.228
301.23
301.233
301.235
301.237
301.239
301.241
301.243
301.244
301.246
301.247
301.248
301.25
301.251
301.252
301.253
301.254
301.255
301.255
301.256
301.257
301.257
301.258
301.258
301.259
301.259
301.26
301.26
301.26
301.26
301.261
301.261
301.261
301.261
301.261
301.261
301.261
301.261
301.261
301.261
301.261
301.261
301.261
301.261
301.261
301.26
301.26
301.26
301.26
301.26
301.26
301.259
301.259
301.259
301.259
301.259
301.259
301.258
301.258
301.258
301.258
301.258
301.258
301.258
301.258
301.257
301.257
301.257
301.257
301.257
301.257
301.257
301.258
301.258
301.258
301.258
301.258
301.258
301.258
301.258
301.257
301.257
301.257
301.257
301.257
301.256
301.256
301.255
301.254
301.253
301.252
301.251
301.25
301.248
301.246
301.243
301.24
301.236
301.231
301.224
301.216
301.206
301.193
301.176
301.154
301.125
301.087
301.038
300.974
300.892
300.791
300.581
300.601
300.621
300.641
300.661
300.68
300.7
300.719
300.737
300.756
300.774
300.791
300.808
300.824
300.84
300.856
300.871
300.885
300.899
300.912
300.925
300.937
300.949
300.96
300.971
300.982
300.991
301.001
301.01
301.018
301.027
301.034
301.042
301.049
301.055
301.062
301.068
301.073
301.079
301.084
301.089
301.093
301.098
301.102
301.105
301.109
301.112
301.116
301.119
301.121
301.124
301.126
301.129
301.131
301.133
301.135
301.137
301.138
301.14
301.141
301.143
301.144
301.145
301.146
301.147
301.148
301.149
301.149
301.15
301.151
301.151
301.152
301.153
301.153
301.153
301.154
301.154
301.154
301.155
301.155
301.155
301.155
301.155
301.155
301.155
301.155
301.156
301.156
301.156
301.155
301.155
301.155
301.155
301.155
301.155
301.155
301.155
301.155
301.155
301.154
301.154
301.154
301.154
301.154
301.154
301.153
301.153
301.153
301.153
301.153
301.153
301.153
301.152
301.152
301.152
301.152
301.152
301.152
301.152
301.152
301.152
301.152
301.152
301.152
301.152
301.152
301.152
301.152
301.152
301.152
301.152
301.152
301.152
301.152
301.151
301.151
301.15
301.15
301.149
301.148
301.147
301.146
301.145
301.143
301.141
301.139
301.136
301.132
301.127
301.121
301.114
301.104
301.091
301.075
301.054
301.027
300.991
300.945
300.886
300.811
300.721
300.522
300.539
300.557
300.574
300.592
300.609
300.626
300.643
300.66
300.676
300.692
300.708
300.724
300.739
300.753
300.767
300.781
300.794
300.807
300.82
300.832
300.843
300.854
300.865
300.875
300.885
300.894
300.903
300.911
300.92
300.927
300.935
300.942
300.948
300.955
300.961
300.967
300.972
300.977
300.982
300.987
300.991
300.995
300.999
301.002
301.006
301.009
301.012
301.015
301.018
301.02
301.022
301.025
301.027
301.029
301.03
301.032
301.034
301.035
301.036
301.038
301.039
301.04
301.041
301.042
301.043
301.043
301.044
301.045
301.045
301.046
301.047
301.047
301.047
301.048
301.048
301.048
301.049
301.049
301.049
301.049
301.049
301.05
301.05
301.05
301.05
301.05
301.05
301.05
301.05
301.05
301.05
301.05
301.049
301.049
301.049
301.049
301.049
301.049
301.049
301.049
301.048
301.048
301.048
301.048
301.048
301.048
301.048
301.047
301.047
301.047
301.047
301.047
301.047
301.047
301.047
301.047
301.047
301.047
301.047
301.047
301.047
301.047
301.047
301.047
301.047
301.047
301.047
301.047
301.047
301.047
301.047
301.046
301.046
301.046
301.046
301.045
301.045
301.044
301.043
301.042
301.041
301.04
301.039
301.037
301.035
301.032
301.028
301.024
301.018
301.011
301.002
300.99
300.974
300.954
300.929
300.895
300.853
300.799
300.732
300.653
300.465
300.48
300.495
300.51
300.525
300.541
300.556
300.571
300.585
300.6
300.614
300.628
300.642
300.656
300.669
300.682
300.694
300.706
300.718
300.729
300.74
300.751
300.761
300.771
300.78
300.789
300.798
300.806
300.814
300.822
300.829
300.836
300.843
300.849
300.855
300.861
300.866
300.871
300.876
300.881
300.885
300.889
300.893
300.897
300.9
300.904
300.907
300.909
300.912
300.915
300.917
300.919
300.921
300.923
300.925
300.927
300.928
300.93
300.931
300.932
300.933
300.935
300.936
300.936
300.937
300.938
300.939
300.939
300.94
300.941
300.941
300.942
300.942
300.942
300.943
300.943
300.943
300.944
300.944
300.944
300.944
300.944
300.944
300.944
300.945
300.945
300.945
300.945
300.945
300.945
300.945
300.944
300.944
300.944
300.944
300.944
300.944
300.944
300.944
300.944
300.944
300.943
300.943
300.943
300.943
300.943
300.943
300.943
300.942
300.942
300.942
300.942
300.942
300.942
300.942
300.942
300.942
300.942
300.942
300.942
300.942
300.942
300.942
300.942
300.942
300.942
300.942
300.942
300.942
300.942
300.942
300.942
300.942
300.941
300.941
300.941
300.94
300.94
300.939
300.939
300.938
300.937
300.936
300.935
300.933
300.931
300.928
300.925
300.921
300.916
300.909
300.9
300.889
300.875
300.856
300.832
300.801
300.762
300.714
300.655
300.585
300.409
300.422
300.435
300.449
300.462
300.475
300.488
300.501
300.514
300.526
300.539
300.551
300.564
300.576
300.587
300.599
300.61
300.621
300.631
300.642
300.652
300.661
300.671
300.68
300.688
300.697
300.705
300.712
300.72
300.727
300.734
300.74
300.746
300.752
300.758
300.763
300.768
300.773
300.777
300.782
300.786
300.79
300.793
300.797
300.8
300.803
300.806
300.808
300.811
300.813
300.815
300.817
300.819
300.821
300.823
300.824
300.826
300.827
300.828
300.83
300.831
300.832
300.833
300.833
300.834
300.835
300.836
300.836
300.837
300.837
300.838
300.838
300.839
300.839
300.839
300.84
300.84
300.84
300.84
300.84
300.841
300.841
300.841
300.841
300.841
300.841
300.841
300.841
300.841
300.841
300.841
300.841
300.841
300.841
300.841
300.841
300.84
300.84
300.84
300.84
300.84
300.84
300.84
300.84
300.839
300.839
300.839
300.839
300.839
300.839
300.839
300.839
300.839
300.839
300.839
300.838
300.838
300.838
300.838
300.838
300.838
300.838
300.838
300.838
300.838
300.838
300.838
300.838
300.838
300.838
300.838
300.838
300.838
300.838
300.838
300.837
300.837
300.837
300.836
300.836
300.835
300.834
300.833
300.832
300.83
300.829
300.826
300.823
300.819
300.814
300.808
300.8
300.79
300.777
300.759
300.737
300.71
300.675
300.631
300.58
300.519
300.356
300.367
300.379
300.39
300.401
300.412
300.423
300.435
300.446
300.457
300.468
300.478
300.489
300.5
300.51
300.52
300.53
300.539
300.549
300.558
300.567
300.576
300.584
300.592
300.6
300.607
300.615
300.622
300.628
300.635
300.641
300.647
300.653
300.658
300.663
300.668
300.673
300.677
300.681
300.685
300.689
300.692
300.696
300.699
300.702
300.705
300.707
300.71
300.712
300.714
300.716
300.718
300.72
300.722
300.723
300.725
300.726
300.727
300.728
300.729
300.73
300.731
300.732
300.733
300.734
300.734
300.735
300.736
300.736
300.737
300.737
300.737
300.738
300.738
300.738
300.739
300.739
300.739
300.739
300.739
300.739
300.74
300.74
300.74
300.74
300.74
300.74
300.74
300.74
300.74
300.74
300.74
300.74
300.74
300.739
300.739
300.739
300.739
300.739
300.739
300.739
300.739
300.739
300.739
300.738
300.738
300.738
300.738
300.738
300.738
300.738
300.738
300.738
300.738
300.738
300.738
300.738
300.738
300.738
300.738
300.738
300.738
300.738
300.738
300.738
300.738
300.738
300.738
300.738
300.738
300.737
300.737
300.737
300.737
300.737
300.737
300.736
300.736
300.736
300.735
300.735
300.734
300.733
300.732
300.73
300.729
300.727
300.724
300.72
300.716
300.71
300.703
300.693
300.681
300.666
300.646
300.621
300.59
300.552
300.507
300.456
300.306
300.315
300.325
300.334
300.344
300.353
300.363
300.372
300.382
300.391
300.4
300.41
300.419
300.428
300.437
300.445
300.454
300.462
300.471
300.479
300.487
300.494
300.502
300.509
300.516
300.522
300.529
300.535
300.541
300.547
300.552
300.558
300.563
300.568
300.572
300.577
300.581
300.585
300.589
300.592
300.596
300.599
300.602
300.605
300.608
300.61
300.613
300.615
300.617
300.619
300.621
300.623
300.624
300.626
300.627
300.629
300.63
300.631
300.632
300.633
300.634
300.635
300.635
300.636
300.637
300.637
300.638
300.638
300.639
300.639
300.64
300.64
300.64
300.641
300.641
300.641
300.641
300.641
300.642
300.642
300.642
300.642
300.642
300.642
300.642
300.642
300.642
300.642
300.642
300.642
300.642
300.642
300.642
300.642
300.642
300.642
300.642
300.642
300.642
300.642
300.641
300.641
300.641
300.641
300.641
300.641
300.641
300.641
300.641
300.641
300.641
300.64
300.64
300.64
300.64
300.64
300.64
300.64
300.64
300.64
300.64
300.64
300.64
300.64
300.64
300.64
300.64
300.64
300.64
300.64
300.64
300.64
300.64
300.64
300.64
300.639
300.639
300.639
300.639
300.638
300.638
300.637
300.636
300.635
300.634
300.632
300.631
300.628
300.625
300.621
300.616
300.609
300.601
300.59
300.576
300.558
300.536
300.509
300.477
300.438
300.395
300.259
300.267
300.275
300.283
300.29
300.298
300.306
300.314
300.322
300.33
300.338
300.346
300.353
300.361
300.369
300.376
300.383
300.391
300.398
300.405
300.411
300.418
300.424
300.431
300.437
300.442
300.448
300.454
300.459
300.464
300.469
300.474
300.478
300.483
300.487
300.491
300.494
300.498
300.501
300.505
300.508
300.511
300.513
300.516
300.518
300.521
300.523
300.525
300.527
300.529
300.53
300.532
300.533
300.535
300.536
300.537
300.538
300.539
300.54
300.541
300.542
300.542
300.543
300.544
300.544
300.545
300.545
300.546
300.546
300.547
300.547
300.547
300.548
300.548
300.548
300.548
300.548
300.549
300.549
300.549
300.549
300.549
300.549
300.549
300.549
300.549
300.549
300.549
300.549
300.549
300.549
300.549
300.549
300.549
300.549
300.549
300.549
300.549
300.549
300.549
300.549
300.548
300.548
300.548
300.548
300.548
300.548
300.548
300.548
300.548
300.548
300.548
300.548
300.548
300.548
300.548
300.548
300.547
300.547
300.547
300.547
300.547
300.547
300.547
300.547
300.547
300.547
300.547
300.547
300.547
300.547
300.547
300.547
300.547
300.547
300.547
300.547
300.546
300.546
300.546
300.545
300.545
300.544
300.543
300.542
300.541
300.539
300.537
300.534
300.53
300.526
300.52
300.512
300.503
300.491
300.475
300.456
300.433
300.406
300.373
300.337
300.216
300.222
300.228
300.235
300.241
300.248
300.254
300.261
300.267
300.274
300.28
300.287
300.293
300.3
300.306
300.312
300.318
300.324
300.33
300.336
300.342
300.348
300.353
300.358
300.364
300.369
300.373
300.378
300.383
300.387
300.391
300.395
300.399
300.403
300.407
300.41
300.414
300.417
300.42
300.423
300.425
300.428
300.43
300.432
300.435
300.437
300.439
300.44
300.442
300.444
300.445
300.447
300.448
300.449
300.45
300.451
300.452
300.453
300.454
300.455
300.455
300.456
300.457
300.457
300.458
300.458
300.459
300.459
300.459
300.46
300.46
300.46
300.46
300.461
300.461
300.461
300.461
300.461
300.461
300.462
300.462
300.462
300.462
300.462
300.462
300.462
300.462
300.462
300.462
300.462
300.462
300.462
300.462
300.462
300.462
300.462
300.462
300.462
300.461
300.461
300.461
300.461
300.461
300.461
300.461
300.461
300.461
300.461
300.461
300.461
300.461
300.461
300.461
300.461
300.461
300.46
300.46
300.46
300.46
300.46
300.46
300.46
300.46
300.46
300.46
300.46
300.46
300.46
300.46
300.46
300.46
300.46
300.46
300.46
300.46
300.46
300.46
300.459
300.459
300.459
300.459
300.458
300.457
300.457
300.456
300.455
300.453
300.451
300.449
300.446
300.442
300.437
300.43
300.422
300.411
300.398
300.382
300.362
300.339
300.313
300.283
300.176
300.181
300.186
300.192
300.197
300.202
300.207
300.213
300.218
300.223
300.228
300.234
300.239
300.244
300.249
300.254
300.26
300.264
300.269
300.274
300.279
300.284
300.288
300.293
300.297
300.301
300.305
300.309
300.313
300.317
300.32
300.324
300.327
300.331
300.334
300.337
300.339
300.342
300.345
300.347
300.349
300.352
300.354
300.356
300.358
300.359
300.361
300.363
300.364
300.365
300.367
300.368
300.369
300.37
300.371
300.372
300.373
300.374
300.374
300.375
300.376
300.376
300.377
300.377
300.378
300.378
300.378
300.379
300.379
300.379
300.38
300.38
300.38
300.38
300.38
300.381
300.381
300.381
300.381
300.381
300.381
300.381
300.381
300.381
300.381
300.381
300.381
300.381
300.381
300.381
300.381
300.381
300.381
300.381
300.381
300.381
300.381
300.381
300.381
300.381
300.381
300.381
300.381
300.381
300.381
300.381
300.38
300.38
300.38
300.38
300.38
300.38
300.38
300.38
300.38
300.38
300.38
300.38
300.38
300.38
300.38
300.38
300.38
300.38
300.38
300.38
300.38
300.38
300.38
300.38
300.38
300.38
300.38
300.38
300.38
300.38
300.379
300.379
300.379
300.379
300.378
300.378
300.378
300.377
300.376
300.375
300.374
300.372
300.37
300.367
300.364
300.36
300.354
300.347
300.338
300.327
300.314
300.298
300.279
300.257
300.233
300.141
300.145
300.149
300.153
300.157
300.161
300.166
300.17
300.174
300.178
300.182
300.187
300.191
300.195
300.199
300.203
300.207
300.211
300.215
300.219
300.223
300.227
300.23
300.234
300.238
300.241
300.244
300.248
300.251
300.254
300.257
300.26
300.263
300.265
300.268
300.27
300.273
300.275
300.277
300.279
300.281
300.283
300.285
300.286
300.288
300.29
300.291
300.292
300.294
300.295
300.296
300.297
300.298
300.299
300.3
300.3
300.301
300.302
300.302
300.303
300.303
300.304
300.304
300.305
300.305
300.305
300.306
300.306
300.306
300.307
300.307
300.307
300.307
300.307
300.307
300.308
300.308
300.308
300.308
300.308
300.308
300.308
300.308
300.308
300.308
300.308
300.308
300.308
300.308
300.308
300.308
300.308
300.308
300.308
300.308
300.308
300.308
300.308
300.308
300.308
300.308
300.308
300.308
300.308
300.308
300.308
300.308
300.307
300.307
300.307
300.307
300.307
300.307
300.307
300.307
300.307
300.307
300.307
300.307
300.307
300.307
300.307
300.307
300.307
300.307
300.307
300.307
300.307
300.307
300.307
300.307
300.307
300.307
300.307
300.307
300.307
300.307
300.306
300.306
300.306
300.306
300.306
300.305
300.305
300.304
300.303
300.302
300.301
300.299
300.297
300.294
300.29
300.285
300.28
300.272
300.263
300.253
300.24
300.225
300.207
300.188
300.11
300.113
300.116
300.12
300.123
300.126
300.129
300.132
300.136
300.139
300.142
300.145
300.149
300.152
300.155
300.158
300.162
300.165
300.168
300.171
300.174
300.177
300.18
300.183
300.186
300.188
300.191
300.194
300.196
300.199
300.201
300.203
300.206
300.208
300.21
300.212
300.214
300.216
300.218
300.219
300.221
300.222
300.224
300.225
300.227
300.228
300.229
300.23
300.231
300.232
300.233
300.234
300.235
300.235
300.236
300.237
300.237
300.238
300.238
300.239
300.239
300.24
300.24
300.24
300.241
300.241
300.241
300.242
300.242
300.242
300.242
300.242
300.242
300.243
300.243
300.243
300.243
300.243
300.243
300.243
300.243
300.243
300.243
300.243
300.243
300.243
300.243
300.243
300.243
300.243
300.243
300.243
300.243
300.243
300.243
300.243
300.243
300.243
300.243
300.243
300.243
300.243
300.243
300.243
300.243
300.243
300.243
300.243
300.243
300.243
300.243
300.243
300.243
300.243
300.243
300.243
300.243
300.243
300.242
300.242
300.242
300.242
300.242
300.242
300.242
300.242
300.242
300.242
300.242
300.242
300.242
300.242
300.242
300.242
300.242
300.242
300.242
300.242
300.242
300.242
300.241
300.241
300.241
300.24
300.24
300.239
300.238
300.237
300.236
300.234
300.232
300.229
300.225
300.22
300.214
300.207
300.198
300.188
300.177
300.163
300.149
300.084
300.086
300.089
300.091
300.093
300.096
300.098
300.101
300.103
300.105
300.108
300.11
300.113
300.115
300.118
300.12
300.123
300.125
300.127
300.13
300.132
300.134
300.137
300.139
300.141
300.143
300.145
300.147
300.149
300.151
300.153
300.155
300.157
300.159
300.16
300.162
300.163
300.165
300.166
300.168
300.169
300.17
300.171
300.172
300.173
300.174
300.175
300.176
300.177
300.178
300.179
300.179
300.18
300.181
300.181
300.182
300.182
300.183
300.183
300.183
300.184
300.184
300.184
300.185
300.185
300.185
300.185
300.186
300.186
300.186
300.186
300.186
300.186
300.186
300.187
300.187
300.187
300.187
300.187
300.187
300.187
300.187
300.187
300.187
300.187
300.187
300.187
300.187
300.187
300.187
300.187
300.187
300.187
300.187
300.187
300.187
300.187
300.187
300.187
300.187
300.187
300.187
300.187
300.187
300.187
300.187
300.187
300.187
300.187
300.187
300.187
300.187
300.187
300.187
300.187
300.186
300.186
300.186
300.186
300.186
300.186
300.186
300.186
300.186
300.186
300.186
300.186
300.186
300.186
300.186
300.186
300.186
300.186
300.186
300.186
300.186
300.186
300.186
300.186
300.186
300.186
300.185
300.185
300.185
300.184
300.184
300.183
300.182
300.181
300.18
300.178
300.175
300.172
300.169
300.164
300.159
300.152
300.144
300.135
300.125
300.114
300.062
300.064
300.065
300.067
300.069
300.071
300.072
300.074
300.076
300.078
300.08
300.081
300.083
300.085
300.087
300.089
300.09
300.092
300.094
300.096
300.097
300.099
300.101
300.103
300.104
300.106
300.107
300.109
300.11
300.112
300.113
300.115
300.116
300.117
300.119
300.12
300.121
300.122
300.123
300.124
300.125
300.126
300.127
300.128
300.129
300.13
300.13
300.131
300.132
300.132
300.133
300.134
300.134
300.135
300.135
300.135
300.136
300.136
300.136
300.137
300.137
300.137
300.138
300.138
300.138
300.138
300.138
300.139
300.139
300.139
300.139
300.139
300.139
300.139
300.139
300.139
300.139
300.139
300.139
300.14
300.14
300.14
300.14
300.14
300.14
300.14
300.14
300.14
300.14
300.14
300.14
300.14
300.14
300.14
300.14
300.14
300.14
300.14
300.14
300.14
300.14
300.139
300.139
300.139
300.139
300.139
300.139
300.139
300.139
300.139
300.139
300.139
300.139
300.139
300.139
300.139
300.139
300.139
300.139
300.139
300.139
300.139
300.139
300.139
300.139
300.139
300.139
300.139
300.139
300.139
300.139
300.139
300.139
300.139
300.139
300.139
300.139
300.139
300.139
300.139
300.139
300.138
300.138
300.138
300.138
300.137
300.137
300.136
300.135
300.134
300.132
300.131
300.128
300.126
300.122
300.118
300.113
300.107
300.101
300.093
300.085
300.044
300.045
300.047
300.048
300.049
300.05
300.052
300.053
300.054
300.055
300.057
300.058
300.059
300.061
300.062
300.063
300.064
300.066
300.067
300.068
300.07
300.071
300.072
300.073
300.074
300.076
300.077
300.078
300.079
300.08
300.081
300.082
300.083
300.084
300.085
300.086
300.087
300.088
300.088
300.089
300.09
300.091
300.091
300.092
300.093
300.093
300.094
300.094
300.095
300.095
300.096
300.096
300.097
300.097
300.097
300.098
300.098
300.098
300.098
300.099
300.099
300.099
300.099
300.099
300.1
300.1
300.1
300.1
300.1
300.1
300.1
300.1
300.1
300.101
300.101
300.101
300.101
300.101
300.101
300.101
300.101
300.101
300.101
300.101
300.101
300.101
300.101
300.101
300.101
300.101
300.101
300.101
300.101
300.101
300.101
300.101
300.101
300.101
300.101
300.101
300.101
300.101
300.101
300.101
300.101
300.101
300.101
300.101
300.101
300.101
300.101
300.101
300.101
300.101
300.101
300.101
300.101
300.101
300.101
300.101
300.1
300.1
300.1
300.1
300.1
300.1
300.1
300.1
300.1
300.1
300.1
300.1
300.1
300.1
300.1
300.1
300.1
300.1
300.1
300.1
300.1
300.1
300.1
300.1
300.099
300.099
300.099
300.098
300.097
300.097
300.095
300.094
300.092
300.09
300.088
300.085
300.081
300.077
300.072
300.067
300.061
300.03
300.031
300.032
300.033
300.034
300.035
300.035
300.036
300.037
300.038
300.039
300.04
300.041
300.042
300.042
300.043
300.044
300.045
300.046
300.047
300.048
300.049
300.049
300.05
300.051
300.052
300.053
300.054
300.054
300.055
300.056
300.057
300.057
300.058
300.059
300.059
300.06
300.061
300.061
300.062
300.062
300.063
300.063
300.064
300.064
300.065
300.065
300.065
300.066
300.066
300.066
300.067
300.067
300.067
300.067
300.068
300.068
300.068
300.068
300.069
300.069
300.069
300.069
300.069
300.069
300.069
300.069
300.07
300.07
300.07
300.07
300.07
300.07
300.07
300.07
300.07
300.07
300.07
300.07
300.07
300.07
300.07
300.07
300.07
300.07
300.07
300.07
300.07
300.07
300.07
300.07
300.07
300.07
300.07
300.07
300.07
300.07
300.07
300.07
300.07
300.07
300.07
300.07
300.07
300.07
300.07
300.07
300.07
300.07
300.07
300.07
300.07
300.07
300.07
300.07
300.07
300.07
300.07
300.07
300.07
300.07
300.07
300.07
300.07
300.07
300.07
300.07
300.07
300.07
300.07
300.07
300.07
300.07
300.07
300.07
300.07
300.07
300.07
300.07
300.07
300.07
300.069
300.069
300.069
300.069
300.069
300.068
300.068
300.068
300.067
300.066
300.065
300.064
300.063
300.061
300.059
300.056
300.053
300.05
300.047
300.043
300.02
300.021
300.021
300.022
300.022
300.023
300.023
300.024
300.024
300.025
300.026
300.026
300.027
300.027
300.028
300.029
300.029
300.03
300.03
300.031
300.031
300.032
300.033
300.033
300.034
300.034
300.035
300.035
300.036
300.036
300.037
300.037
300.038
300.038
300.039
300.039
300.04
300.04
300.04
300.041
300.041
300.042
300.042
300.042
300.043
300.043
300.043
300.043
300.044
300.044
300.044
300.044
300.045
300.045
300.045
300.045
300.045
300.045
300.046
300.046
300.046
300.046
300.046
300.046
300.046
300.046
300.046
300.046
300.046
300.046
300.046
300.047
300.047
300.047
300.047
300.047
300.047
300.047
300.047
300.047
300.047
300.047
300.047
300.047
300.047
300.047
300.047
300.047
300.047
300.047
300.047
300.047
300.047
300.047
300.047
300.047
300.047
300.047
300.047
300.047
300.047
300.047
300.047
300.047
300.047
300.047
300.047
300.047
300.047
300.047
300.047
300.047
300.047
300.047
300.047
300.047
300.047
300.047
300.047
300.047
300.047
300.047
300.047
300.047
300.047
300.047
300.047
300.047
300.047
300.047
300.047
300.047
300.047
300.047
300.047
300.047
300.047
300.046
300.046
300.046
300.046
300.046
300.046
300.046
300.046
300.046
300.046
300.045
300.045
300.045
300.044
300.043
300.043
300.042
300.04
300.039
300.037
300.035
300.033
300.031
300.028
300.013
300.013
300.013
300.014
300.014
300.014
300.015
300.015
300.015
300.016
300.016
300.016
300.017
300.017
300.017
300.018
300.018
300.019
300.019
300.019
300.02
300.02
300.02
300.021
300.021
300.022
300.022
300.022
300.023
300.023
300.023
300.024
300.024
300.024
300.024
300.025
300.025
300.025
300.026
300.026
300.026
300.026
300.026
300.027
300.027
300.027
300.027
300.027
300.028
300.028
300.028
300.028
300.028
300.028
300.028
300.029
300.029
300.029
300.029
300.029
300.029
300.029
300.029
300.029
300.029
300.029
300.029
300.029
300.029
300.03
300.03
300.03
300.03
300.03
300.03
300.03
300.03
300.03
300.03
300.03
300.03
300.03
300.03
300.03
300.03
300.03
300.03
300.03
300.03
300.03
300.03
300.03
300.03
300.03
300.03
300.03
300.03
300.03
300.03
300.03
300.03
300.03
300.03
300.03
300.03
300.03
300.03
300.03
300.03
300.03
300.03
300.03
300.03
300.03
300.03
300.03
300.03
300.03
300.03
300.03
300.03
300.03
300.03
300.03
300.03
300.03
300.03
300.03
300.03
300.03
300.03
300.03
300.03
300.03
300.03
300.03
300.03
300.03
300.03
300.03
300.029
300.029
300.029
300.029
300.029
300.029
300.029
300.029
300.029
300.028
300.028
300.028
300.027
300.026
300.026
300.025
300.024
300.022
300.021
300.02
300.018
300.007
300.008
300.008
300.008
300.008
300.008
300.009
300.009
300.009
300.009
300.009
300.01
300.01
300.01
300.01
300.011
300.011
300.011
300.011
300.011
300.012
300.012
300.012
300.012
300.013
300.013
300.013
300.013
300.013
300.014
300.014
300.014
300.014
300.014
300.015
300.015
300.015
300.015
300.015
300.015
300.016
300.016
300.016
300.016
300.016
300.016
300.016
300.016
300.017
300.017
300.017
300.017
300.017
300.017
300.017
300.017
300.017
300.017
300.017
300.017
300.017
300.017
300.018
300.018
300.018
300.018
300.018
300.018
300.018
300.018
300.018
300.018
300.018
300.018
300.018
300.018
300.018
300.018
300.018
300.018
300.018
300.018
300.018
300.018
300.018
300.018
300.018
300.018
300.018
300.018
300.018
300.018
300.018
300.018
300.018
300.018
300.018
300.018
300.018
300.018
300.018
300.018
300.018
300.018
300.018
300.018
300.018
300.018
300.018
300.018
300.018
300.018
300.018
300.018
300.018
300.018
300.018
300.018
300.018
300.018
300.018
300.018
300.018
300.018
300.018
300.018
300.018
300.018
300.018
300.018
300.018
300.018
300.018
300.018
300.018
300.018
300.018
300.018
300.018
300.018
300.018
300.018
300.018
300.018
300.018
300.018
300.017
300.017
300.017
300.017
300.017
300.017
300.016
300.016
300.015
300.015
300.014
300.013
300.013
300.012
300.011
300.004
300.004
300.004
300.004
300.004
300.005
300.005
300.005
300.005
300.005
300.005
300.005
300.005
300.006
300.006
300.006
300.006
300.006
300.006
300.006
300.006
300.007
300.007
300.007
300.007
300.007
300.007
300.007
300.007
300.008
300.008
300.008
300.008
300.008
300.008
300.008
300.008
300.008
300.008
300.009
300.009
300.009
300.009
300.009
300.009
300.009
300.009
300.009
300.009
300.009
300.009
300.009
300.009
300.01
300.01
300.01
300.01
300.01
300.01
300.01
300.01
300.01
300.01
300.01
300.01
300.01
300.01
300.01
300.01
300.01
300.01
300.01
300.01
300.01
300.01
300.01
300.01
300.01
300.01
300.01
300.01
300.01
300.01
300.01
300.01
300.01
300.01
300.01
300.01
300.01
300.01
300.01
300.01
300.01
300.01
300.01
300.01
300.01
300.01
300.01
300.01
300.01
300.01
300.01
300.01
300.01
300.01
300.01
300.01
300.01
300.01
300.01
300.01
300.01
300.01
300.01
300.01
300.01
300.01
300.01
300.01
300.01
300.01
300.01
300.01
300.01
300.01
300.01
300.01
300.01
300.01
300.01
300.01
300.01
300.01
300.01
300.01
300.01
300.01
300.01
300.01
300.01
300.01
300.01
300.01
300.01
300.01
300.01
300.01
300.01
300.009
300.009
300.009
300.009
300.009
300.008
300.008
300.007
300.007
300.007
300.006
300.002
300.002
300.002
300.002
300.002
300.002
300.002
300.002
300.002
300.002
300.002
300.003
300.003
300.003
300.003
300.003
300.003
300.003
300.003
300.003
300.003
300.003
300.003
300.003
300.003
300.004
300.004
300.004
300.004
300.004
300.004
300.004
300.004
300.004
300.004
300.004
300.004
300.004
300.004
300.004
300.004
300.004
300.004
300.005
300.005
300.005
300.005
300.005
300.005
300.005
300.005
300.005
300.005
300.005
300.005
300.005
300.005
300.005
300.005
300.005
300.005
300.005
300.005
300.005
300.005
300.005
300.005
300.005
300.005
300.005
300.005
300.005
300.005
300.005
300.005
300.005
300.005
300.005
300.005
300.005
300.005
300.005
300.005
300.005
300.005
300.005
300.005
300.005
300.005
300.005
300.005
300.005
300.005
300.005
300.005
300.005
300.005
300.005
300.005
300.005
300.005
300.005
300.005
300.005
300.005
300.005
300.005
300.005
300.005
300.005
300.005
300.005
300.005
300.005
300.005
300.005
300.005
300.005
300.005
300.005
300.005
300.005
300.005
300.005
300.005
300.005
300.005
300.005
300.005
300.005
300.005
300.005
300.005
300.005
300.005
300.005
300.005
300.005
300.005
300.005
300.005
300.005
300.005
300.005
300.005
300.005
300.005
300.005
300.005
300.005
300.005
300.005
300.005
300.005
300.004
300.004
300.004
300.004
300.004
300.003
300.003
300.001
300.001
300.001
300.001
300.001
300.001
300.001
300.001
300.001
300.001
300.001
300.001
300.001
300.001
300.001
300.001
300.001
300.001
300.001
300.001
300.001
300.001
300.001
300.001
300.001
300.001
300.001
300.002
300.002
300.002
300.002
300.002
300.002
300.002
300.002
300.002
300.002
300.002
300.002
300.002
300.002
300.002
300.002
300.002
300.002
300.002
300.002
300.002
300.002
300.002
300.002
300.002
300.002
300.002
300.002
300.002
300.002
300.002
300.002
300.002
300.002
300.002
300.002
300.002
300.002
300.002
300.002
300.002
300.002
300.002
300.002
300.002
300.002
300.002
300.002
300.002
300.002
300.002
300.002
300.002
300.002
300.002
300.002
300.002
300.002
300.002
300.002
300.002
300.002
300.002
300.002
300.002
300.002
300.002
300.002
300.002
300.002
300.002
300.002
300.002
300.002
300.002
300.002
300.002
300.002
300.002
300.002
300.002
300.002
300.002
300.002
300.002
300.002
300.002
300.002
300.002
300.002
300.002
300.002
300.002
300.002
300.002
300.002
300.002
300.002
300.002
300.002
300.002
300.002
300.002
300.002
300.002
300.002
300.002
300.002
300.002
300.002
300.002
300.002
300.002
300.002
300.002
300.002
300.002
300.002
300.002
300.002
300.002
300.002
300.002
300.002
300.002
300.002
300.002
300.002
300.002
300.002
300.002
300.001
300.001
300.001
300
300
300
300
300
300
300
300
300
300
300
300
300
300
300
300
300
300
300
300
300
300
300
300
300
300
300
300
300
300
300
300
300
300
300
300
300.001
300.001
300.001
300.001
300.001
300.001
300.001
300.001
300.001
300.001
300.001
300.001
300.001
300.001
300.001
300.001
300.001
300.001
300.001
300.001
300.001
300.001
300.001
300.001
300.001
300.001
300.001
300.001
300.001
300.001
300.001
300.001
300.001
300.001
300.001
300.001
300.001
300.001
300.001
300.001
300.001
300.001
300.001
300.001
300.001
300.001
300.001
300.001
300.001
300.001
300.001
300.001
300.001
300.001
300.001
300.001
300.001
300.001
300.001
300.001
300.001
300.001
300.001
300.001
300.001
300.001
300.001
300.001
300.001
300.001
300.001
300.001
300.001
300.001
300.001
300.001
300.001
300.001
300.001
300.001
300.001
300.001
300.001
300.001
300.001
300.001
300.001
300.001
300.001
300.001
300.001
300.001
300.001
300.001
300.001
300.001
300.001
300.001
300.001
300.001
300.001
300.001
300.001
300.001
300.001
300.001
300.001
300.001
300.001
300.001
300.001
300.001
300.001
300.001
300.001
300.001
300.001
300.001
300.001
300.001
300
300
300
300
300
300
300
300
300
300
300
300
300
300
300
300
300
300
300
300
300
300
300
300
300
300
300
300
300
300
300
300
300
300
300
300
300
300
300
300
300
300
300
300
300
300
300
300
300
300
300
300
300
300
300
300
300
300
300
300
300
300
300
300
300
300
300
300
300
300
300
300
300
300
300
300
300
300
300
300
300
300
300
300
300
300
300
300
300
300
300
300
300
300
300
300
300
300
300
300
300
300
300
300
300
300
300
300
300
300
300
300
300
300
300
300
300
300
300
300
300
300
300
300
300
300
300
300
300
300
300
300
300
300
300
300
300
300
300
300
300
300
300
300
300
300
300
300
300
300
300
300
300
300
300
300
300
300
300
300
300
300
300
300
300
300
299.999
299.999
299.999
299.999
299.999
299.999
299.999
299.999
299.999
299.999
299.999
299.999
299.999
299.999
299.999
299.999
299.999
299.999
299.999
299.999
299.999
299.999
299.999
299.999
299.999
299.999
299.999
299.999
299.999
299.999
299.999
299.999
299.999
299.999
299.999
299.999
299.999
299.999
299.999
300
300
300
300
300
300
300
300
300
300
300
300
300
300
300
300
300
300
300
300
300
300
300
300
300
300
300
300
300
300
300
300
300
300
300
300
300
300
300
300
300
300
300
300
300
300
300
300
300
300
300
300
300
300
300
300
300
300
300
300
300
300
300
300
300
300
300
300
300
300
300
300
300
300
300
300
300
300
300
300
300
300
300
300
300
300
300
300
300
300
300
300
300
300
300
300
300
300
300
300
300
300
300
300
300
300
300
300
300
300
300
300
300
300
300
300
299.999
299.999
299.999
299.999
299.999
299.999
299.999
299.999
299.999
299.999
299.999
299.999
299.999
299.999
299.999
299.999
299.999
299.999
299.999
299.999
299.999
299.999
299.999
299.999
299.999
299.999
299.999
299.999
299.999
299.999
299.999
299.999
299.999
299.999
299.999
299.999
299.999
299.999
299.999
299.999
299.999
299.999
299.999
299.999
299.999
299.999
299.999
299.999
299.999
299.999
299.999
299.999
299.999
299.999
299.999
299.999
299.999
299.999
299.999
299.999
299.999
299.999
299.999
299.999
299.999
299.999
299.999
299.999
299.999
299.999
299.999
299.999
299.999
299.999
299.999
299.999
299.999
299.999
299.999
299.999
299.999
299.999
299.999
299.999
299.999
299.999
299.999
299.999
299.999
299.999
299.999
299.999
299.999
299.999
299.999
299.999
299.999
299.999
299.999
299.999
299.999
299.999
299.999
299.999
299.999
299.999
299.999
299.999
299.999
299.999
299.999
299.999
299.999
299.999
299.999
299.999
299.999
299.999
299.999
299.999
299.999
299.999
299.999
299.999
299.999
299.999
299.999
299.999
299.999
299.999
299.999
299.999
299.999
299.999
299.999
299.999
299.999
299.999
299.999
299.999
299.999
299.999
299.999
299.999
299.999
299.999
299.999
299.999
299.999
299.999
299.999
299.999
299.999
299.999
299.999
299.999
299.999
299.999
299.999
299.999
299.999
299.999
299.999
299.999
299.999
299.999
299.999
299.999
299.999
299.999
299.999
299.999
299.999
299.999
299.999
299.999
299.999
299.999
299.999
299.999
299.999
299.999
299.999
299.999
299.999
299.999
299.999
299.999
299.999
299.999
299.999
299.999
299.999
299.999
299.999
299.999
299.999
299.999
299.999
299.999
299.999
299.999
299.999
299.999
299.999
299.999
299.999
299.999
299.999
299.999
299.999
299.999
299.999
299.999
299.999
299.999
299.999
299.999
299.999
299.999
299.999
299.999
299.999
299.999
299.999
299.999
299.999
299.999
299.999
299.999
299.999
299.999
299.999
299.999
299.999
299.999
299.999
299.999
299.999
299.999
299.999
299.999
299.999
299.999
299.999
299.999
299.999
299.999
299.999
299.999
299.999
299.999
299.999
299.999
299.999
299.999
299.999
299.999
299.999
299.999
299.999
299.999
299.999
299.999
299.999
299.999
299.999
299.999
299.999
299.999
299.999
299.999
299.999
299.999
299.999
299.999
299.999
299.999
299.999
299.999
299.999
299.999
299.999
299.999
299.999
299.999
299.999
299.999
299.999
299.999
299.999
299.999
299.999
299.999
299.999
299.999
299.999
299.999
299.999
299.999
299.999
299.999
299.999
299.999
299.999
299.999
299.999
299.999
299.999
299.999
299.999
299.999
299.999
299.999
299.999
299.999
299.999
299.999
299.999
299.999
299.999
299.999
299.999
299.999
299.999
299.999
299.999
299.999
299.999
299.999
299.999
299.999
299.999
299.999
299.999
299.999
299.999
299.999
299.999
299.999
299.999
299.999
299.999
299.999
299.999
299.999
299.999
299.999
299.999
299.999
299.999
299.999
299.999
299.999
299.999
299.999
299.999
299.999
299.999
299.999
299.999
299.999
299.999
299.999
299.999
299.999
299.999
299.999
299.999
299.999
299.999
299.999
299.999
299.999
299.999
299.999
299.999
299.999
299.999
299.999
299.999
299.999
299.999
299.999
299.999
299.999
299.999
299.999
299.999
299.999
299.999
299.999
299.999
299.999
299.999
299.999
299.999
299.999
299.999
299.999
299.999
299.999
299.999
299.999
299.999
299.999
299.999
299.999
299.999
299.999
299.999
299.999
299.999
299.999
299.999
299.999
299.999
299.999
299.999
299.999
299.999
299.999
299.999
299.999
299.999
299.999
299.999
299.999
299.999
299.999
299.999
299.999
299.999
299.999
299.999
299.999
299.999
299.999
299.999
299.999
299.999
299.999
299.999
299.999
299.999
299.999
299.999
299.999
299.999
299.999
299.999
299.999
299.999
299.999
299.999
299.999
299.999
299.999
299.999
299.999
299.999
299.999
299.999
299.999
299.999
299.999
299.999
299.999
299.999
299.999
299.999
299.999
299.999
299.999
299.999
299.999
299.999
299.999
299.999
299.999
299.999
299.999
299.999
299.999
299.999
299.999
299.999
299.999
299.999
299.999
299.999
299.999
299.999
299.999
299.999
299.999
299.999
299.999
299.999
299.999
299.999
299.999
299.999
299.999
299.999
299.999
299.999
299.999
299.999
299.999
299.999
299.999
299.999
299.999
299.999
299.999
299.999
299.999
299.999
299.999
299.999
299.999
299.999
299.999
299.999
299.999
299.999
299.999
299.999
299.999
299.999
299.999
299.999
299.999
299.999
299.999
299.999
299.999
299.999
299.999
299.999
299.999
299.999
299.999
299.999
299.999
299.999
299.999
299.999
299.999
299.999
299.999
299.999
299.999
299.999
299.999
299.999
299.999
299.999
299.999
299.999
299.999
299.999
299.999
299.999
299.999
299.999
299.999
299.999
299.999
299.999
299.999
299.999
299.999
299.999
299.999
299.999
299.999
299.999
299.999
299.999
299.999
299.999
299.999
299.999
299.999
299.999
299.999
299.999
299.999
299.999
299.999
299.999
299.999
299.999
299.999
299.999
299.999
299.999
299.999
299.999
299.999
299.999
299.999
299.999
299.999
299.999
299.999
299.999
299.999
299.999
299.999
299.999
299.999
299.999
299.999
299.999
299.999
299.999
299.999
299.999
299.999
299.999
299.999
299.999
299.999
299.999
299.999
299.999
299.999
299.999
299.999
299.999
299.999
299.999
299.999
299.999
299.999
299.999
299.999
299.999
299.999
299.999
299.999
299.999
299.999
299.999
299.999
299.999
299.999
300.8
300.362
300.162
300.069
300.027
300.01
300.004
300.001
300
300
300
300
300
300
300
300
300
300
300
300
300
300
300
300
300
300
300
300
300
300
300
300
300
300
300
300
300
300
300
300
300
300
300
300
300
300
300
300
300
300
300
300.797
300.362
300.162
300.069
300.027
300.01
300.004
300.001
300
300
300
300
300
300
300
300
300
300
300
300
300
300
300
300
300
300
300
300
300
300
300
300
300
300
300
300
300
300
300
300
300
300
300
300
300
300
300
300
300
300
300
300.791
300.361
300.161
300.069
300.027
300.01
300.004
300.001
300
300
300
300
300
300
300
300
300
300
300
300
300
300
300
300
300
300
300
300
300
300
300
300
300
300
300
300
300
300
300
300
300
300
300
300
300
300
300
300
300
300
300
300.782
300.359
300.161
300.068
300.027
300.01
300.004
300.001
300
300
300
300
300
300
300
300
300
300
300
300
300
300
300
300
300
300
300
300
300
300
300
300
300
300
300
300
300
300
300
300
300
300
300
300
300
300
300
300
300
300
300
300.769
300.357
300.16
300.068
300.027
300.01
300.004
300.001
300
300
300
300
300
300
300
300
300
300
300
300
300
300
300
300
300
300
300
300
300
300
300
300
300
300
300
300
300
300
300
300
300
300
300
300
300
300
300
300
300
300
300
300.753
300.353
300.159
300.068
300.027
300.01
300.004
300.001
300
300
300
300
300
300
300
300
300
300
300
300
300
300
300
300
300
300
300
300
300
300
300
300
300
300
300
300
300
300
300
300
300
300
300
300
300
300
300
300
300
300
300
300.734
300.348
300.158
300.067
300.027
300.01
300.004
300.001
300
300
300
300
300
300
300
300
300
300
300
300
300
300
300
300
300
300
300
300
300
300
300
300
300
300
300
300
300
300
300
300
300
300
300
300
300
300
300
300
300
300
300
300.711
300.342
300.156
300.067
300.027
300.01
300.004
300.001
300
300
300
300
300
300
300
300
300
300
300
300
300
300
300
300
300
300
300
300
300
300
300
300
300
300
300
300
300
300
300
300
300
300
300
300
300
300
300
300
300
300
300
300.684
300.334
300.153
300.066
300.027
300.01
300.004
300.001
300
300
300
300
300
300
300
300
300
300
300
300
300
300
300
300
300
300
300
300
300
300
300
300
300
300
300
300
300
300
300
300
300
300
300
300
300
300
300
300
300
300
300
300.655
300.325
300.15
300.065
300.026
300.01
300.003
300.001
300
300
300
300
300
300
300
300
300
300
300
300
300
300
300
300
300
300
300
300
300
300
300
300
300
300
300
300
300
300
300
300
300
300
300
300
300
300
300
300
300
300
300
300.622
300.314
300.146
300.063
300.026
300.01
300.003
300.001
300
300
300
300
300
300
300
300
300
300
300
300
300
300
300
300
300
300
300
300
300
300
300
300
300
300
300
300
300
300
300
300
300
300
300
300
300
300
300
300
300
300
300
300.587
300.301
300.142
300.062
300.025
300.01
300.003
300.001
300
300
300
300
300
300
300
300
300
300
300
300
300
300
300
300
300
300
300
300
300
300
300
300
300
300
300
300
300
300
300
300
300
300
300
300
300
300
300
300
300
300
300
300.549
300.287
300.136
300.06
300.024
300.009
300.003
300.001
300
300
300
300
300
300
300
300
300
300
300
300
300
300
300
300
300
300
300
300
300
300
300
300
300
300
300
300
300
300
300
300
300
300
300
300
300
300
300
300
300
300
300
300.509
300.271
300.13
300.057
300.024
300.009
300.003
300.001
300
300
300
300
300
300
300
300
300
300
300
300
300
300
300
300
300
300
300
300
300
300
300
300
300
300
300
300
300
300
300
300
300
300
300
300
300
300
300
300
300
300
300
300.468
300.253
300.123
300.055
300.023
300.009
300.003
300.001
300
300
300
300
300
300
300
300
300
300
300
300
300
300
300
300
300
300
300
300
300
300
300
300
300
300
300
300
300
300
300
300
300
300
300
300
300
300
300
300
300
300
300
300.425
300.234
300.115
300.052
300.021
300.008
300.003
300.001
300
300
300
300
300
300
300
300
300
300
300
300
300
300
300
300
300
300
300
300
300
300
300
300
300
300
300
300
300
300
300
300
300
300
300
300
300
300
300
300
300
300
300
300.382
300.214
300.106
300.048
300.02
300.008
300.003
300.001
300
300
300
300
300
300
300
300
300
300
300
300
300
300
300
300
300
300
300
300
300
300
300
300
300
300
300
300
300
300
300
300
300
300
300
300
300
300
300
300
300
300
300
300.339
300.193
300.097
300.044
300.019
300.007
300.003
300.001
300
300
300
300
300
300
300
300
300
300
300
300
300
300
300
300
300
300
300
300
300
300
300
300
300
300
300
300
300
300
300
300
300
300
300
300
300
300
300
300
300
300
300
300.297
300.172
300.088
300.04
300.017
300.007
300.002
300.001
300
300
300
300
300
300
300
300
300
300
300
300
300
300
300
300
300
300
300
300
300
300
300
300
300
300
300
300
300
300
300
300
300
300
300
300
300
300
300
300
300
300
300
300.256
300.15
300.078
300.036
300.015
300.006
300.002
300.001
300
300
300
300
300
300
300
300
300
300
300
300
300
300
300
300
300
300
300
300
300
300
300
300
300
300
300
300
300
300
300
300
300
300
300
300
300
300
300
300
300
300
300
300.217
300.129
300.068
300.032
300.014
300.005
300.002
300.001
300
300
300
300
300
300
300
300
300
300
300
300
300
300
300
300
300
300
300
300
300
300
300
300
300
300
300
300
300
300
300
300
300
300
300
300
300
300
300
300
300
300
300
300.18
300.109
300.058
300.028
300.012
300.005
300.002
300
300
300
300
300
300
300
300
300
300
300
300
300
300
300
300
300
300
300
300
300
300
300
300
300
300
300
300
300
300
300
300
300
300
300
300
300
300
300
300
300
300
300
300
300.147
300.09
300.048
300.023
300.01
300.004
300.001
300
300
300
300
300
300
300
300
300
300
300
300
300
300
300
300
300
300
300
300
300
300
300
300
300
300
300
300
300
300
300
300
300
300
300
300
300
300
300
300
300
300
300
300
300.116
300.072
300.039
300.019
300.008
300.003
300.001
300
300
300
300
300
300
300
300
300
300
300
300
300
300
300
300
300
300
300
300
300
300
300
300
300
300
300
300
300
300
300
300
300
300
300
300
300
300
300
300
300
300
300
300
300.09
300.056
300.031
300.015
300.007
300.003
300.001
300
300
300
300
300
300
300
300
300
300
300
300
300
300
300
300
300
300
300
300
300
300
300
300
300
300
300
300
300
300
300
300
300
300
300
300
300
300
300
300
300
300
300
300
300.067
300.043
300.024
300.012
300.005
300.002
300.001
300
300
300
300
300
300
300
300
300
300
300
300
300
300
300
300
300
300
300
300
300
300
300
300
300
300
300
300
300
300
300
300
300
300
300
300
300
300
300
300
300
300
300
300
300.049
300.031
300.018
300.009
300.004
300.001
300
300
300
300
300
300
300
300
300
300
300
300
300
300
300
300
300
300
300
300
300
300
300
300
300
300
300
300
300
300
300
300
300
300
300
300
300
300
300
300
300
300
300
300
300
300.034
300.022
300.013
300.006
300.003
300.001
300
300
300
300
300
300
300
300
300
300
300
300
300
300
300
300
300
300
300
300
300
300
300
300
300
300
300
300
300
300
300
300
300
300
300
300
300
300
300
300
300
300
300
300
300
300.023
300.015
300.009
300.004
300.002
300.001
300
300
300
300
300
300
300
300
300
300
300
300
300
300
300
300
300
300
300
300
300
300
300
300
300
300
300
300
300
300
300
300
300
300
300
300
300
300
300
300
300
300
300
300
300
300.014
300.009
300.005
300.003
300.001
300
300
300
300
300
300
300
300
300
300
300
300
300
300
300
300
300
300
300
300
300
300
300
300
300
300
300
300
300
300
300
300
300
300
300
300
300
300
300
300
300
300
300
300
300
300
300.009
300.006
300.003
300.002
300.001
300
300
300
300
300
300
300
300
300
300
300
300
300
300
300
300
300
300
300
300
300
300
300
300
300
300
300
300
300
300
300
300
300
300
300
300
300
300
300
300
300
300
300
300
300
300
300.005
300.003
300.002
300.001
300
300
300
300
300
300
300
300
300
300
300
300
300
300
300
300
300
300
300
300
300
300
300
300
300
300
300
300
300
300
300
300
300
300
300
300
300
300
300
300
300
300
300
300
300
300
300
300.002
300.001
300.001
300
300
300
300
300
299.999
299.999
299.999
299.999
299.999
299.999
299.999
299.999
299.999
299.999
299.999
299.999
299.999
299.999
299.999
299.999
299.999
299.999
299.999
299.999
299.999
299.999
299.999
299.999
299.999
299.999
299.999
299.999
299.999
299.999
299.999
299.999
299.999
299.999
299.999
299.999
299.999
299.999
299.999
299.999
299.999
299.999
299.999
300.001
300
300
300
300
300
299.999
299.999
299.999
299.999
299.999
299.999
299.999
299.999
299.999
299.999
299.999
299.999
299.999
299.999
299.999
299.999
299.999
299.999
299.999
299.999
299.999
299.999
299.999
299.999
299.999
299.999
299.999
299.999
299.999
299.999
299.999
299.999
299.999
299.999
299.999
299.999
299.999
299.999
299.999
299.999
299.999
299.999
299.999
299.999
299.999
300
300
300
300
299.999
299.999
299.999
299.999
299.999
299.999
299.999
299.999
299.999
299.999
299.999
299.999
299.999
299.999
299.999
299.999
299.999
299.999
299.999
299.999
299.999
299.999
299.999
299.999
299.999
299.999
299.999
299.999
299.999
299.999
299.999
299.999
299.999
299.999
299.999
299.999
299.999
299.999
299.999
299.999
299.999
299.999
299.999
299.999
299.999
299.999
299.999
300
300
299.999
299.999
299.999
299.999
299.999
299.999
299.999
299.999
299.999
299.999
299.999
299.999
299.999
299.999
299.999
299.999
299.999
299.999
299.999
299.999
299.999
299.999
299.999
299.999
299.999
299.999
299.999
299.999
299.999
299.999
299.999
299.999
299.999
299.999
299.999
299.999
299.999
299.999
299.999
299.999
299.999
299.999
299.999
299.999
299.999
299.999
299.999
299.999
299.999
299.999
299.999
299.999
299.999
299.999
299.999
299.999
299.999
299.999
299.999
299.999
299.999
299.999
299.999
299.999
299.999
299.999
299.999
299.999
299.999
299.999
299.999
299.999
299.999
299.999
299.999
299.999
299.999
299.999
299.999
299.999
299.999
299.999
299.999
299.999
299.999
299.999
299.999
299.999
299.999
299.999
299.999
299.999
299.999
299.999
299.999
299.999
299.999
299.999
299.999
299.999
299.999
299.999
299.999
299.999
299.999
299.999
299.999
299.999
299.999
299.999
299.999
299.999
299.999
299.999
299.999
299.999
299.999
299.999
299.999
299.999
299.999
299.999
299.999
299.999
299.999
299.999
299.999
299.999
299.999
299.999
299.999
299.999
299.999
299.999
299.999
299.999
299.999
299.999
299.999
299.999
299.999
299.999
299.999
299.999
299.999
299.999
299.999
299.999
299.999
299.999
299.999
299.999
299.999
299.999
299.999
299.999
299.999
299.999
299.999
299.999
299.999
299.999
299.999
299.999
299.999
299.999
299.999
299.999
299.999
299.999
299.999
299.999
299.999
299.999
299.999
299.999
299.999
299.999
299.999
299.999
299.999
299.999
299.999
299.999
299.999
299.999
299.999
299.999
299.999
299.999
299.999
299.999
299.999
299.999
299.999
299.999
299.999
299.999
299.999
299.999
299.999
299.999
299.999
299.999
299.999
299.999
299.999
299.999
299.999
299.999
299.999
299.999
299.999
299.999
299.999
299.999
299.999
299.999
299.999
299.999
299.999
299.999
299.999
299.999
299.999
299.999
299.999
299.999
299.999
299.999
299.999
299.999
299.999
299.999
299.999
299.999
299.999
299.999
299.999
299.999
299.999
299.999
299.999
299.999
299.999
299.999
299.999
299.999
299.999
299.999
299.999
299.999
299.999
299.999
299.999
299.999
299.999
299.999
299.999
299.999
299.999
299.999
299.999
299.999
299.999
299.999
299.999
299.999
299.999
299.999
299.999
299.999
299.999
299.999
299.999
299.999
299.999
299.999
299.999
299.999
299.999
299.999
299.999
299.999
299.999
299.999
299.999
299.999
299.999
299.999
299.999
299.999
299.999
299.999
299.999
299.999
299.999
299.999
299.999
299.999
299.999
299.999
299.999
299.999
)
;

boundaryField
{
    inlet
    {
        type            fixedValue;
        value           uniform 300;
    }
    outlet
    {
        type            zeroGradient;
    }
    top
    {
        type            zeroGradient;
    }
    slip-bottom
    {
        type            zeroGradient;
    }
    bottom
    {
        type            zeroGradient;
    }
    interface
    {
        type            fixedGradient;
        gradient        nonuniform List<scalar> 
161
(
63.1546
63.1546
44.7503
44.7503
44.7503
44.7503
35.4132
35.4132
35.4132
35.4132
32.2882
32.2882
32.2882
31.8249
31.8249
31.8249
31.8249
30.4846
30.4846
30.4846
30.1238
30.1238
30.1238
29.988
29.988
29.988
29.8005
29.8005
29.8005
29.6748
29.6748
29.6748
29.5949
29.5949
29.5949
29.5388
29.5388
29.5388
29.5046
29.5046
29.5046
29.3838
29.3838
29.6177
29.6177
29.6177
29.5294
29.5294
29.6818
29.6818
29.6818
29.6282
29.6282
29.709
29.709
29.709
29.8008
29.8008
29.8846
29.8846
29.828
29.828
29.8736
29.8736
29.9292
29.9292
29.9675
29.9675
29.9675
29.9996
29.9996
30.022
30.0394
30.0394
30.0555
30.0555
30.0702
30.0702
30.0758
30.0758
30.1005
30.1005
30.1006
30.1006
30.0974
30.0973
30.0973
30.0949
30.0949
30.0927
30.0955
30.0955
30.0893
30.0945
30.0945
30.0862
30.0862
30.0914
30.0777
30.0777
30.0812
30.0628
30.0651
30.0651
30.0522
30.0312
30.0312
30.036
30.0208
30.0226
30.0226
30.016
30.0101
30.0079
30.0079
30.0117
30.0129
30.0152
30.0213
30.0213
30.022
30.0271
30.0328
30.0378
30.0432
30.043
30.043
30.046
30.0478
30.047
30.0439
30.0382
30.0297
30.0181
30.0034
29.9852
29.9637
29.9387
29.9103
29.8789
29.8447
29.8082
29.7697
29.7291
29.6865
29.6423
29.5988
29.562
29.5446
29.515
29.2812
29.1935
29.2794
29.3308
29.4648
29.6783
31.194
29.4795
31.2421
33.2917
42.7411
)
;
    }
    defaultFaces
    {
        type            empty;
    }
}


// ************************************************************************* //
