/*--------------------------------*- C++ -*----------------------------------*\
| =========                 |                                                 |
| \\      /  F ield         | OpenFOAM: The Open Source CFD Toolbox           |
|  \\    /   O peration     | Version:  2106                                  |
|   \\  /    A nd           | Website:  www.openfoam.com                      |
|    \\/     M anipulation  |                                                 |
\*---------------------------------------------------------------------------*/
FoamFile
{
    version     2.0;
    format      ascii;
    arch        "LSB;label=32;scalar=64";
    class       volScalarField;
    location    "2";
    object      T;
}
// * * * * * * * * * * * * * * * * * * * * * * * * * * * * * * * * * * * * * //

dimensions      [0 0 0 1 0 0 0];

internalField   nonuniform List<scalar> 
12013
(
300.001
300.004
300.007
300.01
300.013
300.016
300.019
300.023
300.027
300.032
300.036
300.041
300.047
300.053
300.059
300.066
300.073
300.081
300.089
300.097
300.107
300.117
300.127
300.138
300.15
300.162
300.175
300.189
300.203
300.218
300.234
300.251
300.268
300.286
300.305
300.325
300.346
300.367
300.39
300.413
300.437
300.462
300.488
300.515
300.543
300.571
300.601
300.632
300.664
300.697
300.731
300.766
300.802
300.839
300.877
300.917
300.958
301
301.043
301.088
301.134
301.182
301.231
301.282
301.334
301.388
301.444
301.503
301.563
301.625
301.691
301.758
301.83
301.904
301.983
302.067
302.157
302.254
302.361
302.482
302.627
300.001
300.004
300.007
300.01
300.013
300.016
300.019
300.023
300.027
300.032
300.036
300.041
300.047
300.053
300.059
300.066
300.073
300.081
300.089
300.097
300.107
300.117
300.127
300.138
300.15
300.162
300.175
300.189
300.203
300.218
300.234
300.251
300.268
300.286
300.305
300.325
300.346
300.367
300.39
300.413
300.437
300.462
300.488
300.515
300.543
300.571
300.601
300.632
300.664
300.697
300.73
300.765
300.802
300.839
300.877
300.917
300.958
301
301.043
301.088
301.134
301.181
301.23
301.281
301.333
301.388
301.443
301.501
301.561
301.624
301.689
301.756
301.827
301.901
301.979
302.062
302.15
302.245
302.348
302.461
302.585
300.001
300.004
300.007
300.009
300.013
300.016
300.019
300.023
300.027
300.032
300.036
300.041
300.047
300.053
300.059
300.066
300.073
300.081
300.089
300.097
300.107
300.117
300.127
300.138
300.15
300.162
300.175
300.189
300.203
300.218
300.234
300.251
300.268
300.286
300.305
300.325
300.346
300.367
300.389
300.413
300.437
300.462
300.488
300.514
300.542
300.571
300.601
300.632
300.663
300.696
300.73
300.765
300.801
300.838
300.876
300.916
300.957
300.999
301.042
301.087
301.133
301.18
301.229
301.28
301.332
301.386
301.441
301.499
301.559
301.62
301.685
301.752
301.822
301.895
301.971
302.052
302.137
302.228
302.324
302.426
302.531
300.001
300.004
300.007
300.009
300.013
300.016
300.019
300.023
300.027
300.032
300.036
300.041
300.047
300.053
300.059
300.066
300.073
300.08
300.089
300.097
300.107
300.116
300.127
300.138
300.15
300.162
300.175
300.189
300.203
300.218
300.234
300.251
300.268
300.286
300.305
300.325
300.345
300.367
300.389
300.412
300.436
300.461
300.487
300.514
300.542
300.571
300.6
300.631
300.663
300.695
300.729
300.764
300.8
300.837
300.875
300.915
300.955
300.997
301.041
301.085
301.131
301.178
301.227
301.277
301.329
301.382
301.438
301.495
301.554
301.615
301.679
301.744
301.813
301.884
301.959
302.037
302.118
302.203
302.291
302.382
302.474
300.001
300.004
300.007
300.009
300.013
300.016
300.019
300.023
300.027
300.032
300.036
300.041
300.047
300.053
300.059
300.066
300.073
300.08
300.089
300.097
300.107
300.116
300.127
300.138
300.15
300.162
300.175
300.188
300.203
300.218
300.234
300.25
300.268
300.286
300.305
300.325
300.345
300.367
300.389
300.412
300.436
300.461
300.487
300.513
300.541
300.57
300.6
300.63
300.662
300.694
300.728
300.763
300.799
300.836
300.874
300.913
300.954
300.995
301.038
301.082
301.128
301.175
301.223
301.273
301.325
301.378
301.432
301.489
301.547
301.607
301.669
301.734
301.801
301.87
301.941
302.016
302.092
302.171
302.252
302.334
302.415
300.001
300.004
300.007
300.009
300.013
300.016
300.019
300.023
300.027
300.032
300.036
300.041
300.047
300.053
300.059
300.066
300.073
300.08
300.089
300.097
300.106
300.116
300.127
300.138
300.149
300.162
300.175
300.188
300.203
300.218
300.234
300.25
300.267
300.286
300.304
300.324
300.345
300.366
300.388
300.411
300.435
300.46
300.486
300.513
300.54
300.569
300.598
300.629
300.661
300.693
300.727
300.761
300.797
300.834
300.872
300.911
300.951
300.992
301.035
301.079
301.124
301.171
301.219
301.268
301.319
301.371
301.425
301.48
301.538
301.597
301.657
301.72
301.785
301.851
301.919
301.99
302.062
302.135
302.209
302.282
302.355
300.001
300.004
300.007
300.009
300.013
300.016
300.019
300.023
300.027
300.032
300.036
300.041
300.047
300.053
300.059
300.065
300.073
300.08
300.088
300.097
300.106
300.116
300.127
300.138
300.149
300.161
300.174
300.188
300.202
300.217
300.233
300.25
300.267
300.285
300.304
300.324
300.344
300.365
300.388
300.411
300.434
300.459
300.485
300.512
300.539
300.568
300.597
300.627
300.659
300.691
300.725
300.759
300.795
300.831
300.869
300.908
300.948
300.989
301.031
301.075
301.119
301.165
301.213
301.261
301.311
301.363
301.416
301.47
301.526
301.583
301.642
301.703
301.765
301.828
301.893
301.959
302.026
302.094
302.161
302.229
302.294
300.001
300.004
300.007
300.009
300.013
300.016
300.019
300.023
300.027
300.032
300.036
300.041
300.047
300.052
300.059
300.065
300.073
300.08
300.088
300.097
300.106
300.116
300.126
300.137
300.149
300.161
300.174
300.188
300.202
300.217
300.233
300.249
300.266
300.284
300.303
300.323
300.343
300.365
300.387
300.41
300.433
300.458
300.484
300.51
300.538
300.566
300.595
300.626
300.657
300.689
300.722
300.756
300.792
300.828
300.865
300.904
300.943
300.984
301.026
301.069
301.113
301.158
301.205
301.253
301.302
301.352
301.404
301.457
301.511
301.567
301.623
301.682
301.741
301.801
301.862
301.924
301.987
302.049
302.112
302.173
302.233
300.001
300.004
300.007
300.009
300.013
300.016
300.019
300.023
300.027
300.031
300.036
300.041
300.047
300.052
300.059
300.065
300.072
300.08
300.088
300.097
300.106
300.116
300.126
300.137
300.149
300.161
300.174
300.187
300.201
300.216
300.232
300.249
300.266
300.284
300.302
300.322
300.342
300.363
300.385
300.408
300.432
300.457
300.482
300.508
300.536
300.564
300.593
300.623
300.654
300.686
300.719
300.753
300.788
300.824
300.861
300.899
300.938
300.978
301.019
301.062
301.105
301.15
301.195
301.242
301.29
301.339
301.39
301.441
301.493
301.547
301.602
301.657
301.713
301.77
301.828
301.886
301.944
302.002
302.059
302.116
302.171
300.001
300.004
300.007
300.009
300.012
300.016
300.019
300.023
300.027
300.031
300.036
300.041
300.046
300.052
300.058
300.065
300.072
300.08
300.088
300.097
300.106
300.115
300.126
300.137
300.148
300.16
300.173
300.187
300.201
300.216
300.231
300.248
300.265
300.283
300.301
300.321
300.341
300.362
300.384
300.407
300.43
300.455
300.48
300.506
300.533
300.561
300.59
300.62
300.651
300.682
300.715
300.749
300.783
300.819
300.855
300.893
300.931
300.971
301.011
301.053
301.096
301.139
301.184
301.23
301.276
301.324
301.373
301.422
301.473
301.524
301.576
301.629
301.682
301.736
301.79
301.844
301.898
301.952
302.005
302.057
302.108
300.001
300.004
300.007
300.009
300.012
300.016
300.019
300.023
300.027
300.031
300.036
300.041
300.046
300.052
300.058
300.065
300.072
300.08
300.088
300.096
300.105
300.115
300.125
300.136
300.148
300.16
300.173
300.186
300.2
300.215
300.231
300.247
300.264
300.282
300.3
300.32
300.34
300.361
300.382
300.405
300.428
300.453
300.478
300.504
300.53
300.558
300.587
300.616
300.647
300.678
300.71
300.743
300.778
300.813
300.849
300.885
300.923
300.962
301.002
301.043
301.084
301.127
301.17
301.215
301.26
301.306
301.353
301.401
301.449
301.498
301.548
301.598
301.648
301.699
301.749
301.8
301.85
301.9
301.949
301.997
302.044
300.001
300.004
300.007
300.009
300.012
300.016
300.019
300.023
300.027
300.031
300.036
300.041
300.046
300.052
300.058
300.065
300.072
300.079
300.087
300.096
300.105
300.115
300.125
300.136
300.147
300.159
300.172
300.185
300.199
300.214
300.229
300.246
300.263
300.28
300.299
300.318
300.338
300.359
300.38
300.403
300.426
300.45
300.475
300.5
300.527
300.554
300.583
300.612
300.642
300.673
300.704
300.737
300.771
300.805
300.84
300.877
300.914
300.952
300.991
301.03
301.071
301.112
301.154
301.197
301.241
301.285
301.33
301.376
301.422
301.469
301.516
301.563
301.61
301.658
301.705
301.752
301.799
301.845
301.891
301.936
301.979
300.001
300.004
300.006
300.009
300.012
300.016
300.019
300.023
300.027
300.031
300.036
300.041
300.046
300.052
300.058
300.064
300.071
300.079
300.087
300.095
300.104
300.114
300.124
300.135
300.146
300.158
300.171
300.184
300.198
300.213
300.228
300.244
300.261
300.279
300.297
300.316
300.336
300.356
300.378
300.4
300.423
300.446
300.471
300.496
300.523
300.55
300.578
300.606
300.636
300.666
300.698
300.73
300.763
300.796
300.831
300.866
300.903
300.94
300.977
301.016
301.055
301.095
301.136
301.177
301.219
301.262
301.305
301.348
301.392
301.436
301.481
301.525
301.57
301.614
301.659
301.702
301.746
301.789
301.831
301.873
301.913
300.001
300.004
300.006
300.009
300.012
300.016
300.019
300.023
300.027
300.031
300.036
300.04
300.046
300.051
300.058
300.064
300.071
300.078
300.086
300.095
300.104
300.113
300.123
300.134
300.145
300.157
300.17
300.183
300.197
300.211
300.227
300.243
300.259
300.277
300.295
300.314
300.333
300.353
300.375
300.396
300.419
300.443
300.467
300.492
300.518
300.544
300.572
300.6
300.629
300.659
300.69
300.721
300.753
300.786
300.82
300.854
300.89
300.926
300.962
300.999
301.037
301.076
301.115
301.155
301.195
301.236
301.277
301.318
301.359
301.401
301.443
301.485
301.526
301.568
301.609
301.65
301.691
301.731
301.77
301.809
301.846
300.001
300.004
300.006
300.009
300.012
300.015
300.019
300.023
300.026
300.031
300.035
300.04
300.045
300.051
300.057
300.064
300.071
300.078
300.086
300.094
300.103
300.113
300.123
300.133
300.144
300.156
300.169
300.182
300.195
300.21
300.225
300.241
300.257
300.274
300.292
300.311
300.33
300.35
300.371
300.393
300.415
300.438
300.462
300.486
300.512
300.538
300.565
300.593
300.621
300.65
300.68
300.711
300.742
300.774
300.807
300.841
300.875
300.909
300.945
300.981
301.017
301.054
301.092
301.13
301.168
301.206
301.245
301.284
301.324
301.363
301.402
301.441
301.48
301.519
301.558
301.596
301.634
301.671
301.707
301.743
301.778
300.001
300.004
300.006
300.009
300.012
300.015
300.019
300.022
300.026
300.031
300.035
300.04
300.045
300.051
300.057
300.063
300.07
300.077
300.085
300.094
300.102
300.112
300.122
300.132
300.143
300.155
300.167
300.18
300.194
300.208
300.223
300.238
300.255
300.271
300.289
300.307
300.326
300.346
300.367
300.388
300.41
300.433
300.456
300.48
300.505
300.531
300.557
300.584
300.612
300.64
300.669
300.699
300.73
300.761
300.792
300.825
300.858
300.891
300.925
300.96
300.995
301.03
301.066
301.102
301.138
301.175
301.211
301.248
301.285
301.322
301.359
301.396
301.432
301.468
301.504
301.54
301.575
301.609
301.643
301.676
301.709
300.001
300.004
300.006
300.009
300.012
300.015
300.019
300.022
300.026
300.03
300.035
300.04
300.045
300.05
300.056
300.063
300.069
300.077
300.084
300.093
300.101
300.111
300.12
300.131
300.142
300.153
300.165
300.178
300.192
300.206
300.22
300.236
300.252
300.268
300.286
300.304
300.322
300.342
300.362
300.383
300.404
300.426
300.449
300.473
300.497
300.522
300.548
300.574
300.601
300.629
300.657
300.686
300.715
300.745
300.776
300.807
300.839
300.871
300.903
300.936
300.97
301.003
301.037
301.071
301.106
301.14
301.175
301.209
301.244
301.279
301.313
301.347
301.381
301.415
301.448
301.481
301.514
301.546
301.577
301.608
301.639
300.001
300.004
300.006
300.009
300.012
300.015
300.018
300.022
300.026
300.03
300.034
300.039
300.044
300.05
300.056
300.062
300.069
300.076
300.084
300.092
300.1
300.109
300.119
300.129
300.14
300.151
300.163
300.176
300.189
300.203
300.217
300.232
300.248
300.264
300.281
300.299
300.317
300.337
300.356
300.377
300.398
300.419
300.442
300.465
300.488
300.512
300.537
300.563
300.589
300.616
300.643
300.671
300.699
300.728
300.757
300.787
300.817
300.848
300.879
300.91
300.942
300.974
301.006
301.038
301.071
301.103
301.136
301.168
301.2
301.233
301.265
301.297
301.328
301.36
301.391
301.421
301.451
301.481
301.511
301.539
301.568
300.001
300.004
300.006
300.009
300.012
300.015
300.018
300.022
300.026
300.03
300.034
300.039
300.044
300.049
300.055
300.061
300.068
300.075
300.082
300.09
300.099
300.108
300.117
300.128
300.138
300.149
300.161
300.173
300.186
300.2
300.214
300.229
300.244
300.26
300.277
300.294
300.312
300.33
300.35
300.369
300.39
300.411
300.433
300.455
300.478
300.501
300.525
300.55
300.575
300.601
300.627
300.654
300.681
300.709
300.737
300.765
300.794
300.823
300.853
300.882
300.912
300.942
300.972
301.003
301.033
301.063
301.094
301.124
301.154
301.184
301.214
301.244
301.273
301.303
301.331
301.36
301.388
301.415
301.442
301.469
301.495
300.001
300.004
300.006
300.009
300.012
300.015
300.018
300.021
300.025
300.029
300.034
300.038
300.043
300.049
300.054
300.06
300.067
300.074
300.081
300.089
300.097
300.106
300.116
300.125
300.136
300.147
300.158
300.17
300.183
300.196
300.21
300.225
300.24
300.255
300.271
300.288
300.306
300.324
300.342
300.361
300.381
300.402
300.423
300.444
300.466
300.489
300.512
300.536
300.56
300.585
300.61
300.635
300.661
300.687
300.714
300.741
300.768
300.796
300.824
300.852
300.88
300.908
300.936
300.965
300.993
301.022
301.05
301.078
301.106
301.134
301.162
301.189
301.217
301.244
301.27
301.297
301.322
301.348
301.373
301.398
301.422
300.001
300.004
300.006
300.009
300.011
300.014
300.018
300.021
300.025
300.029
300.033
300.038
300.042
300.048
300.053
300.059
300.066
300.073
300.08
300.088
300.096
300.104
300.114
300.123
300.133
300.144
300.155
300.167
300.179
300.192
300.206
300.22
300.234
300.25
300.265
300.282
300.298
300.316
300.334
300.352
300.372
300.391
300.411
300.432
300.453
300.475
300.497
300.52
300.543
300.566
300.59
300.615
300.639
300.664
300.689
300.715
300.741
300.767
300.793
300.819
300.845
300.872
300.898
300.925
300.951
300.978
301.004
301.03
301.056
301.082
301.108
301.133
301.158
301.183
301.208
301.232
301.256
301.28
301.303
301.326
301.348
300.001
300.003
300.006
300.009
300.011
300.014
300.017
300.021
300.024
300.028
300.032
300.037
300.042
300.047
300.052
300.058
300.064
300.071
300.078
300.086
300.094
300.102
300.111
300.12
300.13
300.141
300.152
300.163
300.175
300.188
300.201
300.214
300.228
300.243
300.258
300.274
300.29
300.307
300.325
300.342
300.361
300.38
300.399
300.419
300.439
300.46
300.481
300.502
300.524
300.547
300.569
300.592
300.615
300.639
300.663
300.687
300.711
300.735
300.759
300.784
300.809
300.833
300.858
300.882
300.907
300.931
300.956
300.98
301.004
301.028
301.052
301.075
301.098
301.121
301.144
301.166
301.188
301.21
301.232
301.253
301.273
300.001
300.003
300.006
300.008
300.011
300.014
300.017
300.02
300.024
300.028
300.032
300.036
300.041
300.046
300.051
300.057
300.063
300.069
300.076
300.084
300.091
300.1
300.108
300.117
300.127
300.137
300.148
300.159
300.17
300.183
300.195
300.208
300.222
300.236
300.251
300.266
300.281
300.297
300.314
300.331
300.349
300.367
300.385
300.404
300.423
300.443
300.463
300.483
300.504
300.525
300.546
300.568
300.59
300.612
300.634
300.656
300.679
300.702
300.724
300.747
300.77
300.793
300.816
300.838
300.861
300.884
300.906
300.928
300.951
300.973
300.994
301.016
301.037
301.058
301.079
301.1
301.12
301.14
301.16
301.179
301.198
300.001
300.003
300.006
300.008
300.011
300.014
300.017
300.02
300.023
300.027
300.031
300.035
300.04
300.045
300.05
300.055
300.061
300.068
300.074
300.081
300.089
300.097
300.105
300.114
300.123
300.133
300.143
300.154
300.165
300.177
300.189
300.201
300.214
300.228
300.242
300.256
300.271
300.287
300.303
300.319
300.335
300.352
300.37
300.388
300.406
300.424
300.443
300.462
300.482
300.502
300.522
300.542
300.562
300.583
300.603
300.624
300.645
300.666
300.687
300.708
300.729
300.751
300.772
300.793
300.813
300.834
300.855
300.875
300.896
300.916
300.936
300.956
300.975
300.995
301.014
301.032
301.051
301.069
301.087
301.105
301.122
300.001
300.003
300.006
300.008
300.01
300.013
300.016
300.019
300.023
300.026
300.03
300.034
300.039
300.043
300.048
300.054
300.059
300.066
300.072
300.079
300.086
300.094
300.102
300.11
300.119
300.129
300.138
300.149
300.159
300.17
300.182
300.194
300.206
300.219
300.232
300.246
300.26
300.275
300.29
300.305
300.321
300.337
300.353
300.37
300.387
300.405
300.422
300.44
300.458
300.477
300.495
300.514
300.533
300.552
300.571
300.59
300.61
300.629
300.649
300.668
300.687
300.707
300.726
300.745
300.764
300.783
300.802
300.821
300.84
300.858
300.876
300.894
300.912
300.93
300.947
300.964
300.981
300.998
301.014
301.031
301.046
300.001
300.003
300.005
300.008
300.01
300.013
300.016
300.019
300.022
300.025
300.029
300.033
300.037
300.042
300.047
300.052
300.057
300.063
300.069
300.076
300.083
300.09
300.098
300.106
300.115
300.123
300.133
300.143
300.153
300.163
300.174
300.186
300.197
300.21
300.222
300.235
300.248
300.262
300.276
300.291
300.305
300.32
300.336
300.351
300.367
300.383
300.4
300.417
300.433
300.45
300.468
300.485
300.502
300.52
300.538
300.555
300.573
300.591
300.609
300.626
300.644
300.662
300.679
300.697
300.714
300.732
300.749
300.766
300.783
300.8
300.816
300.833
300.849
300.865
300.881
300.896
300.911
300.927
300.941
300.956
300.971
300.001
300.003
300.005
300.007
300.01
300.012
300.015
300.018
300.021
300.024
300.028
300.032
300.036
300.04
300.045
300.05
300.055
300.061
300.067
300.073
300.079
300.086
300.094
300.101
300.11
300.118
300.127
300.136
300.146
300.156
300.166
300.177
300.188
300.199
300.211
300.223
300.236
300.248
300.261
300.275
300.289
300.303
300.317
300.331
300.346
300.361
300.376
300.392
300.407
300.423
300.438
300.454
300.47
300.486
300.503
300.519
300.535
300.551
300.567
300.583
300.6
300.616
300.632
300.648
300.663
300.679
300.695
300.71
300.725
300.741
300.756
300.77
300.785
300.799
300.814
300.828
300.842
300.855
300.869
300.882
300.895
300.001
300.003
300.005
300.007
300.009
300.012
300.014
300.017
300.02
300.023
300.027
300.03
300.034
300.038
300.043
300.048
300.053
300.058
300.063
300.069
300.076
300.082
300.089
300.096
300.104
300.112
300.12
300.129
300.138
300.147
300.157
300.167
300.177
300.188
300.199
300.21
300.222
300.234
300.246
300.258
300.271
300.284
300.297
300.31
300.324
300.337
300.351
300.365
300.38
300.394
300.408
300.423
300.437
300.452
300.467
300.481
300.496
300.511
300.525
300.54
300.554
300.569
300.583
300.598
300.612
300.626
300.64
300.654
300.668
300.681
300.695
300.708
300.721
300.734
300.747
300.76
300.772
300.785
300.797
300.809
300.82
300.001
300.003
300.005
300.007
300.009
300.011
300.014
300.016
300.019
300.022
300.025
300.029
300.033
300.036
300.041
300.045
300.05
300.055
300.06
300.066
300.071
300.078
300.084
300.091
300.098
300.105
300.113
300.121
300.13
300.138
300.147
300.157
300.166
300.176
300.186
300.196
300.207
300.218
300.229
300.241
300.252
300.264
300.276
300.288
300.301
300.313
300.326
300.338
300.351
300.364
300.377
300.39
300.403
300.417
300.43
300.443
300.456
300.469
300.483
300.496
300.509
300.522
300.535
300.548
300.56
300.573
300.586
300.598
300.61
300.622
300.635
300.646
300.658
300.67
300.681
300.693
300.704
300.715
300.725
300.736
300.747
300.001
300.003
300.004
300.006
300.008
300.011
300.013
300.015
300.018
300.021
300.024
300.027
300.031
300.034
300.038
300.042
300.047
300.051
300.056
300.062
300.067
300.073
300.079
300.085
300.092
300.099
300.106
300.113
300.121
300.129
300.137
300.146
300.154
300.163
300.173
300.182
300.192
300.202
300.212
300.222
300.233
300.244
300.254
300.265
300.277
300.288
300.299
300.311
300.322
300.334
300.346
300.357
300.369
300.381
300.393
300.405
300.416
300.428
300.44
300.452
300.463
300.475
300.486
300.498
300.509
300.52
300.531
300.542
300.553
300.564
300.575
300.585
300.596
300.606
300.616
300.626
300.636
300.646
300.656
300.665
300.674
300.001
300.002
300.004
300.006
300.008
300.01
300.012
300.014
300.017
300.02
300.022
300.025
300.029
300.032
300.036
300.04
300.044
300.048
300.052
300.057
300.062
300.068
300.073
300.079
300.085
300.091
300.098
300.105
300.112
300.119
300.126
300.134
300.142
300.15
300.159
300.167
300.176
300.185
300.194
300.204
300.213
300.223
300.232
300.242
300.252
300.262
300.273
300.283
300.293
300.303
300.314
300.324
300.335
300.345
300.356
300.366
300.377
300.387
300.397
300.408
300.418
300.428
300.438
300.448
300.458
300.468
300.478
300.488
300.498
300.507
300.516
300.526
300.535
300.544
300.553
300.562
300.571
300.579
300.588
300.596
300.604
300.001
300.002
300.004
300.006
300.007
300.009
300.011
300.013
300.016
300.018
300.021
300.024
300.027
300.03
300.033
300.037
300.04
300.044
300.048
300.053
300.057
300.062
300.067
300.073
300.078
300.084
300.09
300.096
300.102
300.109
300.116
300.123
300.13
300.137
300.145
300.152
300.16
300.168
300.176
300.185
300.193
300.202
300.21
300.219
300.228
300.237
300.246
300.255
300.264
300.273
300.282
300.291
300.301
300.31
300.319
300.328
300.337
300.347
300.356
300.365
300.374
300.383
300.392
300.4
300.409
300.418
300.426
300.435
300.443
300.452
300.46
300.468
300.476
300.484
300.492
300.499
300.507
300.514
300.522
300.529
300.536
300.001
300.002
300.004
300.005
300.007
300.009
300.01
300.012
300.014
300.017
300.019
300.022
300.024
300.027
300.03
300.033
300.037
300.04
300.044
300.048
300.052
300.057
300.061
300.066
300.071
300.076
300.081
300.087
300.093
300.098
300.104
300.111
300.117
300.124
300.13
300.137
300.144
300.151
300.158
300.166
300.173
300.181
300.188
300.196
300.204
300.212
300.219
300.227
300.235
300.243
300.251
300.259
300.267
300.275
300.283
300.291
300.299
300.307
300.315
300.323
300.331
300.339
300.346
300.354
300.361
300.369
300.376
300.384
300.391
300.398
300.405
300.412
300.419
300.426
300.433
300.44
300.446
300.453
300.459
300.465
300.471
300.001
300.002
300.003
300.005
300.006
300.008
300.009
300.011
300.013
300.015
300.017
300.02
300.022
300.025
300.027
300.03
300.033
300.037
300.04
300.044
300.047
300.051
300.055
300.059
300.064
300.068
300.073
300.078
300.083
300.088
300.093
300.099
300.105
300.11
300.116
300.122
300.128
300.134
300.141
300.147
300.154
300.16
300.167
300.173
300.18
300.187
300.194
300.201
300.207
300.214
300.221
300.228
300.235
300.242
300.249
300.256
300.263
300.269
300.276
300.283
300.29
300.296
300.303
300.31
300.316
300.322
300.329
300.335
300.341
300.348
300.354
300.36
300.366
300.372
300.377
300.383
300.389
300.394
300.4
300.405
300.41
300.001
300.002
300.003
300.004
300.006
300.007
300.009
300.01
300.012
300.014
300.016
300.018
300.02
300.022
300.025
300.027
300.03
300.033
300.036
300.039
300.042
300.046
300.049
300.053
300.057
300.061
300.065
300.069
300.074
300.078
300.083
300.087
300.092
300.097
300.102
300.108
300.113
300.118
300.124
300.129
300.135
300.14
300.146
300.152
300.158
300.163
300.169
300.175
300.181
300.187
300.193
300.199
300.205
300.211
300.216
300.222
300.228
300.234
300.24
300.245
300.251
300.257
300.262
300.268
300.274
300.279
300.284
300.29
300.295
300.3
300.306
300.311
300.316
300.321
300.326
300.33
300.335
300.34
300.345
300.349
300.354
300.001
300.002
300.003
300.004
300.005
300.006
300.008
300.009
300.011
300.012
300.014
300.016
300.018
300.02
300.022
300.024
300.027
300.029
300.032
300.034
300.037
300.04
300.043
300.047
300.05
300.053
300.057
300.061
300.065
300.068
300.072
300.077
300.081
300.085
300.089
300.094
300.098
300.103
300.108
300.112
300.117
300.122
300.127
300.132
300.137
300.141
300.146
300.151
300.156
300.161
300.166
300.171
300.176
300.181
300.186
300.191
300.196
300.201
300.206
300.211
300.216
300.221
300.225
300.23
300.235
300.239
300.244
300.248
300.253
300.257
300.262
300.266
300.27
300.274
300.278
300.283
300.287
300.291
300.294
300.298
300.302
300
300.001
300.002
300.003
300.004
300.006
300.007
300.008
300.009
300.011
300.012
300.014
300.016
300.017
300.019
300.021
300.023
300.026
300.028
300.03
300.033
300.035
300.038
300.041
300.044
300.047
300.05
300.053
300.056
300.06
300.063
300.067
300.07
300.074
300.078
300.081
300.085
300.089
300.093
300.097
300.101
300.105
300.109
300.113
300.117
300.122
300.126
300.13
300.134
300.138
300.143
300.147
300.151
300.155
300.159
300.164
300.168
300.172
300.176
300.18
300.184
300.188
300.192
300.196
300.2
300.204
300.208
300.211
300.215
300.219
300.222
300.226
300.23
300.233
300.237
300.24
300.243
300.247
300.25
300.253
300.256
300
300.001
300.002
300.003
300.004
300.005
300.006
300.007
300.008
300.01
300.011
300.012
300.014
300.015
300.017
300.019
300.021
300.022
300.024
300.027
300.029
300.031
300.033
300.036
300.038
300.041
300.043
300.046
300.049
300.052
300.055
300.058
300.061
300.064
300.067
300.07
300.074
300.077
300.08
300.084
300.087
300.09
300.094
300.097
300.101
300.104
300.108
300.111
300.115
300.119
300.122
300.126
300.129
300.133
300.136
300.14
300.143
300.147
300.15
300.153
300.157
300.16
300.163
300.167
300.17
300.173
300.176
300.18
300.183
300.186
300.189
300.192
300.195
300.198
300.201
300.204
300.206
300.209
300.212
300.215
300.217
300
300.001
300.002
300.003
300.004
300.004
300.005
300.006
300.007
300.009
300.01
300.011
300.012
300.014
300.015
300.017
300.018
300.02
300.022
300.023
300.025
300.027
300.029
300.031
300.034
300.036
300.038
300.04
300.043
300.045
300.048
300.05
300.053
300.056
300.058
300.061
300.064
300.067
300.07
300.073
300.075
300.078
300.081
300.084
300.087
300.09
300.093
300.096
300.099
300.102
300.105
300.108
300.111
300.114
300.117
300.12
300.123
300.126
300.129
300.132
300.135
300.138
300.14
300.143
300.146
300.149
300.151
300.154
300.157
300.159
300.162
300.164
300.167
300.17
300.172
300.174
300.177
300.179
300.181
300.184
300.186
300
300.001
300.002
300.002
300.003
300.004
300.005
300.006
300.007
300.008
300.009
300.01
300.011
300.012
300.014
300.015
300.016
300.018
300.019
300.021
300.023
300.025
300.026
300.028
300.03
300.032
300.034
300.036
300.038
300.041
300.043
300.045
300.047
300.05
300.052
300.055
300.057
300.059
300.062
300.065
300.067
300.07
300.072
300.075
300.077
300.08
300.083
300.085
300.088
300.091
300.093
300.096
300.098
300.101
300.104
300.106
300.109
300.111
300.114
300.116
300.119
300.121
300.124
300.126
300.129
300.131
300.133
300.136
300.138
300.14
300.143
300.145
300.147
300.149
300.151
300.153
300.155
300.157
300.16
300.162
300.163
300
300.001
300.002
300.002
300.003
300.004
300.005
300.005
300.006
300.007
300.008
300.009
300.01
300.012
300.013
300.014
300.015
300.017
300.018
300.02
300.021
300.023
300.025
300.026
300.028
300.03
300.032
300.034
300.036
300.038
300.04
300.042
300.044
300.046
300.049
300.051
300.053
300.055
300.058
300.06
300.062
300.065
300.067
300.07
300.072
300.074
300.077
300.079
300.082
300.084
300.087
300.089
300.091
300.094
300.096
300.099
300.101
300.103
300.106
300.108
300.11
300.112
300.115
300.117
300.119
300.121
300.124
300.126
300.128
300.13
300.132
300.134
300.136
300.138
300.14
300.142
300.144
300.146
300.148
300.149
300.151
302.819
302.945
303.02
303.091
303.152
303.201
303.235
303.273
303.311
303.346
303.375
303.408
303.44
303.472
303.503
303.534
303.563
303.588
303.615
303.642
303.668
303.695
303.721
303.747
303.773
303.798
303.823
303.847
303.871
303.894
303.918
303.94
303.962
303.985
304.006
304.027
304.049
304.069
304.089
304.11
304.129
304.148
304.168
304.19
304.21
304.229
304.247
304.266
304.285
304.304
304.322
304.338
304.356
304.373
304.391
304.409
304.427
304.444
304.462
304.477
304.491
304.506
304.521
304.536
304.552
304.567
304.582
304.597
304.611
304.625
304.639
304.652
304.665
304.678
304.691
304.703
304.715
304.727
304.738
304.75
304.763
304.775
304.786
304.796
304.805
304.814
304.824
304.835
304.844
304.853
304.86
304.869
304.878
304.886
304.894
304.902
304.91
304.916
304.923
304.93
304.935
304.942
304.947
304.952
304.958
304.963
304.968
304.972
304.976
304.979
304.983
304.987
304.99
304.994
304.997
304.999
305.001
305.003
305.005
305.007
305.007
305.008
305.009
305.009
305.009
305.008
305.007
305.006
305.003
305.001
304.997
304.993
304.988
304.983
304.976
304.969
304.961
304.952
304.941
304.93
304.917
304.903
304.888
304.871
304.852
304.831
304.809
304.784
304.756
304.723
304.684
304.643
304.603
304.557
304.505
304.446
304.38
304.268
304.164
304.03
303.852
302.719
302.83
302.916
302.989
303.052
303.105
303.15
303.191
303.231
303.268
303.303
303.337
303.37
303.403
303.435
303.466
303.496
303.524
303.552
303.58
303.607
303.634
303.661
303.687
303.713
303.739
303.764
303.789
303.813
303.837
303.86
303.884
303.906
303.929
303.951
303.972
303.994
304.015
304.035
304.056
304.076
304.096
304.116
304.137
304.157
304.176
304.195
304.214
304.233
304.252
304.27
304.287
304.305
304.322
304.34
304.358
304.376
304.393
304.41
304.426
304.441
304.456
304.471
304.487
304.502
304.517
304.532
304.547
304.562
304.576
304.59
304.603
304.616
304.629
304.642
304.654
304.666
304.678
304.69
304.702
304.715
304.726
304.737
304.748
304.757
304.767
304.776
304.787
304.796
304.805
304.813
304.822
304.831
304.839
304.847
304.855
304.863
304.869
304.876
304.883
304.889
304.895
304.9
304.906
304.911
304.917
304.921
304.925
304.929
304.933
304.937
304.94
304.944
304.947
304.95
304.952
304.955
304.957
304.959
304.96
304.961
304.962
304.963
304.963
304.962
304.962
304.961
304.959
304.957
304.955
304.951
304.947
304.942
304.937
304.93
304.923
304.915
304.906
304.895
304.884
304.871
304.857
304.842
304.825
304.806
304.785
304.762
304.737
304.709
304.676
304.637
304.597
304.555
304.508
304.455
304.394
304.324
304.216
304.106
303.966
303.771
302.638
302.734
302.818
302.891
302.956
303.012
303.061
303.107
303.149
303.188
303.226
303.262
303.297
303.331
303.364
303.396
303.426
303.456
303.485
303.514
303.542
303.569
303.597
303.624
303.65
303.676
303.702
303.727
303.752
303.776
303.8
303.823
303.846
303.869
303.892
303.914
303.935
303.957
303.978
303.998
304.019
304.039
304.06
304.08
304.1
304.12
304.139
304.158
304.178
304.196
304.215
304.233
304.25
304.268
304.286
304.304
304.322
304.339
304.356
304.372
304.387
304.403
304.418
304.434
304.449
304.465
304.48
304.494
304.509
304.523
304.537
304.551
304.564
304.577
304.59
304.602
304.615
304.627
304.639
304.651
304.663
304.675
304.686
304.696
304.706
304.716
304.726
304.736
304.746
304.754
304.763
304.771
304.78
304.788
304.797
304.805
304.812
304.819
304.826
304.833
304.839
304.845
304.85
304.856
304.861
304.867
304.872
304.876
304.88
304.884
304.887
304.891
304.895
304.898
304.901
304.903
304.906
304.908
304.91
304.911
304.912
304.913
304.913
304.914
304.913
304.913
304.912
304.91
304.908
304.905
304.902
304.898
304.893
304.888
304.881
304.874
304.866
304.857
304.846
304.835
304.822
304.808
304.793
304.776
304.757
304.736
304.713
304.688
304.659
304.626
304.588
304.547
304.505
304.457
304.402
304.34
304.266
304.16
304.046
303.9
303.694
302.564
302.65
302.728
302.799
302.863
302.92
302.972
303.02
303.064
303.106
303.146
303.183
303.22
303.255
303.289
303.322
303.353
303.384
303.414
303.444
303.473
303.501
303.529
303.556
303.583
303.61
303.636
303.661
303.687
303.711
303.736
303.76
303.783
303.806
303.829
303.851
303.873
303.895
303.916
303.938
303.958
303.979
304
304.02
304.041
304.061
304.08
304.099
304.119
304.138
304.156
304.174
304.192
304.21
304.228
304.246
304.264
304.281
304.298
304.315
304.33
304.346
304.362
304.377
304.393
304.408
304.423
304.438
304.453
304.467
304.481
304.495
304.508
304.522
304.535
304.547
304.56
304.572
304.584
304.596
304.608
304.62
304.631
304.642
304.652
304.662
304.672
304.682
304.691
304.701
304.709
304.718
304.727
304.735
304.743
304.751
304.759
304.766
304.773
304.78
304.786
304.792
304.798
304.803
304.809
304.814
304.819
304.823
304.827
304.831
304.835
304.839
304.842
304.845
304.848
304.851
304.853
304.855
304.857
304.859
304.86
304.86
304.861
304.861
304.861
304.86
304.859
304.858
304.856
304.853
304.85
304.846
304.841
304.835
304.829
304.822
304.814
304.804
304.794
304.783
304.77
304.756
304.741
304.724
304.705
304.684
304.661
304.635
304.606
304.573
304.535
304.494
304.451
304.402
304.347
304.282
304.205
304.101
303.983
303.832
303.62
302.494
302.571
302.643
302.711
302.773
302.83
302.883
302.932
302.978
303.021
303.062
303.102
303.139
303.176
303.211
303.244
303.277
303.309
303.34
303.37
303.4
303.429
303.457
303.485
303.513
303.54
303.566
303.592
303.618
303.643
303.668
303.692
303.716
303.739
303.763
303.785
303.808
303.83
303.852
303.873
303.894
303.915
303.936
303.957
303.977
303.997
304.017
304.037
304.056
304.075
304.094
304.112
304.131
304.149
304.167
304.185
304.203
304.22
304.237
304.254
304.27
304.286
304.302
304.317
304.333
304.348
304.364
304.379
304.393
304.408
304.422
304.436
304.449
304.463
304.476
304.489
304.501
304.514
304.526
304.538
304.55
304.562
304.573
304.584
304.594
304.604
304.614
304.624
304.634
304.643
304.652
304.661
304.67
304.678
304.686
304.694
304.702
304.709
304.716
304.723
304.729
304.735
304.741
304.747
304.752
304.758
304.763
304.767
304.771
304.775
304.779
304.783
304.786
304.79
304.792
304.795
304.797
304.799
304.801
304.803
304.804
304.805
304.805
304.805
304.805
304.805
304.804
304.802
304.8
304.797
304.794
304.79
304.785
304.78
304.773
304.766
304.758
304.749
304.739
304.727
304.715
304.701
304.685
304.668
304.649
304.628
304.605
304.579
304.55
304.517
304.479
304.438
304.394
304.344
304.288
304.221
304.142
304.038
303.917
303.763
303.549
302.426
302.495
302.562
302.626
302.686
302.742
302.795
302.844
302.891
302.935
302.977
303.017
303.056
303.093
303.129
303.164
303.197
303.23
303.262
303.293
303.323
303.353
303.382
303.41
303.438
303.466
303.493
303.519
303.545
303.571
303.596
303.621
303.645
303.669
303.692
303.716
303.738
303.761
303.783
303.805
303.826
303.847
303.869
303.889
303.91
303.93
303.95
303.97
303.99
304.009
304.028
304.047
304.065
304.084
304.102
304.12
304.138
304.155
304.172
304.189
304.205
304.222
304.238
304.254
304.269
304.285
304.3
304.315
304.33
304.345
304.359
304.373
304.387
304.4
304.413
304.426
304.439
304.452
304.464
304.476
304.488
304.5
304.511
304.522
304.533
304.543
304.553
304.563
304.573
304.582
304.591
304.6
304.609
304.617
304.626
304.634
304.641
304.649
304.656
304.663
304.669
304.675
304.681
304.687
304.692
304.698
304.703
304.707
304.712
304.716
304.72
304.723
304.727
304.73
304.733
304.736
304.738
304.74
304.742
304.743
304.745
304.745
304.746
304.746
304.746
304.745
304.744
304.743
304.741
304.738
304.735
304.731
304.726
304.721
304.714
304.707
304.699
304.69
304.68
304.668
304.656
304.642
304.626
304.609
304.59
304.569
304.546
304.52
304.491
304.457
304.42
304.379
304.334
304.283
304.225
304.157
304.076
303.972
303.849
303.693
303.48
302.359
302.422
302.484
302.544
302.601
302.655
302.707
302.756
302.803
302.848
302.89
302.931
302.97
303.008
303.045
303.08
303.114
303.148
303.18
303.212
303.243
303.273
303.303
303.332
303.36
303.388
303.416
303.442
303.469
303.495
303.52
303.545
303.57
303.594
303.618
303.642
303.665
303.688
303.71
303.732
303.754
303.776
303.797
303.818
303.839
303.859
303.88
303.9
303.919
303.939
303.958
303.977
303.996
304.014
304.033
304.051
304.069
304.086
304.104
304.12
304.137
304.154
304.17
304.186
304.202
304.217
304.233
304.248
304.263
304.278
304.292
304.306
304.32
304.334
304.347
304.36
304.373
304.386
304.398
304.41
304.422
304.434
304.446
304.457
304.468
304.478
304.488
304.498
304.508
304.518
304.527
304.536
304.545
304.553
304.561
304.569
304.577
304.585
304.592
304.599
304.605
304.611
304.617
304.623
304.629
304.634
304.639
304.644
304.648
304.652
304.656
304.66
304.664
304.667
304.67
304.672
304.675
304.677
304.679
304.68
304.682
304.682
304.683
304.683
304.683
304.682
304.681
304.68
304.678
304.675
304.672
304.668
304.663
304.658
304.652
304.644
304.636
304.627
304.617
304.606
304.593
304.579
304.564
304.547
304.528
304.507
304.483
304.457
304.428
304.394
304.357
304.316
304.27
304.219
304.16
304.09
304.007
303.904
303.779
303.622
303.413
302.292
302.351
302.408
302.464
302.518
302.57
302.621
302.669
302.715
302.759
302.802
302.843
302.883
302.921
302.958
302.994
303.029
303.062
303.095
303.128
303.159
303.19
303.22
303.249
303.278
303.307
303.334
303.362
303.389
303.415
303.441
303.466
303.491
303.516
303.54
303.564
303.587
303.611
303.633
303.656
303.678
303.7
303.721
303.743
303.764
303.784
303.805
303.825
303.845
303.865
303.884
303.903
303.922
303.941
303.959
303.978
303.996
304.013
304.031
304.048
304.065
304.081
304.098
304.114
304.13
304.146
304.161
304.177
304.192
304.206
304.221
304.235
304.249
304.263
304.277
304.29
304.303
304.316
304.328
304.341
304.353
304.365
304.376
304.387
304.398
304.409
304.419
304.429
304.439
304.449
304.458
304.467
304.476
304.485
304.493
304.501
304.509
304.517
304.524
304.531
304.537
304.544
304.55
304.556
304.561
304.567
304.572
304.576
304.581
304.585
304.589
304.593
304.596
304.6
304.603
304.605
304.608
304.61
304.612
304.613
304.615
304.615
304.616
304.616
304.616
304.615
304.614
304.613
304.611
304.608
304.605
304.601
304.596
304.591
304.585
304.578
304.57
304.561
304.551
304.539
304.527
304.513
304.498
304.481
304.462
304.44
304.417
304.391
304.361
304.328
304.29
304.249
304.203
304.15
304.09
304.02
303.936
303.832
303.707
303.551
303.348
302.225
302.279
302.333
302.385
302.436
302.486
302.535
302.581
302.627
302.67
302.713
302.753
302.793
302.831
302.869
302.905
302.94
302.974
303.008
303.04
303.072
303.103
303.134
303.163
303.193
303.221
303.25
303.277
303.304
303.331
303.357
303.383
303.408
303.433
303.458
303.482
303.506
303.529
303.552
303.575
303.597
303.62
303.641
303.663
303.684
303.705
303.726
303.746
303.766
303.786
303.806
303.825
303.844
303.863
303.882
303.9
303.918
303.936
303.954
303.971
303.988
304.005
304.021
304.038
304.054
304.07
304.085
304.101
304.116
304.131
304.146
304.16
304.174
304.188
304.202
304.215
304.228
304.241
304.254
304.267
304.279
304.291
304.302
304.314
304.325
304.335
304.346
304.356
304.366
304.376
304.385
304.394
304.403
304.412
304.421
304.429
304.437
304.444
304.452
304.459
304.465
304.472
304.478
304.484
304.489
304.495
304.5
304.505
304.509
304.514
304.518
304.521
304.525
304.528
304.531
304.534
304.537
304.539
304.541
304.542
304.543
304.544
304.545
304.545
304.545
304.544
304.543
304.542
304.54
304.537
304.534
304.53
304.526
304.52
304.514
304.507
304.499
304.49
304.48
304.469
304.457
304.443
304.427
304.41
304.391
304.37
304.347
304.32
304.291
304.257
304.22
304.178
304.132
304.079
304.018
303.946
303.861
303.758
303.633
303.478
303.283
302.158
302.208
302.258
302.307
302.356
302.403
302.449
302.494
302.538
302.581
302.622
302.663
302.702
302.74
302.777
302.814
302.849
302.883
302.917
302.95
302.982
303.013
303.044
303.074
303.104
303.133
303.161
303.189
303.216
303.243
303.27
303.296
303.322
303.347
303.372
303.396
303.42
303.444
303.467
303.49
303.513
303.535
303.557
303.579
303.6
303.622
303.642
303.663
303.683
303.703
303.723
303.743
303.762
303.781
303.8
303.818
303.837
303.855
303.872
303.89
303.907
303.924
303.941
303.957
303.973
303.989
304.005
304.021
304.036
304.051
304.066
304.081
304.095
304.109
304.123
304.136
304.15
304.163
304.175
304.188
304.2
304.212
304.224
304.236
304.247
304.258
304.268
304.279
304.289
304.299
304.308
304.317
304.326
304.335
304.344
304.352
304.36
304.368
304.375
304.382
304.389
304.395
304.402
304.408
304.413
304.419
304.424
304.429
304.433
304.438
304.442
304.446
304.449
304.453
304.456
304.458
304.461
304.463
304.465
304.467
304.468
304.469
304.47
304.47
304.47
304.469
304.468
304.467
304.465
304.462
304.459
304.455
304.45
304.445
304.439
304.432
304.424
304.415
304.405
304.394
304.382
304.368
304.353
304.336
304.317
304.296
304.272
304.246
304.216
304.183
304.145
304.103
304.056
304.003
303.941
303.869
303.784
303.681
303.557
303.405
303.218
302.091
302.137
302.184
302.23
302.275
302.32
302.364
302.407
302.45
302.491
302.532
302.571
302.61
302.648
302.684
302.72
302.756
302.79
302.823
302.856
302.888
302.92
302.951
302.981
303.011
303.04
303.069
303.097
303.125
303.152
303.179
303.205
303.231
303.256
303.281
303.306
303.33
303.354
303.378
303.401
303.424
303.446
303.469
303.491
303.512
303.534
303.555
303.575
303.596
303.616
303.636
303.656
303.675
303.694
303.713
303.732
303.75
303.768
303.786
303.804
303.821
303.838
303.855
303.872
303.888
303.905
303.92
303.936
303.952
303.967
303.982
303.996
304.011
304.025
304.039
304.053
304.066
304.079
304.092
304.105
304.117
304.13
304.141
304.153
304.164
304.175
304.186
304.196
304.207
304.217
304.226
304.236
304.245
304.254
304.262
304.27
304.279
304.286
304.294
304.301
304.308
304.314
304.321
304.327
304.333
304.338
304.343
304.348
304.353
304.357
304.361
304.365
304.369
304.372
304.376
304.378
304.381
304.383
304.385
304.387
304.388
304.389
304.39
304.39
304.39
304.389
304.388
304.387
304.385
304.382
304.379
304.375
304.371
304.366
304.36
304.353
304.345
304.336
304.326
304.315
304.303
304.289
304.274
304.257
304.238
304.217
304.193
304.167
304.137
304.104
304.067
304.025
303.977
303.923
303.861
303.789
303.704
303.601
303.479
303.331
303.153
302.023
302.066
302.109
302.152
302.195
302.238
302.279
302.321
302.361
302.401
302.441
302.479
302.517
302.554
302.59
302.626
302.66
302.694
302.728
302.76
302.793
302.824
302.855
302.885
302.915
302.944
302.973
303.002
303.029
303.057
303.084
303.11
303.136
303.162
303.187
303.212
303.236
303.26
303.284
303.308
303.331
303.353
303.376
303.398
303.42
303.441
303.462
303.483
303.504
303.524
303.544
303.564
303.584
303.603
303.622
303.641
303.659
303.678
303.696
303.714
303.731
303.748
303.765
303.782
303.799
303.815
303.831
303.847
303.862
303.878
303.893
303.908
303.922
303.937
303.951
303.964
303.978
303.991
304.004
304.017
304.03
304.042
304.054
304.066
304.077
304.088
304.099
304.11
304.12
304.13
304.14
304.149
304.158
304.167
304.176
304.184
304.192
304.2
304.208
304.215
304.222
304.229
304.235
304.241
304.247
304.253
304.258
304.263
304.268
304.272
304.276
304.28
304.284
304.287
304.291
304.293
304.296
304.298
304.3
304.302
304.303
304.304
304.305
304.305
304.305
304.305
304.304
304.302
304.3
304.298
304.295
304.291
304.287
304.281
304.275
304.269
304.261
304.252
304.242
304.231
304.219
304.206
304.19
304.173
304.155
304.133
304.11
304.084
304.054
304.021
303.983
303.941
303.894
303.84
303.778
303.705
303.62
303.519
303.399
303.256
303.087
301.954
301.994
302.034
302.075
302.115
302.155
302.195
302.234
302.273
302.311
302.349
302.386
302.423
302.459
302.494
302.529
302.563
302.597
302.63
302.662
302.694
302.726
302.756
302.787
302.816
302.846
302.874
302.903
302.93
302.958
302.985
303.011
303.038
303.063
303.089
303.114
303.138
303.162
303.186
303.21
303.233
303.256
303.279
303.301
303.323
303.344
303.366
303.387
303.408
303.428
303.448
303.468
303.488
303.507
303.526
303.545
303.564
303.582
303.6
303.618
303.636
303.653
303.67
303.687
303.704
303.72
303.737
303.753
303.768
303.784
303.799
303.814
303.829
303.843
303.857
303.871
303.885
303.898
303.911
303.924
303.937
303.949
303.961
303.973
303.985
303.996
304.007
304.018
304.028
304.038
304.048
304.058
304.067
304.076
304.085
304.093
304.101
304.109
304.117
304.124
304.131
304.138
304.145
304.151
304.157
304.162
304.168
304.173
304.178
304.182
304.186
304.19
304.194
304.198
304.201
304.204
304.206
304.209
304.211
304.212
304.214
304.215
304.215
304.216
304.216
304.215
304.214
304.213
304.211
304.208
304.205
304.202
304.197
304.192
304.186
304.18
304.172
304.163
304.154
304.143
304.131
304.117
304.102
304.085
304.066
304.045
304.022
303.996
303.966
303.933
303.896
303.854
303.806
303.752
303.69
303.618
303.533
303.434
303.317
303.18
303.02
301.884
301.921
301.959
301.997
302.035
302.072
302.11
302.147
302.184
302.221
302.257
302.293
302.328
302.363
302.398
302.431
302.465
302.498
302.53
302.562
302.594
302.625
302.655
302.685
302.715
302.744
302.772
302.801
302.828
302.856
302.883
302.909
302.935
302.961
302.986
303.011
303.036
303.06
303.084
303.108
303.131
303.154
303.177
303.199
303.221
303.243
303.265
303.286
303.307
303.327
303.347
303.367
303.387
303.407
303.426
303.445
303.464
303.482
303.5
303.518
303.536
303.554
303.571
303.588
303.605
303.621
303.637
303.653
303.669
303.685
303.7
303.715
303.73
303.745
303.759
303.773
303.787
303.8
303.814
303.827
303.839
303.852
303.864
303.876
303.888
303.899
303.91
303.921
303.931
303.941
303.951
303.961
303.97
303.98
303.988
303.997
304.005
304.013
304.021
304.028
304.035
304.042
304.049
304.055
304.061
304.067
304.072
304.077
304.082
304.087
304.091
304.095
304.099
304.102
304.106
304.109
304.111
304.114
304.116
304.117
304.119
304.12
304.121
304.121
304.121
304.12
304.12
304.118
304.116
304.114
304.111
304.107
304.103
304.098
304.092
304.086
304.078
304.07
304.06
304.049
304.037
304.024
304.009
303.992
303.973
303.952
303.929
303.903
303.874
303.841
303.803
303.762
303.714
303.66
303.598
303.527
303.444
303.347
303.233
303.101
302.95
301.813
301.848
301.884
301.919
301.954
301.99
302.025
302.06
302.095
302.13
302.165
302.199
302.233
302.267
302.3
302.333
302.365
302.397
302.429
302.46
302.491
302.522
302.552
302.581
302.61
302.639
302.667
302.695
302.723
302.75
302.777
302.803
302.83
302.855
302.881
302.906
302.93
302.955
302.979
303.002
303.025
303.048
303.071
303.094
303.116
303.137
303.159
303.18
303.201
303.222
303.242
303.262
303.282
303.301
303.321
303.34
303.359
303.377
303.395
303.413
303.431
303.449
303.466
303.483
303.5
303.517
303.533
303.549
303.565
303.581
303.596
303.611
303.626
303.641
303.655
303.67
303.683
303.697
303.71
303.724
303.736
303.749
303.761
303.773
303.785
303.797
303.808
303.819
303.829
303.84
303.85
303.859
303.869
303.878
303.887
303.896
303.904
303.912
303.92
303.927
303.934
303.941
303.948
303.954
303.96
303.966
303.971
303.977
303.982
303.986
303.991
303.995
303.999
304.002
304.005
304.008
304.011
304.013
304.016
304.017
304.019
304.02
304.021
304.021
304.021
304.021
304.02
304.018
304.017
304.014
304.011
304.008
304.003
303.999
303.993
303.986
303.979
303.971
303.961
303.95
303.939
303.925
303.91
303.894
303.875
303.854
303.831
303.805
303.776
303.743
303.706
303.665
303.618
303.564
303.503
303.432
303.351
303.256
303.147
303.021
302.879
301.742
301.774
301.807
301.84
301.873
301.907
301.94
301.973
302.006
302.039
302.072
302.105
302.137
302.169
302.201
302.233
302.265
302.296
302.326
302.357
302.387
302.417
302.446
302.475
302.504
302.532
302.56
302.588
302.615
302.642
302.668
302.695
302.72
302.746
302.771
302.796
302.821
302.845
302.869
302.892
302.916
302.939
302.961
302.984
303.006
303.027
303.049
303.07
303.091
303.112
303.132
303.152
303.172
303.192
303.211
303.23
303.249
303.267
303.286
303.304
303.322
303.339
303.357
303.374
303.391
303.407
303.424
303.44
303.456
303.472
303.487
303.502
303.517
303.532
303.547
303.561
303.575
303.589
303.602
303.615
303.628
303.641
303.653
303.665
303.677
303.689
303.7
303.711
303.722
303.732
303.742
303.752
303.762
303.771
303.78
303.789
303.797
303.805
303.813
303.821
303.828
303.835
303.841
303.848
303.854
303.86
303.865
303.871
303.876
303.88
303.885
303.889
303.893
303.896
303.9
303.903
303.905
303.908
303.91
303.912
303.913
303.914
303.915
303.915
303.916
303.915
303.914
303.913
303.911
303.909
303.906
303.903
303.899
303.894
303.888
303.882
303.874
303.866
303.857
303.846
303.835
303.821
303.807
303.79
303.772
303.751
303.728
303.703
303.674
303.641
303.605
303.563
303.517
303.464
303.403
303.334
303.254
303.163
303.058
302.938
302.805
301.669
301.699
301.73
301.761
301.792
301.823
301.854
301.885
301.917
301.948
301.979
302.01
302.041
302.072
302.102
302.133
302.163
302.193
302.223
302.252
302.281
302.31
302.339
302.367
302.395
302.423
302.45
302.477
302.504
302.531
302.557
302.583
302.608
302.634
302.659
302.683
302.708
302.732
302.755
302.779
302.802
302.825
302.847
302.869
302.891
302.913
302.935
302.956
302.977
302.997
303.017
303.038
303.057
303.077
303.096
303.115
303.134
303.153
303.171
303.189
303.207
303.225
303.242
303.259
303.276
303.293
303.309
303.326
303.342
303.357
303.373
303.388
303.403
303.418
303.433
303.447
303.461
303.475
303.488
303.502
303.515
303.528
303.54
303.552
303.564
303.576
303.587
303.598
303.609
303.619
303.63
303.639
303.649
303.658
303.667
303.676
303.685
303.693
303.701
303.708
303.716
303.723
303.729
303.736
303.742
303.748
303.754
303.759
303.764
303.769
303.773
303.777
303.781
303.785
303.788
303.791
303.794
303.797
303.799
303.8
303.802
303.803
303.804
303.804
303.804
303.804
303.803
303.802
303.8
303.798
303.795
303.792
303.788
303.783
303.778
303.771
303.764
303.756
303.747
303.737
303.725
303.712
303.698
303.681
303.663
303.643
303.62
303.595
303.566
303.534
303.498
303.457
303.411
303.359
303.3
303.232
303.154
303.066
302.966
302.853
302.728
301.596
301.624
301.652
301.681
301.71
301.739
301.768
301.798
301.827
301.856
301.886
301.915
301.944
301.974
302.003
302.032
302.061
302.089
302.118
302.146
302.174
302.202
302.23
302.258
302.285
302.312
302.339
302.365
302.391
302.417
302.443
302.468
302.493
302.518
302.543
302.567
302.591
302.615
302.638
302.662
302.684
302.707
302.729
302.752
302.773
302.795
302.816
302.837
302.858
302.878
302.899
302.919
302.938
302.958
302.977
302.996
303.015
303.033
303.052
303.07
303.088
303.105
303.123
303.14
303.157
303.173
303.19
303.206
303.222
303.238
303.254
303.269
303.284
303.299
303.314
303.328
303.342
303.356
303.369
303.383
303.396
303.409
303.421
303.433
303.445
303.457
303.468
303.48
303.49
303.501
303.511
303.521
303.531
303.54
303.549
303.558
303.567
303.575
303.583
303.591
303.598
303.605
303.612
303.618
303.625
303.63
303.636
303.642
303.647
303.651
303.656
303.66
303.664
303.668
303.671
303.674
303.677
303.68
303.682
303.684
303.685
303.686
303.687
303.688
303.688
303.687
303.687
303.686
303.684
303.682
303.679
303.676
303.672
303.667
303.662
303.656
303.649
303.641
303.632
303.621
303.61
303.597
303.583
303.567
303.549
303.529
303.507
303.481
303.453
303.422
303.386
303.346
303.301
303.25
303.192
303.126
303.051
302.966
302.871
302.765
302.647
301.521
301.548
301.574
301.601
301.628
301.655
301.682
301.71
301.737
301.765
301.792
301.82
301.847
301.875
301.903
301.93
301.958
301.985
302.012
302.04
302.067
302.093
302.12
302.147
302.173
302.199
302.225
302.251
302.276
302.302
302.327
302.351
302.376
302.4
302.424
302.448
302.472
302.495
302.518
302.541
302.564
302.586
302.608
302.63
302.652
302.673
302.694
302.715
302.735
302.756
302.776
302.795
302.815
302.834
302.854
302.872
302.891
302.91
302.928
302.946
302.963
302.981
302.998
303.015
303.032
303.049
303.065
303.082
303.098
303.114
303.129
303.144
303.16
303.174
303.189
303.203
303.218
303.231
303.245
303.258
303.272
303.284
303.297
303.309
303.321
303.333
303.344
303.356
303.366
303.377
303.387
303.397
303.407
303.417
303.426
303.435
303.443
303.451
303.459
303.467
303.475
303.482
303.488
303.495
303.501
303.507
303.513
303.518
303.523
303.528
303.533
303.537
303.541
303.545
303.548
303.551
303.554
303.557
303.559
303.561
303.562
303.564
303.565
303.565
303.565
303.565
303.564
303.563
303.562
303.559
303.557
303.554
303.55
303.545
303.54
303.534
303.527
303.519
303.51
303.501
303.489
303.477
303.463
303.447
303.429
303.41
303.388
303.363
303.335
303.304
303.269
303.23
303.186
303.136
303.08
303.016
302.944
302.864
302.773
302.673
302.564
301.446
301.471
301.495
301.52
301.545
301.57
301.596
301.621
301.647
301.673
301.698
301.724
301.75
301.776
301.802
301.828
301.855
301.88
301.906
301.932
301.958
301.984
302.009
302.035
302.06
302.085
302.11
302.135
302.16
302.184
302.208
302.233
302.256
302.28
302.304
302.327
302.35
302.373
302.395
302.418
302.44
302.462
302.484
302.505
302.526
302.547
302.568
302.589
302.609
302.629
302.649
302.668
302.688
302.707
302.726
302.744
302.763
302.781
302.799
302.817
302.835
302.852
302.869
302.886
302.903
302.92
302.936
302.952
302.968
302.984
303
303.015
303.03
303.045
303.059
303.074
303.088
303.102
303.115
303.129
303.142
303.155
303.167
303.18
303.192
303.203
303.215
303.226
303.237
303.248
303.258
303.268
303.278
303.287
303.296
303.305
303.314
303.322
303.33
303.338
303.345
303.353
303.359
303.366
303.372
303.378
303.384
303.389
303.395
303.399
303.404
303.408
303.412
303.416
303.42
303.423
303.426
303.428
303.43
303.432
303.434
303.435
303.436
303.437
303.437
303.437
303.436
303.435
303.433
303.431
303.429
303.426
303.422
303.418
303.413
303.407
303.4
303.392
303.384
303.374
303.363
303.351
303.337
303.321
303.304
303.285
303.263
303.239
303.212
303.182
303.148
303.109
303.066
303.018
302.964
302.903
302.834
302.757
302.672
302.578
302.476
301.37
301.393
301.416
301.439
301.462
301.485
301.509
301.533
301.556
301.58
301.605
301.629
301.653
301.678
301.702
301.727
301.751
301.776
301.8
301.825
301.849
301.873
301.898
301.922
301.946
301.97
301.994
302.018
302.042
302.065
302.089
302.112
302.135
302.158
302.181
302.203
302.226
302.248
302.27
302.292
302.314
302.335
302.356
302.377
302.398
302.418
302.439
302.459
302.479
302.499
302.518
302.537
302.557
302.575
302.594
302.613
302.631
302.649
302.667
302.684
302.702
302.719
302.736
302.753
302.77
302.786
302.802
302.818
302.834
302.85
302.865
302.88
302.895
302.91
302.925
302.939
302.953
302.967
302.981
302.994
303.007
303.02
303.032
303.045
303.057
303.068
303.08
303.091
303.102
303.113
303.123
303.133
303.143
303.152
303.161
303.17
303.179
303.187
303.195
303.203
303.211
303.218
303.225
303.231
303.238
303.244
303.249
303.255
303.26
303.265
303.269
303.274
303.278
303.282
303.285
303.288
303.291
303.294
303.296
303.298
303.299
303.301
303.302
303.302
303.303
303.302
303.302
303.301
303.299
303.298
303.295
303.292
303.288
303.284
303.279
303.274
303.267
303.26
303.251
303.242
303.231
303.219
303.205
303.19
303.174
303.155
303.134
303.11
303.084
303.054
303.021
302.984
302.942
302.896
302.843
302.785
302.72
302.647
302.567
302.48
302.385
301.294
301.315
301.336
301.357
301.378
301.4
301.422
301.444
301.466
301.488
301.511
301.533
301.556
301.579
301.602
301.625
301.648
301.671
301.694
301.717
301.74
301.763
301.786
301.809
301.832
301.855
301.878
301.9
301.923
301.945
301.968
301.99
302.012
302.035
302.056
302.078
302.1
302.121
302.143
302.164
302.185
302.206
302.226
302.247
302.267
302.287
302.307
302.326
302.346
302.365
302.384
302.403
302.422
302.44
302.459
302.477
302.495
302.513
302.53
302.548
302.565
302.582
302.599
302.615
302.632
302.648
302.664
302.68
302.696
302.711
302.726
302.741
302.756
302.771
302.785
302.8
302.814
302.827
302.841
302.854
302.867
302.88
302.892
302.905
302.917
302.928
302.94
302.951
302.962
302.972
302.983
302.993
303.002
303.012
303.021
303.03
303.039
303.047
303.055
303.063
303.07
303.077
303.084
303.091
303.097
303.103
303.109
303.114
303.12
303.124
303.129
303.133
303.137
303.141
303.145
303.148
303.151
303.153
303.156
303.158
303.159
303.161
303.162
303.162
303.163
303.163
303.162
303.161
303.16
303.158
303.156
303.153
303.149
303.145
303.14
303.135
303.128
303.121
303.113
303.104
303.093
303.082
303.069
303.054
303.037
303.019
302.999
302.976
302.95
302.922
302.89
302.854
302.814
302.769
302.719
302.664
302.602
302.534
302.459
302.378
302.29
301.217
301.236
301.255
301.275
301.295
301.315
301.335
301.355
301.376
301.396
301.417
301.438
301.459
301.48
301.501
301.523
301.544
301.566
301.587
301.609
301.631
301.652
301.674
301.696
301.717
301.739
301.76
301.782
301.804
301.825
301.846
301.868
301.889
301.91
301.931
301.952
301.973
301.993
302.014
302.034
302.054
302.074
302.094
302.114
302.134
302.153
302.172
302.191
302.21
302.229
302.248
302.266
302.284
302.302
302.32
302.338
302.356
302.373
302.39
302.407
302.424
302.441
302.457
302.474
302.49
302.506
302.522
302.537
302.553
302.568
302.583
302.598
302.613
302.627
302.641
302.656
302.669
302.683
302.696
302.71
302.722
302.735
302.747
302.76
302.772
302.783
302.794
302.806
302.816
302.827
302.837
302.847
302.857
302.866
302.875
302.884
302.893
302.901
302.909
302.917
302.924
302.932
302.938
302.945
302.951
302.957
302.963
302.969
302.974
302.979
302.983
302.988
302.992
302.995
302.999
303.002
303.005
303.008
303.01
303.012
303.014
303.015
303.016
303.017
303.017
303.017
303.017
303.016
303.014
303.013
303.01
303.008
303.004
303
302.996
302.99
302.984
302.977
302.969
302.96
302.95
302.939
302.926
302.912
302.896
302.878
302.859
302.837
302.812
302.784
302.754
302.719
302.681
302.638
302.591
302.539
302.481
302.417
302.347
302.272
302.191
301.14
301.157
301.175
301.193
301.211
301.229
301.248
301.266
301.285
301.304
301.324
301.343
301.362
301.382
301.402
301.421
301.441
301.461
301.481
301.501
301.522
301.542
301.562
301.582
301.603
301.623
301.643
301.664
301.684
301.704
301.724
301.745
301.765
301.785
301.805
301.825
301.844
301.864
301.884
301.903
301.922
301.942
301.961
301.98
301.999
302.017
302.036
302.054
302.073
302.091
302.109
302.127
302.144
302.162
302.179
302.197
302.214
302.231
302.247
302.264
302.28
302.297
302.313
302.329
302.345
302.36
302.376
302.391
302.406
302.421
302.436
302.451
302.465
302.479
302.494
302.507
302.521
302.534
302.548
302.561
302.573
302.586
302.598
302.61
302.622
302.633
302.645
302.656
302.666
302.677
302.687
302.697
302.706
302.716
302.725
302.734
302.742
302.75
302.758
302.766
302.774
302.781
302.787
302.794
302.8
302.806
302.812
302.817
302.823
302.828
302.832
302.836
302.841
302.844
302.848
302.851
302.854
302.857
302.859
302.861
302.863
302.864
302.865
302.866
302.866
302.866
302.866
302.865
302.864
302.862
302.86
302.857
302.854
302.85
302.846
302.841
302.835
302.828
302.82
302.812
302.802
302.791
302.779
302.765
302.75
302.733
302.714
302.693
302.669
302.643
302.613
302.58
302.544
302.504
302.459
302.41
302.356
302.297
302.232
302.162
302.088
301.062
301.078
301.094
301.111
301.127
301.144
301.161
301.178
301.196
301.213
301.231
301.248
301.266
301.284
301.302
301.321
301.339
301.357
301.376
301.395
301.413
301.432
301.451
301.47
301.489
301.508
301.527
301.546
301.565
301.584
301.603
301.622
301.641
301.659
301.678
301.697
301.716
301.734
301.753
301.772
301.79
301.808
301.827
301.845
301.863
301.881
301.898
301.916
301.934
301.951
301.968
301.985
302.003
302.019
302.036
302.053
302.069
302.086
302.102
302.118
302.134
302.15
302.166
302.181
302.197
302.212
302.227
302.242
302.257
302.271
302.286
302.3
302.314
302.328
302.342
302.356
302.369
302.382
302.395
302.408
302.42
302.433
302.445
302.457
302.468
302.479
302.491
302.501
302.512
302.522
302.532
302.542
302.552
302.561
302.57
302.579
302.587
302.595
302.603
302.611
302.618
302.625
302.632
302.638
302.644
302.65
302.656
302.662
302.667
302.672
302.676
302.68
302.684
302.688
302.692
302.695
302.698
302.7
302.703
302.705
302.707
302.708
302.709
302.71
302.71
302.71
302.71
302.709
302.708
302.707
302.705
302.702
302.699
302.695
302.691
302.686
302.681
302.674
302.667
302.658
302.649
302.639
302.627
302.614
302.599
302.583
302.565
302.544
302.522
302.497
302.469
302.438
302.404
302.366
302.324
302.278
302.228
302.173
302.113
302.049
301.981
300.985
301
301.014
301.029
301.044
301.06
301.075
301.091
301.106
301.122
301.138
301.155
301.171
301.187
301.204
301.221
301.238
301.255
301.272
301.289
301.306
301.323
301.341
301.358
301.376
301.393
301.411
301.429
301.446
301.464
301.482
301.499
301.517
301.535
301.552
301.57
301.588
301.605
301.623
301.64
301.657
301.675
301.692
301.709
301.726
301.743
301.76
301.777
301.794
301.81
301.827
301.843
301.859
301.876
301.892
301.908
301.924
301.939
301.955
301.97
301.986
302.001
302.016
302.031
302.046
302.061
302.076
302.09
302.105
302.119
302.133
302.147
302.16
302.174
302.187
302.201
302.214
302.227
302.239
302.252
302.264
302.276
302.288
302.299
302.311
302.322
302.333
302.343
302.354
302.364
302.374
302.383
302.393
302.402
302.411
302.419
302.428
302.436
302.443
302.451
302.458
302.465
302.472
302.478
302.484
302.49
302.496
302.501
302.506
302.511
302.516
302.52
302.524
302.528
302.531
302.534
302.537
302.54
302.542
302.544
302.546
302.547
302.548
302.549
302.55
302.55
302.55
302.549
302.548
302.547
302.545
302.542
302.539
302.536
302.532
302.527
302.522
302.516
302.509
302.501
302.492
302.482
302.471
302.458
302.444
302.429
302.411
302.392
302.371
302.347
302.321
302.292
302.26
302.224
302.185
302.143
302.096
302.046
301.991
301.932
301.87
300.908
300.921
300.935
300.948
300.962
300.976
300.99
301.004
301.018
301.032
301.047
301.062
301.077
301.092
301.107
301.122
301.137
301.153
301.169
301.184
301.2
301.216
301.232
301.248
301.264
301.28
301.296
301.313
301.329
301.345
301.362
301.378
301.394
301.411
301.427
301.444
301.46
301.476
301.493
301.509
301.525
301.542
301.558
301.574
301.59
301.606
301.622
301.638
301.654
301.669
301.685
301.701
301.716
301.731
301.747
301.762
301.777
301.792
301.807
301.822
301.837
301.851
301.866
301.88
301.894
301.909
301.923
301.937
301.951
301.964
301.978
301.991
302.005
302.018
302.031
302.044
302.056
302.069
302.081
302.093
302.105
302.117
302.128
302.14
302.151
302.161
302.172
302.182
302.193
302.203
302.212
302.222
302.231
302.24
302.248
302.257
302.265
302.273
302.28
302.288
302.295
302.302
302.308
302.315
302.321
302.326
302.332
302.337
302.342
302.347
302.351
302.356
302.36
302.363
302.367
302.37
302.373
302.375
302.378
302.38
302.381
302.383
302.384
302.385
302.385
302.386
302.385
302.385
302.384
302.383
302.381
302.379
302.376
302.373
302.369
302.364
302.359
302.353
302.347
302.339
302.331
302.321
302.311
302.299
302.286
302.271
302.255
302.237
302.217
302.194
302.17
302.143
302.113
302.08
302.044
302.005
301.962
301.916
301.866
301.813
301.756
300.832
300.844
300.856
300.868
300.88
300.893
300.905
300.918
300.931
300.944
300.957
300.971
300.984
300.998
301.011
301.025
301.039
301.053
301.067
301.081
301.096
301.11
301.125
301.139
301.154
301.169
301.184
301.199
301.213
301.228
301.244
301.259
301.274
301.289
301.304
301.319
301.334
301.349
301.365
301.38
301.395
301.41
301.425
301.44
301.455
301.47
301.485
301.5
301.514
301.529
301.544
301.559
301.573
301.588
301.602
301.616
301.631
301.645
301.659
301.673
301.687
301.701
301.715
301.729
301.742
301.756
301.769
301.783
301.796
301.809
301.822
301.835
301.848
301.86
301.873
301.885
301.897
301.909
301.921
301.933
301.944
301.956
301.967
301.978
301.989
301.999
302.009
302.019
302.029
302.039
302.048
302.057
302.066
302.075
302.083
302.092
302.1
302.107
302.115
302.122
302.129
302.135
302.142
302.148
302.154
302.16
302.165
302.17
302.175
302.18
302.184
302.188
302.192
302.196
302.199
302.202
302.205
302.208
302.21
302.212
302.214
302.215
302.216
302.217
302.218
302.218
302.218
302.218
302.217
302.215
302.214
302.212
302.209
302.206
302.203
302.198
302.194
302.188
302.182
302.175
302.167
302.158
302.148
302.137
302.124
302.111
302.095
302.079
302.06
302.039
302.016
301.991
301.964
301.934
301.901
301.865
301.826
301.784
301.739
301.69
301.639
300.757
300.768
300.778
300.789
300.8
300.811
300.823
300.834
300.846
300.857
300.869
300.881
300.893
300.905
300.918
300.93
300.943
300.955
300.968
300.981
300.994
301.007
301.02
301.033
301.046
301.06
301.073
301.087
301.1
301.114
301.128
301.141
301.155
301.169
301.183
301.197
301.211
301.224
301.238
301.252
301.266
301.28
301.294
301.308
301.322
301.336
301.349
301.363
301.377
301.391
301.404
301.418
301.432
301.445
301.459
301.472
301.485
301.499
301.512
301.525
301.538
301.552
301.565
301.578
301.591
301.603
301.616
301.629
301.641
301.654
301.666
301.679
301.691
301.703
301.715
301.727
301.738
301.75
301.761
301.772
301.783
301.794
301.805
301.815
301.826
301.836
301.846
301.855
301.865
301.874
301.883
301.892
301.9
301.909
301.917
301.925
301.933
301.94
301.947
301.954
301.961
301.967
301.974
301.98
301.985
301.991
301.996
302.001
302.006
302.011
302.015
302.019
302.023
302.026
302.03
302.033
302.035
302.038
302.04
302.042
302.044
302.045
302.047
302.047
302.048
302.048
302.048
302.048
302.047
302.046
302.045
302.043
302.04
302.038
302.034
302.03
302.026
302.021
302.015
302.008
302.001
301.992
301.983
301.973
301.961
301.949
301.934
301.919
301.901
301.882
301.861
301.838
301.813
301.786
301.756
301.723
301.688
301.65
301.609
301.566
301.52
300.684
300.693
300.703
300.712
300.722
300.732
300.742
300.752
300.762
300.773
300.783
300.794
300.805
300.815
300.826
300.838
300.849
300.86
300.871
300.883
300.894
300.906
300.918
300.93
300.942
300.954
300.966
300.978
300.99
301.003
301.015
301.027
301.04
301.052
301.065
301.077
301.09
301.103
301.115
301.128
301.141
301.153
301.166
301.179
301.191
301.204
301.217
301.229
301.242
301.255
301.267
301.28
301.292
301.305
301.317
301.33
301.342
301.355
301.367
301.379
301.392
301.404
301.416
301.428
301.441
301.453
301.465
301.476
301.488
301.5
301.512
301.523
301.535
301.546
301.557
301.569
301.58
301.591
301.601
301.612
301.622
301.633
301.643
301.653
301.663
301.672
301.682
301.691
301.7
301.709
301.718
301.726
301.734
301.742
301.75
301.758
301.765
301.772
301.779
301.786
301.793
301.799
301.805
301.811
301.816
301.822
301.827
301.831
301.836
301.841
301.845
301.849
301.852
301.856
301.859
301.862
301.865
301.867
301.869
301.871
301.873
301.874
301.876
301.877
301.877
301.878
301.878
301.877
301.877
301.876
301.874
301.873
301.87
301.868
301.865
301.861
301.857
301.852
301.847
301.841
301.834
301.826
301.818
301.808
301.797
301.786
301.773
301.758
301.742
301.725
301.706
301.685
301.662
301.637
301.61
301.581
301.549
301.515
301.479
301.44
301.399
300.612
300.62
300.629
300.637
300.646
300.655
300.664
300.673
300.682
300.691
300.7
300.709
300.719
300.729
300.738
300.748
300.758
300.768
300.778
300.788
300.799
300.809
300.819
300.83
300.841
300.851
300.862
300.873
300.884
300.895
300.906
300.917
300.928
300.939
300.951
300.962
300.973
300.985
300.996
301.007
301.019
301.03
301.042
301.053
301.065
301.076
301.088
301.099
301.111
301.122
301.134
301.145
301.157
301.168
301.18
301.191
301.203
301.214
301.226
301.237
301.248
301.26
301.271
301.282
301.293
301.305
301.316
301.327
301.338
301.349
301.36
301.371
301.381
301.392
301.403
301.413
301.423
301.434
301.444
301.454
301.464
301.473
301.483
301.492
301.502
301.511
301.52
301.528
301.537
301.545
301.554
301.562
301.57
301.577
301.585
301.592
301.599
301.606
301.612
301.619
301.625
301.631
301.637
301.642
301.648
301.653
301.658
301.662
301.667
301.671
301.675
301.679
301.682
301.686
301.689
301.692
301.694
301.697
301.699
301.701
301.702
301.704
301.705
301.706
301.707
301.707
301.707
301.707
301.706
301.706
301.704
301.703
301.701
301.698
301.696
301.692
301.688
301.684
301.679
301.674
301.667
301.66
301.652
301.644
301.634
301.623
301.611
301.598
301.584
301.568
301.551
301.532
301.511
301.489
301.465
301.439
301.41
301.38
301.348
301.314
301.277
300.543
300.551
300.558
300.565
300.573
300.581
300.588
300.596
300.604
300.612
300.62
300.628
300.637
300.645
300.654
300.662
300.671
300.68
300.689
300.698
300.707
300.716
300.725
300.734
300.744
300.753
300.763
300.772
300.782
300.792
300.801
300.811
300.821
300.831
300.841
300.851
300.861
300.871
300.881
300.892
300.902
300.912
300.922
300.933
300.943
300.953
300.964
300.974
300.984
300.995
301.005
301.016
301.026
301.037
301.047
301.057
301.068
301.078
301.089
301.099
301.109
301.12
301.13
301.14
301.151
301.161
301.171
301.181
301.192
301.202
301.212
301.222
301.232
301.242
301.251
301.261
301.271
301.28
301.29
301.299
301.308
301.317
301.326
301.335
301.344
301.352
301.361
301.369
301.377
301.385
301.392
301.4
301.407
301.415
301.422
301.429
301.435
301.442
301.448
301.454
301.46
301.465
301.471
301.476
301.481
301.486
301.491
301.495
301.499
301.504
301.507
301.511
301.514
301.518
301.521
301.523
301.526
301.528
301.53
301.532
301.534
301.535
301.536
301.537
301.538
301.538
301.539
301.538
301.538
301.537
301.536
301.535
301.533
301.531
301.528
301.525
301.522
301.518
301.513
301.508
301.503
301.496
301.489
301.481
301.472
301.463
301.452
301.44
301.427
301.413
301.398
301.381
301.363
301.343
301.321
301.298
301.273
301.247
301.218
301.188
301.156
300.478
300.484
300.49
300.497
300.503
300.51
300.517
300.523
300.53
300.537
300.544
300.551
300.559
300.566
300.573
300.581
300.588
300.596
300.604
300.611
300.619
300.627
300.635
300.643
300.652
300.66
300.668
300.677
300.685
300.694
300.702
300.711
300.719
300.728
300.737
300.746
300.755
300.764
300.773
300.782
300.791
300.8
300.809
300.818
300.827
300.836
300.846
300.855
300.864
300.873
300.883
300.892
300.901
300.911
300.92
300.929
300.939
300.948
300.957
300.967
300.976
300.986
300.995
301.004
301.014
301.023
301.032
301.042
301.051
301.06
301.069
301.078
301.088
301.097
301.106
301.114
301.123
301.132
301.141
301.149
301.158
301.166
301.174
301.183
301.191
301.198
301.206
301.214
301.221
301.229
301.236
301.243
301.25
301.257
301.263
301.27
301.276
301.282
301.288
301.293
301.299
301.304
301.309
301.314
301.319
301.324
301.328
301.332
301.336
301.34
301.344
301.347
301.35
301.353
301.356
301.359
301.361
301.363
301.365
301.367
301.369
301.37
301.371
301.372
301.373
301.373
301.374
301.374
301.373
301.373
301.372
301.37
301.369
301.367
301.365
301.362
301.359
301.355
301.351
301.347
301.342
301.336
301.329
301.322
301.315
301.306
301.296
301.286
301.274
301.262
301.248
301.233
301.217
301.2
301.181
301.161
301.139
301.116
301.091
301.065
301.037
300.416
300.421
300.427
300.432
300.438
300.443
300.449
300.455
300.461
300.467
300.473
300.479
300.485
300.491
300.498
300.504
300.511
300.517
300.524
300.531
300.538
300.544
300.551
300.558
300.565
300.573
300.58
300.587
300.594
300.602
300.609
300.617
300.624
300.632
300.639
300.647
300.655
300.663
300.671
300.678
300.686
300.694
300.702
300.71
300.718
300.726
300.735
300.743
300.751
300.759
300.767
300.775
300.784
300.792
300.8
300.809
300.817
300.825
300.834
300.842
300.85
300.859
300.867
300.876
300.884
300.892
300.901
300.909
300.917
300.926
300.934
300.942
300.95
300.959
300.967
300.975
300.983
300.991
300.999
301.007
301.014
301.022
301.029
301.037
301.044
301.052
301.059
301.066
301.073
301.079
301.086
301.092
301.099
301.105
301.111
301.117
301.123
301.128
301.134
301.139
301.144
301.149
301.154
301.158
301.163
301.167
301.171
301.175
301.179
301.182
301.186
301.189
301.192
301.195
301.198
301.2
301.202
301.204
301.206
301.208
301.21
301.211
301.212
301.213
301.214
301.214
301.214
301.214
301.214
301.214
301.213
301.212
301.21
301.209
301.207
301.204
301.202
301.199
301.195
301.191
301.186
301.181
301.176
301.169
301.162
301.155
301.146
301.137
301.127
301.116
301.104
301.091
301.077
301.062
301.045
301.028
301.009
300.989
300.968
300.945
300.921
300.358
300.363
300.367
300.372
300.377
300.382
300.387
300.392
300.397
300.402
300.407
300.412
300.417
300.423
300.428
300.434
300.439
300.445
300.45
300.456
300.462
300.468
300.474
300.48
300.486
300.492
300.498
300.504
300.511
300.517
300.523
300.53
300.536
300.543
300.549
300.556
300.563
300.569
300.576
300.583
300.59
300.597
300.604
300.611
300.618
300.625
300.632
300.639
300.646
300.653
300.66
300.668
300.675
300.682
300.689
300.697
300.704
300.711
300.719
300.726
300.733
300.741
300.748
300.756
300.763
300.771
300.778
300.785
300.793
300.8
300.808
300.815
300.822
300.83
300.837
300.844
300.851
300.859
300.866
300.873
300.88
300.887
300.893
300.9
300.907
300.913
300.92
300.926
300.932
300.938
300.944
300.95
300.956
300.962
300.967
300.973
300.978
300.983
300.988
300.993
300.998
301.002
301.007
301.011
301.015
301.019
301.023
301.026
301.03
301.033
301.036
301.039
301.042
301.045
301.047
301.05
301.052
301.054
301.055
301.057
301.059
301.06
301.061
301.062
301.062
301.063
301.063
301.063
301.063
301.063
301.062
301.061
301.06
301.059
301.057
301.055
301.052
301.05
301.046
301.043
301.039
301.034
301.03
301.024
301.018
301.011
301.004
300.996
300.987
300.978
300.967
300.956
300.944
300.931
300.917
300.902
300.886
300.868
300.85
300.831
300.81
300.306
300.31
300.314
300.318
300.322
300.326
300.33
300.334
300.338
300.343
300.347
300.351
300.356
300.36
300.365
300.37
300.374
300.379
300.384
300.389
300.394
300.399
300.404
300.409
300.414
300.419
300.424
300.429
300.435
300.44
300.446
300.451
300.457
300.462
300.468
300.474
300.479
300.485
300.491
300.497
300.503
300.509
300.514
300.52
300.526
300.533
300.539
300.545
300.551
300.557
300.563
300.57
300.576
300.582
300.589
300.595
300.601
300.608
300.614
300.621
300.627
300.634
300.64
300.647
300.653
300.66
300.666
300.673
300.679
300.686
300.692
300.699
300.705
300.712
300.718
300.725
300.731
300.737
300.744
300.75
300.756
300.762
300.768
300.774
300.78
300.786
300.792
300.798
300.803
300.809
300.814
300.819
300.825
300.83
300.835
300.84
300.844
300.849
300.853
300.858
300.862
300.866
300.87
300.874
300.878
300.882
300.885
300.888
300.891
300.895
300.897
300.9
300.903
300.905
300.908
300.91
300.912
300.914
300.915
300.917
300.918
300.919
300.92
300.921
300.922
300.922
300.923
300.923
300.923
300.922
300.922
300.921
300.92
300.919
300.918
300.916
300.914
300.911
300.909
300.905
300.902
300.898
300.894
300.889
300.884
300.878
300.872
300.865
300.857
300.849
300.84
300.83
300.82
300.809
300.797
300.784
300.77
300.756
300.74
300.724
300.707
300.26
300.263
300.266
300.269
300.273
300.276
300.28
300.283
300.287
300.29
300.294
300.298
300.301
300.305
300.309
300.313
300.317
300.321
300.325
300.329
300.333
300.337
300.342
300.346
300.35
300.355
300.359
300.363
300.368
300.373
300.377
300.382
300.387
300.391
300.396
300.401
300.406
300.411
300.416
300.421
300.426
300.431
300.436
300.441
300.446
300.451
300.456
300.462
300.467
300.472
300.478
300.483
300.488
300.494
300.499
300.505
300.51
300.516
300.521
300.527
300.533
300.538
300.544
300.55
300.555
300.561
300.567
300.572
300.578
300.584
300.59
300.595
300.601
300.607
300.612
300.618
300.623
300.629
300.635
300.64
300.646
300.651
300.656
300.662
300.667
300.672
300.677
300.682
300.687
300.692
300.697
300.702
300.706
300.711
300.715
300.72
300.724
300.728
300.732
300.736
300.74
300.744
300.748
300.751
300.754
300.758
300.761
300.764
300.767
300.77
300.772
300.775
300.777
300.779
300.781
300.783
300.785
300.787
300.789
300.79
300.791
300.792
300.793
300.794
300.795
300.795
300.796
300.796
300.796
300.796
300.795
300.795
300.794
300.793
300.792
300.79
300.788
300.786
300.784
300.781
300.778
300.775
300.771
300.767
300.763
300.758
300.752
300.746
300.74
300.733
300.725
300.717
300.708
300.699
300.689
300.678
300.666
300.654
300.641
300.627
300.613
300.22
300.223
300.225
300.228
300.231
300.234
300.237
300.24
300.243
300.246
300.249
300.252
300.255
300.258
300.262
300.265
300.268
300.271
300.275
300.278
300.282
300.285
300.289
300.293
300.296
300.3
300.304
300.307
300.311
300.315
300.319
300.323
300.327
300.331
300.335
300.339
300.343
300.347
300.352
300.356
300.36
300.364
300.369
300.373
300.378
300.382
300.386
300.391
300.396
300.4
300.405
300.409
300.414
300.419
300.423
300.428
300.433
300.438
300.443
300.447
300.452
300.457
300.462
300.467
300.472
300.477
300.482
300.487
300.492
300.497
300.502
300.507
300.512
300.517
300.521
300.526
300.531
300.536
300.541
300.546
300.551
300.555
300.56
300.565
300.57
300.574
300.579
300.583
300.588
300.592
300.596
300.6
300.604
300.609
300.613
300.616
300.62
300.624
300.628
300.631
300.635
300.638
300.641
300.644
300.647
300.65
300.653
300.656
300.659
300.661
300.664
300.666
300.668
300.67
300.672
300.674
300.676
300.677
300.679
300.68
300.681
300.682
300.683
300.684
300.685
300.685
300.685
300.686
300.686
300.686
300.685
300.685
300.684
300.683
300.682
300.681
300.679
300.678
300.676
300.673
300.671
300.668
300.665
300.661
300.657
300.653
300.648
300.643
300.638
300.632
300.626
300.619
300.611
300.603
300.595
300.585
300.576
300.565
300.554
300.543
300.531
300.188
300.191
300.193
300.195
300.198
300.2
300.202
300.205
300.207
300.21
300.213
300.215
300.218
300.221
300.223
300.226
300.229
300.232
300.235
300.238
300.241
300.244
300.247
300.25
300.253
300.256
300.259
300.262
300.266
300.269
300.272
300.276
300.279
300.283
300.286
300.29
300.293
300.297
300.3
300.304
300.308
300.311
300.315
300.319
300.323
300.327
300.331
300.334
300.338
300.342
300.346
300.35
300.354
300.359
300.363
300.367
300.371
300.375
300.379
300.384
300.388
300.392
300.396
300.401
300.405
300.409
300.414
300.418
300.422
300.427
300.431
300.435
300.44
300.444
300.448
300.453
300.457
300.461
300.466
300.47
300.474
300.478
300.482
300.487
300.491
300.495
300.499
300.503
300.507
300.511
300.514
300.518
300.522
300.525
300.529
300.533
300.536
300.539
300.543
300.546
300.549
300.552
300.555
300.558
300.56
300.563
300.566
300.568
300.571
300.573
300.575
300.577
300.579
300.581
300.583
300.585
300.586
300.588
300.589
300.59
300.591
300.592
300.593
300.594
300.595
300.595
300.595
300.596
300.596
300.596
300.595
300.595
300.595
300.594
300.593
300.592
300.59
300.589
300.587
300.585
300.583
300.581
300.578
300.575
300.571
300.568
300.564
300.56
300.555
300.55
300.544
300.538
300.532
300.525
300.518
300.51
300.502
300.493
300.483
300.474
300.463
300.165
300.167
300.169
300.171
300.174
300.176
300.178
300.18
300.182
300.184
300.187
300.189
300.191
300.194
300.196
300.199
300.201
300.203
300.206
300.209
300.211
300.214
300.216
300.219
300.222
300.225
300.227
300.23
300.233
300.236
300.239
300.242
300.245
300.248
300.251
300.254
300.257
300.26
300.264
300.267
300.27
300.273
300.277
300.28
300.284
300.287
300.29
300.294
300.297
300.301
300.304
300.308
300.312
300.315
300.319
300.323
300.326
300.33
300.334
300.338
300.341
300.345
300.349
300.353
300.357
300.361
300.365
300.368
300.372
300.376
300.38
300.384
300.388
300.392
300.396
300.4
300.403
300.407
300.411
300.415
300.419
300.423
300.426
300.43
300.434
300.438
300.441
300.445
300.448
300.452
300.455
300.459
300.462
300.465
300.469
300.472
300.475
300.478
300.481
300.484
300.487
300.489
300.492
300.495
300.497
300.5
300.502
300.505
300.507
300.509
300.511
300.513
300.515
300.516
300.518
300.52
300.521
300.523
300.524
300.525
300.526
300.527
300.528
300.529
300.529
300.53
300.53
300.53
300.53
300.53
300.53
300.53
300.529
300.529
300.528
300.527
300.526
300.525
300.523
300.521
300.519
300.517
300.515
300.512
300.509
300.506
300.502
300.499
300.494
300.49
300.485
300.48
300.474
300.468
300.462
300.455
300.448
300.44
300.432
300.423
300.414
300.153
300.155
300.157
300.159
300.161
300.162
300.164
300.166
300.168
300.171
300.173
300.175
300.177
300.179
300.181
300.184
300.186
300.188
300.19
300.193
300.195
300.198
300.2
300.203
300.205
300.208
300.21
300.213
300.215
300.218
300.221
300.224
300.226
300.229
300.232
300.235
300.238
300.241
300.244
300.247
300.25
300.253
300.256
300.259
300.262
300.265
300.269
300.272
300.275
300.278
300.282
300.285
300.288
300.292
300.295
300.299
300.302
300.306
300.309
300.313
300.316
300.32
300.323
300.327
300.331
300.334
300.338
300.342
300.345
300.349
300.352
300.356
300.36
300.363
300.367
300.371
300.374
300.378
300.382
300.385
300.389
300.392
300.396
300.399
300.403
300.406
300.41
300.413
300.416
300.42
300.423
300.426
300.429
300.432
300.436
300.439
300.441
300.444
300.447
300.45
300.453
300.455
300.458
300.46
300.463
300.465
300.467
300.47
300.472
300.474
300.476
300.478
300.479
300.481
300.483
300.484
300.486
300.487
300.488
300.489
300.49
300.491
300.492
300.493
300.493
300.494
300.494
300.494
300.495
300.495
300.494
300.494
300.494
300.493
300.492
300.492
300.49
300.489
300.488
300.486
300.484
300.482
300.48
300.478
300.475
300.472
300.469
300.465
300.461
300.457
300.453
300.448
300.443
300.437
300.431
300.425
300.418
300.411
300.404
300.396
300.387
302.893
302.241
301.789
301.441
301.162
300.936
300.751
300.598
300.474
300.372
300.29
300.223
300.171
300.129
300.096
300.071
300.052
300.037
300.027
300.019
300.013
300.009
300.006
300.004
300.002
300.001
300.001
300
300
300
300
300
300
300
300
300
300
300
300
300
300
300
300
300
300
300
300
300
300
300
300
302.89
302.241
301.788
301.441
301.162
300.936
300.751
300.598
300.474
300.372
300.29
300.223
300.171
300.129
300.096
300.071
300.052
300.037
300.027
300.019
300.013
300.009
300.006
300.004
300.002
300.001
300.001
300
300
300
300
300
300
300
300
300
300
300
300
300
300
300
300
300
300
300
300
300
300
300
300
302.884
302.239
301.788
301.44
301.162
300.936
300.751
300.599
300.474
300.372
300.29
300.223
300.171
300.129
300.096
300.071
300.052
300.037
300.027
300.019
300.013
300.009
300.006
300.004
300.002
300.001
300.001
300
300
300
300
300
300
300
300
300
300
300
300
300
300
300
300
300
300
300
300
300
300
300
300
302.876
302.237
301.787
301.44
301.162
300.936
300.751
300.599
300.474
300.372
300.29
300.223
300.171
300.129
300.096
300.071
300.052
300.037
300.027
300.019
300.013
300.009
300.006
300.004
300.002
300.001
300.001
300
300
300
300
300
300
300
300
300
300
300
300
300
300
300
300
300
300
300
300
300
300
300
300
302.864
302.234
301.786
301.439
301.162
300.936
300.751
300.599
300.474
300.372
300.29
300.224
300.171
300.129
300.096
300.071
300.052
300.037
300.027
300.019
300.013
300.009
300.006
300.004
300.002
300.001
300.001
300
300
300
300
300
300
300
300
300
300
300
300
300
300
300
300
300
300
300
300
300
300
300
300
302.849
302.23
301.784
301.439
301.162
300.936
300.751
300.599
300.474
300.372
300.29
300.224
300.171
300.129
300.096
300.071
300.052
300.037
300.027
300.019
300.013
300.009
300.006
300.004
300.002
300.001
300.001
300
300
300
300
300
300
300
300
300
300
300
300
300
300
300
300
300
300
300
300
300
300
300
300
302.831
302.225
301.782
301.438
301.161
300.936
300.751
300.599
300.474
300.373
300.29
300.224
300.171
300.129
300.097
300.071
300.052
300.038
300.027
300.019
300.013
300.009
300.006
300.004
300.002
300.001
300.001
300
300
300
300
300
300
300
300
300
300
300
300
300
300
300
300
300
300
300
300
300
300
300
300
302.81
302.218
301.779
301.436
301.16
300.935
300.751
300.599
300.474
300.373
300.29
300.224
300.171
300.129
300.097
300.071
300.052
300.038
300.027
300.019
300.013
300.009
300.006
300.004
300.002
300.001
300.001
300
300
300
300
300
300
300
300
300
300
300
300
300
300
300
300
300
300
300
300
300
300
300
300
302.785
302.21
301.775
301.434
301.159
300.935
300.75
300.599
300.474
300.373
300.29
300.224
300.171
300.129
300.097
300.071
300.052
300.038
300.027
300.019
300.013
300.009
300.006
300.004
300.002
300.001
300.001
300
300
300
300
300
300
300
300
300
300
300
300
300
300
300
300
300
300
300
300
300
300
300
300
302.756
302.199
301.771
301.432
301.158
300.934
300.75
300.598
300.474
300.373
300.29
300.224
300.171
300.129
300.097
300.072
300.052
300.038
300.027
300.019
300.013
300.009
300.006
300.004
300.002
300.001
300.001
300
300
300
300
300
300
300
300
300
300
300
300
300
300
300
300
300
300
300
300
300
300
300
300
302.724
302.186
301.764
301.428
301.156
300.933
300.749
300.598
300.474
300.373
300.29
300.224
300.171
300.13
300.097
300.072
300.052
300.038
300.027
300.019
300.013
300.009
300.006
300.004
300.002
300.001
300.001
300
300
300
300
300
300
300
300
300
300
300
300
300
300
300
300
300
300
300
300
300
300
300
300
302.689
302.171
301.757
301.424
301.154
300.931
300.748
300.598
300.474
300.373
300.29
300.224
300.171
300.13
300.097
300.072
300.052
300.038
300.027
300.019
300.013
300.009
300.006
300.004
300.002
300.001
300.001
300
300
300
300
300
300
300
300
300
300
300
300
300
300
300
300
300
300
300
300
300
300
300
300
302.649
302.152
301.747
301.419
301.15
300.929
300.747
300.597
300.473
300.372
300.29
300.224
300.171
300.13
300.097
300.072
300.052
300.038
300.027
300.019
300.013
300.009
300.006
300.004
300.002
300.001
300.001
300
300
300
300
300
300
300
300
300
300
300
300
300
300
300
300
300
300
300
300
300
300
300
300
302.605
302.13
301.735
301.412
301.146
300.927
300.745
300.596
300.473
300.372
300.29
300.224
300.171
300.13
300.097
300.072
300.052
300.038
300.027
300.019
300.013
300.009
300.006
300.004
300.002
300.001
300.001
300
300
300
300
300
300
300
300
300
300
300
300
300
300
300
300
300
300
300
300
300
300
300
300
302.557
302.105
301.721
301.403
301.141
300.923
300.743
300.594
300.472
300.371
300.29
300.224
300.171
300.13
300.097
300.072
300.052
300.038
300.027
300.019
300.013
300.009
300.006
300.004
300.002
300.001
300.001
300
300
300
300
300
300
300
300
300
300
300
300
300
300
300
300
300
300
300
300
300
300
300
300
302.505
302.076
301.704
301.393
301.134
300.919
300.74
300.592
300.47
300.37
300.289
300.223
300.171
300.129
300.097
300.072
300.052
300.038
300.027
300.019
300.013
300.009
300.006
300.004
300.002
300.001
300.001
300
300
300
300
300
300
300
300
300
300
300
300
300
300
300
300
300
300
300
300
300
300
300
300
302.448
302.042
301.684
301.38
301.126
300.913
300.736
300.589
300.468
300.369
300.288
300.223
300.171
300.129
300.097
300.072
300.052
300.038
300.027
300.019
300.013
300.009
300.006
300.004
300.002
300.001
300.001
300
300
300
300
300
300
300
300
300
300
300
300
300
300
300
300
300
300
300
300
300
300
300
300
302.388
302.005
301.66
301.365
301.115
300.906
300.731
300.586
300.466
300.367
300.287
300.222
300.17
300.129
300.096
300.071
300.052
300.038
300.027
300.019
300.013
300.009
300.006
300.004
300.002
300.001
300.001
300
300
300
300
300
300
300
300
300
300
300
300
300
300
300
300
300
300
300
300
300
300
300
300
302.322
301.962
301.633
301.347
301.103
300.898
300.725
300.582
300.463
300.365
300.285
300.221
300.169
300.128
300.096
300.071
300.052
300.038
300.027
300.019
300.013
300.009
300.006
300.004
300.002
300.001
300.001
300
300
300
300
300
300
300
300
300
300
300
300
300
300
300
300
300
300
300
300
300
300
300
300
302.252
301.915
301.602
301.326
301.088
300.887
300.718
300.576
300.459
300.362
300.283
300.219
300.168
300.127
300.096
300.071
300.052
300.038
300.027
300.019
300.013
300.009
300.006
300.004
300.002
300.001
300.001
300
300
300
300
300
300
300
300
300
300
300
300
300
300
300
300
300
300
300
300
300
300
300
300
302.177
301.862
301.566
301.301
301.071
300.875
300.709
300.57
300.454
300.359
300.281
300.217
300.167
300.127
300.095
300.07
300.052
300.037
300.027
300.019
300.013
300.009
300.006
300.004
300.002
300.001
300.001
300
300
300
300
300
300
300
300
300
300
300
300
300
300
300
300
300
300
300
300
300
300
300
300
302.097
301.805
301.525
301.272
301.051
300.86
300.698
300.562
300.448
300.354
300.278
300.215
300.165
300.125
300.094
300.07
300.051
300.037
300.026
300.019
300.013
300.009
300.006
300.004
300.002
300.001
300.001
300
300
300
300
300
300
300
300
300
300
300
300
300
300
300
300
300
300
300
300
300
300
300
300
302.013
301.742
301.48
301.239
301.027
300.843
300.685
300.553
300.441
300.349
300.274
300.212
300.163
300.124
300.093
300.069
300.051
300.037
300.026
300.018
300.013
300.009
300.006
300.004
300.002
300.001
300.001
300
300
300
300
300
300
300
300
300
300
300
300
300
300
300
300
300
300
300
300
300
300
300
300
301.924
301.675
301.429
301.203
301
300.823
300.671
300.542
300.433
300.343
300.269
300.209
300.161
300.122
300.092
300.068
300.05
300.036
300.026
300.018
300.013
300.009
300.006
300.004
300.002
300.001
300.001
300
300
300
300
300
300
300
300
300
300
300
300
300
300
300
300
300
300
300
300
300
300
300
300
301.831
301.602
301.374
301.161
300.969
300.8
300.653
300.529
300.424
300.336
300.264
300.205
300.158
300.12
300.09
300.067
300.049
300.036
300.025
300.018
300.012
300.009
300.006
300.004
300.002
300.001
300.001
300
300
300
300
300
300
300
300
300
300
300
300
300
300
300
300
300
300
300
300
300
300
300
300
301.734
301.524
301.314
301.115
300.934
300.774
300.634
300.514
300.412
300.328
300.258
300.2
300.154
300.117
300.088
300.066
300.048
300.035
300.025
300.018
300.012
300.008
300.006
300.004
300.002
300.001
300.001
300
300
300
300
300
300
300
300
300
300
300
300
300
300
300
300
300
300
300
300
300
300
300
300
301.632
301.442
301.249
301.065
300.896
300.744
300.611
300.497
300.4
300.318
300.25
300.195
300.15
300.114
300.086
300.064
300.047
300.034
300.024
300.017
300.012
300.008
300.005
300.004
300.002
300.001
300.001
300
300
300
300
300
300
300
300
300
300
300
300
300
300
300
300
300
300
300
300
300
300
300
300
301.527
301.355
301.18
301.011
300.854
300.712
300.586
300.478
300.385
300.307
300.242
300.189
300.146
300.111
300.084
300.062
300.046
300.033
300.024
300.017
300.012
300.008
300.005
300.003
300.002
300.001
300.001
300
300
300
300
300
300
300
300
300
300
300
300
300
300
300
300
300
300
300
300
300
300
300
300
301.42
301.265
301.106
300.952
300.808
300.676
300.559
300.456
300.369
300.295
300.233
300.182
300.14
300.107
300.081
300.06
300.044
300.032
300.023
300.016
300.011
300.008
300.005
300.003
300.002
300.001
300.001
300
300
300
300
300
300
300
300
300
300
300
300
300
300
300
300
300
300
300
300
300
300
300
300
301.31
301.172
301.03
300.89
300.758
300.637
300.528
300.433
300.351
300.281
300.222
300.174
300.134
300.103
300.078
300.058
300.043
300.031
300.022
300.016
300.011
300.007
300.005
300.003
300.002
300.001
300.001
300
300
300
300
300
300
300
300
300
300
300
300
300
300
300
300
300
300
300
300
300
300
300
300
301.198
301.076
300.95
300.825
300.706
300.595
300.496
300.407
300.331
300.266
300.211
300.165
300.128
300.098
300.074
300.055
300.041
300.03
300.021
300.015
300.01
300.007
300.005
300.003
300.002
300.001
300.001
300
300
300
300
300
300
300
300
300
300
300
300
300
300
300
300
300
300
300
300
300
300
300
300
301.087
300.98
300.868
300.758
300.651
300.551
300.461
300.38
300.31
300.249
300.198
300.156
300.121
300.093
300.07
300.052
300.039
300.028
300.02
300.014
300.01
300.007
300.005
300.003
300.002
300.001
300.001
300
300
300
300
300
300
300
300
300
300
300
300
300
300
300
300
300
300
300
300
300
300
300
300
300.977
300.884
300.786
300.689
300.594
300.506
300.424
300.351
300.287
300.232
300.185
300.145
300.113
300.087
300.066
300.049
300.036
300.027
300.019
300.014
300.009
300.006
300.004
300.003
300.002
300.001
300
300
300
300
300
300
300
300
300
300
300
300
300
300
300
300
300
300
300
300
300
299.999
299.999
299.999
299.999
300.869
300.789
300.705
300.62
300.537
300.459
300.387
300.321
300.264
300.213
300.171
300.135
300.105
300.081
300.061
300.046
300.034
300.025
300.018
300.013
300.009
300.006
300.004
300.003
300.002
300.001
300
300
300
300
300
300
300
300
300
300
299.999
299.999
299.999
299.999
299.999
299.999
299.999
299.999
299.999
299.999
299.999
299.999
299.999
299.999
299.999
300.766
300.698
300.626
300.553
300.481
300.413
300.349
300.291
300.24
300.195
300.156
300.124
300.097
300.075
300.057
300.043
300.032
300.023
300.017
300.012
300.008
300.006
300.004
300.002
300.001
300.001
300
300
300
300
300
300
300
300
299.999
299.999
299.999
299.999
299.999
299.999
299.999
299.999
299.999
299.999
299.999
299.999
299.999
299.999
299.999
299.999
299.999
300.669
300.611
300.55
300.488
300.427
300.368
300.312
300.262
300.216
300.176
300.142
300.113
300.088
300.068
300.052
300.039
300.029
300.021
300.015
300.011
300.008
300.005
300.003
300.002
300.001
300.001
300
300
300
300
300
300
300
299.999
299.999
299.999
299.999
299.999
299.999
299.999
299.999
299.999
299.999
299.999
299.999
299.999
299.999
299.999
299.999
299.999
299.999
300.581
300.532
300.481
300.428
300.376
300.325
300.277
300.233
300.194
300.158
300.128
300.102
300.08
300.062
300.047
300.036
300.027
300.019
300.014
300.01
300.007
300.005
300.003
300.002
300.001
300.001
300
300
300
300
300
300
300
299.999
299.999
299.999
299.999
299.999
299.999
299.999
299.999
299.999
299.999
299.999
299.999
299.999
299.999
299.999
299.999
299.999
299.999
300.504
300.463
300.42
300.375
300.331
300.287
300.246
300.208
300.173
300.142
300.115
300.092
300.073
300.056
300.043
300.033
300.024
300.018
300.013
300.009
300.006
300.004
300.003
300.002
300.001
300
300
300
300
300
300
300
299.999
299.999
299.999
299.999
299.999
299.999
299.999
299.999
299.999
299.999
299.999
299.999
299.999
299.999
299.999
299.999
299.999
299.999
299.999
300.441
300.406
300.369
300.331
300.293
300.255
300.22
300.186
300.156
300.128
300.104
300.084
300.066
300.052
300.04
300.03
300.022
300.016
300.012
300.008
300.006
300.004
300.003
300.002
300.001
300
300
300
300
300
300
300
299.999
299.999
299.999
299.999
299.999
299.999
299.999
299.999
299.999
299.999
299.999
299.999
299.999
299.999
299.999
299.999
299.999
299.999
299.999
300.395
300.364
300.332
300.299
300.265
300.232
300.2
300.17
300.143
300.118
300.096
300.077
300.061
300.048
300.037
300.028
300.021
300.015
300.011
300.008
300.005
300.004
300.002
300.001
300.001
300
300
300
300
300
300
299.999
299.999
299.999
299.999
299.999
299.999
299.999
299.999
299.999
299.999
299.999
299.999
299.999
299.999
299.999
299.999
299.999
299.999
299.999
299.999
300.369
300.341
300.311
300.281
300.249
300.219
300.189
300.161
300.135
300.112
300.092
300.074
300.059
300.046
300.035
300.027
300.02
300.015
300.011
300.008
300.005
300.004
300.002
300.001
300.001
300
300
300
300
300
300
299.999
299.999
299.999
299.999
299.999
299.999
299.999
299.999
299.999
299.999
299.999
299.999
299.999
299.999
299.999
299.999
299.999
299.999
299.999
299.999
)
;

boundaryField
{
    inlet
    {
        type            fixedValue;
        value           uniform 300;
    }
    outlet
    {
        type            zeroGradient;
    }
    top
    {
        type            zeroGradient;
    }
    slip-bottom
    {
        type            zeroGradient;
    }
    bottom
    {
        type            zeroGradient;
    }
    interface
    {
        type            fixedGradient;
        gradient        nonuniform List<scalar> 
161
(
67.0093
67.0093
45.6623
45.6623
45.6623
45.6623
34.0759
34.0759
34.0759
34.0759
29.4679
29.4679
29.4679
28.6862
28.6862
28.6862
28.6862
26.2558
26.2558
26.2558
25.4449
25.4449
25.4449
24.9788
24.9788
24.9788
24.3863
24.3863
24.3863
23.8634
23.8634
23.8634
23.3908
23.3908
23.3908
22.9379
22.9379
22.9379
22.5177
22.5177
22.5177
21.7084
21.7084
22.297
22.297
22.297
21.5236
21.5236
21.888
21.888
21.888
21.1612
21.1612
21.1789
21.1789
21.1789
21.2989
21.2989
21.5339
21.5339
20.72
20.72
20.6708
20.6708
20.7238
20.7238
20.6564
20.6564
20.6564
20.5698
20.5698
20.4846
20.3963
20.3963
20.2905
20.2905
20.1987
20.1987
19.8509
19.8509
20.3205
20.3205
20.146
20.146
19.951
19.6561
19.6561
20.0048
20.0048
19.8691
19.5335
19.5335
19.839
19.5562
19.5562
19.7435
19.7435
19.4807
19.6485
19.6485
19.4248
19.5741
19.3745
19.3745
19.3933
19.5225
19.5225
19.311
19.4016
19.2637
19.2637
19.2734
19.3088
19.3546
19.3546
19.2299
19.2434
19.2702
19.2912
19.2912
19.2326
19.2422
19.2554
19.2556
19.2342
19.2688
19.2688
19.2753
19.2725
19.2712
19.2684
19.2642
19.2586
19.2516
19.2435
19.2345
19.2251
19.216
19.2078
19.2016
19.1987
19.2009
19.2098
19.2271
19.255
19.2969
19.3591
19.4552
19.6174
19.7522
19.3432
19.3881
19.9472
20.3333
20.8614
21.5126
24.1969
21.6916
24.5406
27.3678
38.0141
)
;
    }
    defaultFaces
    {
        type            empty;
    }
}


// ************************************************************************* //
