/*--------------------------------*- C++ -*----------------------------------*\
| =========                 |                                                 |
| \\      /  F ield         | OpenFOAM: The Open Source CFD Toolbox           |
|  \\    /   O peration     | Version:  2106                                  |
|   \\  /    A nd           | Website:  www.openfoam.com                      |
|    \\/     M anipulation  |                                                 |
\*---------------------------------------------------------------------------*/
FoamFile
{
    version     2.0;
    format      ascii;
    arch        "LSB;label=32;scalar=64";
    class       volScalarField;
    location    "1.2";
    object      T;
}
// * * * * * * * * * * * * * * * * * * * * * * * * * * * * * * * * * * * * * //

dimensions      [0 0 0 1 0 0 0];

internalField   nonuniform List<scalar> 
12013
(
300
300.001
300.002
300.003
300.004
300.005
300.007
300.008
300.01
300.012
300.014
300.016
300.019
300.021
300.025
300.028
300.032
300.036
300.041
300.046
300.052
300.058
300.064
300.071
300.079
300.087
300.096
300.106
300.116
300.127
300.138
300.151
300.164
300.177
300.192
300.208
300.224
300.241
300.259
300.278
300.298
300.319
300.34
300.363
300.387
300.412
300.437
300.464
300.492
300.521
300.551
300.582
300.615
300.649
300.683
300.72
300.757
300.796
300.836
300.877
300.92
300.965
301.011
301.058
301.108
301.159
301.212
301.267
301.325
301.385
301.447
301.512
301.581
301.653
301.729
301.81
301.897
301.992
302.096
302.215
302.357
300
300.001
300.002
300.003
300.004
300.005
300.007
300.008
300.01
300.012
300.014
300.016
300.019
300.021
300.025
300.028
300.032
300.036
300.041
300.046
300.052
300.058
300.064
300.071
300.079
300.087
300.096
300.106
300.116
300.127
300.138
300.151
300.164
300.177
300.192
300.208
300.224
300.241
300.259
300.278
300.298
300.319
300.34
300.363
300.387
300.411
300.437
300.464
300.492
300.521
300.551
300.582
300.615
300.648
300.683
300.719
300.757
300.795
300.835
300.877
300.92
300.964
301.01
301.058
301.107
301.158
301.211
301.266
301.323
301.383
301.445
301.51
301.578
301.65
301.725
301.805
301.891
301.983
302.083
302.193
302.315
300
300.001
300.002
300.003
300.004
300.005
300.007
300.008
300.01
300.012
300.014
300.016
300.019
300.021
300.025
300.028
300.032
300.036
300.041
300.046
300.052
300.058
300.064
300.071
300.079
300.087
300.096
300.106
300.116
300.127
300.138
300.15
300.164
300.177
300.192
300.207
300.224
300.241
300.259
300.278
300.298
300.318
300.34
300.363
300.386
300.411
300.437
300.464
300.492
300.521
300.551
300.582
300.614
300.648
300.682
300.718
300.756
300.794
300.834
300.876
300.918
300.963
301.009
301.056
301.105
301.156
301.209
301.264
301.321
301.38
301.441
301.506
301.573
301.643
301.717
301.795
301.878
301.966
302.059
302.158
302.261
300
300.001
300.002
300.003
300.004
300.005
300.007
300.008
300.01
300.012
300.014
300.016
300.019
300.021
300.025
300.028
300.032
300.036
300.041
300.046
300.052
300.058
300.064
300.071
300.079
300.087
300.096
300.106
300.116
300.127
300.138
300.15
300.163
300.177
300.192
300.207
300.223
300.241
300.259
300.277
300.297
300.318
300.34
300.362
300.386
300.411
300.436
300.463
300.491
300.52
300.55
300.581
300.613
300.647
300.681
300.717
300.754
300.793
300.833
300.874
300.917
300.961
301.006
301.053
301.102
301.153
301.205
301.259
301.316
301.374
301.435
301.498
301.564
301.633
301.704
301.78
301.858
301.941
302.026
302.114
302.204
300
300.001
300.002
300.003
300.004
300.005
300.007
300.008
300.01
300.012
300.014
300.016
300.019
300.021
300.025
300.028
300.032
300.036
300.041
300.046
300.051
300.058
300.064
300.071
300.079
300.087
300.096
300.105
300.116
300.126
300.138
300.15
300.163
300.177
300.192
300.207
300.223
300.24
300.258
300.277
300.297
300.318
300.339
300.362
300.385
300.41
300.436
300.462
300.49
300.519
300.549
300.58
300.612
300.645
300.68
300.716
300.753
300.791
300.83
300.871
300.914
300.957
301.003
301.049
301.098
301.148
301.2
301.253
301.309
301.366
301.426
301.487
301.551
301.618
301.687
301.758
301.833
301.909
301.987
302.066
302.144
300
300.001
300.002
300.003
300.004
300.005
300.007
300.008
300.01
300.012
300.014
300.016
300.019
300.021
300.025
300.028
300.032
300.036
300.041
300.046
300.051
300.057
300.064
300.071
300.079
300.087
300.096
300.105
300.115
300.126
300.138
300.15
300.163
300.177
300.191
300.207
300.223
300.24
300.258
300.277
300.296
300.317
300.338
300.361
300.385
300.409
300.435
300.461
300.489
300.517
300.547
300.578
300.61
300.643
300.678
300.713
300.75
300.788
300.827
300.868
300.91
300.953
300.998
301.044
301.092
301.141
301.192
301.245
301.299
301.355
301.413
301.473
301.535
301.599
301.665
301.732
301.801
301.872
301.943
302.014
302.084
300
300.001
300.002
300.003
300.004
300.005
300.007
300.008
300.01
300.012
300.014
300.016
300.019
300.021
300.025
300.028
300.032
300.036
300.041
300.046
300.051
300.057
300.064
300.071
300.079
300.087
300.096
300.105
300.115
300.126
300.137
300.15
300.163
300.176
300.191
300.206
300.222
300.239
300.257
300.276
300.295
300.316
300.337
300.36
300.383
300.408
300.433
300.46
300.487
300.516
300.545
300.576
300.608
300.641
300.675
300.71
300.746
300.784
300.823
300.863
300.905
300.948
300.992
301.037
301.084
301.133
301.183
301.234
301.287
301.342
301.398
301.455
301.515
301.576
301.638
301.701
301.766
301.831
301.896
301.96
302.023
300
300.001
300.002
300.003
300.004
300.005
300.007
300.008
300.01
300.012
300.014
300.016
300.018
300.021
300.024
300.028
300.032
300.036
300.041
300.046
300.051
300.057
300.064
300.071
300.078
300.087
300.095
300.105
300.115
300.126
300.137
300.149
300.162
300.176
300.19
300.205
300.222
300.238
300.256
300.275
300.294
300.315
300.336
300.359
300.382
300.406
300.431
300.458
300.485
300.513
300.543
300.573
300.605
300.637
300.671
300.706
300.742
300.779
300.818
300.857
300.898
300.94
300.984
301.029
301.075
301.122
301.171
301.221
301.272
301.325
301.379
301.434
301.491
301.548
301.607
301.666
301.726
301.786
301.845
301.904
301.962
300
300.001
300.002
300.003
300.004
300.005
300.007
300.008
300.01
300.012
300.014
300.016
300.018
300.021
300.024
300.028
300.032
300.036
300.041
300.046
300.051
300.057
300.064
300.071
300.078
300.086
300.095
300.104
300.114
300.125
300.137
300.149
300.161
300.175
300.189
300.205
300.221
300.237
300.255
300.274
300.293
300.313
300.335
300.357
300.38
300.404
300.429
300.455
300.482
300.51
300.539
300.57
300.601
300.633
300.666
300.701
300.737
300.773
300.811
300.85
300.89
300.932
300.974
301.018
301.063
301.109
301.156
301.204
301.254
301.305
301.356
301.409
301.463
301.517
301.572
301.627
301.683
301.738
301.792
301.846
301.899
300
300.001
300.002
300.003
300.004
300.005
300.007
300.008
300.01
300.011
300.014
300.016
300.018
300.021
300.024
300.028
300.032
300.036
300.04
300.045
300.051
300.057
300.063
300.07
300.078
300.086
300.095
300.104
300.114
300.125
300.136
300.148
300.161
300.174
300.189
300.204
300.22
300.236
300.254
300.272
300.291
300.312
300.333
300.355
300.378
300.402
300.426
300.452
300.479
300.507
300.535
300.565
300.596
300.628
300.661
300.695
300.73
300.766
300.803
300.841
300.88
300.921
300.962
301.005
301.048
301.093
301.139
301.185
301.233
301.281
301.33
301.38
301.431
301.482
301.533
301.585
301.636
301.687
301.737
301.787
301.835
300
300.001
300.002
300.003
300.004
300.005
300.007
300.008
300.01
300.011
300.013
300.016
300.018
300.021
300.024
300.028
300.031
300.036
300.04
300.045
300.051
300.057
300.063
300.07
300.077
300.085
300.094
300.103
300.113
300.124
300.135
300.147
300.16
300.173
300.187
300.202
300.218
300.235
300.252
300.27
300.29
300.309
300.33
300.352
300.375
300.398
300.423
300.448
300.475
300.502
300.531
300.56
300.59
300.622
300.654
300.687
300.722
300.757
300.793
300.831
300.869
300.908
300.948
300.99
301.032
301.075
301.118
301.163
301.209
301.255
301.301
301.348
301.396
301.444
301.492
301.539
301.587
301.634
301.68
301.726
301.77
300
300.001
300.002
300.003
300.004
300.005
300.007
300.008
300.01
300.011
300.013
300.016
300.018
300.021
300.024
300.027
300.031
300.035
300.04
300.045
300.05
300.056
300.063
300.069
300.077
300.085
300.094
300.103
300.113
300.123
300.134
300.146
300.159
300.172
300.186
300.201
300.217
300.233
300.25
300.268
300.287
300.307
300.327
300.349
300.371
300.395
300.419
300.444
300.47
300.497
300.525
300.554
300.583
300.614
300.646
300.678
300.712
300.746
300.782
300.818
300.855
300.893
300.932
300.972
301.012
301.053
301.095
301.138
301.181
301.225
301.269
301.313
301.358
301.402
301.447
301.491
301.535
301.579
301.621
301.663
301.705
300
300.001
300.002
300.003
300.004
300.005
300.006
300.008
300.01
300.011
300.013
300.016
300.018
300.021
300.024
300.027
300.031
300.035
300.04
300.045
300.05
300.056
300.062
300.069
300.076
300.084
300.093
300.102
300.112
300.122
300.133
300.145
300.157
300.171
300.184
300.199
300.215
300.231
300.248
300.266
300.284
300.304
300.324
300.345
300.367
300.39
300.414
300.439
300.464
300.491
300.518
300.546
300.575
300.605
300.636
300.668
300.701
300.734
300.768
300.803
300.839
300.876
300.913
300.951
300.99
301.029
301.069
301.11
301.151
301.192
301.233
301.275
301.316
301.358
301.399
301.44
301.481
301.521
301.561
301.6
301.637
300
300.001
300.002
300.003
300.004
300.005
300.006
300.008
300.009
300.011
300.013
300.015
300.018
300.021
300.024
300.027
300.031
300.035
300.039
300.044
300.05
300.055
300.062
300.068
300.076
300.084
300.092
300.101
300.111
300.121
300.132
300.143
300.156
300.169
300.182
300.197
300.212
300.228
300.245
300.263
300.281
300.3
300.32
300.341
300.362
300.385
300.408
300.432
300.457
300.483
300.51
300.538
300.566
300.595
300.625
300.656
300.687
300.72
300.753
300.787
300.821
300.856
300.892
300.928
300.965
301.003
301.04
301.079
301.117
301.156
301.194
301.233
301.272
301.311
301.349
301.387
301.425
301.462
301.498
301.534
301.569
300
300.001
300.002
300.003
300.004
300.005
300.006
300.008
300.009
300.011
300.013
300.015
300.018
300.02
300.024
300.027
300.031
300.035
300.039
300.044
300.049
300.055
300.061
300.068
300.075
300.083
300.091
300.1
300.109
300.12
300.13
300.142
300.154
300.167
300.18
300.194
300.209
300.225
300.242
300.259
300.277
300.296
300.315
300.336
300.357
300.379
300.402
300.425
300.45
300.475
300.501
300.527
300.555
300.583
300.612
300.642
300.672
300.703
300.735
300.768
300.801
300.834
300.868
300.903
300.938
300.973
301.009
301.045
301.081
301.117
301.153
301.189
301.225
301.261
301.297
301.332
301.366
301.401
301.434
301.468
301.5
300
300.001
300.002
300.003
300.004
300.005
300.006
300.008
300.009
300.011
300.013
300.015
300.018
300.02
300.023
300.027
300.03
300.034
300.039
300.043
300.048
300.054
300.06
300.067
300.074
300.082
300.09
300.099
300.108
300.118
300.129
300.14
300.152
300.164
300.178
300.192
300.206
300.222
300.238
300.255
300.272
300.291
300.31
300.33
300.35
300.372
300.394
300.417
300.44
300.465
300.49
300.516
300.542
300.57
300.598
300.626
300.655
300.685
300.715
300.746
300.778
300.81
300.842
300.875
300.907
300.941
300.974
301.008
301.041
301.075
301.109
301.142
301.176
301.209
301.242
301.274
301.306
301.338
301.369
301.4
301.43
300
300.001
300.002
300.003
300.004
300.005
300.006
300.008
300.009
300.011
300.013
300.015
300.017
300.02
300.023
300.026
300.03
300.034
300.038
300.043
300.048
300.053
300.059
300.066
300.073
300.08
300.088
300.097
300.106
300.116
300.126
300.137
300.149
300.161
300.174
300.188
300.202
300.218
300.233
300.25
300.267
300.285
300.303
300.323
300.343
300.364
300.385
300.407
300.43
300.454
300.478
300.503
300.528
300.554
300.581
300.608
300.636
300.665
300.693
300.723
300.752
300.783
300.813
300.844
300.875
300.906
300.937
300.968
301
301.031
301.062
301.093
301.124
301.155
301.185
301.215
301.245
301.274
301.302
301.33
301.358
300
300.001
300.002
300.003
300.004
300.005
300.006
300.008
300.009
300.011
300.013
300.015
300.017
300.02
300.023
300.026
300.029
300.033
300.037
300.042
300.047
300.052
300.058
300.065
300.072
300.079
300.087
300.095
300.104
300.114
300.124
300.135
300.146
300.158
300.171
300.184
300.198
300.213
300.228
300.244
300.261
300.278
300.296
300.315
300.334
300.354
300.375
300.396
300.418
300.441
300.464
300.488
300.512
300.537
300.563
300.589
300.615
300.642
300.669
300.697
300.725
300.753
300.782
300.81
300.839
300.868
300.897
300.926
300.956
300.984
301.013
301.042
301.071
301.099
301.127
301.154
301.181
301.208
301.234
301.26
301.286
300
300.001
300.002
300.003
300.004
300.005
300.006
300.007
300.009
300.011
300.012
300.014
300.017
300.019
300.022
300.025
300.029
300.033
300.037
300.041
300.046
300.051
300.057
300.063
300.07
300.077
300.085
300.093
300.102
300.111
300.121
300.132
300.143
300.155
300.167
300.18
300.193
300.207
300.222
300.238
300.254
300.271
300.288
300.306
300.325
300.344
300.364
300.384
300.405
300.427
300.449
300.471
300.495
300.518
300.542
300.567
300.592
300.617
300.643
300.669
300.695
300.721
300.748
300.775
300.802
300.828
300.855
300.882
300.909
300.936
300.962
300.989
301.015
301.041
301.066
301.092
301.117
301.141
301.165
301.189
301.212
300
300.001
300.002
300.003
300.004
300.005
300.006
300.007
300.009
300.01
300.012
300.014
300.016
300.019
300.022
300.025
300.028
300.032
300.036
300.04
300.045
300.05
300.056
300.062
300.068
300.075
300.083
300.091
300.099
300.109
300.118
300.128
300.139
300.15
300.162
300.175
300.188
300.201
300.216
300.23
300.246
300.262
300.279
300.296
300.314
300.332
300.351
300.37
300.39
300.411
300.432
300.453
300.475
300.497
300.52
300.543
300.567
300.59
300.614
300.638
300.663
300.687
300.712
300.737
300.762
300.787
300.811
300.836
300.861
300.885
300.91
300.934
300.958
300.982
301.005
301.028
301.051
301.073
301.095
301.117
301.138
300
300.001
300.002
300.003
300.004
300.005
300.006
300.007
300.008
300.01
300.012
300.014
300.016
300.018
300.021
300.024
300.027
300.031
300.035
300.039
300.044
300.049
300.054
300.06
300.067
300.073
300.081
300.088
300.097
300.105
300.115
300.124
300.135
300.146
300.157
300.169
300.181
300.195
300.208
300.222
300.237
300.252
300.268
300.285
300.302
300.319
300.337
300.355
300.374
300.394
300.413
300.433
300.454
300.475
300.496
300.518
300.539
300.561
300.584
300.606
300.629
300.651
300.674
300.697
300.72
300.743
300.765
300.788
300.811
300.833
300.855
300.878
300.899
300.921
300.942
300.963
300.984
301.005
301.025
301.045
301.064
300
300.001
300.002
300.003
300.004
300.005
300.006
300.007
300.008
300.01
300.012
300.013
300.016
300.018
300.021
300.023
300.027
300.03
300.034
300.038
300.043
300.047
300.053
300.058
300.064
300.071
300.078
300.085
300.093
300.102
300.111
300.12
300.13
300.14
300.151
300.163
300.174
300.187
300.2
300.213
300.227
300.242
300.257
300.272
300.288
300.305
300.322
300.339
300.357
300.375
300.393
300.412
300.431
300.451
300.47
300.49
300.51
300.531
300.551
300.572
300.593
300.614
300.635
300.655
300.676
300.697
300.718
300.739
300.759
300.78
300.8
300.82
300.84
300.86
300.879
300.898
300.917
300.935
300.954
300.972
300.989
300
300.001
300.002
300.003
300.003
300.004
300.005
300.007
300.008
300.009
300.011
300.013
300.015
300.017
300.02
300.023
300.026
300.029
300.033
300.037
300.041
300.046
300.051
300.056
300.062
300.068
300.075
300.082
300.09
300.098
300.106
300.115
300.124
300.134
300.145
300.155
300.167
300.179
300.191
300.204
300.217
300.23
300.245
300.259
300.274
300.289
300.305
300.321
300.338
300.355
300.372
300.389
300.407
300.425
300.443
300.461
300.48
300.499
300.517
300.536
300.555
300.574
300.593
300.612
300.631
300.65
300.669
300.688
300.707
300.725
300.743
300.762
300.78
300.797
300.815
300.832
300.849
300.866
300.882
300.899
300.915
300
300.001
300.002
300.002
300.003
300.004
300.005
300.006
300.008
300.009
300.011
300.013
300.015
300.017
300.019
300.022
300.025
300.028
300.031
300.035
300.039
300.044
300.049
300.054
300.059
300.065
300.072
300.078
300.086
300.093
300.101
300.11
300.118
300.128
300.138
300.148
300.158
300.169
300.181
300.193
300.205
300.218
300.231
300.245
300.259
300.273
300.287
300.302
300.318
300.333
300.349
300.365
300.381
300.398
300.414
300.431
300.448
300.465
300.482
300.499
300.517
300.534
300.551
300.568
300.585
300.603
300.62
300.636
300.653
300.67
300.686
300.703
300.719
300.735
300.751
300.766
300.781
300.796
300.811
300.826
300.84
300
300.001
300.002
300.002
300.003
300.004
300.005
300.006
300.007
300.009
300.01
300.012
300.014
300.016
300.018
300.021
300.024
300.027
300.03
300.034
300.037
300.042
300.046
300.051
300.056
300.062
300.068
300.074
300.081
300.088
300.096
300.104
300.112
300.121
300.13
300.139
300.149
300.16
300.17
300.181
300.193
300.205
300.217
300.229
300.242
300.255
300.269
300.282
300.296
300.31
300.325
300.339
300.354
300.369
300.384
300.399
300.415
300.43
300.446
300.461
300.477
300.492
300.508
300.523
300.539
300.554
300.569
300.584
300.599
300.614
300.629
300.644
300.658
300.672
300.686
300.7
300.714
300.727
300.741
300.754
300.766
300
300.001
300.002
300.002
300.003
300.004
300.005
300.006
300.007
300.008
300.01
300.011
300.013
300.015
300.017
300.02
300.022
300.025
300.028
300.032
300.035
300.039
300.044
300.048
300.053
300.058
300.064
300.07
300.076
300.083
300.09
300.097
300.105
300.113
300.122
300.13
300.139
300.149
300.159
300.169
300.18
300.19
300.201
300.213
300.225
300.237
300.249
300.261
300.274
300.287
300.3
300.313
300.326
300.34
300.353
300.367
300.381
300.395
300.408
300.422
300.436
300.45
300.464
300.478
300.491
300.505
300.519
300.532
300.546
300.559
300.572
300.585
300.598
300.61
300.623
300.635
300.647
300.659
300.671
300.682
300.694
300
300.001
300.001
300.002
300.003
300.004
300.005
300.006
300.007
300.008
300.009
300.011
300.012
300.014
300.016
300.019
300.021
300.024
300.027
300.03
300.033
300.037
300.041
300.045
300.05
300.055
300.06
300.065
300.071
300.077
300.084
300.09
300.098
300.105
300.113
300.121
300.129
300.138
300.147
300.156
300.166
300.175
300.186
300.196
300.206
300.217
300.228
300.239
300.251
300.262
300.274
300.286
300.298
300.31
300.322
300.334
300.346
300.359
300.371
300.383
300.396
300.408
300.42
300.432
300.444
300.456
300.468
300.48
300.492
300.504
300.515
300.527
300.538
300.549
300.56
300.571
300.582
300.592
300.602
300.613
300.623
300
300.001
300.001
300.002
300.003
300.003
300.004
300.005
300.006
300.007
300.009
300.01
300.012
300.013
300.015
300.017
300.02
300.022
300.025
300.028
300.031
300.034
300.038
300.042
300.046
300.05
300.055
300.06
300.066
300.071
300.077
300.083
300.09
300.096
300.103
300.111
300.118
300.126
300.134
300.143
300.151
300.16
300.169
300.178
300.188
300.197
300.207
300.217
300.227
300.237
300.248
300.258
300.269
300.279
300.29
300.301
300.312
300.323
300.333
300.344
300.355
300.366
300.376
300.387
300.398
300.408
300.419
300.429
300.439
300.45
300.46
300.47
300.479
300.489
300.499
300.508
300.518
300.527
300.536
300.545
300.553
300
300.001
300.001
300.002
300.002
300.003
300.004
300.005
300.006
300.007
300.008
300.009
300.011
300.012
300.014
300.016
300.018
300.02
300.023
300.025
300.028
300.031
300.035
300.038
300.042
300.046
300.05
300.055
300.06
300.065
300.07
300.076
300.082
300.088
300.094
300.1
300.107
300.114
300.121
300.129
300.136
300.144
300.152
300.16
300.169
300.177
300.186
300.195
300.204
300.212
300.222
300.231
300.24
300.249
300.259
300.268
300.277
300.287
300.296
300.306
300.315
300.324
300.334
300.343
300.352
300.361
300.37
300.379
300.388
300.397
300.406
300.414
300.423
300.431
300.439
300.448
300.456
300.464
300.471
300.479
300.487
300
300.001
300.001
300.002
300.002
300.003
300.004
300.004
300.005
300.006
300.007
300.008
300.01
300.011
300.013
300.014
300.016
300.018
300.021
300.023
300.026
300.028
300.031
300.035
300.038
300.042
300.046
300.05
300.054
300.058
300.063
300.068
300.073
300.078
300.084
300.09
300.096
300.102
300.108
300.115
300.121
300.128
300.135
300.142
300.15
300.157
300.165
300.172
300.18
300.188
300.196
300.204
300.211
300.219
300.228
300.236
300.244
300.252
300.26
300.268
300.276
300.284
300.292
300.3
300.308
300.316
300.323
300.331
300.339
300.346
300.354
300.361
300.368
300.375
300.383
300.39
300.396
300.403
300.41
300.416
300.423
300
300.001
300.001
300.002
300.002
300.003
300.003
300.004
300.005
300.006
300.007
300.008
300.009
300.01
300.011
300.013
300.015
300.017
300.019
300.021
300.023
300.025
300.028
300.031
300.034
300.037
300.041
300.044
300.048
300.052
300.056
300.06
300.065
300.069
300.074
300.079
300.084
300.09
300.095
300.101
300.107
300.112
300.119
300.125
300.131
300.137
300.144
300.15
300.157
300.163
300.17
300.177
300.184
300.191
300.197
300.204
300.211
300.218
300.225
300.232
300.239
300.245
300.252
300.259
300.265
300.272
300.279
300.285
300.292
300.298
300.304
300.31
300.317
300.323
300.329
300.334
300.34
300.346
300.352
300.357
300.363
300
300.001
300.001
300.001
300.002
300.002
300.003
300.004
300.004
300.005
300.006
300.007
300.008
300.009
300.01
300.011
300.013
300.015
300.016
300.018
300.02
300.022
300.025
300.027
300.03
300.033
300.035
300.039
300.042
300.045
300.049
300.052
300.056
300.06
300.064
300.069
300.073
300.078
300.082
300.087
300.092
300.097
300.102
300.107
300.113
300.118
300.123
300.129
300.135
300.14
300.146
300.151
300.157
300.163
300.169
300.174
300.18
300.186
300.192
300.197
300.203
300.209
300.214
300.22
300.225
300.231
300.236
300.242
300.247
300.253
300.258
300.263
300.268
300.273
300.278
300.283
300.288
300.293
300.297
300.302
300.306
300
300
300.001
300.001
300.002
300.002
300.003
300.003
300.004
300.004
300.005
300.006
300.007
300.008
300.009
300.01
300.011
300.013
300.014
300.016
300.017
300.019
300.021
300.023
300.026
300.028
300.03
300.033
300.036
300.039
300.042
300.045
300.048
300.052
300.055
300.059
300.062
300.066
300.07
300.074
300.078
300.082
300.087
300.091
300.095
300.1
300.104
300.109
300.113
300.118
300.123
300.127
300.132
300.137
300.142
300.146
300.151
300.156
300.161
300.165
300.17
300.175
300.179
300.184
300.188
300.193
300.197
300.202
300.206
300.211
300.215
300.219
300.223
300.227
300.231
300.235
300.239
300.243
300.247
300.251
300.255
300
300
300.001
300.001
300.001
300.002
300.002
300.003
300.003
300.004
300.004
300.005
300.006
300.007
300.008
300.009
300.01
300.011
300.012
300.013
300.015
300.016
300.018
300.02
300.022
300.024
300.026
300.028
300.03
300.033
300.035
300.038
300.04
300.043
300.046
300.049
300.052
300.055
300.058
300.062
300.065
300.068
300.072
300.075
300.079
300.083
300.086
300.09
300.094
300.098
300.101
300.105
300.109
300.113
300.117
300.12
300.124
300.128
300.132
300.136
300.14
300.143
300.147
300.151
300.154
300.158
300.162
300.165
300.169
300.172
300.176
300.179
300.183
300.186
300.189
300.192
300.196
300.199
300.202
300.205
300.208
300
300
300.001
300.001
300.001
300.001
300.002
300.002
300.003
300.003
300.004
300.004
300.005
300.006
300.006
300.007
300.008
300.009
300.01
300.011
300.012
300.014
300.015
300.016
300.018
300.02
300.021
300.023
300.025
300.027
300.029
300.031
300.033
300.035
300.038
300.04
300.043
300.045
300.048
300.05
300.053
300.056
300.059
300.061
300.064
300.067
300.07
300.073
300.076
300.079
300.082
300.085
300.088
300.091
300.094
300.097
300.1
300.103
300.106
300.109
300.112
300.115
300.118
300.121
300.124
300.127
300.13
300.133
300.135
300.138
300.141
300.144
300.146
300.149
300.152
300.154
300.157
300.159
300.162
300.164
300.166
300
300
300
300.001
300.001
300.001
300.001
300.002
300.002
300.003
300.003
300.003
300.004
300.004
300.005
300.006
300.006
300.007
300.008
300.009
300.01
300.011
300.012
300.013
300.014
300.016
300.017
300.019
300.02
300.022
300.023
300.025
300.027
300.028
300.03
300.032
300.034
300.036
300.038
300.04
300.042
300.044
300.047
300.049
300.051
300.053
300.056
300.058
300.06
300.063
300.065
300.067
300.07
300.072
300.074
300.077
300.079
300.081
300.084
300.086
300.088
300.091
300.093
300.095
300.098
300.1
300.102
300.104
300.106
300.109
300.111
300.113
300.115
300.117
300.119
300.121
300.123
300.125
300.127
300.129
300.13
300
300
300
300.001
300.001
300.001
300.001
300.001
300.002
300.002
300.002
300.003
300.003
300.004
300.004
300.005
300.005
300.006
300.006
300.007
300.008
300.009
300.01
300.01
300.011
300.012
300.013
300.015
300.016
300.017
300.018
300.019
300.021
300.022
300.024
300.025
300.027
300.028
300.03
300.031
300.033
300.035
300.036
300.038
300.04
300.041
300.043
300.045
300.047
300.049
300.05
300.052
300.054
300.056
300.058
300.059
300.061
300.063
300.065
300.066
300.068
300.07
300.072
300.073
300.075
300.077
300.079
300.08
300.082
300.084
300.085
300.087
300.088
300.09
300.091
300.093
300.094
300.096
300.097
300.099
300.1
300
300
300
300
300.001
300.001
300.001
300.001
300.001
300.002
300.002
300.002
300.002
300.003
300.003
300.004
300.004
300.004
300.005
300.006
300.006
300.007
300.007
300.008
300.009
300.01
300.01
300.011
300.012
300.013
300.014
300.015
300.016
300.017
300.018
300.019
300.02
300.022
300.023
300.024
300.025
300.026
300.028
300.029
300.03
300.032
300.033
300.034
300.036
300.037
300.038
300.04
300.041
300.042
300.044
300.045
300.046
300.048
300.049
300.05
300.052
300.053
300.054
300.056
300.057
300.058
300.059
300.061
300.062
300.063
300.064
300.066
300.067
300.068
300.069
300.07
300.071
300.072
300.074
300.075
300.076
300
300
300
300
300
300.001
300.001
300.001
300.001
300.001
300.001
300.002
300.002
300.002
300.002
300.003
300.003
300.003
300.004
300.004
300.005
300.005
300.006
300.006
300.007
300.007
300.008
300.009
300.009
300.01
300.011
300.012
300.012
300.013
300.014
300.015
300.016
300.016
300.017
300.018
300.019
300.02
300.021
300.022
300.023
300.024
300.025
300.026
300.027
300.028
300.029
300.03
300.031
300.032
300.033
300.034
300.035
300.036
300.037
300.038
300.039
300.04
300.041
300.042
300.043
300.044
300.045
300.046
300.047
300.048
300.049
300.049
300.05
300.051
300.052
300.053
300.054
300.055
300.055
300.056
300.057
300
300
300
300
300
300
300.001
300.001
300.001
300.001
300.001
300.001
300.001
300.002
300.002
300.002
300.002
300.003
300.003
300.003
300.004
300.004
300.005
300.005
300.005
300.006
300.006
300.007
300.007
300.008
300.008
300.009
300.01
300.01
300.011
300.012
300.012
300.013
300.014
300.014
300.015
300.016
300.016
300.017
300.018
300.019
300.019
300.02
300.021
300.022
300.023
300.023
300.024
300.025
300.026
300.026
300.027
300.028
300.029
300.03
300.03
300.031
300.032
300.033
300.033
300.034
300.035
300.035
300.036
300.037
300.038
300.038
300.039
300.04
300.04
300.041
300.042
300.042
300.043
300.043
300.044
300
300
300
300
300
300
300
300.001
300.001
300.001
300.001
300.001
300.001
300.001
300.002
300.002
300.002
300.002
300.003
300.003
300.003
300.004
300.004
300.004
300.005
300.005
300.005
300.006
300.006
300.007
300.007
300.008
300.008
300.009
300.009
300.01
300.01
300.011
300.012
300.012
300.013
300.013
300.014
300.015
300.015
300.016
300.017
300.017
300.018
300.018
300.019
300.02
300.02
300.021
300.022
300.022
300.023
300.024
300.024
300.025
300.026
300.026
300.027
300.028
300.028
300.029
300.029
300.03
300.031
300.031
300.032
300.032
300.033
300.034
300.034
300.035
300.035
300.036
300.036
300.037
300.037
302.545
302.669
302.742
302.81
302.869
302.917
302.948
302.985
303.02
303.054
303.081
303.111
303.142
303.171
303.2
303.229
303.255
303.278
303.303
303.327
303.351
303.375
303.399
303.422
303.445
303.467
303.489
303.51
303.531
303.551
303.572
303.591
303.61
303.629
303.648
303.666
303.684
303.702
303.719
303.736
303.752
303.768
303.785
303.802
303.819
303.835
303.849
303.865
303.881
303.896
303.91
303.923
303.937
303.951
303.965
303.979
303.993
304.007
304.02
304.032
304.043
304.054
304.065
304.077
304.088
304.1
304.11
304.121
304.131
304.141
304.151
304.16
304.169
304.178
304.187
304.195
304.203
304.211
304.218
304.226
304.234
304.242
304.248
304.254
304.26
304.265
304.271
304.277
304.283
304.287
304.292
304.296
304.301
304.305
304.31
304.314
304.318
304.321
304.324
304.327
304.33
304.333
304.335
304.337
304.339
304.342
304.343
304.345
304.346
304.347
304.348
304.35
304.351
304.352
304.352
304.353
304.353
304.354
304.354
304.354
304.354
304.353
304.353
304.352
304.351
304.35
304.348
304.347
304.344
304.341
304.338
304.334
304.33
304.325
304.32
304.313
304.306
304.299
304.29
304.28
304.27
304.258
304.245
304.23
304.214
304.197
304.177
304.156
304.131
304.102
304.067
304.031
303.995
303.952
303.904
303.848
303.786
303.678
303.576
303.443
303.263
302.446
302.554
302.638
302.709
302.769
302.821
302.863
302.902
302.94
302.975
303.008
303.04
303.071
303.101
303.131
303.16
303.187
303.212
303.238
303.263
303.288
303.312
303.336
303.36
303.383
303.406
303.428
303.449
303.471
303.492
303.512
303.532
303.552
303.571
303.59
303.608
303.626
303.644
303.661
303.679
303.695
303.712
303.729
303.746
303.762
303.778
303.794
303.809
303.825
303.84
303.854
303.868
303.882
303.896
303.91
303.924
303.938
303.952
303.965
303.977
303.988
304
304.011
304.023
304.034
304.045
304.056
304.067
304.077
304.087
304.097
304.107
304.116
304.125
304.133
304.141
304.15
304.157
304.165
304.173
304.181
304.188
304.195
304.201
304.207
304.212
304.218
304.224
304.23
304.234
304.239
304.243
304.248
304.252
304.257
304.261
304.265
304.268
304.271
304.274
304.277
304.28
304.282
304.284
304.287
304.289
304.29
304.292
304.293
304.295
304.296
304.297
304.298
304.299
304.3
304.3
304.301
304.301
304.301
304.301
304.301
304.301
304.3
304.299
304.298
304.297
304.296
304.294
304.291
304.289
304.285
304.282
304.277
304.273
304.267
304.261
304.254
304.246
304.237
304.228
304.217
304.205
304.192
304.178
304.162
304.145
304.125
304.103
304.078
304.049
304.015
303.979
303.941
303.898
303.849
303.792
303.725
303.621
303.514
303.374
303.177
302.365
302.459
302.54
302.611
302.673
302.727
302.774
302.817
302.857
302.895
302.93
302.964
302.996
303.028
303.058
303.088
303.116
303.143
303.169
303.195
303.22
303.245
303.27
303.294
303.318
303.341
303.363
303.385
303.407
303.428
303.449
303.469
303.489
303.509
303.528
303.546
303.565
303.583
303.601
303.618
303.635
303.652
303.669
303.686
303.703
303.719
303.734
303.75
303.766
303.781
303.795
303.81
303.824
303.838
303.852
303.866
303.88
303.893
303.906
303.919
303.931
303.942
303.954
303.965
303.977
303.988
303.999
304.01
304.02
304.03
304.04
304.049
304.059
304.068
304.076
304.085
304.093
304.101
304.108
304.116
304.124
304.131
304.138
304.144
304.15
304.156
304.162
304.168
304.173
304.178
304.183
304.187
304.192
304.196
304.2
304.205
304.208
304.212
304.215
304.218
304.221
304.224
304.226
304.228
304.23
304.233
304.234
304.236
304.237
304.239
304.24
304.241
304.242
304.243
304.244
304.244
304.245
304.245
304.245
304.245
304.245
304.245
304.244
304.243
304.242
304.241
304.24
304.238
304.235
304.233
304.229
304.226
304.222
304.217
304.211
304.205
304.198
304.19
304.182
304.172
304.162
304.15
304.137
304.122
304.107
304.089
304.069
304.047
304.022
303.993
303.959
303.923
303.885
303.841
303.791
303.732
303.662
303.56
303.448
303.303
303.095
302.291
302.374
302.45
302.519
302.58
302.635
302.685
302.73
302.772
302.812
302.849
302.884
302.918
302.95
302.982
303.012
303.041
303.069
303.097
303.123
303.149
303.175
303.2
303.224
303.248
303.272
303.295
303.317
303.339
303.361
303.382
303.403
303.423
303.443
303.462
303.481
303.5
303.518
303.536
303.554
303.571
303.588
303.605
303.622
303.639
303.655
303.671
303.687
303.703
303.718
303.733
303.747
303.762
303.776
303.79
303.804
303.818
303.831
303.844
303.857
303.869
303.881
303.893
303.904
303.916
303.927
303.938
303.949
303.959
303.969
303.979
303.989
303.998
304.007
304.016
304.024
304.032
304.04
304.048
304.056
304.063
304.071
304.078
304.084
304.09
304.096
304.102
304.108
304.113
304.118
304.123
304.127
304.132
304.136
304.141
304.145
304.148
304.152
304.155
304.158
304.161
304.164
304.166
304.169
304.171
304.173
304.175
304.176
304.178
304.179
304.18
304.181
304.183
304.183
304.184
304.185
304.185
304.185
304.186
304.186
304.185
304.185
304.185
304.184
304.183
304.182
304.18
304.178
304.176
304.173
304.17
304.166
304.162
304.157
304.152
304.146
304.139
304.131
304.123
304.113
304.102
304.091
304.078
304.063
304.048
304.03
304.01
303.988
303.963
303.934
303.9
303.864
303.825
303.78
303.729
303.669
303.596
303.495
303.38
303.231
303.017
302.221
302.295
302.365
302.43
302.49
302.545
302.595
302.642
302.685
302.726
302.765
302.801
302.836
302.87
302.902
302.933
302.963
302.992
303.021
303.048
303.075
303.101
303.126
303.151
303.176
303.199
303.223
303.246
303.268
303.29
303.311
303.332
303.353
303.373
303.393
303.412
303.431
303.449
303.468
303.486
303.503
303.521
303.538
303.555
303.572
303.588
303.605
303.62
303.636
303.652
303.667
303.681
303.696
303.71
303.724
303.738
303.752
303.766
303.779
303.792
303.804
303.816
303.828
303.839
303.851
303.862
303.873
303.884
303.894
303.905
303.915
303.924
303.934
303.943
303.951
303.96
303.968
303.976
303.984
303.992
303.999
304.007
304.014
304.02
304.026
304.032
304.038
304.044
304.049
304.054
304.059
304.064
304.069
304.073
304.077
304.081
304.085
304.088
304.092
304.095
304.098
304.1
304.103
304.105
304.107
304.11
304.111
304.113
304.115
304.116
304.117
304.118
304.119
304.12
304.121
304.122
304.122
304.122
304.122
304.122
304.122
304.122
304.121
304.121
304.12
304.118
304.117
304.115
304.113
304.11
304.107
304.103
304.099
304.094
304.089
304.083
304.076
304.068
304.06
304.05
304.04
304.028
304.015
304.001
303.985
303.967
303.947
303.925
303.9
303.871
303.838
303.801
303.762
303.716
303.664
303.602
303.527
303.427
303.309
303.157
302.942
302.153
302.22
302.284
302.345
302.403
302.456
302.506
302.553
302.597
302.639
302.678
302.716
302.752
302.786
302.819
302.851
302.882
302.912
302.941
302.969
302.996
303.023
303.049
303.074
303.099
303.123
303.147
303.17
303.193
303.215
303.237
303.258
303.279
303.299
303.319
303.339
303.358
303.377
303.395
303.414
303.432
303.449
303.467
303.484
303.501
303.517
303.534
303.55
303.566
303.581
303.596
303.611
303.626
303.64
303.655
303.669
303.683
303.696
303.709
303.722
303.735
303.747
303.759
303.771
303.782
303.793
303.805
303.815
303.826
303.836
303.846
303.856
303.865
303.874
303.883
303.892
303.9
303.908
303.916
303.924
303.932
303.939
303.946
303.952
303.959
303.965
303.97
303.976
303.982
303.987
303.992
303.997
304.001
304.006
304.01
304.014
304.018
304.021
304.024
304.028
304.03
304.033
304.036
304.038
304.04
304.042
304.044
304.046
304.047
304.049
304.05
304.051
304.052
304.053
304.054
304.054
304.055
304.055
304.055
304.055
304.055
304.055
304.054
304.053
304.052
304.051
304.05
304.048
304.046
304.043
304.04
304.036
304.032
304.027
304.022
304.016
304.009
304.002
303.993
303.984
303.973
303.962
303.949
303.935
303.919
303.901
303.881
303.859
303.833
303.805
303.772
303.735
303.695
303.649
303.595
303.532
303.455
303.356
303.236
303.082
302.869
302.085
302.146
302.206
302.263
302.317
302.369
302.418
302.465
302.509
302.551
302.59
302.629
302.665
302.7
302.734
302.766
302.798
302.828
302.857
302.886
302.914
302.941
302.967
302.993
303.018
303.043
303.067
303.091
303.114
303.136
303.158
303.18
303.201
303.221
303.242
303.262
303.281
303.3
303.319
303.338
303.356
303.374
303.391
303.409
303.426
303.442
303.459
303.475
303.491
303.507
303.522
303.537
303.552
303.567
303.581
303.595
303.609
303.622
303.636
303.649
303.661
303.674
303.686
303.698
303.709
303.721
303.732
303.743
303.753
303.764
303.774
303.783
303.793
303.802
303.811
303.82
303.828
303.836
303.844
303.852
303.86
303.867
303.874
303.88
303.887
303.893
303.899
303.905
303.91
303.915
303.92
303.925
303.93
303.934
303.938
303.942
303.946
303.95
303.953
303.956
303.959
303.962
303.964
303.967
303.969
303.971
303.973
303.975
303.976
303.978
303.979
303.98
303.981
303.982
303.983
303.983
303.984
303.984
303.984
303.984
303.984
303.984
303.983
303.982
303.981
303.98
303.979
303.977
303.974
303.972
303.969
303.965
303.961
303.956
303.951
303.945
303.938
303.931
303.922
303.913
303.903
303.891
303.878
303.864
303.848
303.831
303.811
303.788
303.763
303.734
303.701
303.665
303.624
303.577
303.523
303.458
303.38
303.281
303.16
303.005
302.797
302.018
302.074
302.129
302.182
302.234
302.283
302.331
302.376
302.42
302.461
302.501
302.539
302.576
302.611
302.645
302.678
302.71
302.741
302.771
302.8
302.828
302.855
302.882
302.908
302.934
302.959
302.983
303.007
303.03
303.053
303.075
303.097
303.119
303.14
303.16
303.18
303.2
303.219
303.238
303.257
303.276
303.294
303.311
303.329
303.346
303.363
303.38
303.396
303.412
303.428
303.443
303.459
303.474
303.488
303.503
303.517
303.531
303.545
303.558
303.571
303.584
303.596
303.608
303.62
303.632
303.644
303.655
303.666
303.676
303.687
303.697
303.707
303.716
303.725
303.734
303.743
303.752
303.76
303.768
303.776
303.783
303.791
303.798
303.804
303.811
303.817
303.823
303.829
303.834
303.839
303.844
303.849
303.854
303.858
303.863
303.867
303.87
303.874
303.877
303.881
303.883
303.886
303.889
303.891
303.893
303.896
303.897
303.899
303.901
303.902
303.903
303.905
303.906
303.907
303.907
303.908
303.908
303.909
303.909
303.909
303.909
303.908
303.908
303.907
303.906
303.905
303.903
303.901
303.899
303.896
303.893
303.89
303.886
303.881
303.876
303.87
303.863
303.856
303.848
303.838
303.828
303.817
303.804
303.79
303.774
303.756
303.736
303.714
303.689
303.66
303.627
303.59
303.549
303.502
303.447
303.381
303.302
303.203
303.082
302.929
302.727
301.951
302.002
302.053
302.103
302.151
302.198
302.244
302.288
302.33
302.371
302.41
302.448
302.485
302.52
302.555
302.588
302.62
302.651
302.681
302.71
302.739
302.767
302.794
302.82
302.846
302.871
302.896
302.92
302.943
302.966
302.989
303.011
303.033
303.054
303.075
303.095
303.115
303.134
303.154
303.173
303.191
303.209
303.227
303.245
303.262
303.279
303.296
303.313
303.329
303.345
303.361
303.376
303.391
303.406
303.42
303.435
303.449
303.462
303.476
303.489
303.502
303.514
303.527
303.539
303.551
303.562
303.573
303.584
303.595
303.606
303.616
303.626
303.635
303.645
303.654
303.662
303.671
303.679
303.687
303.695
303.703
303.71
303.717
303.724
303.73
303.736
303.742
303.748
303.754
303.759
303.764
303.769
303.774
303.778
303.782
303.786
303.79
303.794
303.797
303.8
303.803
303.806
303.809
303.811
303.814
303.816
303.818
303.819
303.821
303.822
303.824
303.825
303.826
303.827
303.828
303.828
303.829
303.829
303.829
303.829
303.829
303.829
303.828
303.827
303.826
303.825
303.823
303.822
303.819
303.817
303.814
303.81
303.806
303.802
303.796
303.791
303.784
303.777
303.768
303.759
303.749
303.738
303.725
303.711
303.695
303.678
303.658
303.635
303.61
303.581
303.549
303.512
303.47
303.422
303.367
303.301
303.221
303.123
303.002
302.851
302.658
301.883
301.93
301.977
302.024
302.069
302.114
302.157
302.2
302.241
302.28
302.319
302.356
302.393
302.428
302.462
302.495
302.527
302.558
302.588
302.618
302.646
302.674
302.701
302.728
302.754
302.779
302.804
302.829
302.852
302.876
302.898
302.921
302.942
302.964
302.985
303.005
303.025
303.045
303.065
303.084
303.102
303.121
303.139
303.157
303.174
303.191
303.208
303.225
303.241
303.257
303.273
303.289
303.304
303.319
303.333
303.348
303.362
303.376
303.389
303.402
303.415
303.428
303.44
303.453
303.464
303.476
303.487
303.498
303.509
303.52
303.53
303.54
303.55
303.559
303.568
303.577
303.586
303.594
303.602
303.61
303.617
303.625
303.632
303.639
303.645
303.651
303.658
303.663
303.669
303.674
303.679
303.684
303.689
303.693
303.698
303.702
303.706
303.709
303.713
303.716
303.719
303.722
303.724
303.727
303.729
303.731
303.733
303.735
303.736
303.738
303.739
303.74
303.741
303.742
303.743
303.744
303.744
303.745
303.745
303.745
303.745
303.744
303.744
303.743
303.742
303.741
303.739
303.737
303.735
303.732
303.729
303.726
303.722
303.717
303.712
303.707
303.7
303.693
303.685
303.676
303.666
303.654
303.642
303.628
303.612
303.594
303.575
303.552
303.527
303.498
303.466
303.429
303.387
303.339
303.283
303.216
303.137
303.039
302.92
302.772
302.588
301.814
301.858
301.902
301.945
301.988
302.03
302.071
302.112
302.151
302.189
302.227
302.263
302.299
302.333
302.367
302.4
302.431
302.462
302.493
302.522
302.551
302.579
302.606
302.633
302.659
302.684
302.709
302.734
302.758
302.781
302.804
302.826
302.848
302.87
302.891
302.911
302.932
302.952
302.971
302.991
303.009
303.028
303.046
303.064
303.082
303.099
303.116
303.133
303.149
303.165
303.181
303.197
303.212
303.227
303.242
303.256
303.271
303.284
303.298
303.311
303.324
303.337
303.35
303.362
303.374
303.385
303.397
303.408
303.419
303.429
303.44
303.45
303.459
303.469
303.478
303.487
303.496
303.504
303.512
303.52
303.528
303.535
303.542
303.549
303.555
303.562
303.568
303.574
303.579
303.585
303.59
303.595
303.599
303.604
303.608
303.612
303.616
303.62
303.623
303.626
303.629
303.632
303.635
303.637
303.64
303.642
303.644
303.646
303.647
303.649
303.65
303.651
303.652
303.653
303.654
303.655
303.655
303.655
303.656
303.656
303.655
303.655
303.654
303.654
303.653
303.651
303.65
303.648
303.646
303.643
303.64
303.637
303.633
303.629
303.624
303.618
303.612
303.604
303.596
303.587
303.577
303.566
303.554
303.54
303.524
303.507
303.487
303.465
303.44
303.411
303.379
303.342
303.3
303.251
303.195
303.129
303.049
302.952
302.835
302.692
302.518
301.745
301.786
301.826
301.867
301.907
301.946
301.985
302.023
302.061
302.098
302.134
302.17
302.204
302.238
302.271
302.303
302.334
302.365
302.395
302.424
302.452
302.48
302.508
302.534
302.56
302.586
302.611
302.635
302.659
302.682
302.705
302.728
302.75
302.772
302.793
302.814
302.834
302.854
302.874
302.893
302.912
302.931
302.949
302.967
302.985
303.002
303.019
303.036
303.053
303.069
303.085
303.1
303.116
303.131
303.146
303.16
303.174
303.188
303.202
303.216
303.229
303.241
303.254
303.266
303.278
303.29
303.301
303.313
303.323
303.334
303.344
303.354
303.364
303.374
303.383
303.392
303.401
303.409
303.417
303.425
303.433
303.44
303.447
303.454
303.461
303.467
303.473
303.479
303.485
303.49
303.495
303.5
303.505
303.509
303.514
303.518
303.522
303.525
303.529
303.532
303.535
303.538
303.541
303.543
303.546
303.548
303.55
303.551
303.553
303.555
303.556
303.557
303.558
303.559
303.56
303.561
303.561
303.561
303.561
303.562
303.561
303.561
303.56
303.56
303.559
303.557
303.556
303.554
303.552
303.549
303.547
303.543
303.539
303.535
303.53
303.524
303.518
303.511
303.503
303.494
303.484
303.473
303.461
303.447
303.432
303.414
303.395
303.373
303.348
303.319
303.287
303.25
303.208
303.16
303.103
303.037
302.958
302.863
302.749
302.611
302.446
301.675
301.713
301.75
301.788
301.825
301.862
301.899
301.935
301.971
302.006
302.041
302.075
302.108
302.141
302.173
302.204
302.235
302.265
302.295
302.323
302.352
302.379
302.406
302.433
302.459
302.484
302.509
302.533
302.557
302.58
302.603
302.626
302.648
302.67
302.691
302.712
302.732
302.752
302.772
302.791
302.81
302.829
302.847
302.865
302.883
302.901
302.918
302.935
302.951
302.968
302.984
302.999
303.015
303.03
303.045
303.059
303.074
303.088
303.101
303.115
303.128
303.141
303.154
303.166
303.178
303.19
303.201
303.212
303.223
303.234
303.244
303.254
303.264
303.274
303.283
303.292
303.301
303.309
303.317
303.325
303.333
303.34
303.348
303.355
303.361
303.368
303.374
303.38
303.385
303.391
303.396
303.401
303.406
303.41
303.414
303.418
303.422
303.426
303.43
303.433
303.436
303.439
303.441
303.444
303.446
303.448
303.45
303.452
303.454
303.455
303.457
303.458
303.459
303.46
303.461
303.461
303.462
303.462
303.462
303.462
303.462
303.462
303.461
303.461
303.46
303.458
303.457
303.455
303.453
303.451
303.448
303.444
303.441
303.436
303.431
303.426
303.42
303.413
303.405
303.396
303.387
303.376
303.363
303.35
303.334
303.317
303.298
303.276
303.251
303.222
303.19
303.154
303.112
303.064
303.008
302.942
302.864
302.771
302.66
302.528
302.373
301.604
301.639
301.674
301.709
301.744
301.778
301.813
301.847
301.881
301.914
301.947
301.98
302.012
302.043
302.074
302.105
302.135
302.164
302.193
302.221
302.249
302.276
302.302
302.329
302.354
302.379
302.404
302.428
302.452
302.475
302.498
302.52
302.542
302.564
302.585
302.606
302.626
302.646
302.666
302.685
302.704
302.723
302.742
302.76
302.777
302.795
302.812
302.829
302.846
302.862
302.878
302.894
302.909
302.924
302.939
302.954
302.968
302.982
302.996
303.01
303.023
303.036
303.048
303.061
303.073
303.085
303.096
303.107
303.118
303.129
303.139
303.149
303.159
303.169
303.178
303.187
303.196
303.204
303.213
303.221
303.228
303.236
303.243
303.25
303.257
303.263
303.269
303.275
303.281
303.286
303.291
303.296
303.301
303.306
303.31
303.314
303.318
303.322
303.325
303.328
303.331
303.334
303.337
303.34
303.342
303.344
303.346
303.348
303.35
303.351
303.352
303.354
303.355
303.356
303.356
303.357
303.358
303.358
303.358
303.358
303.358
303.358
303.357
303.356
303.355
303.354
303.353
303.351
303.349
303.346
303.344
303.34
303.337
303.332
303.328
303.322
303.316
303.309
303.302
303.293
303.283
303.273
303.261
303.247
303.232
303.215
303.196
303.174
303.149
303.121
303.089
303.053
303.011
302.963
302.908
302.843
302.766
302.676
302.569
302.443
302.298
301.532
301.564
301.597
301.629
301.662
301.694
301.726
301.758
301.79
301.822
301.853
301.884
301.915
301.945
301.975
302.004
302.033
302.061
302.089
302.117
302.144
302.17
302.196
302.222
302.247
302.272
302.296
302.32
302.343
302.366
302.389
302.411
302.433
302.454
302.475
302.496
302.517
302.536
302.556
302.575
302.594
302.613
302.631
302.65
302.667
302.685
302.702
302.719
302.735
302.752
302.768
302.783
302.799
302.814
302.829
302.844
302.858
302.872
302.886
302.899
302.913
302.926
302.938
302.951
302.963
302.974
302.986
302.997
303.008
303.019
303.029
303.039
303.049
303.059
303.068
303.077
303.086
303.095
303.103
303.111
303.118
303.126
303.133
303.14
303.147
303.153
303.159
303.165
303.171
303.176
303.182
303.187
303.191
303.196
303.2
303.204
303.208
303.212
303.215
303.219
303.222
303.225
303.227
303.23
303.232
303.234
303.236
303.238
303.24
303.242
303.243
303.244
303.245
303.246
303.247
303.248
303.248
303.248
303.249
303.249
303.248
303.248
303.248
303.247
303.246
303.245
303.243
303.242
303.24
303.237
303.234
303.231
303.228
303.223
303.219
303.213
303.207
303.201
303.193
303.185
303.175
303.165
303.153
303.14
303.125
303.108
303.089
303.067
303.043
303.015
302.983
302.947
302.906
302.859
302.804
302.74
302.665
302.578
302.475
302.356
302.221
301.459
301.489
301.519
301.549
301.579
301.609
301.639
301.669
301.699
301.729
301.759
301.788
301.817
301.846
301.874
301.902
301.93
301.957
301.984
302.011
302.037
302.063
302.088
302.113
302.138
302.162
302.186
302.209
302.232
302.255
302.277
302.299
302.321
302.342
302.363
302.383
302.403
302.423
302.443
302.462
302.481
302.499
302.517
302.535
302.553
302.57
302.588
302.604
302.621
302.637
302.653
302.669
302.684
302.699
302.714
302.729
302.743
302.757
302.771
302.785
302.798
302.811
302.823
302.836
302.848
302.86
302.871
302.882
302.893
302.904
302.914
302.925
302.934
302.944
302.953
302.962
302.971
302.98
302.988
302.996
303.004
303.011
303.018
303.025
303.032
303.038
303.044
303.05
303.056
303.061
303.067
303.072
303.076
303.081
303.085
303.089
303.093
303.097
303.1
303.104
303.107
303.11
303.112
303.115
303.117
303.12
303.122
303.123
303.125
303.127
303.128
303.129
303.13
303.131
303.132
303.133
303.133
303.134
303.134
303.134
303.134
303.133
303.133
303.132
303.131
303.13
303.129
303.127
303.125
303.123
303.12
303.117
303.113
303.109
303.105
303.099
303.094
303.087
303.08
303.071
303.062
303.052
303.04
303.027
303.012
302.995
302.977
302.955
302.931
302.904
302.873
302.837
302.797
302.75
302.696
302.634
302.561
302.477
302.379
302.267
302.141
301.385
301.413
301.441
301.468
301.496
301.524
301.552
301.58
301.608
301.636
301.664
301.691
301.719
301.746
301.773
301.8
301.826
301.852
301.878
301.904
301.929
301.954
301.979
302.003
302.027
302.05
302.073
302.096
302.119
302.141
302.163
302.184
302.205
302.226
302.247
302.267
302.287
302.306
302.325
302.344
302.363
302.381
302.4
302.417
302.435
302.452
302.469
302.486
302.502
302.518
302.534
302.55
302.565
302.58
302.595
302.61
302.624
302.638
302.652
302.665
302.678
302.691
302.704
302.716
302.728
302.74
302.751
302.763
302.774
302.784
302.795
302.805
302.815
302.824
302.833
302.842
302.851
302.86
302.868
302.876
302.883
302.891
302.898
302.905
302.912
302.918
302.924
302.93
302.936
302.941
302.947
302.951
302.956
302.961
302.965
302.969
302.973
302.977
302.98
302.984
302.987
302.99
302.992
302.995
302.997
302.999
303.001
303.003
303.005
303.007
303.008
303.009
303.01
303.011
303.012
303.013
303.013
303.013
303.014
303.014
303.014
303.013
303.013
303.012
303.011
303.01
303.009
303.007
303.005
303.003
303
302.997
302.994
302.99
302.985
302.98
302.974
302.968
302.961
302.953
302.944
302.933
302.922
302.909
302.894
302.878
302.86
302.839
302.815
302.788
302.758
302.723
302.683
302.637
302.585
302.524
302.454
302.374
302.281
302.176
302.059
301.311
301.336
301.362
301.387
301.413
301.439
301.465
301.491
301.517
301.543
301.569
301.595
301.621
301.646
301.672
301.697
301.722
301.747
301.772
301.796
301.82
301.844
301.868
301.891
301.914
301.937
301.959
301.981
302.003
302.025
302.046
302.067
302.088
302.108
302.128
302.148
302.167
302.186
302.205
302.224
302.242
302.26
302.278
302.296
302.313
302.33
302.347
302.363
302.38
302.396
302.411
302.427
302.442
302.457
302.472
302.486
302.5
302.514
302.528
302.541
302.554
302.567
302.58
302.592
302.604
302.615
302.627
302.638
302.649
302.66
302.67
302.68
302.69
302.699
302.709
302.718
302.726
302.735
302.743
302.751
302.758
302.766
302.773
302.78
302.787
302.793
302.799
302.805
302.811
302.816
302.821
302.826
302.831
302.835
302.84
302.844
302.848
302.851
302.855
302.858
302.861
302.864
302.867
302.869
302.872
302.874
302.876
302.878
302.88
302.881
302.883
302.884
302.885
302.886
302.887
302.887
302.888
302.888
302.888
302.888
302.888
302.888
302.887
302.887
302.886
302.885
302.883
302.882
302.88
302.878
302.875
302.872
302.869
302.865
302.861
302.856
302.85
302.844
302.837
302.829
302.82
302.81
302.799
302.786
302.772
302.756
302.738
302.717
302.694
302.668
302.638
302.604
302.565
302.521
302.47
302.411
302.344
302.267
302.18
302.082
301.974
301.235
301.259
301.282
301.306
301.33
301.354
301.378
301.402
301.426
301.45
301.474
301.498
301.522
301.546
301.57
301.594
301.617
301.641
301.664
301.687
301.71
301.733
301.756
301.778
301.8
301.822
301.843
301.865
301.886
301.907
301.927
301.948
301.968
301.987
302.007
302.026
302.045
302.064
302.082
302.101
302.119
302.136
302.154
302.171
302.188
302.205
302.221
302.237
302.253
302.269
302.285
302.3
302.315
302.33
302.344
302.359
302.373
302.386
302.4
302.413
302.426
302.439
302.451
302.463
302.475
302.487
302.498
302.509
302.52
302.53
302.541
302.551
302.56
302.57
302.579
302.588
302.597
302.605
302.613
302.621
302.629
302.636
302.643
302.65
302.657
302.663
302.669
302.675
302.68
302.686
302.691
302.696
302.701
302.705
302.709
302.714
302.717
302.721
302.725
302.728
302.731
302.734
302.736
302.739
302.741
302.743
302.746
302.747
302.749
302.751
302.752
302.753
302.754
302.755
302.756
302.757
302.757
302.758
302.758
302.758
302.758
302.757
302.757
302.756
302.756
302.754
302.753
302.752
302.75
302.748
302.745
302.742
302.739
302.735
302.731
302.726
302.721
302.715
302.708
302.7
302.691
302.682
302.671
302.658
302.644
302.629
302.611
302.591
302.569
302.543
302.514
302.481
302.443
302.4
302.351
302.295
302.231
302.159
302.077
301.985
301.885
301.16
301.181
301.202
301.224
301.246
301.268
301.29
301.312
301.334
301.357
301.379
301.401
301.424
301.446
301.468
301.491
301.513
301.535
301.557
301.579
301.6
301.622
301.643
301.664
301.685
301.706
301.727
301.747
301.767
301.787
301.807
301.827
301.846
301.865
301.884
301.902
301.921
301.939
301.957
301.975
301.992
302.009
302.027
302.043
302.06
302.076
302.092
302.108
302.124
302.14
302.155
302.17
302.185
302.199
302.213
302.227
302.241
302.255
302.268
302.281
302.294
302.306
302.319
302.331
302.342
302.354
302.365
302.376
302.387
302.397
302.407
302.417
302.427
302.436
302.445
302.454
302.462
302.471
302.479
302.487
302.494
302.501
302.509
302.515
302.522
302.528
302.534
302.54
302.546
302.551
302.556
302.561
302.566
302.57
302.574
302.578
302.582
302.586
302.589
302.592
302.596
302.598
302.601
302.604
302.606
302.608
302.61
302.612
302.614
302.615
302.617
302.618
302.619
302.62
302.621
302.621
302.622
302.622
302.622
302.622
302.622
302.622
302.622
302.621
302.62
302.619
302.618
302.616
302.615
302.612
302.61
302.607
302.604
302.6
302.596
302.592
302.586
302.581
302.574
302.566
302.558
302.549
302.538
302.526
302.512
302.497
302.48
302.461
302.439
302.414
302.386
302.354
302.317
302.276
302.229
302.176
302.115
302.047
301.971
301.886
301.794
301.083
301.103
301.122
301.142
301.162
301.182
301.203
301.223
301.243
301.264
301.284
301.305
301.326
301.346
301.367
301.388
301.408
301.429
301.449
301.47
301.49
301.51
301.53
301.55
301.57
301.59
301.609
301.629
301.648
301.667
301.686
301.705
301.723
301.741
301.759
301.777
301.795
301.813
301.83
301.847
301.864
301.881
301.897
301.913
301.93
301.946
301.961
301.977
301.992
302.007
302.022
302.037
302.051
302.065
302.079
302.093
302.106
302.12
302.133
302.146
302.158
302.17
302.182
302.194
302.206
302.217
302.228
302.239
302.249
302.26
302.27
302.279
302.289
302.298
302.307
302.316
302.324
302.332
302.34
302.348
302.355
302.363
302.37
302.376
302.383
302.389
302.395
302.401
302.406
302.412
302.417
302.421
302.426
302.43
302.435
302.439
302.442
302.446
302.449
302.453
302.456
302.458
302.461
302.464
302.466
302.468
302.47
302.472
302.474
302.475
302.476
302.478
302.479
302.48
302.48
302.481
302.482
302.482
302.482
302.482
302.482
302.482
302.482
302.481
302.48
302.479
302.478
302.476
302.475
302.473
302.47
302.468
302.465
302.461
302.457
302.453
302.448
302.442
302.435
302.428
302.42
302.411
302.401
302.389
302.376
302.361
302.345
302.326
302.305
302.281
302.254
302.223
302.188
302.149
302.104
302.053
301.997
301.933
301.862
301.784
301.7
301.007
301.024
301.042
301.06
301.079
301.097
301.115
301.134
301.153
301.172
301.19
301.209
301.228
301.247
301.266
301.285
301.304
301.324
301.343
301.361
301.38
301.399
301.418
301.437
301.455
301.474
301.492
301.51
301.528
301.546
301.564
301.582
301.6
301.617
301.634
301.651
301.668
301.685
301.702
301.718
301.734
301.75
301.766
301.782
301.797
301.813
301.828
301.843
301.858
301.872
301.887
301.901
301.915
301.929
301.942
301.956
301.969
301.982
301.995
302.007
302.019
302.031
302.043
302.055
302.066
302.077
302.088
302.098
302.109
302.119
302.129
302.138
302.147
302.156
302.165
302.174
302.182
302.19
302.198
302.206
302.213
302.22
302.227
302.233
302.24
302.246
302.252
302.257
302.263
302.268
302.273
302.278
302.282
302.287
302.291
302.295
302.298
302.302
302.305
302.308
302.311
302.314
302.317
302.319
302.322
302.324
302.326
302.327
302.329
302.331
302.332
302.333
302.334
302.335
302.336
302.337
302.337
302.338
302.338
302.338
302.338
302.338
302.337
302.337
302.336
302.335
302.334
302.332
302.331
302.329
302.326
302.324
302.321
302.318
302.314
302.309
302.305
302.299
302.293
302.286
302.278
302.269
302.259
302.248
302.236
302.221
302.205
302.187
302.167
302.144
302.118
302.089
302.056
302.018
301.976
301.929
301.876
301.817
301.751
301.68
301.603
300.93
300.946
300.963
300.979
300.995
301.012
301.029
301.046
301.063
301.08
301.097
301.114
301.132
301.149
301.166
301.184
301.201
301.219
301.236
301.254
301.271
301.289
301.306
301.324
301.341
301.358
301.375
301.392
301.409
301.426
301.443
301.46
301.476
301.493
301.509
301.525
301.541
301.557
301.573
301.588
301.604
301.619
301.634
301.649
301.664
301.679
301.694
301.708
301.722
301.736
301.75
301.764
301.777
301.791
301.804
301.817
301.829
301.842
301.854
301.866
301.878
301.89
301.901
301.913
301.924
301.934
301.945
301.955
301.965
301.975
301.985
301.994
302.003
302.012
302.02
302.029
302.037
302.045
302.052
302.06
302.067
302.074
302.081
302.087
302.093
302.099
302.105
302.111
302.116
302.121
302.126
302.131
302.135
302.139
302.143
302.147
302.151
302.154
302.158
302.161
302.164
302.166
302.169
302.171
302.174
302.176
302.178
302.179
302.181
302.182
302.184
302.185
302.186
302.187
302.188
302.188
302.189
302.189
302.189
302.19
302.19
302.189
302.189
302.188
302.188
302.187
302.186
302.184
302.183
302.181
302.179
302.176
302.173
302.17
302.167
302.162
302.158
302.153
302.147
302.14
302.132
302.124
302.114
302.104
302.092
302.078
302.063
302.046
302.026
302.004
301.98
301.952
301.921
301.886
301.846
301.802
301.753
301.698
301.638
301.573
301.503
300.854
300.869
300.883
300.898
300.913
300.928
300.943
300.958
300.974
300.989
301.005
301.02
301.036
301.052
301.068
301.084
301.1
301.116
301.132
301.148
301.164
301.18
301.196
301.212
301.228
301.244
301.259
301.275
301.291
301.307
301.322
301.338
301.353
301.369
301.384
301.399
301.414
301.429
301.444
301.459
301.473
301.488
301.502
301.516
301.531
301.545
301.558
301.572
301.586
301.599
301.612
301.626
301.639
301.651
301.664
301.676
301.689
301.701
301.712
301.724
301.736
301.747
301.758
301.769
301.779
301.79
301.8
301.81
301.82
301.829
301.838
301.847
301.856
301.865
301.873
301.881
301.889
301.897
301.904
301.911
301.918
301.925
301.932
301.938
301.944
301.95
301.955
301.961
301.966
301.971
301.976
301.98
301.985
301.989
301.993
301.997
302
302.004
302.007
302.01
302.013
302.015
302.018
302.02
302.022
302.024
302.026
302.028
302.03
302.031
302.032
302.034
302.035
302.035
302.036
302.037
302.037
302.038
302.038
302.038
302.038
302.038
302.038
302.037
302.036
302.035
302.034
302.033
302.032
302.03
302.028
302.025
302.023
302.02
302.016
302.012
302.008
302.003
301.997
301.991
301.984
301.976
301.967
301.956
301.945
301.932
301.918
301.901
301.883
301.862
301.839
301.813
301.784
301.751
301.714
301.673
301.628
301.578
301.524
301.465
301.401
300.779
300.792
300.805
300.818
300.832
300.845
300.859
300.872
300.886
300.9
300.914
300.928
300.942
300.957
300.971
300.985
301
301.014
301.029
301.043
301.058
301.072
301.087
301.102
301.116
301.131
301.145
301.16
301.174
301.189
301.203
301.217
301.232
301.246
301.26
301.274
301.288
301.302
301.316
301.33
301.344
301.357
301.371
301.384
301.397
301.411
301.424
301.437
301.449
301.462
301.475
301.487
301.499
301.512
301.524
301.535
301.547
301.559
301.57
301.581
301.592
301.603
301.613
301.624
301.634
301.644
301.654
301.663
301.673
301.682
301.691
301.699
301.708
301.716
301.724
301.732
301.74
301.747
301.754
301.761
301.768
301.775
301.781
301.787
301.793
301.798
301.804
301.809
301.814
301.819
301.824
301.828
301.832
301.836
301.84
301.844
301.847
301.851
301.854
301.857
301.859
301.862
301.864
301.867
301.869
301.871
301.873
301.874
301.876
301.877
301.879
301.88
301.881
301.882
301.882
301.883
301.883
301.884
301.884
301.884
301.884
301.884
301.884
301.883
301.883
301.882
301.881
301.879
301.878
301.876
301.874
301.872
301.87
301.867
301.864
301.86
301.856
301.851
301.846
301.84
301.833
301.825
301.817
301.807
301.796
301.784
301.77
301.755
301.738
301.718
301.697
301.672
301.645
301.615
301.581
301.544
301.503
301.457
301.408
301.355
301.298
300.705
300.717
300.728
300.74
300.752
300.764
300.776
300.788
300.8
300.813
300.825
300.838
300.85
300.863
300.876
300.889
300.902
300.915
300.928
300.941
300.954
300.967
300.981
300.994
301.007
301.02
301.033
301.047
301.06
301.073
301.086
301.099
301.112
301.125
301.138
301.151
301.164
301.177
301.19
301.203
301.216
301.228
301.241
301.253
301.266
301.278
301.29
301.302
301.314
301.326
301.338
301.35
301.361
301.373
301.384
301.395
301.406
301.417
301.428
301.438
301.449
301.459
301.469
301.479
301.488
301.498
301.507
301.516
301.525
301.534
301.543
301.551
301.559
301.567
301.575
301.582
301.589
301.597
301.603
301.61
301.617
301.623
301.629
301.635
301.64
301.646
301.651
301.656
301.661
301.666
301.67
301.674
301.678
301.682
301.686
301.69
301.693
301.696
301.699
301.702
301.705
301.707
301.709
301.712
301.714
301.716
301.717
301.719
301.721
301.722
301.723
301.724
301.725
301.726
301.727
301.727
301.728
301.728
301.729
301.729
301.729
301.728
301.728
301.728
301.727
301.726
301.725
301.724
301.723
301.721
301.72
301.717
301.715
301.712
301.709
301.706
301.702
301.697
301.692
301.687
301.68
301.673
301.665
301.656
301.646
301.635
301.622
301.608
301.592
301.574
301.554
301.531
301.506
301.479
301.448
301.414
301.376
301.336
301.291
301.244
301.193
300.633
300.643
300.653
300.663
300.674
300.684
300.695
300.706
300.717
300.727
300.739
300.75
300.761
300.772
300.784
300.795
300.807
300.818
300.83
300.842
300.853
300.865
300.877
300.889
300.901
300.913
300.924
300.936
300.948
300.96
300.972
300.984
300.996
301.008
301.02
301.031
301.043
301.055
301.067
301.078
301.09
301.102
301.113
301.125
301.136
301.147
301.159
301.17
301.181
301.192
301.203
301.214
301.225
301.235
301.246
301.256
301.267
301.277
301.287
301.297
301.306
301.316
301.326
301.335
301.344
301.353
301.362
301.37
301.379
301.387
301.395
301.403
301.411
301.418
301.426
301.433
301.44
301.446
301.453
301.459
301.465
301.471
301.477
301.483
301.488
301.493
301.498
301.503
301.508
301.512
301.516
301.52
301.524
301.528
301.532
301.535
301.538
301.541
301.544
301.547
301.549
301.552
301.554
301.556
301.558
301.56
301.562
301.563
301.565
301.566
301.567
301.568
301.569
301.57
301.571
301.571
301.572
301.572
301.572
301.573
301.573
301.572
301.572
301.572
301.571
301.571
301.57
301.569
301.567
301.566
301.564
301.562
301.56
301.557
301.555
301.551
301.548
301.544
301.539
301.534
301.528
301.521
301.514
301.505
301.496
301.485
301.474
301.46
301.446
301.429
301.411
301.39
301.368
301.342
301.315
301.284
301.25
301.214
301.175
301.132
301.087
300.562
300.571
300.58
300.589
300.598
300.607
300.617
300.626
300.636
300.645
300.655
300.665
300.675
300.684
300.694
300.705
300.715
300.725
300.735
300.746
300.756
300.766
300.777
300.787
300.798
300.808
300.819
300.83
300.84
300.851
300.862
300.872
300.883
300.894
300.904
300.915
300.926
300.936
300.947
300.957
300.968
300.978
300.989
300.999
301.01
301.02
301.03
301.041
301.051
301.061
301.071
301.081
301.091
301.101
301.111
301.12
301.13
301.139
301.148
301.158
301.167
301.176
301.184
301.193
301.202
301.21
301.218
301.226
301.234
301.242
301.249
301.257
301.264
301.271
301.278
301.285
301.291
301.298
301.304
301.31
301.315
301.321
301.327
301.332
301.337
301.342
301.347
301.351
301.355
301.36
301.364
301.368
301.371
301.375
301.378
301.381
301.384
301.387
301.39
301.393
301.395
301.397
301.4
301.402
301.403
301.405
301.407
301.408
301.41
301.411
301.412
301.413
301.414
301.415
301.415
301.416
301.416
301.417
301.417
301.417
301.417
301.417
301.417
301.416
301.416
301.415
301.415
301.414
301.412
301.411
301.409
301.408
301.406
301.403
301.401
301.398
301.394
301.39
301.386
301.381
301.376
301.37
301.363
301.355
301.346
301.337
301.326
301.314
301.301
301.286
301.269
301.25
301.23
301.207
301.183
301.155
301.126
301.093
301.059
301.021
300.982
300.494
300.502
300.51
300.517
300.525
300.533
300.541
300.55
300.558
300.566
300.575
300.583
300.592
300.6
300.609
300.618
300.627
300.636
300.645
300.654
300.663
300.672
300.681
300.69
300.699
300.709
300.718
300.727
300.737
300.746
300.756
300.765
300.775
300.784
300.793
300.803
300.812
300.822
300.831
300.841
300.85
300.86
300.869
300.879
300.888
300.897
300.907
300.916
300.925
300.934
300.943
300.952
300.961
300.97
300.979
300.988
300.997
301.005
301.014
301.022
301.031
301.039
301.047
301.055
301.063
301.07
301.078
301.085
301.093
301.1
301.107
301.114
301.12
301.127
301.133
301.14
301.146
301.152
301.157
301.163
301.168
301.174
301.179
301.184
301.188
301.193
301.197
301.202
301.206
301.21
301.213
301.217
301.22
301.224
301.227
301.23
301.233
301.236
301.238
301.241
301.243
301.245
301.247
301.249
301.251
301.252
301.254
301.255
301.257
301.258
301.259
301.26
301.261
301.261
301.262
301.263
301.263
301.263
301.264
301.264
301.264
301.264
301.264
301.263
301.263
301.262
301.261
301.261
301.259
301.258
301.257
301.255
301.253
301.251
301.249
301.246
301.243
301.239
301.235
301.231
301.226
301.22
301.214
301.207
301.199
301.191
301.181
301.17
301.158
301.144
301.13
301.113
301.095
301.075
301.053
301.029
301.003
300.974
300.944
300.912
300.877
300.429
300.436
300.443
300.449
300.456
300.463
300.47
300.477
300.484
300.491
300.498
300.506
300.513
300.52
300.528
300.535
300.543
300.551
300.558
300.566
300.574
300.582
300.59
300.598
300.606
300.614
300.622
300.63
300.638
300.647
300.655
300.663
300.671
300.68
300.688
300.696
300.705
300.713
300.721
300.73
300.738
300.746
300.755
300.763
300.771
300.78
300.788
300.796
300.804
300.813
300.821
300.829
300.837
300.845
300.853
300.861
300.869
300.876
300.884
300.892
300.899
300.907
300.914
300.921
300.928
300.935
300.942
300.949
300.956
300.962
300.969
300.975
300.981
300.987
300.993
300.999
301.004
301.01
301.015
301.02
301.025
301.03
301.035
301.039
301.044
301.048
301.052
301.056
301.06
301.063
301.067
301.07
301.073
301.076
301.079
301.082
301.085
301.087
301.09
301.092
301.094
301.096
301.098
301.1
301.102
301.103
301.105
301.106
301.107
301.108
301.109
301.11
301.111
301.112
301.112
301.113
301.113
301.113
301.114
301.114
301.114
301.114
301.114
301.113
301.113
301.112
301.112
301.111
301.11
301.109
301.108
301.106
301.104
301.102
301.1
301.098
301.095
301.092
301.088
301.084
301.08
301.075
301.069
301.063
301.056
301.048
301.039
301.03
301.019
301.007
300.994
300.979
300.963
300.946
300.927
300.906
300.883
300.859
300.832
300.804
300.775
300.368
300.374
300.379
300.385
300.391
300.396
300.402
300.408
300.414
300.42
300.426
300.433
300.439
300.445
300.452
300.458
300.464
300.471
300.478
300.484
300.491
300.498
300.504
300.511
300.518
300.525
300.532
300.539
300.546
300.553
300.56
300.567
300.574
300.582
300.589
300.596
300.603
300.61
300.618
300.625
300.632
300.639
300.647
300.654
300.661
300.669
300.676
300.683
300.69
300.698
300.705
300.712
300.719
300.726
300.733
300.74
300.747
300.754
300.761
300.768
300.774
300.781
300.787
300.794
300.8
300.807
300.813
300.819
300.825
300.831
300.836
300.842
300.848
300.853
300.858
300.864
300.869
300.874
300.878
300.883
300.888
300.892
300.896
300.9
300.904
300.908
300.912
300.916
300.919
300.922
300.926
300.929
300.932
300.934
300.937
300.94
300.942
300.944
300.947
300.949
300.951
300.953
300.954
300.956
300.957
300.959
300.96
300.961
300.963
300.964
300.965
300.965
300.966
300.967
300.967
300.968
300.968
300.969
300.969
300.969
300.969
300.969
300.969
300.968
300.968
300.968
300.967
300.966
300.965
300.964
300.963
300.962
300.96
300.959
300.957
300.955
300.952
300.949
300.946
300.942
300.939
300.934
300.929
300.924
300.917
300.91
300.903
300.894
300.885
300.875
300.863
300.85
300.837
300.821
300.805
300.787
300.768
300.747
300.724
300.7
300.675
300.311
300.316
300.32
300.325
300.33
300.335
300.339
300.344
300.349
300.355
300.36
300.365
300.37
300.375
300.381
300.386
300.391
300.397
300.403
300.408
300.414
300.419
300.425
300.431
300.437
300.442
300.448
300.454
300.46
300.466
300.472
300.478
300.484
300.49
300.496
300.503
300.509
300.515
300.521
300.527
300.534
300.54
300.546
300.552
300.559
300.565
300.571
300.577
300.584
300.59
300.596
300.602
300.608
300.615
300.621
300.627
300.633
300.639
300.645
300.651
300.657
300.663
300.668
300.674
300.68
300.685
300.691
300.696
300.701
300.706
300.712
300.717
300.722
300.726
300.731
300.736
300.74
300.745
300.749
300.753
300.757
300.761
300.765
300.769
300.772
300.776
300.779
300.782
300.785
300.788
300.791
300.794
300.797
300.799
300.802
300.804
300.806
300.808
300.81
300.812
300.814
300.816
300.817
300.819
300.82
300.821
300.823
300.824
300.825
300.826
300.827
300.827
300.828
300.829
300.829
300.83
300.83
300.83
300.83
300.831
300.831
300.831
300.83
300.83
300.83
300.83
300.829
300.828
300.828
300.827
300.826
300.825
300.823
300.822
300.82
300.818
300.816
300.813
300.811
300.807
300.804
300.8
300.796
300.791
300.786
300.78
300.773
300.766
300.758
300.749
300.739
300.728
300.716
300.703
300.689
300.674
300.658
300.64
300.621
300.601
300.58
300.258
300.262
300.266
300.27
300.274
300.278
300.282
300.286
300.29
300.294
300.298
300.303
300.307
300.311
300.316
300.32
300.325
300.329
300.334
300.338
300.343
300.348
300.352
300.357
300.362
300.367
300.372
300.377
300.382
300.387
300.392
300.397
300.402
300.407
300.412
300.417
300.422
300.427
300.433
300.438
300.443
300.448
300.454
300.459
300.464
300.469
300.475
300.48
300.485
300.491
300.496
300.501
300.507
300.512
300.517
300.522
300.527
300.533
300.538
300.543
300.548
300.553
300.558
300.563
300.568
300.572
300.577
300.582
300.586
300.591
300.595
300.6
300.604
300.608
300.612
300.616
300.62
300.624
300.628
300.632
300.635
300.639
300.642
300.645
300.649
300.652
300.655
300.657
300.66
300.663
300.665
300.668
300.67
300.673
300.675
300.677
300.679
300.681
300.682
300.684
300.686
300.687
300.689
300.69
300.691
300.692
300.693
300.694
300.695
300.696
300.697
300.698
300.698
300.699
300.699
300.7
300.7
300.7
300.7
300.701
300.701
300.701
300.7
300.7
300.7
300.7
300.699
300.699
300.698
300.697
300.696
300.695
300.694
300.693
300.691
300.69
300.688
300.686
300.683
300.681
300.678
300.674
300.671
300.666
300.662
300.657
300.651
300.645
300.638
300.63
300.622
300.613
300.603
300.592
300.581
300.568
300.554
300.54
300.524
300.508
300.49
300.211
300.214
300.217
300.22
300.223
300.227
300.23
300.233
300.236
300.24
300.243
300.247
300.25
300.254
300.257
300.261
300.265
300.268
300.272
300.276
300.279
300.283
300.287
300.291
300.295
300.299
300.303
300.307
300.311
300.315
300.319
300.323
300.327
300.331
300.336
300.34
300.344
300.348
300.353
300.357
300.361
300.366
300.37
300.374
300.379
300.383
300.388
300.392
300.396
300.401
300.405
300.41
300.414
300.419
300.423
300.427
300.432
300.436
300.44
300.445
300.449
300.453
300.457
300.461
300.466
300.47
300.474
300.478
300.482
300.485
300.489
300.493
300.497
300.5
300.504
300.507
300.511
300.514
300.517
300.52
300.523
300.526
300.529
300.532
300.535
300.538
300.54
300.543
300.545
300.547
300.55
300.552
300.554
300.556
300.558
300.559
300.561
300.563
300.564
300.566
300.567
300.568
300.57
300.571
300.572
300.573
300.574
300.575
300.576
300.576
300.577
300.578
300.578
300.579
300.579
300.58
300.58
300.58
300.58
300.58
300.58
300.58
300.58
300.58
300.58
300.58
300.579
300.579
300.578
300.578
300.577
300.576
300.575
300.574
300.573
300.571
300.57
300.568
300.566
300.563
300.561
300.558
300.555
300.552
300.548
300.543
300.539
300.534
300.528
300.522
300.515
300.507
300.499
300.49
300.481
300.47
300.459
300.447
300.435
300.421
300.407
300.169
300.171
300.174
300.176
300.179
300.181
300.184
300.186
300.189
300.192
300.194
300.197
300.2
300.203
300.206
300.208
300.211
300.214
300.217
300.22
300.223
300.226
300.229
300.232
300.236
300.239
300.242
300.245
300.248
300.252
300.255
300.258
300.262
300.265
300.268
300.272
300.275
300.279
300.282
300.285
300.289
300.293
300.296
300.3
300.303
300.307
300.31
300.314
300.318
300.321
300.325
300.328
300.332
300.336
300.339
300.343
300.346
300.35
300.354
300.357
300.361
300.364
300.368
300.371
300.374
300.378
300.381
300.384
300.388
300.391
300.394
300.397
300.4
300.403
300.406
300.409
300.412
300.415
300.418
300.42
300.423
300.425
300.428
300.43
300.433
300.435
300.437
300.439
300.441
300.443
300.445
300.447
300.449
300.45
300.452
300.453
300.455
300.456
300.458
300.459
300.46
300.461
300.462
300.463
300.464
300.465
300.466
300.467
300.467
300.468
300.469
300.469
300.47
300.47
300.47
300.471
300.471
300.471
300.471
300.471
300.472
300.472
300.471
300.471
300.471
300.471
300.471
300.47
300.47
300.469
300.469
300.468
300.467
300.466
300.465
300.464
300.463
300.461
300.459
300.457
300.455
300.453
300.451
300.448
300.445
300.441
300.437
300.433
300.428
300.423
300.418
300.412
300.405
300.398
300.39
300.382
300.373
300.364
300.353
300.343
300.331
300.132
300.134
300.136
300.138
300.14
300.142
300.144
300.146
300.148
300.15
300.152
300.154
300.157
300.159
300.161
300.163
300.165
300.168
300.17
300.172
300.175
300.177
300.179
300.182
300.184
300.187
300.189
300.192
300.194
300.197
300.2
300.202
300.205
300.207
300.21
300.213
300.215
300.218
300.221
300.224
300.226
300.229
300.232
300.235
300.238
300.241
300.243
300.246
300.249
300.252
300.255
300.258
300.261
300.264
300.267
300.269
300.272
300.275
300.278
300.281
300.284
300.287
300.289
300.292
300.295
300.298
300.3
300.303
300.306
300.308
300.311
300.314
300.316
300.318
300.321
300.323
300.326
300.328
300.33
300.332
300.335
300.337
300.339
300.341
300.343
300.344
300.346
300.348
300.35
300.351
300.353
300.354
300.356
300.357
300.359
300.36
300.361
300.362
300.363
300.365
300.366
300.367
300.367
300.368
300.369
300.37
300.37
300.371
300.372
300.372
300.373
300.373
300.374
300.374
300.374
300.375
300.375
300.375
300.375
300.375
300.375
300.375
300.375
300.375
300.375
300.375
300.375
300.374
300.374
300.373
300.373
300.372
300.372
300.371
300.37
300.369
300.368
300.367
300.365
300.364
300.362
300.36
300.358
300.356
300.353
300.351
300.348
300.344
300.34
300.336
300.332
300.327
300.322
300.316
300.31
300.304
300.297
300.289
300.281
300.273
300.264
300.102
300.103
300.104
300.106
300.107
300.109
300.11
300.112
300.114
300.115
300.117
300.118
300.12
300.122
300.123
300.125
300.127
300.129
300.13
300.132
300.134
300.136
300.138
300.139
300.141
300.143
300.145
300.147
300.149
300.151
300.153
300.155
300.157
300.159
300.161
300.163
300.165
300.168
300.17
300.172
300.174
300.176
300.178
300.18
300.183
300.185
300.187
300.189
300.192
300.194
300.196
300.198
300.201
300.203
300.205
300.208
300.21
300.212
300.214
300.217
300.219
300.221
300.223
300.225
300.228
300.23
300.232
300.234
300.236
300.238
300.24
300.242
300.244
300.246
300.248
300.25
300.252
300.254
300.256
300.258
300.259
300.261
300.263
300.264
300.266
300.267
300.269
300.27
300.272
300.273
300.274
300.275
300.277
300.278
300.279
300.28
300.281
300.282
300.283
300.284
300.285
300.285
300.286
300.287
300.288
300.288
300.289
300.289
300.29
300.29
300.291
300.291
300.291
300.292
300.292
300.292
300.292
300.293
300.293
300.293
300.293
300.293
300.293
300.293
300.293
300.292
300.292
300.292
300.292
300.291
300.291
300.29
300.29
300.289
300.289
300.288
300.287
300.286
300.285
300.284
300.282
300.281
300.279
300.277
300.275
300.273
300.271
300.268
300.265
300.262
300.259
300.255
300.251
300.247
300.242
300.237
300.232
300.226
300.22
300.213
300.207
300.077
300.078
300.079
300.08
300.081
300.082
300.083
300.085
300.086
300.087
300.088
300.089
300.091
300.092
300.093
300.094
300.096
300.097
300.098
300.1
300.101
300.102
300.104
300.105
300.107
300.108
300.11
300.111
300.113
300.114
300.116
300.117
300.119
300.12
300.122
300.123
300.125
300.127
300.128
300.13
300.132
300.133
300.135
300.137
300.138
300.14
300.142
300.143
300.145
300.147
300.149
300.15
300.152
300.154
300.156
300.157
300.159
300.161
300.163
300.164
300.166
300.168
300.17
300.171
300.173
300.175
300.176
300.178
300.18
300.181
300.183
300.185
300.186
300.188
300.189
300.191
300.192
300.194
300.195
300.196
300.198
300.199
300.2
300.202
300.203
300.204
300.205
300.206
300.208
300.209
300.21
300.211
300.212
300.213
300.213
300.214
300.215
300.216
300.217
300.217
300.218
300.219
300.219
300.22
300.22
300.221
300.221
300.222
300.222
300.223
300.223
300.223
300.224
300.224
300.224
300.224
300.224
300.225
300.225
300.225
300.225
300.225
300.225
300.225
300.225
300.225
300.224
300.224
300.224
300.224
300.223
300.223
300.223
300.222
300.222
300.221
300.22
300.219
300.219
300.218
300.217
300.216
300.214
300.213
300.211
300.21
300.208
300.206
300.203
300.201
300.198
300.196
300.193
300.189
300.186
300.182
300.178
300.174
300.169
300.164
300.159
300.058
300.059
300.059
300.06
300.061
300.062
300.063
300.064
300.065
300.065
300.066
300.067
300.068
300.069
300.07
300.071
300.072
300.073
300.074
300.075
300.076
300.077
300.078
300.079
300.08
300.081
300.083
300.084
300.085
300.086
300.087
300.088
300.089
300.091
300.092
300.093
300.094
300.095
300.097
300.098
300.099
300.1
300.102
300.103
300.104
300.106
300.107
300.108
300.11
300.111
300.112
300.114
300.115
300.116
300.118
300.119
300.12
300.122
300.123
300.124
300.126
300.127
300.128
300.13
300.131
300.132
300.134
300.135
300.136
300.137
300.139
300.14
300.141
300.142
300.144
300.145
300.146
300.147
300.148
300.149
300.15
300.151
300.152
300.153
300.154
300.155
300.156
300.157
300.158
300.159
300.16
300.161
300.161
300.162
300.163
300.163
300.164
300.165
300.165
300.166
300.166
300.167
300.168
300.168
300.168
300.169
300.169
300.17
300.17
300.17
300.17
300.171
300.171
300.171
300.171
300.172
300.172
300.172
300.172
300.172
300.172
300.172
300.172
300.172
300.172
300.172
300.172
300.172
300.171
300.171
300.171
300.171
300.17
300.17
300.17
300.169
300.169
300.168
300.167
300.167
300.166
300.165
300.164
300.163
300.162
300.16
300.159
300.157
300.156
300.154
300.152
300.15
300.147
300.145
300.142
300.139
300.136
300.133
300.129
300.126
300.122
300.045
300.045
300.046
300.047
300.047
300.048
300.049
300.049
300.05
300.051
300.051
300.052
300.053
300.053
300.054
300.055
300.056
300.057
300.057
300.058
300.059
300.06
300.061
300.061
300.062
300.063
300.064
300.065
300.066
300.067
300.067
300.068
300.069
300.07
300.071
300.072
300.073
300.074
300.075
300.076
300.077
300.078
300.079
300.08
300.081
300.082
300.083
300.084
300.085
300.086
300.087
300.088
300.089
300.09
300.091
300.093
300.094
300.095
300.096
300.097
300.098
300.099
300.1
300.101
300.102
300.103
300.104
300.105
300.106
300.107
300.108
300.109
300.11
300.111
300.112
300.113
300.114
300.115
300.116
300.117
300.117
300.118
300.119
300.12
300.121
300.122
300.122
300.123
300.124
300.124
300.125
300.126
300.126
300.127
300.128
300.128
300.129
300.129
300.13
300.13
300.131
300.131
300.131
300.132
300.132
300.133
300.133
300.133
300.133
300.134
300.134
300.134
300.134
300.135
300.135
300.135
300.135
300.135
300.135
300.135
300.135
300.135
300.135
300.135
300.135
300.135
300.135
300.135
300.135
300.135
300.134
300.134
300.134
300.134
300.133
300.133
300.133
300.132
300.132
300.131
300.13
300.13
300.129
300.128
300.127
300.126
300.125
300.124
300.122
300.121
300.119
300.118
300.116
300.114
300.112
300.109
300.107
300.105
300.102
300.099
300.096
300.038
300.038
300.039
300.039
300.04
300.041
300.041
300.042
300.042
300.043
300.043
300.044
300.045
300.045
300.046
300.047
300.047
300.048
300.048
300.049
300.05
300.051
300.051
300.052
300.053
300.053
300.054
300.055
300.056
300.056
300.057
300.058
300.059
300.06
300.06
300.061
300.062
300.063
300.064
300.064
300.065
300.066
300.067
300.068
300.069
300.07
300.071
300.071
300.072
300.073
300.074
300.075
300.076
300.077
300.078
300.079
300.08
300.08
300.081
300.082
300.083
300.084
300.085
300.086
300.087
300.088
300.089
300.089
300.09
300.091
300.092
300.093
300.094
300.095
300.095
300.096
300.097
300.098
300.099
300.099
300.1
300.101
300.102
300.102
300.103
300.104
300.104
300.105
300.106
300.106
300.107
300.107
300.108
300.108
300.109
300.109
300.11
300.11
300.111
300.111
300.112
300.112
300.112
300.113
300.113
300.113
300.114
300.114
300.114
300.114
300.115
300.115
300.115
300.115
300.115
300.115
300.115
300.116
300.116
300.116
300.116
300.116
300.116
300.116
300.116
300.116
300.116
300.115
300.115
300.115
300.115
300.115
300.115
300.114
300.114
300.114
300.113
300.113
300.113
300.112
300.111
300.111
300.11
300.109
300.109
300.108
300.107
300.106
300.105
300.103
300.102
300.101
300.099
300.097
300.096
300.094
300.092
300.09
300.087
300.085
300.082
302.276
301.638
301.215
300.906
300.672
300.494
300.36
300.258
300.182
300.127
300.087
300.058
300.038
300.025
300.016
300.01
300.006
300.003
300.002
300.001
300
300
300
300
300
300
300
300
300
300
300
300
300
300
300
300
300
300
300
300
300
300
300
300
300
300
300
300
300
300
300
302.273
301.638
301.215
300.906
300.672
300.494
300.36
300.258
300.182
300.127
300.087
300.058
300.038
300.025
300.016
300.01
300.006
300.003
300.002
300.001
300
300
300
300
300
300
300
300
300
300
300
300
300
300
300
300
300
300
300
300
300
300
300
300
300
300
300
300
300
300
300
302.267
301.637
301.214
300.905
300.672
300.494
300.36
300.258
300.182
300.127
300.087
300.058
300.038
300.025
300.016
300.01
300.006
300.003
300.002
300.001
300
300
300
300
300
300
300
300
300
300
300
300
300
300
300
300
300
300
300
300
300
300
300
300
300
300
300
300
300
300
300
302.258
301.635
301.214
300.905
300.672
300.494
300.36
300.258
300.182
300.127
300.087
300.058
300.038
300.025
300.016
300.01
300.006
300.003
300.002
300.001
300
300
300
300
300
300
300
300
300
300
300
300
300
300
300
300
300
300
300
300
300
300
300
300
300
300
300
300
300
300
300
302.245
301.631
301.213
300.905
300.672
300.494
300.36
300.258
300.182
300.127
300.087
300.058
300.038
300.025
300.016
300.01
300.006
300.003
300.002
300.001
300
300
300
300
300
300
300
300
300
300
300
300
300
300
300
300
300
300
300
300
300
300
300
300
300
300
300
300
300
300
300
302.229
301.627
301.211
300.904
300.671
300.494
300.36
300.258
300.182
300.127
300.087
300.058
300.038
300.025
300.016
300.01
300.006
300.003
300.002
300.001
300
300
300
300
300
300
300
300
300
300
300
300
300
300
300
300
300
300
300
300
300
300
300
300
300
300
300
300
300
300
300
302.21
301.622
301.209
300.903
300.671
300.494
300.36
300.258
300.182
300.127
300.087
300.058
300.038
300.025
300.016
300.01
300.006
300.003
300.002
300.001
300
300
300
300
300
300
300
300
300
300
300
300
300
300
300
300
300
300
300
300
300
300
300
300
300
300
300
300
300
300
300
302.187
301.614
301.205
300.901
300.67
300.494
300.359
300.258
300.182
300.127
300.087
300.058
300.038
300.025
300.016
300.01
300.006
300.003
300.002
300.001
300
300
300
300
300
300
300
300
300
300
300
300
300
300
300
300
300
300
300
300
300
300
300
300
300
300
300
300
300
300
300
302.16
301.605
301.201
300.899
300.669
300.493
300.359
300.258
300.182
300.127
300.087
300.058
300.039
300.025
300.016
300.01
300.006
300.003
300.002
300.001
300
300
300
300
300
300
300
300
300
300
300
300
300
300
300
300
300
300
300
300
300
300
300
300
300
300
300
300
300
300
300
302.129
301.593
301.196
300.896
300.667
300.492
300.359
300.258
300.182
300.127
300.087
300.058
300.039
300.025
300.016
300.01
300.006
300.003
300.002
300.001
300
300
300
300
300
300
300
300
300
300
300
300
300
300
300
300
300
300
300
300
300
300
300
300
300
300
300
300
300
300
300
302.094
301.579
301.189
300.892
300.665
300.491
300.358
300.257
300.182
300.127
300.087
300.058
300.039
300.025
300.016
300.01
300.006
300.003
300.002
300.001
300
300
300
300
300
300
300
300
300
300
300
300
300
300
300
300
300
300
300
300
300
300
300
300
300
300
300
300
300
300
300
302.055
301.562
301.18
300.888
300.662
300.489
300.357
300.257
300.182
300.127
300.087
300.058
300.039
300.025
300.016
300.01
300.006
300.003
300.002
300.001
300
300
300
300
300
300
300
300
300
300
300
300
300
300
300
300
300
300
300
300
300
300
300
300
300
300
300
300
300
300
300
302.012
301.541
301.169
300.882
300.659
300.487
300.356
300.256
300.181
300.126
300.087
300.058
300.038
300.025
300.016
300.01
300.006
300.003
300.002
300.001
300
300
300
300
300
300
300
300
300
300
300
300
300
300
300
300
300
300
300
300
300
300
300
300
300
300
300
300
300
300
300
301.965
301.517
301.157
300.874
300.654
300.484
300.354
300.255
300.181
300.126
300.086
300.058
300.038
300.025
300.016
300.01
300.006
300.003
300.002
300.001
300
300
300
300
300
300
300
300
300
300
300
300
300
300
300
300
300
300
300
300
300
300
300
300
300
300
300
300
300
300
300
301.913
301.49
301.141
300.865
300.649
300.481
300.351
300.253
300.18
300.125
300.086
300.058
300.038
300.025
300.016
300.01
300.006
300.003
300.002
300.001
300
300
300
300
300
300
300
300
300
300
300
300
300
300
300
300
300
300
300
300
300
300
300
300
300
300
300
300
300
300
300
301.857
301.458
301.123
300.854
300.642
300.476
300.349
300.251
300.179
300.125
300.086
300.058
300.038
300.025
300.016
300.01
300.006
300.003
300.002
300.001
300
300
300
300
300
300
300
300
300
300
300
300
300
300
300
300
300
300
300
300
300
300
300
300
300
300
300
300
300
300
300
301.797
301.422
301.101
300.84
300.633
300.471
300.345
300.249
300.177
300.124
300.085
300.057
300.038
300.025
300.016
300.01
300.006
300.003
300.002
300.001
300
300
300
300
300
300
300
300
300
300
300
300
300
300
300
300
300
300
300
300
300
300
300
300
300
300
300
300
300
300
300
301.732
301.382
301.076
300.825
300.623
300.464
300.341
300.246
300.175
300.122
300.084
300.057
300.038
300.024
300.015
300.01
300.006
300.003
300.002
300.001
300
300
300
300
300
300
300
300
300
300
300
300
300
300
300
300
300
300
300
300
300
300
300
300
300
300
300
300
300
300
300
301.663
301.338
301.048
300.806
300.611
300.456
300.335
300.243
300.173
300.121
300.083
300.056
300.037
300.024
300.015
300.01
300.006
300.003
300.002
300.001
300
300
300
300
300
300
300
300
300
300
300
300
300
300
300
300
300
300
300
300
300
300
300
300
300
300
300
300
300
300
300
301.59
301.289
301.016
300.785
300.597
300.447
300.329
300.239
300.17
300.119
300.082
300.055
300.037
300.024
300.015
300.009
300.006
300.003
300.002
300.001
300
300
300
300
300
300
300
300
300
300
300
300
300
300
300
300
300
300
300
300
300
300
300
300
300
300
300
300
300
300
300
301.514
301.236
300.981
300.762
300.581
300.436
300.322
300.234
300.167
300.117
300.081
300.054
300.036
300.023
300.015
300.009
300.006
300.003
300.002
300.001
300
300
300
300
300
300
300
300
300
300
300
300
300
300
300
300
300
300
300
300
300
300
300
300
300
300
300
300
300
300
300
301.433
301.179
300.941
300.735
300.563
300.423
300.313
300.228
300.163
300.114
300.079
300.053
300.035
300.023
300.015
300.009
300.005
300.003
300.002
300.001
300
300
300
300
300
300
300
300
300
300
300
300
300
300
300
300
300
300
300
300
300
300
300
300
300
300
300
300
300
300
300
301.349
301.117
300.898
300.704
300.542
300.409
300.303
300.221
300.158
300.111
300.077
300.052
300.035
300.023
300.014
300.009
300.005
300.003
300.002
300.001
300
300
300
300
300
300
300
300
300
300
300
300
300
300
300
300
300
300
300
300
300
300
300
300
300
300
300
300
300
300
300
301.262
301.052
300.851
300.671
300.518
300.393
300.292
300.213
300.153
300.108
300.075
300.051
300.034
300.022
300.014
300.009
300.005
300.003
300.002
300.001
300
300
300
300
300
300
300
300
300
300
300
300
300
300
300
300
300
300
300
300
300
300
300
300
300
300
300
300
300
300
300
301.173
300.984
300.8
300.635
300.493
300.375
300.28
300.205
300.147
300.104
300.072
300.049
300.032
300.021
300.013
300.008
300.005
300.003
300.002
300.001
300
300
300
300
300
300
300
300
300
300
300
300
300
300
300
300
300
300
300
300
300
300
300
300
300
300
300
300
300
300
300
301.082
300.912
300.747
300.596
300.464
300.355
300.265
300.195
300.14
300.099
300.069
300.047
300.031
300.02
300.013
300.008
300.005
300.003
300.002
300.001
300
300
300
300
300
300
300
300
300
300
300
300
300
300
300
300
300
300
300
300
300
300
300
300
300
300
300
300
300
300
300
300.989
300.839
300.691
300.554
300.434
300.333
300.25
300.184
300.133
300.094
300.065
300.045
300.03
300.019
300.012
300.008
300.005
300.003
300.001
300.001
300
300
300
300
300
300
300
300
300
300
300
300
300
300
300
300
300
300
300
300
300
300
300
300
300
300
300
300
300
300
300
300.895
300.763
300.632
300.51
300.402
300.309
300.233
300.172
300.125
300.089
300.062
300.042
300.028
300.018
300.012
300.007
300.004
300.002
300.001
300.001
300
300
300
300
300
300
300
300
300
300
300
300
300
300
300
300
300
300
300
300
300
300
300
300
300
300
300
300
300
300
300
300.802
300.687
300.572
300.464
300.367
300.284
300.215
300.16
300.116
300.083
300.058
300.039
300.026
300.017
300.011
300.007
300.004
300.002
300.001
300.001
300
300
300
300
300
300
300
300
300
300
300
300
300
300
300
300
300
300
300
300
300
300
300
300
300
300
300
300
300
300
300
300.71
300.611
300.512
300.417
300.332
300.258
300.196
300.146
300.106
300.076
300.053
300.036
300.024
300.016
300.01
300.006
300.004
300.002
300.001
300
300
300
300
300
300
300
300
300
300
300
300
300
300
300
300
300
300
300
300
300
300
300
300
300
300
300
300
300
300
300
300
300.62
300.536
300.451
300.37
300.296
300.231
300.176
300.132
300.096
300.069
300.048
300.033
300.022
300.015
300.009
300.006
300.003
300.002
300.001
300
300
300
300
300
300
300
300
300
300
300
300
300
300
300
300
300
300
300
300
300
300
300
300
300
300
300
300
300
300
300
300
300.534
300.464
300.392
300.323
300.26
300.204
300.156
300.117
300.086
300.062
300.043
300.03
300.02
300.013
300.008
300.005
300.003
300.002
300.001
300
300
300
300
300
300
300
300
300
300
300
300
300
300
300
300
300
300
300
300
300
300
300
300
300
300
300
300
300
300
300
300
300.452
300.394
300.335
300.277
300.224
300.177
300.136
300.102
300.075
300.054
300.038
300.026
300.018
300.012
300.007
300.005
300.003
300.001
300.001
300
300
300
300
300
300
300
300
299.999
299.999
299.999
299.999
299.999
299.999
299.999
299.999
299.999
299.999
299.999
299.999
299.999
299.999
299.999
299.999
299.999
299.999
299.999
299.999
299.999
299.999
299.999
299.999
300.376
300.329
300.281
300.234
300.19
300.15
300.116
300.088
300.065
300.047
300.033
300.023
300.015
300.01
300.006
300.004
300.002
300.001
300.001
300
300
300
300
300
300
299.999
299.999
299.999
299.999
299.999
299.999
299.999
299.999
299.999
299.999
299.999
299.999
299.999
299.999
299.999
299.999
299.999
299.999
299.999
299.999
299.999
299.999
299.999
299.999
299.999
299.999
300.307
300.269
300.231
300.193
300.157
300.125
300.097
300.074
300.055
300.04
300.028
300.019
300.013
300.009
300.005
300.003
300.002
300.001
300
300
300
300
300
300
299.999
299.999
299.999
299.999
299.999
299.999
299.999
299.999
299.999
299.999
299.999
299.999
299.999
299.999
299.999
299.999
299.999
299.999
299.999
299.999
299.999
299.999
299.999
299.999
299.999
299.999
299.999
300.245
300.216
300.186
300.156
300.128
300.102
300.08
300.061
300.045
300.033
300.023
300.016
300.011
300.007
300.005
300.003
300.002
300.001
300
300
300
300
300
299.999
299.999
299.999
299.999
299.999
299.999
299.999
299.999
299.999
299.999
299.999
299.999
299.999
299.999
299.999
299.999
299.999
299.999
299.999
299.999
299.999
299.999
299.999
299.999
299.999
299.999
299.999
299.999
300.192
300.169
300.146
300.123
300.102
300.082
300.064
300.049
300.037
300.027
300.019
300.013
300.009
300.006
300.004
300.002
300.001
300
300
300
300
300
299.999
299.999
299.999
299.999
299.999
299.999
299.999
299.999
299.999
299.999
299.999
299.999
299.999
299.999
299.999
299.999
299.999
299.999
299.999
299.999
299.999
299.999
299.999
299.999
299.999
299.999
299.999
299.999
299.999
300.148
300.131
300.113
300.096
300.079
300.064
300.051
300.039
300.029
300.021
300.015
300.011
300.007
300.005
300.003
300.002
300.001
300
300
300
300
300
299.999
299.999
299.999
299.999
299.999
299.999
299.999
299.999
299.999
299.999
299.999
299.999
299.999
299.999
299.999
299.999
299.999
299.999
299.999
299.999
299.999
299.999
299.999
299.999
299.999
299.999
299.999
299.999
299.999
300.114
300.101
300.088
300.075
300.062
300.05
300.04
300.031
300.023
300.017
300.012
300.008
300.006
300.004
300.002
300.001
300.001
300
300
300
300
299.999
299.999
299.999
299.999
299.999
299.999
299.999
299.999
299.999
299.999
299.999
299.999
299.999
299.999
299.999
299.999
299.999
299.999
299.999
299.999
299.999
299.999
299.999
299.999
299.999
299.999
299.999
299.999
299.999
299.999
300.09
300.08
300.07
300.059
300.049
300.04
300.032
300.025
300.019
300.014
300.01
300.007
300.005
300.003
300.002
300.001
300
300
300
300
299.999
299.999
299.999
299.999
299.999
299.999
299.999
299.999
299.999
299.999
299.999
299.999
299.999
299.999
299.999
299.999
299.999
299.999
299.999
299.999
299.999
299.999
299.999
299.999
299.999
299.999
299.999
299.999
299.999
299.999
299.999
300.077
300.069
300.06
300.051
300.043
300.035
300.028
300.022
300.016
300.012
300.009
300.006
300.004
300.003
300.001
300.001
300
300
300
300
299.999
299.999
299.999
299.999
299.999
299.999
299.999
299.999
299.999
299.999
299.999
299.999
299.999
299.999
299.999
299.999
299.999
299.999
299.999
299.999
299.999
299.999
299.999
299.999
299.999
299.999
299.999
299.999
299.999
299.999
299.999
)
;

boundaryField
{
    inlet
    {
        type            fixedValue;
        value           uniform 300;
    }
    outlet
    {
        type            zeroGradient;
    }
    top
    {
        type            zeroGradient;
    }
    slip-bottom
    {
        type            zeroGradient;
    }
    bottom
    {
        type            zeroGradient;
    }
    interface
    {
        type            fixedGradient;
        gradient        nonuniform List<scalar> 
161
(
66.4777
66.4777
45.5685
45.5685
45.5685
45.5685
34.3354
34.3354
34.3354
34.3354
29.9786
29.9786
29.9786
29.2456
29.2456
29.2456
29.2456
27.0176
27.0176
27.0176
26.2913
26.2913
26.2913
25.8898
25.8898
25.8898
25.3788
25.3788
25.3788
24.9382
24.9382
24.9382
24.5489
24.5489
24.5489
24.1814
24.1814
24.1814
23.8449
23.8449
23.8449
23.1905
23.1905
23.6926
23.6926
23.6926
23.0766
23.0766
23.3836
23.3836
23.3836
22.8175
22.8175
22.8472
22.8472
22.8472
22.9573
22.9573
23.1456
23.1456
22.5362
22.5362
22.515
22.515
22.5724
22.5724
22.5401
22.5401
22.5401
22.4948
22.4948
22.4491
22.4018
22.4018
22.3455
22.3455
22.2998
22.2998
22.0951
22.0951
22.4068
22.4068
22.3078
22.3078
22.1959
22.0356
22.0356
22.2471
22.2471
22.1771
22.0032
22.0032
22.1764
22.0395
22.0395
22.1415
22.1415
22.0208
22.1048
22.1048
22.0075
22.0744
21.993
21.993
22.0021
22.0518
22.0518
21.972
22.0025
21.9585
21.9585
21.9633
21.9763
21.9886
21.9886
21.9603
21.9668
21.9759
21.9763
21.9763
21.9823
21.9869
21.988
21.9868
21.9575
22.0165
22.0165
22.0203
22.0113
22.0074
22.0019
21.9947
21.9856
21.9744
21.9613
21.9464
21.9301
21.9128
21.8952
21.8783
21.8632
21.8514
21.8446
21.8441
21.8518
21.8709
21.9071
21.9731
22.0982
22.199
21.809
21.8253
22.3042
22.6351
23.1028
23.6916
26.2467
23.807
26.5514
29.3374
40.1477
)
;
    }
    defaultFaces
    {
        type            empty;
    }
}


// ************************************************************************* //
