/*--------------------------------*- C++ -*----------------------------------*\
| =========                 |                                                 |
| \\      /  F ield         | OpenFOAM: The Open Source CFD Toolbox           |
|  \\    /   O peration     | Version:  2106                                  |
|   \\  /    A nd           | Website:  www.openfoam.com                      |
|    \\/     M anipulation  |                                                 |
\*---------------------------------------------------------------------------*/
FoamFile
{
    version     2.0;
    format      ascii;
    arch        "LSB;label=32;scalar=64";
    class       volScalarField;
    location    "2.6";
    object      T;
}
// * * * * * * * * * * * * * * * * * * * * * * * * * * * * * * * * * * * * * //

dimensions      [0 0 0 1 0 0 0];

internalField   nonuniform List<scalar> 
12013
(
300.002
300.006
300.01
300.014
300.018
300.023
300.028
300.033
300.039
300.044
300.051
300.057
300.064
300.072
300.08
300.088
300.097
300.106
300.116
300.127
300.138
300.149
300.161
300.174
300.188
300.202
300.216
300.232
300.248
300.265
300.282
300.3
300.319
300.339
300.36
300.381
300.403
300.426
300.45
300.474
300.5
300.526
300.553
300.582
300.611
300.641
300.672
300.704
300.737
300.77
300.805
300.841
300.879
300.917
300.956
300.997
301.039
301.082
301.126
301.171
301.218
301.267
301.317
301.368
301.422
301.477
301.534
301.592
301.653
301.717
301.783
301.852
301.923
301.999
302.079
302.163
302.254
302.352
302.46
302.583
302.729
300.002
300.006
300.01
300.014
300.018
300.023
300.028
300.033
300.039
300.044
300.051
300.057
300.064
300.072
300.08
300.088
300.097
300.106
300.116
300.127
300.138
300.149
300.161
300.174
300.188
300.202
300.216
300.232
300.248
300.265
300.282
300.3
300.319
300.339
300.36
300.381
300.403
300.426
300.45
300.474
300.5
300.526
300.553
300.581
300.611
300.641
300.671
300.703
300.736
300.77
300.805
300.841
300.878
300.917
300.956
300.996
301.038
301.081
301.125
301.171
301.218
301.266
301.316
301.368
301.421
301.476
301.533
301.591
301.652
301.715
301.781
301.849
301.921
301.996
302.075
302.159
302.248
302.343
302.447
302.561
302.687
300.002
300.006
300.01
300.014
300.018
300.023
300.028
300.033
300.039
300.044
300.051
300.057
300.064
300.072
300.08
300.088
300.097
300.106
300.116
300.127
300.138
300.149
300.161
300.174
300.188
300.202
300.216
300.232
300.248
300.264
300.282
300.3
300.319
300.339
300.359
300.381
300.403
300.426
300.45
300.474
300.5
300.526
300.553
300.581
300.61
300.64
300.671
300.703
300.736
300.77
300.805
300.841
300.878
300.916
300.955
300.996
301.037
301.08
301.125
301.17
301.217
301.265
301.315
301.366
301.419
301.474
301.53
301.589
301.649
301.712
301.777
301.845
301.916
301.99
302.067
302.149
302.235
302.326
302.423
302.526
302.633
300.002
300.006
300.01
300.014
300.018
300.023
300.028
300.033
300.039
300.044
300.051
300.057
300.064
300.072
300.08
300.088
300.097
300.106
300.116
300.127
300.138
300.149
300.161
300.174
300.187
300.201
300.216
300.232
300.248
300.264
300.282
300.3
300.319
300.339
300.359
300.381
300.403
300.426
300.449
300.474
300.499
300.526
300.553
300.581
300.61
300.64
300.671
300.703
300.735
300.769
300.804
300.84
300.877
300.915
300.954
300.995
301.036
301.079
301.123
301.168
301.215
301.263
301.313
301.364
301.416
301.471
301.527
301.585
301.645
301.707
301.771
301.838
301.907
301.979
302.055
302.133
302.215
302.301
302.391
302.482
302.575
300.002
300.006
300.01
300.014
300.018
300.023
300.028
300.033
300.039
300.044
300.051
300.057
300.064
300.072
300.08
300.088
300.097
300.106
300.116
300.127
300.138
300.149
300.161
300.174
300.187
300.201
300.216
300.231
300.247
300.264
300.282
300.3
300.319
300.339
300.359
300.38
300.402
300.425
300.449
300.473
300.499
300.525
300.552
300.58
300.609
300.639
300.67
300.702
300.735
300.768
300.803
300.839
300.876
300.914
300.953
300.993
301.034
301.077
301.121
301.166
301.212
301.26
301.309
301.36
301.412
301.466
301.521
301.579
301.638
301.699
301.762
301.827
301.895
301.965
302.037
302.112
302.19
302.27
302.352
302.434
302.516
300.002
300.006
300.01
300.014
300.018
300.023
300.028
300.033
300.039
300.044
300.051
300.057
300.064
300.072
300.08
300.088
300.097
300.106
300.116
300.126
300.137
300.149
300.161
300.174
300.187
300.201
300.216
300.231
300.247
300.264
300.281
300.3
300.318
300.338
300.359
300.38
300.402
300.425
300.448
300.473
300.498
300.524
300.552
300.58
300.608
300.638
300.669
300.701
300.733
300.767
300.802
300.837
300.874
300.912
300.951
300.991
301.032
301.074
301.118
301.163
301.209
301.256
301.305
301.355
301.407
301.46
301.514
301.571
301.629
301.688
301.75
301.813
301.879
301.946
302.015
302.087
302.159
302.233
302.308
302.383
302.456
300.002
300.006
300.01
300.014
300.018
300.023
300.028
300.033
300.038
300.044
300.051
300.057
300.064
300.072
300.08
300.088
300.097
300.106
300.116
300.126
300.137
300.149
300.161
300.174
300.187
300.201
300.216
300.231
300.247
300.264
300.281
300.299
300.318
300.338
300.358
300.379
300.401
300.424
300.448
300.472
300.497
300.524
300.551
300.578
300.607
300.637
300.668
300.699
300.732
300.765
300.8
300.835
300.872
300.909
300.948
300.988
301.029
301.071
301.114
301.158
301.204
301.251
301.299
301.348
301.399
301.451
301.505
301.56
301.617
301.675
301.735
301.796
301.859
301.924
301.989
302.056
302.124
302.193
302.261
302.329
302.396
300.002
300.006
300.01
300.014
300.018
300.023
300.028
300.033
300.038
300.044
300.051
300.057
300.064
300.072
300.079
300.088
300.097
300.106
300.116
300.126
300.137
300.149
300.161
300.173
300.187
300.201
300.215
300.231
300.247
300.263
300.281
300.299
300.318
300.337
300.358
300.379
300.401
300.423
300.447
300.471
300.496
300.522
300.549
300.577
300.606
300.635
300.666
300.697
300.73
300.763
300.797
300.833
300.869
300.906
300.945
300.984
301.025
301.066
301.109
301.153
301.198
301.244
301.291
301.34
301.39
301.441
301.494
301.547
301.603
301.659
301.717
301.776
301.836
301.897
301.959
302.022
302.085
302.149
302.212
302.274
302.335
300.002
300.006
300.01
300.014
300.018
300.023
300.028
300.033
300.038
300.044
300.05
300.057
300.064
300.071
300.079
300.088
300.096
300.106
300.116
300.126
300.137
300.148
300.16
300.173
300.186
300.2
300.215
300.23
300.246
300.263
300.28
300.298
300.317
300.336
300.357
300.378
300.4
300.422
300.446
300.47
300.495
300.521
300.548
300.575
300.604
300.633
300.664
300.695
300.727
300.76
300.794
300.829
300.865
300.902
300.94
300.979
301.019
301.06
301.103
301.146
301.19
301.236
301.282
301.33
301.379
301.429
301.48
301.532
301.585
301.64
301.695
301.751
301.809
301.867
301.925
301.984
302.043
302.102
302.16
302.217
302.273
300.002
300.006
300.01
300.014
300.018
300.023
300.028
300.033
300.038
300.044
300.05
300.057
300.064
300.071
300.079
300.088
300.096
300.106
300.115
300.126
300.137
300.148
300.16
300.173
300.186
300.2
300.214
300.23
300.246
300.262
300.279
300.297
300.316
300.336
300.356
300.377
300.398
300.421
300.444
300.468
300.493
300.519
300.546
300.573
300.602
300.631
300.661
300.692
300.724
300.757
300.79
300.825
300.861
300.897
300.935
300.973
301.013
301.053
301.095
301.137
301.181
301.225
301.271
301.317
301.365
301.414
301.463
301.514
301.565
301.617
301.67
301.724
301.778
301.833
301.888
301.943
301.998
302.052
302.106
302.159
302.211
300.002
300.006
300.01
300.014
300.018
300.023
300.028
300.033
300.038
300.044
300.05
300.057
300.064
300.071
300.079
300.087
300.096
300.105
300.115
300.125
300.136
300.148
300.16
300.172
300.186
300.199
300.214
300.229
300.245
300.261
300.278
300.296
300.315
300.334
300.355
300.375
300.397
300.419
300.443
300.467
300.491
300.517
300.543
300.571
300.599
300.628
300.658
300.688
300.72
300.752
300.786
300.82
300.855
300.891
300.928
300.966
301.005
301.045
301.086
301.127
301.17
301.213
301.258
301.303
301.349
301.396
301.444
301.492
301.542
301.591
301.642
301.693
301.744
301.796
301.847
301.899
301.95
302
302.05
302.099
302.147
300.002
300.006
300.01
300.014
300.018
300.023
300.027
300.033
300.038
300.044
300.05
300.057
300.064
300.071
300.079
300.087
300.096
300.105
300.115
300.125
300.136
300.147
300.159
300.172
300.185
300.199
300.213
300.228
300.244
300.26
300.277
300.295
300.314
300.333
300.353
300.374
300.395
300.418
300.441
300.464
300.489
300.514
300.541
300.568
300.596
300.624
300.654
300.684
300.715
300.747
300.78
300.814
300.849
300.884
300.921
300.958
300.996
301.035
301.075
301.115
301.157
301.199
301.242
301.286
301.331
301.376
301.422
301.468
301.515
301.563
301.611
301.659
301.707
301.756
301.804
301.852
301.899
301.947
301.993
302.039
302.083
300.002
300.006
300.009
300.014
300.018
300.023
300.027
300.033
300.038
300.044
300.05
300.056
300.063
300.071
300.079
300.087
300.095
300.105
300.114
300.125
300.135
300.147
300.159
300.171
300.184
300.198
300.212
300.227
300.243
300.259
300.276
300.294
300.312
300.331
300.351
300.372
300.393
300.415
300.438
300.462
300.486
300.511
300.537
300.564
300.591
300.62
300.649
300.679
300.71
300.741
300.774
300.807
300.841
300.876
300.911
300.948
300.985
301.023
301.062
301.101
301.142
301.183
301.224
301.267
301.309
301.353
301.397
301.441
301.486
301.531
301.576
301.622
301.667
301.713
301.758
301.803
301.847
301.891
301.934
301.977
302.018
300.002
300.006
300.009
300.014
300.018
300.022
300.027
300.032
300.038
300.044
300.05
300.056
300.063
300.07
300.078
300.086
300.095
300.104
300.114
300.124
300.135
300.146
300.158
300.17
300.183
300.197
300.211
300.226
300.242
300.258
300.275
300.292
300.31
300.329
300.349
300.37
300.391
300.413
300.435
300.458
300.483
300.507
300.533
300.559
300.587
300.615
300.643
300.673
300.703
300.734
300.766
300.798
300.832
300.866
300.901
300.936
300.972
301.009
301.047
301.085
301.124
301.164
301.204
301.245
301.286
301.327
301.369
301.411
301.454
301.497
301.539
301.582
301.625
301.667
301.709
301.751
301.793
301.834
301.874
301.913
301.952
300.002
300.006
300.009
300.013
300.018
300.022
300.027
300.032
300.038
300.043
300.05
300.056
300.063
300.07
300.078
300.086
300.095
300.104
300.113
300.123
300.134
300.145
300.157
300.169
300.182
300.196
300.21
300.225
300.24
300.256
300.273
300.29
300.308
300.327
300.347
300.367
300.388
300.409
300.432
300.455
300.478
300.503
300.528
300.554
300.581
300.608
300.637
300.666
300.695
300.726
300.757
300.789
300.821
300.854
300.888
300.923
300.958
300.994
301.03
301.067
301.105
301.143
301.181
301.22
301.259
301.299
301.339
301.379
301.419
301.459
301.499
301.54
301.58
301.619
301.659
301.698
301.737
301.775
301.812
301.849
301.885
300.002
300.005
300.009
300.013
300.018
300.022
300.027
300.032
300.037
300.043
300.049
300.056
300.063
300.07
300.077
300.085
300.094
300.103
300.113
300.123
300.133
300.144
300.156
300.168
300.181
300.194
300.208
300.223
300.238
300.254
300.271
300.288
300.306
300.324
300.344
300.364
300.384
300.406
300.428
300.45
300.474
300.498
300.523
300.548
300.574
300.601
300.629
300.657
300.686
300.716
300.746
300.777
300.809
300.841
300.874
300.908
300.942
300.976
301.011
301.047
301.083
301.119
301.156
301.193
301.23
301.268
301.306
301.344
301.381
301.419
301.457
301.495
301.532
301.569
301.606
301.643
301.679
301.714
301.749
301.783
301.817
300.002
300.005
300.009
300.013
300.018
300.022
300.027
300.032
300.037
300.043
300.049
300.055
300.062
300.069
300.077
300.085
300.093
300.102
300.112
300.122
300.132
300.143
300.155
300.167
300.179
300.193
300.207
300.221
300.236
300.252
300.268
300.285
300.303
300.321
300.34
300.36
300.38
300.401
300.423
300.445
300.468
300.492
300.516
300.541
300.567
300.593
300.62
300.648
300.676
300.705
300.734
300.764
300.795
300.826
300.858
300.89
300.923
300.956
300.99
301.024
301.058
301.093
301.128
301.163
301.199
301.234
301.27
301.306
301.341
301.377
301.412
301.448
301.483
301.517
301.552
301.586
301.619
301.652
301.685
301.717
301.748
300.002
300.005
300.009
300.013
300.017
300.022
300.027
300.032
300.037
300.043
300.049
300.055
300.062
300.069
300.076
300.084
300.093
300.101
300.111
300.121
300.131
300.142
300.153
300.165
300.178
300.191
300.205
300.219
300.234
300.249
300.265
300.282
300.299
300.317
300.336
300.355
300.375
300.396
300.417
300.439
300.462
300.485
300.509
300.533
300.558
300.584
300.61
300.637
300.664
300.692
300.721
300.75
300.78
300.81
300.84
300.871
300.903
300.934
300.967
300.999
301.032
301.065
301.098
301.131
301.165
301.198
301.232
301.265
301.299
301.332
301.365
301.398
301.431
301.463
301.495
301.527
301.558
301.589
301.619
301.649
301.678
300.002
300.005
300.009
300.013
300.017
300.022
300.026
300.031
300.037
300.042
300.048
300.054
300.061
300.068
300.075
300.083
300.092
300.1
300.11
300.119
300.13
300.14
300.152
300.163
300.176
300.189
300.202
300.216
300.231
300.246
300.262
300.278
300.296
300.313
300.331
300.35
300.37
300.39
300.411
300.432
300.454
300.477
300.5
300.524
300.548
300.573
300.598
300.624
300.651
300.678
300.706
300.734
300.762
300.791
300.82
300.85
300.88
300.91
300.941
300.972
301.003
301.034
301.065
301.097
301.128
301.16
301.191
301.223
301.254
301.285
301.316
301.347
301.377
301.407
301.437
301.467
301.496
301.524
301.553
301.58
301.608
300.002
300.005
300.009
300.013
300.017
300.022
300.026
300.031
300.036
300.042
300.048
300.054
300.06
300.067
300.075
300.082
300.091
300.099
300.108
300.118
300.128
300.139
300.15
300.161
300.173
300.186
300.199
300.213
300.228
300.243
300.258
300.274
300.291
300.308
300.326
300.345
300.364
300.383
300.404
300.424
300.446
300.468
300.49
300.513
300.537
300.561
300.585
300.611
300.636
300.662
300.689
300.715
300.743
300.77
300.798
300.827
300.855
300.884
300.913
300.942
300.971
301.001
301.03
301.06
301.09
301.119
301.149
301.178
301.207
301.236
301.265
301.294
301.322
301.35
301.378
301.405
301.432
301.459
301.485
301.511
301.536
300.002
300.005
300.009
300.013
300.017
300.021
300.026
300.031
300.036
300.041
300.047
300.053
300.06
300.066
300.074
300.081
300.089
300.098
300.107
300.116
300.126
300.137
300.147
300.159
300.171
300.183
300.196
300.21
300.224
300.239
300.254
300.269
300.286
300.303
300.32
300.338
300.357
300.376
300.395
300.416
300.436
300.457
300.479
300.501
300.524
300.547
300.571
300.595
300.62
300.645
300.67
300.695
300.721
300.748
300.774
300.801
300.828
300.855
300.883
300.91
300.938
300.966
300.993
301.021
301.049
301.076
301.104
301.131
301.158
301.185
301.212
301.239
301.265
301.291
301.317
301.342
301.367
301.392
301.416
301.44
301.464
300.002
300.005
300.009
300.013
300.017
300.021
300.025
300.03
300.035
300.041
300.046
300.052
300.059
300.065
300.073
300.08
300.088
300.096
300.105
300.114
300.124
300.134
300.145
300.156
300.168
300.18
300.193
300.206
300.22
300.234
300.249
300.264
300.28
300.296
300.313
300.331
300.349
300.367
300.386
300.406
300.426
300.446
300.467
300.488
300.51
300.532
300.555
300.578
300.601
300.625
300.649
300.674
300.698
300.723
300.748
300.774
300.799
300.825
300.85
300.876
300.902
300.928
300.954
300.98
301.006
301.031
301.057
301.083
301.108
301.133
301.158
301.182
301.207
301.231
301.255
301.278
301.302
301.324
301.347
301.369
301.391
300.002
300.005
300.009
300.012
300.016
300.021
300.025
300.03
300.035
300.04
300.046
300.051
300.058
300.064
300.071
300.079
300.086
300.095
300.103
300.112
300.122
300.132
300.142
300.153
300.164
300.176
300.189
300.201
300.215
300.229
300.243
300.258
300.273
300.289
300.305
300.322
300.34
300.357
300.376
300.394
300.414
300.433
300.453
300.474
300.495
300.516
300.537
300.559
300.582
300.604
300.627
300.65
300.673
300.697
300.72
300.744
300.768
300.792
300.816
300.84
300.865
300.889
300.913
300.937
300.961
300.985
301.009
301.032
301.056
301.079
301.102
301.125
301.147
301.17
301.192
301.213
301.235
301.256
301.277
301.297
301.317
300.002
300.005
300.009
300.012
300.016
300.02
300.025
300.029
300.034
300.039
300.045
300.05
300.056
300.063
300.07
300.077
300.085
300.093
300.101
300.11
300.119
300.129
300.139
300.149
300.16
300.172
300.184
300.196
300.209
300.223
300.237
300.251
300.266
300.281
300.297
300.313
300.33
300.347
300.364
300.382
300.4
300.419
300.438
300.458
300.478
300.498
300.518
300.539
300.56
300.581
300.603
300.624
300.646
300.668
300.691
300.713
300.735
300.758
300.78
300.803
300.825
300.848
300.87
300.892
300.915
300.937
300.959
300.981
301.002
301.024
301.045
301.066
301.087
301.107
301.128
301.148
301.167
301.187
301.206
301.225
301.244
300.002
300.005
300.008
300.012
300.016
300.02
300.024
300.029
300.033
300.038
300.044
300.049
300.055
300.061
300.068
300.075
300.082
300.09
300.098
300.107
300.116
300.125
300.135
300.145
300.156
300.167
300.179
300.191
300.203
300.216
300.229
300.243
300.257
300.272
300.287
300.303
300.319
300.335
300.352
300.369
300.386
300.404
300.422
300.44
300.459
300.478
300.497
300.517
300.537
300.557
300.577
300.597
300.618
300.638
300.659
300.68
300.701
300.721
300.742
300.763
300.784
300.805
300.826
300.846
300.867
300.887
300.907
300.928
300.947
300.967
300.987
301.006
301.025
301.044
301.063
301.081
301.099
301.117
301.135
301.152
301.169
300.002
300.005
300.008
300.012
300.015
300.019
300.023
300.028
300.032
300.037
300.042
300.048
300.054
300.06
300.066
300.073
300.08
300.088
300.096
300.104
300.112
300.122
300.131
300.141
300.151
300.162
300.173
300.185
300.196
300.209
300.222
300.235
300.248
300.262
300.277
300.291
300.307
300.322
300.338
300.354
300.371
300.387
300.404
300.422
300.439
300.457
300.475
300.494
300.512
300.531
300.55
300.568
300.588
300.607
300.626
300.645
300.664
300.684
300.703
300.722
300.741
300.761
300.78
300.799
300.818
300.836
300.855
300.873
300.892
300.91
300.928
300.946
300.963
300.98
300.998
301.014
301.031
301.048
301.064
301.08
301.095
300.002
300.005
300.008
300.011
300.015
300.019
300.023
300.027
300.031
300.036
300.041
300.046
300.052
300.058
300.064
300.071
300.078
300.085
300.092
300.1
300.109
300.117
300.126
300.136
300.146
300.156
300.167
300.178
300.189
300.201
300.213
300.226
300.238
300.252
300.265
300.279
300.294
300.308
300.323
300.338
300.354
300.369
300.385
300.402
300.418
300.435
300.452
300.469
300.486
300.503
300.521
300.538
300.556
300.574
300.591
300.609
300.627
300.645
300.662
300.68
300.698
300.715
300.733
300.75
300.768
300.785
300.802
300.819
300.835
300.852
300.868
300.885
300.901
300.916
300.932
300.947
300.963
300.978
300.992
301.007
301.021
300.001
300.004
300.008
300.011
300.014
300.018
300.022
300.026
300.03
300.035
300.04
300.045
300.05
300.056
300.062
300.068
300.075
300.082
300.089
300.097
300.105
300.113
300.122
300.131
300.14
300.15
300.16
300.17
300.181
300.192
300.204
300.215
300.228
300.24
300.253
300.266
300.279
300.293
300.307
300.321
300.336
300.35
300.365
300.381
300.396
300.411
300.427
300.443
300.459
300.475
300.491
300.507
300.523
300.539
300.556
300.572
300.588
300.605
300.621
300.637
300.653
300.669
300.685
300.701
300.717
300.732
300.748
300.763
300.779
300.794
300.809
300.823
300.838
300.852
300.866
300.881
300.894
300.908
300.921
300.935
300.948
300.001
300.004
300.007
300.011
300.014
300.017
300.021
300.025
300.029
300.034
300.038
300.043
300.048
300.054
300.059
300.065
300.072
300.078
300.085
300.092
300.1
300.108
300.116
300.125
300.134
300.143
300.152
300.162
300.172
300.183
300.194
300.205
300.216
300.228
300.24
300.252
300.264
300.277
300.29
300.303
300.317
300.33
300.344
300.358
300.372
300.387
300.401
300.416
300.43
300.445
300.46
300.474
300.489
300.504
300.519
300.534
300.549
300.564
300.578
300.593
300.608
300.622
300.637
300.651
300.666
300.68
300.694
300.708
300.722
300.735
300.749
300.762
300.775
300.788
300.801
300.814
300.826
300.839
300.851
300.863
300.875
300.001
300.004
300.007
300.01
300.013
300.017
300.02
300.024
300.028
300.032
300.037
300.041
300.046
300.051
300.057
300.062
300.068
300.075
300.081
300.088
300.095
300.103
300.11
300.118
300.127
300.135
300.144
300.153
300.163
300.173
300.183
300.193
300.204
300.215
300.226
300.237
300.249
300.261
300.273
300.285
300.297
300.31
300.322
300.335
300.348
300.361
300.374
300.388
300.401
300.414
300.428
300.441
300.455
300.468
300.482
300.495
300.509
300.522
300.536
300.549
300.562
300.575
300.588
300.601
300.614
300.627
300.64
300.652
300.665
300.677
300.689
300.701
300.713
300.725
300.737
300.748
300.759
300.77
300.781
300.792
300.803
300.001
300.004
300.007
300.01
300.013
300.016
300.019
300.023
300.027
300.031
300.035
300.039
300.044
300.049
300.054
300.059
300.065
300.071
300.077
300.083
300.09
300.097
300.104
300.112
300.119
300.127
300.136
300.144
300.153
300.162
300.172
300.181
300.191
300.201
300.211
300.222
300.232
300.243
300.254
300.265
300.277
300.288
300.3
300.311
300.323
300.335
300.347
300.359
300.371
300.383
300.395
300.408
300.42
300.432
300.444
300.456
300.469
300.481
300.493
300.505
300.517
300.528
300.54
300.552
300.563
300.575
300.586
300.598
300.609
300.62
300.631
300.642
300.652
300.663
300.673
300.683
300.693
300.703
300.713
300.723
300.732
300.001
300.004
300.006
300.009
300.012
300.015
300.018
300.022
300.025
300.029
300.033
300.037
300.041
300.046
300.051
300.056
300.061
300.066
300.072
300.078
300.084
300.091
300.098
300.104
300.112
300.119
300.127
300.135
300.143
300.151
300.16
300.169
300.178
300.187
300.196
300.206
300.215
300.225
300.235
300.245
300.256
300.266
300.277
300.287
300.298
300.309
300.319
300.33
300.341
300.352
300.363
300.374
300.385
300.396
300.407
300.418
300.429
300.439
300.45
300.461
300.472
300.482
300.493
300.503
300.513
300.524
300.534
300.544
300.554
300.564
300.573
300.583
300.592
300.602
300.611
300.62
300.629
300.638
300.647
300.655
300.664
300.001
300.003
300.006
300.009
300.011
300.014
300.017
300.02
300.024
300.027
300.031
300.035
300.039
300.043
300.047
300.052
300.057
300.062
300.067
300.073
300.079
300.085
300.091
300.097
300.104
300.111
300.118
300.125
300.132
300.14
300.148
300.156
300.164
300.172
300.181
300.19
300.198
300.207
300.216
300.225
300.235
300.244
300.253
300.263
300.273
300.282
300.292
300.302
300.311
300.321
300.331
300.341
300.35
300.36
300.37
300.38
300.389
300.399
300.408
300.418
300.427
300.437
300.446
300.455
300.464
300.474
300.483
300.491
300.5
300.509
300.518
300.526
300.534
300.543
300.551
300.559
300.567
300.575
300.583
300.59
300.598
300.001
300.003
300.006
300.008
300.01
300.013
300.016
300.019
300.022
300.025
300.029
300.032
300.036
300.04
300.044
300.048
300.053
300.057
300.062
300.067
300.073
300.078
300.084
300.09
300.096
300.102
300.108
300.115
300.122
300.129
300.136
300.143
300.15
300.158
300.166
300.173
300.181
300.189
300.197
300.206
300.214
300.222
300.231
300.239
300.248
300.256
300.265
300.273
300.282
300.291
300.299
300.308
300.317
300.325
300.334
300.342
300.351
300.359
300.368
300.376
300.385
300.393
300.401
300.409
300.417
300.425
300.433
300.441
300.449
300.457
300.464
300.472
300.479
300.486
300.493
300.501
300.508
300.515
300.521
300.528
300.535
300.001
300.003
300.005
300.007
300.01
300.012
300.015
300.017
300.02
300.023
300.026
300.03
300.033
300.037
300.041
300.045
300.049
300.053
300.057
300.062
300.067
300.072
300.077
300.082
300.088
300.093
300.099
300.105
300.111
300.117
300.124
300.13
300.137
300.144
300.15
300.157
300.164
300.172
300.179
300.186
300.193
300.201
300.208
300.216
300.223
300.231
300.239
300.246
300.254
300.261
300.269
300.277
300.284
300.292
300.3
300.307
300.315
300.322
300.329
300.337
300.344
300.351
300.359
300.366
300.373
300.38
300.387
300.394
300.4
300.407
300.414
300.42
300.427
300.433
300.439
300.446
300.452
300.458
300.464
300.47
300.475
300.001
300.003
300.005
300.007
300.009
300.011
300.014
300.016
300.019
300.021
300.024
300.027
300.031
300.034
300.037
300.041
300.045
300.049
300.053
300.057
300.061
300.066
300.07
300.075
300.08
300.085
300.09
300.096
300.101
300.107
300.112
300.118
300.124
300.13
300.136
300.142
300.148
300.155
300.161
300.168
300.174
300.181
300.187
300.194
300.201
300.207
300.214
300.221
300.227
300.234
300.241
300.247
300.254
300.261
300.267
300.274
300.28
300.287
300.293
300.3
300.306
300.313
300.319
300.325
300.331
300.337
300.343
300.349
300.355
300.361
300.367
300.373
300.378
300.384
300.389
300.395
300.4
300.405
300.411
300.416
300.421
300.001
300.003
300.004
300.006
300.008
300.01
300.013
300.015
300.017
300.02
300.022
300.025
300.028
300.031
300.034
300.037
300.041
300.044
300.048
300.052
300.056
300.06
300.064
300.068
300.073
300.077
300.082
300.087
300.092
300.096
300.102
300.107
300.112
300.117
300.123
300.128
300.134
300.139
300.145
300.151
300.156
300.162
300.168
300.174
300.18
300.185
300.191
300.197
300.203
300.209
300.215
300.221
300.226
300.232
300.238
300.244
300.249
300.255
300.261
300.266
300.272
300.278
300.283
300.288
300.294
300.299
300.304
300.31
300.315
300.32
300.325
300.33
300.335
300.34
300.344
300.349
300.354
300.358
300.363
300.367
300.372
300.001
300.002
300.004
300.006
300.008
300.01
300.012
300.014
300.016
300.018
300.021
300.023
300.026
300.028
300.031
300.034
300.037
300.041
300.044
300.047
300.051
300.055
300.058
300.062
300.066
300.07
300.074
300.079
300.083
300.087
300.092
300.097
300.101
300.106
300.111
300.116
300.121
300.125
300.13
300.135
300.141
300.146
300.151
300.156
300.161
300.166
300.171
300.177
300.182
300.187
300.192
300.197
300.202
300.207
300.212
300.217
300.222
300.227
300.232
300.237
300.242
300.247
300.252
300.256
300.261
300.266
300.27
300.275
300.279
300.284
300.288
300.293
300.297
300.301
300.305
300.309
300.313
300.317
300.321
300.325
300.329
300.001
300.002
300.004
300.005
300.007
300.009
300.011
300.013
300.015
300.017
300.019
300.021
300.024
300.026
300.029
300.032
300.034
300.037
300.04
300.044
300.047
300.05
300.054
300.057
300.061
300.064
300.068
300.072
300.076
300.08
300.084
300.088
300.092
300.097
300.101
300.105
300.11
300.114
300.118
300.123
300.127
300.132
300.137
300.141
300.146
300.15
300.155
300.16
300.164
300.169
300.173
300.178
300.182
300.187
300.191
300.196
300.2
300.205
300.209
300.213
300.218
300.222
300.226
300.23
300.235
300.239
300.243
300.247
300.251
300.255
300.258
300.262
300.266
300.27
300.274
300.277
300.281
300.284
300.288
300.291
300.295
300.001
300.002
300.004
300.005
300.007
300.008
300.01
300.012
300.014
300.016
300.018
300.02
300.022
300.025
300.027
300.03
300.032
300.035
300.038
300.041
300.044
300.047
300.05
300.053
300.057
300.06
300.063
300.067
300.071
300.074
300.078
300.082
300.086
300.09
300.093
300.097
300.101
300.106
300.11
300.114
300.118
300.122
300.126
300.13
300.135
300.139
300.143
300.147
300.151
300.155
300.16
300.164
300.168
300.172
300.176
300.18
300.184
300.188
300.192
300.196
300.2
300.204
300.208
300.211
300.215
300.219
300.223
300.226
300.23
300.233
300.237
300.24
300.244
300.247
300.25
300.254
300.257
300.26
300.263
300.266
300.269
300.001
300.002
300.003
300.005
300.006
300.008
300.01
300.011
300.013
300.015
300.017
300.019
300.021
300.024
300.026
300.029
300.031
300.034
300.036
300.039
300.042
300.045
300.048
300.051
300.054
300.058
300.061
300.064
300.068
300.071
300.075
300.078
300.082
300.086
300.089
300.093
300.097
300.101
300.105
300.109
300.113
300.116
300.12
300.124
300.128
300.132
300.136
300.14
300.144
300.148
300.152
300.156
300.16
300.164
300.168
300.171
300.175
300.179
300.183
300.186
300.19
300.194
300.197
300.201
300.204
300.208
300.211
300.215
300.218
300.222
300.225
300.228
300.231
300.235
300.238
300.241
300.244
300.247
300.25
300.253
300.256
302.922
303.049
303.126
303.197
303.259
303.31
303.344
303.382
303.421
303.457
303.488
303.521
303.554
303.587
303.62
303.651
303.681
303.707
303.735
303.763
303.791
303.819
303.846
303.873
303.901
303.927
303.953
303.979
304.004
304.029
304.054
304.078
304.102
304.125
304.149
304.171
304.194
304.217
304.238
304.26
304.282
304.302
304.324
304.348
304.37
304.391
304.411
304.431
304.453
304.474
304.494
304.512
304.531
304.551
304.571
304.591
304.611
304.631
304.65
304.668
304.684
304.701
304.718
304.735
304.753
304.77
304.788
304.804
304.821
304.837
304.853
304.869
304.884
304.899
304.914
304.928
304.943
304.957
304.97
304.985
305.001
305.015
305.028
305.04
305.052
305.063
305.075
305.089
305.101
305.112
305.121
305.132
305.144
305.154
305.165
305.176
305.186
305.195
305.205
305.214
305.221
305.23
305.237
305.245
305.253
305.261
305.268
305.274
305.28
305.285
305.291
305.297
305.303
305.308
305.313
305.316
305.32
305.324
305.328
305.331
305.333
305.335
305.337
305.339
305.34
305.34
305.34
305.339
305.338
305.336
305.334
305.33
305.326
305.321
305.315
305.308
305.3
305.29
305.28
305.268
305.255
305.241
305.225
305.207
305.188
305.166
305.143
305.117
305.088
305.054
305.013
304.971
304.93
304.883
304.83
304.769
304.703
304.59
304.486
304.353
304.177
302.822
302.934
303.021
303.095
303.159
303.213
303.258
303.301
303.342
303.38
303.415
303.45
303.485
303.519
303.552
303.584
303.615
303.644
303.673
303.701
303.73
303.758
303.786
303.814
303.842
303.869
303.895
303.921
303.947
303.972
303.997
304.022
304.046
304.07
304.094
304.117
304.14
304.163
304.185
304.207
304.229
304.251
304.273
304.296
304.318
304.339
304.36
304.381
304.402
304.423
304.443
304.462
304.482
304.502
304.522
304.542
304.562
304.581
304.601
304.619
304.635
304.653
304.67
304.688
304.705
304.723
304.74
304.757
304.774
304.79
304.806
304.822
304.837
304.852
304.867
304.882
304.896
304.911
304.924
304.939
304.954
304.969
304.982
304.994
305.006
305.018
305.03
305.043
305.056
305.067
305.077
305.088
305.099
305.11
305.121
305.132
305.142
305.151
305.16
305.169
305.177
305.186
305.193
305.201
305.209
305.217
305.224
305.23
305.236
305.242
305.248
305.254
305.259
305.265
305.27
305.273
305.277
305.281
305.285
305.288
305.29
305.292
305.294
305.296
305.297
305.297
305.297
305.297
305.295
305.293
305.291
305.287
305.283
305.278
305.272
305.265
305.257
305.248
305.237
305.226
305.213
305.198
305.182
305.165
305.145
305.124
305.1
305.073
305.044
305.01
304.97
304.928
304.885
304.837
304.783
304.721
304.65
304.541
304.431
304.292
304.099
302.74
302.838
302.923
302.997
303.062
303.119
303.17
303.216
303.259
303.3
303.338
303.375
303.411
303.446
303.48
303.513
303.545
303.576
303.606
303.636
303.665
303.694
303.723
303.751
303.779
303.806
303.833
303.86
303.886
303.912
303.938
303.963
303.987
304.012
304.036
304.059
304.083
304.106
304.129
304.151
304.174
304.196
304.218
304.241
304.263
304.284
304.306
304.327
304.348
304.369
304.389
304.409
304.429
304.449
304.469
304.489
304.509
304.529
304.548
304.566
304.584
304.601
304.619
304.637
304.654
304.672
304.689
304.706
304.723
304.74
304.756
304.772
304.787
304.802
304.818
304.832
304.847
304.861
304.876
304.89
304.905
304.919
304.933
304.946
304.958
304.97
304.982
304.995
305.007
305.019
305.029
305.04
305.052
305.062
305.073
305.084
305.094
305.104
305.113
305.122
305.131
305.139
305.147
305.155
305.163
305.171
305.178
305.184
305.19
305.196
305.202
305.208
305.213
305.219
305.223
305.228
305.232
305.236
305.239
305.242
305.244
305.247
305.249
305.25
305.251
305.252
305.251
305.251
305.25
305.248
305.245
305.242
305.238
305.232
305.226
305.219
305.211
305.202
305.192
305.18
305.167
305.153
305.137
305.119
305.099
305.078
305.054
305.027
304.997
304.963
304.924
304.882
304.838
304.789
304.733
304.669
304.594
304.488
304.373
304.228
304.025
302.666
302.753
302.832
302.904
302.969
303.028
303.081
303.129
303.175
303.218
303.258
303.297
303.334
303.371
303.406
303.44
303.473
303.505
303.536
303.566
303.597
303.626
303.656
303.684
303.713
303.741
303.768
303.795
303.822
303.848
303.874
303.9
303.925
303.95
303.974
303.998
304.022
304.046
304.069
304.092
304.114
304.137
304.16
304.182
304.204
304.226
304.248
304.269
304.291
304.312
304.332
304.353
304.373
304.393
304.413
304.433
304.453
304.473
304.492
304.511
304.529
304.547
304.564
304.582
304.6
304.618
304.635
304.652
304.669
304.686
304.702
304.718
304.734
304.749
304.765
304.78
304.794
304.809
304.823
304.838
304.853
304.867
304.881
304.894
304.906
304.919
304.931
304.944
304.956
304.967
304.979
304.99
305.001
305.012
305.023
305.034
305.044
305.053
305.063
305.072
305.081
305.089
305.097
305.105
305.113
305.121
305.128
305.135
305.141
305.147
305.153
305.159
305.164
305.17
305.174
305.179
305.183
305.187
305.19
305.193
305.196
305.198
305.2
305.201
305.202
305.203
305.203
305.202
305.201
305.199
305.197
305.193
305.189
305.184
305.178
305.171
305.163
305.154
305.143
305.132
305.119
305.104
305.088
305.071
305.051
305.029
305.005
304.978
304.948
304.914
304.875
304.832
304.788
304.737
304.68
304.615
304.537
304.431
304.313
304.163
303.954
302.596
302.674
302.748
302.816
302.879
302.938
302.992
303.042
303.089
303.133
303.175
303.215
303.254
303.292
303.328
303.363
303.397
303.43
303.462
303.493
303.524
303.555
303.585
303.614
303.643
303.671
303.699
303.727
303.754
303.781
303.807
303.833
303.859
303.884
303.909
303.933
303.957
303.981
304.005
304.028
304.051
304.074
304.097
304.12
304.142
304.165
304.187
304.208
304.23
304.251
304.272
304.293
304.313
304.333
304.354
304.374
304.394
304.414
304.433
304.452
304.47
304.488
304.506
304.524
304.542
304.56
304.578
304.595
304.612
304.629
304.645
304.661
304.677
304.693
304.708
304.724
304.738
304.753
304.768
304.783
304.797
304.811
304.825
304.838
304.851
304.864
304.877
304.889
304.901
304.913
304.924
304.936
304.947
304.958
304.969
304.98
304.99
305
305.009
305.019
305.027
305.036
305.044
305.052
305.06
305.068
305.075
305.082
305.088
305.094
305.1
305.106
305.112
305.117
305.122
305.127
305.131
305.135
305.138
305.141
305.144
305.146
305.148
305.15
305.151
305.151
305.151
305.151
305.149
305.147
305.145
305.142
305.137
305.132
305.126
305.119
305.111
305.102
305.092
305.08
305.067
305.053
305.037
305.019
304.999
304.978
304.953
304.926
304.896
304.861
304.822
304.78
304.734
304.683
304.625
304.557
304.477
304.372
304.251
304.097
303.886
302.528
302.599
302.667
302.731
302.792
302.85
302.903
302.954
303.002
303.047
303.09
303.132
303.171
303.21
303.247
303.283
303.317
303.351
303.384
303.417
303.448
303.479
303.51
303.54
303.569
303.598
303.627
303.655
303.682
303.71
303.736
303.763
303.789
303.814
303.84
303.865
303.889
303.913
303.937
303.961
303.985
304.008
304.031
304.054
304.077
304.099
304.121
304.143
304.165
304.187
304.208
304.229
304.249
304.27
304.291
304.311
304.331
304.351
304.37
304.389
304.408
304.426
304.445
304.463
304.481
304.499
304.516
304.534
304.551
304.568
304.585
304.601
304.617
304.633
304.648
304.664
304.679
304.694
304.709
304.723
304.738
304.752
304.766
304.78
304.793
304.806
304.818
304.831
304.843
304.855
304.867
304.878
304.89
304.901
304.912
304.923
304.933
304.943
304.953
304.962
304.971
304.979
304.988
304.996
305.004
305.012
305.019
305.026
305.032
305.039
305.045
305.051
305.056
305.062
305.067
305.071
305.075
305.079
305.083
305.086
305.089
305.091
305.093
305.094
305.095
305.096
305.096
305.095
305.094
305.092
305.09
305.087
305.082
305.077
305.071
305.065
305.057
305.047
305.037
305.026
305.013
304.998
304.982
304.964
304.945
304.923
304.898
304.871
304.841
304.806
304.767
304.724
304.678
304.626
304.566
304.497
304.414
304.31
304.186
304.03
303.82
302.461
302.526
302.589
302.65
302.708
302.763
302.816
302.866
302.914
302.96
303.003
303.045
303.086
303.125
303.163
303.199
303.235
303.27
303.303
303.336
303.369
303.4
303.431
303.462
303.492
303.521
303.55
303.579
303.607
303.634
303.662
303.688
303.715
303.741
303.767
303.792
303.817
303.842
303.866
303.89
303.914
303.938
303.961
303.984
304.007
304.03
304.052
304.075
304.097
304.118
304.14
304.161
304.182
304.203
304.223
304.244
304.264
304.284
304.304
304.323
304.342
304.361
304.379
304.398
304.416
304.434
304.451
304.469
304.486
304.503
304.52
304.537
304.553
304.569
304.585
304.6
304.616
304.631
304.646
304.661
304.675
304.69
304.704
304.717
304.731
304.744
304.756
304.769
304.782
304.794
304.806
304.817
304.829
304.84
304.851
304.862
304.872
304.882
304.892
304.901
304.911
304.919
304.928
304.936
304.944
304.952
304.959
304.966
304.973
304.979
304.985
304.991
304.997
305.002
305.007
305.012
305.016
305.02
305.024
305.027
305.03
305.032
305.034
305.036
305.037
305.037
305.037
305.037
305.036
305.034
305.031
305.028
305.024
305.019
305.013
305.006
304.998
304.989
304.979
304.967
304.955
304.94
304.924
304.906
304.886
304.864
304.84
304.813
304.782
304.747
304.708
304.665
304.618
304.565
304.504
304.434
304.349
304.245
304.12
303.963
303.756
302.395
302.454
302.513
302.57
302.625
302.678
302.73
302.779
302.826
302.872
302.915
302.958
302.998
303.038
303.076
303.113
303.149
303.185
303.219
303.253
303.285
303.318
303.349
303.38
303.411
303.441
303.47
303.499
303.527
303.555
303.583
303.61
303.637
303.664
303.69
303.715
303.741
303.766
303.791
303.815
303.839
303.863
303.887
303.91
303.934
303.957
303.979
304.002
304.024
304.046
304.068
304.089
304.11
304.131
304.152
304.173
304.193
304.213
304.233
304.253
304.272
304.291
304.31
304.328
304.346
304.365
304.383
304.4
304.418
304.435
304.452
304.469
304.485
304.501
304.517
304.533
304.548
304.564
304.579
304.594
304.608
304.623
304.637
304.651
304.664
304.678
304.691
304.703
304.716
304.728
304.74
304.752
304.764
304.775
304.786
304.797
304.808
304.818
304.828
304.837
304.846
304.855
304.864
304.872
304.881
304.888
304.896
304.903
304.91
304.916
304.922
304.928
304.934
304.94
304.945
304.949
304.954
304.958
304.961
304.965
304.967
304.97
304.972
304.973
304.974
304.975
304.975
304.975
304.973
304.972
304.969
304.966
304.962
304.957
304.951
304.944
304.936
304.927
304.917
304.906
304.893
304.878
304.862
304.845
304.825
304.803
304.778
304.751
304.72
304.685
304.646
304.603
304.555
304.501
304.439
304.367
304.282
304.177
304.051
303.894
303.693
302.329
302.384
302.438
302.491
302.544
302.595
302.644
302.692
302.738
302.783
302.827
302.869
302.909
302.949
302.988
303.025
303.061
303.097
303.132
303.166
303.199
303.232
303.264
303.295
303.326
303.356
303.386
303.415
303.444
303.473
303.501
303.528
303.555
303.582
303.609
303.635
303.661
303.686
303.711
303.736
303.76
303.785
303.809
303.832
303.856
303.879
303.902
303.925
303.947
303.969
303.991
304.013
304.035
304.056
304.077
304.098
304.118
304.138
304.158
304.178
304.198
304.217
304.236
304.255
304.273
304.291
304.309
304.327
304.345
304.362
304.379
304.396
304.413
304.429
304.445
304.461
304.477
304.492
304.508
304.523
304.538
304.552
304.566
304.58
304.594
304.608
304.621
304.634
304.646
304.659
304.671
304.683
304.695
304.706
304.717
304.728
304.739
304.749
304.759
304.769
304.778
304.787
304.796
304.805
304.813
304.821
304.828
304.836
304.843
304.849
304.855
304.862
304.867
304.873
304.878
304.883
304.887
304.891
304.895
304.898
304.901
304.903
304.905
304.907
304.908
304.909
304.909
304.908
304.907
304.906
304.903
304.9
304.896
304.891
304.885
304.878
304.871
304.862
304.852
304.84
304.827
304.813
304.797
304.779
304.759
304.737
304.712
304.685
304.654
304.619
304.58
304.537
304.488
304.434
304.371
304.298
304.211
304.107
303.981
303.826
303.631
302.262
302.313
302.364
302.414
302.463
302.512
302.559
302.605
302.65
302.694
302.737
302.779
302.819
302.858
302.897
302.934
302.971
303.007
303.042
303.076
303.11
303.142
303.175
303.207
303.238
303.268
303.298
303.328
303.357
303.386
303.414
303.442
303.47
303.497
303.524
303.55
303.576
303.602
303.627
303.653
303.677
303.702
303.726
303.75
303.774
303.797
303.821
303.844
303.866
303.889
303.911
303.933
303.955
303.976
303.997
304.018
304.039
304.059
304.08
304.099
304.119
304.139
304.158
304.177
304.195
304.214
304.232
304.25
304.268
304.285
304.303
304.32
304.336
304.353
304.369
304.385
304.401
304.417
304.432
304.447
304.462
304.477
304.492
304.506
304.52
304.533
304.547
304.56
304.573
304.585
304.598
304.61
304.621
304.633
304.644
304.655
304.666
304.677
304.687
304.697
304.706
304.715
304.724
304.733
304.741
304.749
304.757
304.764
304.771
304.778
304.784
304.79
304.796
304.802
304.807
304.812
304.816
304.82
304.824
304.827
304.83
304.833
304.835
304.837
304.838
304.838
304.839
304.838
304.837
304.835
304.833
304.83
304.826
304.821
304.815
304.809
304.801
304.792
304.782
304.771
304.758
304.743
304.727
304.71
304.69
304.668
304.643
304.615
304.584
304.549
304.51
304.467
304.418
304.363
304.299
304.225
304.138
304.034
303.909
303.756
303.57
302.195
302.243
302.29
302.337
302.383
302.429
302.475
302.519
302.563
302.605
302.647
302.688
302.728
302.767
302.805
302.842
302.878
302.914
302.949
302.984
303.017
303.05
303.083
303.115
303.146
303.177
303.207
303.237
303.267
303.296
303.324
303.353
303.38
303.408
303.435
303.462
303.488
303.514
303.54
303.565
303.59
303.615
303.64
303.664
303.688
303.711
303.735
303.758
303.781
303.804
303.826
303.848
303.87
303.892
303.913
303.934
303.955
303.976
303.996
304.016
304.036
304.056
304.075
304.094
304.113
304.132
304.15
304.168
304.186
304.204
304.221
304.239
304.256
304.272
304.289
304.305
304.321
304.337
304.352
304.368
304.383
304.398
304.412
304.427
304.441
304.454
304.468
304.481
304.494
304.507
304.52
304.532
304.544
304.555
304.567
304.578
304.589
304.6
304.61
304.62
304.629
304.639
304.648
304.656
304.665
304.673
304.681
304.688
304.695
304.702
304.709
304.715
304.721
304.726
304.732
304.737
304.741
304.745
304.749
304.752
304.755
304.758
304.76
304.762
304.763
304.764
304.764
304.764
304.763
304.761
304.759
304.755
304.752
304.747
304.741
304.735
304.727
304.718
304.708
304.697
304.684
304.67
304.654
304.636
304.616
304.594
304.569
304.542
304.511
304.476
304.437
304.393
304.344
304.288
304.224
304.15
304.062
303.958
303.835
303.686
303.508
302.128
302.172
302.216
302.26
302.304
302.348
302.391
302.433
302.475
302.516
302.556
302.596
302.635
302.673
302.711
302.748
302.784
302.82
302.854
302.889
302.922
302.955
302.988
303.02
303.051
303.082
303.113
303.143
303.173
303.202
303.231
303.259
303.287
303.315
303.342
303.369
303.396
303.422
303.448
303.473
303.499
303.524
303.549
303.573
303.597
303.621
303.645
303.668
303.691
303.714
303.737
303.759
303.781
303.803
303.825
303.846
303.867
303.888
303.908
303.929
303.949
303.968
303.988
304.007
304.026
304.045
304.064
304.082
304.1
304.118
304.136
304.153
304.17
304.187
304.204
304.22
304.236
304.252
304.268
304.283
304.299
304.314
304.328
304.343
304.357
304.371
304.385
304.398
304.411
304.424
304.437
304.449
304.461
304.473
304.485
304.496
304.507
304.518
304.528
304.538
304.548
304.558
304.567
304.576
304.584
304.592
304.6
304.608
304.615
304.622
304.629
304.635
304.641
304.647
304.652
304.657
304.661
304.666
304.669
304.673
304.676
304.679
304.681
304.683
304.684
304.685
304.685
304.685
304.684
304.682
304.68
304.677
304.673
304.668
304.663
304.656
304.648
304.64
304.63
304.619
304.606
304.592
304.576
304.558
304.538
304.516
304.491
304.464
304.433
304.398
304.359
304.315
304.265
304.209
304.145
304.071
303.984
303.881
303.759
303.615
303.445
302.059
302.101
302.142
302.184
302.225
302.266
302.307
302.347
302.387
302.427
302.466
302.504
302.542
302.58
302.616
302.653
302.688
302.723
302.758
302.792
302.825
302.858
302.89
302.922
302.954
302.985
303.015
303.045
303.075
303.104
303.133
303.162
303.19
303.218
303.245
303.272
303.299
303.326
303.352
303.378
303.403
303.428
303.453
303.478
303.502
303.526
303.55
303.574
303.597
303.62
303.643
303.666
303.688
303.71
303.732
303.753
303.774
303.795
303.816
303.836
303.857
303.877
303.896
303.916
303.935
303.954
303.973
303.991
304.009
304.027
304.045
304.063
304.08
304.097
304.114
304.13
304.147
304.163
304.179
304.194
304.21
304.225
304.24
304.254
304.269
304.283
304.297
304.31
304.324
304.337
304.349
304.362
304.374
304.386
304.398
304.409
304.421
304.431
304.442
304.452
304.462
304.472
304.481
304.49
304.499
304.507
304.515
304.523
304.53
304.537
304.544
304.55
304.556
304.562
304.567
304.572
304.577
304.581
304.585
304.589
304.592
304.595
304.597
304.599
304.6
304.601
304.601
304.601
304.6
304.598
304.596
304.593
304.589
304.585
304.579
304.573
304.565
304.557
304.547
304.536
304.523
304.509
304.493
304.476
304.456
304.434
304.409
304.381
304.35
304.316
304.277
304.233
304.183
304.127
304.063
303.988
303.902
303.801
303.682
303.543
303.382
301.991
302.029
302.068
302.107
302.146
302.184
302.223
302.261
302.299
302.337
302.375
302.412
302.449
302.485
302.521
302.556
302.591
302.625
302.659
302.693
302.726
302.758
302.79
302.822
302.853
302.884
302.915
302.945
302.975
303.004
303.033
303.061
303.09
303.117
303.145
303.172
303.199
303.226
303.252
303.278
303.303
303.329
303.354
303.379
303.403
303.427
303.451
303.475
303.499
303.522
303.545
303.567
303.59
303.612
303.634
303.655
303.677
303.698
303.719
303.739
303.76
303.78
303.8
303.819
303.839
303.858
303.877
303.895
303.914
303.932
303.95
303.967
303.985
304.002
304.019
304.036
304.052
304.068
304.084
304.1
304.116
304.131
304.146
304.161
304.175
304.19
304.204
304.217
304.231
304.244
304.257
304.27
304.282
304.294
304.306
304.318
304.329
304.34
304.351
304.361
304.371
304.381
304.39
304.399
304.408
304.416
304.425
304.432
304.44
304.447
304.454
304.46
304.466
304.472
304.478
304.483
304.488
304.492
304.496
304.5
304.503
304.506
304.508
304.51
304.511
304.512
304.512
304.512
304.511
304.51
304.508
304.505
304.501
304.497
304.491
304.485
304.477
304.469
304.459
304.448
304.436
304.422
304.406
304.389
304.369
304.347
304.322
304.295
304.264
304.229
304.19
304.146
304.097
304.041
303.977
303.903
303.817
303.718
303.603
303.469
303.317
301.921
301.957
301.993
302.03
302.066
302.103
302.139
302.176
302.212
302.248
302.284
302.319
302.355
302.39
302.424
302.459
302.493
302.526
302.559
302.592
302.625
302.657
302.688
302.72
302.751
302.781
302.812
302.841
302.871
302.9
302.929
302.957
302.986
303.013
303.041
303.068
303.095
303.122
303.148
303.174
303.2
303.225
303.25
303.275
303.3
303.324
303.348
303.372
303.396
303.419
303.442
303.465
303.487
303.51
303.532
303.553
303.575
303.596
303.617
303.638
303.658
303.678
303.698
303.718
303.738
303.757
303.776
303.794
303.813
303.831
303.849
303.867
303.885
303.902
303.919
303.936
303.952
303.969
303.985
304.001
304.017
304.032
304.047
304.062
304.077
304.091
304.106
304.119
304.133
304.146
304.16
304.172
304.185
304.197
304.209
304.221
304.232
304.243
304.254
304.265
304.275
304.285
304.294
304.303
304.312
304.321
304.329
304.337
304.345
304.352
304.359
304.365
304.372
304.377
304.383
304.388
304.393
304.398
304.402
304.405
304.409
304.411
304.414
304.416
304.417
304.418
304.418
304.418
304.418
304.416
304.414
304.411
304.408
304.403
304.398
304.392
304.384
304.376
304.366
304.356
304.343
304.329
304.314
304.296
304.277
304.255
304.231
304.203
304.172
304.138
304.099
304.055
304.006
303.95
303.887
303.814
303.73
303.633
303.521
303.393
303.25
301.851
301.884
301.918
301.952
301.987
302.021
302.055
302.09
302.124
302.158
302.192
302.226
302.26
302.294
302.327
302.36
302.393
302.426
302.458
302.49
302.522
302.553
302.585
302.615
302.646
302.676
302.706
302.735
302.765
302.794
302.822
302.85
302.878
302.906
302.934
302.961
302.988
303.014
303.04
303.066
303.092
303.118
303.143
303.168
303.192
303.217
303.241
303.265
303.288
303.312
303.335
303.358
303.38
303.403
303.425
303.446
303.468
303.489
303.51
303.531
303.552
303.572
303.592
303.612
303.632
303.651
303.67
303.689
303.707
303.726
303.744
303.762
303.779
303.797
303.814
303.831
303.848
303.864
303.881
303.897
303.912
303.928
303.943
303.958
303.973
303.988
304.002
304.016
304.03
304.043
304.057
304.07
304.082
304.095
304.107
304.119
304.13
304.142
304.152
304.163
304.173
304.183
304.193
304.202
304.211
304.22
304.228
304.236
304.244
304.251
304.258
304.265
304.271
304.277
304.283
304.288
304.293
304.298
304.302
304.306
304.309
304.312
304.314
304.316
304.318
304.319
304.319
304.319
304.319
304.317
304.315
304.312
304.309
304.305
304.3
304.293
304.286
304.278
304.269
304.258
304.246
304.232
304.216
304.199
304.18
304.158
304.134
304.107
304.076
304.042
304.003
303.96
303.911
303.856
303.793
303.721
303.639
303.545
303.437
303.316
303.18
301.779
301.811
301.843
301.874
301.907
301.939
301.971
302.004
302.036
302.068
302.101
302.133
302.166
302.198
302.23
302.262
302.293
302.325
302.356
302.387
302.418
302.449
302.479
302.509
302.539
302.569
302.598
302.627
302.656
302.684
302.713
302.741
302.768
302.796
302.823
302.85
302.877
302.903
302.929
302.955
302.981
303.006
303.031
303.056
303.081
303.105
303.129
303.153
303.177
303.2
303.223
303.246
303.269
303.291
303.313
303.335
303.357
303.378
303.399
303.42
303.441
303.461
303.481
303.501
303.521
303.54
303.559
303.578
303.597
303.615
303.633
303.651
303.669
303.687
303.704
303.721
303.738
303.754
303.771
303.787
303.803
303.819
303.834
303.849
303.864
303.879
303.893
303.908
303.921
303.935
303.949
303.962
303.974
303.987
303.999
304.011
304.023
304.034
304.045
304.056
304.066
304.076
304.086
304.096
304.105
304.114
304.122
304.13
304.138
304.145
304.153
304.159
304.166
304.172
304.178
304.183
304.188
304.192
304.197
304.2
304.204
304.207
304.209
304.211
304.213
304.214
304.215
304.215
304.214
304.213
304.211
304.208
304.205
304.201
304.196
304.19
304.183
304.174
304.165
304.155
304.143
304.129
304.114
304.097
304.078
304.056
304.032
304.005
303.975
303.941
303.903
303.86
303.812
303.757
303.695
303.625
303.545
303.454
303.351
303.235
303.108
301.707
301.737
301.766
301.796
301.826
301.857
301.887
301.917
301.948
301.979
302.009
302.04
302.071
302.101
302.132
302.162
302.193
302.223
302.253
302.283
302.313
302.343
302.372
302.402
302.431
302.46
302.488
302.517
302.545
302.573
302.601
302.628
302.656
302.683
302.71
302.736
302.763
302.789
302.815
302.841
302.866
302.891
302.916
302.941
302.966
302.99
303.014
303.038
303.061
303.084
303.107
303.13
303.153
303.175
303.197
303.219
303.241
303.262
303.283
303.304
303.325
303.345
303.365
303.385
303.405
303.424
303.443
303.462
303.481
303.5
303.518
303.536
303.554
303.571
303.589
303.606
303.623
303.639
303.656
303.672
303.688
303.704
303.719
303.735
303.75
303.765
303.779
303.793
303.807
303.821
303.835
303.848
303.861
303.874
303.886
303.898
303.91
303.921
303.932
303.943
303.954
303.964
303.974
303.983
303.993
304.002
304.01
304.018
304.026
304.034
304.041
304.048
304.054
304.061
304.066
304.072
304.077
304.081
304.086
304.09
304.093
304.096
304.099
304.101
304.103
304.104
304.104
304.104
304.104
304.103
304.101
304.098
304.095
304.091
304.086
304.08
304.073
304.065
304.056
304.046
304.034
304.021
304.006
303.989
303.97
303.949
303.925
303.898
303.868
303.835
303.797
303.755
303.708
303.654
303.594
303.525
303.447
303.36
303.262
303.152
303.032
301.635
301.662
301.69
301.718
301.746
301.774
301.802
301.831
301.86
301.889
301.918
301.947
301.976
302.005
302.034
302.063
302.092
302.121
302.15
302.179
302.207
302.236
302.264
302.293
302.321
302.349
302.377
302.405
302.432
302.46
302.487
302.514
302.541
302.567
302.594
302.62
302.646
302.672
302.698
302.723
302.748
302.773
302.798
302.822
302.847
302.871
302.894
302.918
302.941
302.965
302.988
303.01
303.033
303.055
303.077
303.099
303.12
303.142
303.163
303.183
303.204
303.224
303.245
303.264
303.284
303.303
303.323
303.342
303.36
303.379
303.397
303.415
303.433
303.451
303.468
303.485
303.502
303.519
303.535
303.552
303.568
303.584
303.599
303.615
303.63
303.645
303.659
303.674
303.688
303.702
303.715
303.729
303.742
303.755
303.767
303.779
303.791
303.803
303.814
303.825
303.836
303.846
303.856
303.865
303.875
303.884
303.892
303.901
303.909
303.916
303.924
303.931
303.937
303.943
303.949
303.955
303.96
303.965
303.969
303.973
303.977
303.98
303.982
303.985
303.986
303.988
303.988
303.988
303.988
303.987
303.985
303.983
303.98
303.976
303.971
303.965
303.958
303.951
303.942
303.931
303.92
303.907
303.892
303.875
303.857
303.836
303.812
303.786
303.757
303.724
303.687
303.646
303.599
303.547
303.488
303.421
303.347
303.263
303.169
303.066
302.954
301.561
301.587
301.612
301.638
301.665
301.691
301.718
301.745
301.771
301.799
301.826
301.853
301.881
301.908
301.936
301.963
301.991
302.018
302.046
302.074
302.101
302.129
302.156
302.183
302.21
302.238
302.265
302.291
302.318
302.345
302.371
302.398
302.424
302.45
302.476
302.501
302.527
302.552
302.577
302.602
302.627
302.652
302.676
302.7
302.724
302.748
302.772
302.795
302.818
302.841
302.864
302.886
302.909
302.931
302.953
302.974
302.996
303.017
303.038
303.058
303.079
303.099
303.119
303.139
303.159
303.178
303.197
303.216
303.235
303.253
303.271
303.29
303.307
303.325
303.342
303.36
303.377
303.393
303.41
303.426
303.442
303.458
303.474
303.489
303.505
303.519
303.534
303.549
303.563
303.577
303.591
303.604
303.617
303.63
303.643
303.655
303.667
303.678
303.69
303.701
303.712
303.722
303.732
303.742
303.751
303.76
303.769
303.777
303.785
303.793
303.801
303.808
303.814
303.821
303.826
303.832
303.837
303.842
303.847
303.851
303.854
303.857
303.86
303.862
303.864
303.865
303.866
303.866
303.866
303.865
303.864
303.861
303.858
303.854
303.85
303.844
303.838
303.83
303.821
303.811
303.8
303.787
303.773
303.756
303.738
303.718
303.695
303.669
303.64
303.608
303.572
303.531
303.486
303.435
303.378
303.314
303.242
303.162
303.074
302.977
302.871
301.487
301.511
301.535
301.559
301.583
301.608
301.633
301.658
301.683
301.709
301.734
301.76
301.786
301.811
301.837
301.863
301.89
301.916
301.942
301.968
301.994
302.021
302.047
302.073
302.099
302.125
302.151
302.177
302.203
302.229
302.254
302.28
302.305
302.33
302.356
302.381
302.405
302.43
302.455
302.479
302.504
302.528
302.552
302.575
302.599
302.622
302.646
302.669
302.691
302.714
302.736
302.759
302.781
302.803
302.824
302.846
302.867
302.888
302.909
302.929
302.949
302.97
302.989
303.009
303.029
303.048
303.067
303.086
303.104
303.123
303.141
303.159
303.177
303.194
303.212
303.229
303.246
303.262
303.279
303.295
303.311
303.327
303.343
303.358
303.374
303.389
303.403
303.418
303.432
303.446
303.46
303.474
303.487
303.5
303.512
303.525
303.537
303.548
303.56
303.571
303.582
303.592
303.602
303.612
303.622
303.631
303.64
303.648
303.656
303.664
303.671
303.679
303.685
303.692
303.698
303.703
303.709
303.713
303.718
303.722
303.726
303.729
303.732
303.734
303.736
303.737
303.738
303.739
303.738
303.737
303.736
303.734
303.731
303.727
303.723
303.717
303.711
303.704
303.695
303.685
303.674
303.662
303.648
303.632
303.614
303.594
303.571
303.546
303.518
303.486
303.451
303.412
303.368
303.319
303.263
303.202
303.134
303.058
302.974
302.883
302.785
301.413
301.435
301.457
301.479
301.502
301.525
301.548
301.571
301.595
301.618
301.642
301.666
301.691
301.715
301.739
301.764
301.788
301.813
301.838
301.863
301.888
301.912
301.937
301.962
301.987
302.012
302.037
302.062
302.087
302.111
302.136
302.161
302.185
302.21
302.234
302.258
302.282
302.306
302.33
302.354
302.378
302.401
302.425
302.448
302.471
302.494
302.517
302.539
302.562
302.584
302.606
302.628
302.649
302.671
302.692
302.713
302.734
302.755
302.775
302.796
302.816
302.836
302.855
302.875
302.894
302.913
302.932
302.951
302.969
302.988
303.006
303.023
303.041
303.059
303.076
303.093
303.11
303.127
303.143
303.159
303.175
303.191
303.207
303.222
303.238
303.253
303.267
303.282
303.296
303.31
303.324
303.338
303.351
303.364
303.376
303.389
303.401
303.413
303.424
303.435
303.446
303.457
303.467
303.477
303.486
303.495
303.504
303.513
303.521
303.529
303.536
303.544
303.55
303.557
303.563
303.569
303.574
303.579
303.583
303.588
303.591
303.595
303.598
303.6
303.602
303.603
303.604
303.605
303.605
303.604
303.602
303.6
303.598
303.594
303.59
303.585
303.578
303.571
303.563
303.554
303.543
303.531
303.517
303.501
303.484
303.464
303.442
303.418
303.39
303.36
303.326
303.288
303.245
303.198
303.145
303.086
303.021
302.95
302.871
302.786
302.694
301.337
301.358
301.378
301.399
301.42
301.441
301.463
301.485
301.506
301.528
301.551
301.573
301.596
301.618
301.641
301.664
301.687
301.711
301.734
301.757
301.781
301.804
301.828
301.851
301.875
301.899
301.922
301.946
301.97
301.993
302.017
302.041
302.064
302.088
302.111
302.135
302.158
302.181
302.204
302.227
302.25
302.273
302.296
302.318
302.341
302.363
302.385
302.407
302.429
302.451
302.472
302.494
302.515
302.536
302.557
302.578
302.598
302.619
302.639
302.659
302.678
302.698
302.717
302.737
302.756
302.775
302.793
302.812
302.83
302.848
302.866
302.884
302.901
302.918
302.935
302.952
302.969
302.986
303.002
303.018
303.034
303.05
303.066
303.081
303.096
303.111
303.126
303.141
303.155
303.169
303.183
303.196
303.209
303.222
303.235
303.247
303.259
303.271
303.283
303.294
303.305
303.315
303.326
303.336
303.345
303.354
303.363
303.372
303.38
303.388
303.396
303.403
303.41
303.416
303.422
303.428
303.433
303.438
303.443
303.447
303.451
303.454
303.457
303.46
303.462
303.463
303.464
303.465
303.465
303.464
303.463
303.461
303.458
303.455
303.451
303.446
303.44
303.433
303.425
303.416
303.405
303.394
303.38
303.365
303.348
303.329
303.308
303.284
303.258
303.228
303.195
303.159
303.118
303.072
303.022
302.967
302.905
302.838
302.764
302.685
302.6
301.262
301.281
301.3
301.319
301.338
301.358
301.378
301.398
301.418
301.439
301.459
301.48
301.501
301.522
301.544
301.565
301.587
301.608
301.63
301.652
301.674
301.696
301.719
301.741
301.763
301.786
301.808
301.83
301.853
301.875
301.898
301.92
301.943
301.965
301.988
302.01
302.032
302.055
302.077
302.099
302.121
302.143
302.165
302.187
302.209
302.23
302.252
302.273
302.294
302.315
302.336
302.357
302.378
302.398
302.419
302.439
302.459
302.479
302.499
302.518
302.538
302.557
302.576
302.595
302.614
302.632
302.65
302.669
302.686
302.704
302.722
302.739
302.757
302.774
302.791
302.807
302.824
302.84
302.857
302.873
302.889
302.904
302.92
302.935
302.95
302.965
302.98
302.994
303.008
303.022
303.036
303.049
303.063
303.076
303.088
303.101
303.113
303.124
303.136
303.147
303.158
303.169
303.179
303.189
303.198
303.208
303.217
303.225
303.234
303.241
303.249
303.256
303.263
303.27
303.276
303.282
303.287
303.292
303.297
303.301
303.305
303.308
303.311
303.314
303.316
303.318
303.319
303.319
303.319
303.319
303.318
303.316
303.313
303.31
303.306
303.302
303.296
303.289
303.281
303.273
303.262
303.251
303.238
303.223
303.207
303.189
303.168
303.145
303.12
303.092
303.06
303.025
302.986
302.943
302.895
302.843
302.785
302.722
302.653
302.58
302.501
301.186
301.204
301.221
301.239
301.257
301.275
301.293
301.312
301.331
301.349
301.369
301.388
301.407
301.427
301.447
301.467
301.487
301.507
301.527
301.548
301.568
301.589
301.61
301.631
301.652
301.673
301.694
301.715
301.736
301.757
301.779
301.8
301.821
301.843
301.864
301.885
301.906
301.928
301.949
301.97
301.991
302.012
302.033
302.054
302.075
302.096
302.117
302.137
302.158
302.178
302.199
302.219
302.239
302.259
302.278
302.298
302.318
302.337
302.356
302.375
302.394
302.413
302.431
302.45
302.468
302.486
302.504
302.522
302.54
302.557
302.574
302.592
302.608
302.625
302.642
302.659
302.675
302.691
302.707
302.723
302.739
302.754
302.769
302.784
302.799
302.814
302.829
302.843
302.857
302.871
302.885
302.898
302.911
302.924
302.936
302.949
302.961
302.973
302.984
302.995
303.006
303.017
303.027
303.037
303.046
303.056
303.065
303.073
303.081
303.089
303.097
303.104
303.111
303.118
303.124
303.13
303.135
303.14
303.145
303.149
303.153
303.156
303.16
303.162
303.164
303.166
303.167
303.168
303.168
303.168
303.167
303.165
303.163
303.16
303.156
303.151
303.146
303.14
303.132
303.124
303.114
303.103
303.091
303.077
303.061
303.043
303.024
303.002
302.977
302.95
302.92
302.887
302.85
302.809
302.764
302.715
302.661
302.602
302.538
302.47
302.397
301.111
301.127
301.143
301.159
301.175
301.192
301.209
301.226
301.243
301.261
301.278
301.296
301.314
301.332
301.35
301.369
301.387
301.406
301.425
301.444
301.463
301.482
301.502
301.521
301.541
301.56
301.58
301.6
301.62
301.64
301.66
301.68
301.7
301.72
301.74
301.76
301.781
301.801
301.821
301.841
301.861
301.881
301.901
301.921
301.941
301.961
301.981
302.001
302.02
302.04
302.059
302.079
302.098
302.117
302.136
302.155
302.174
302.193
302.211
302.23
302.248
302.266
302.284
302.302
302.32
302.338
302.355
302.372
302.39
302.407
302.424
302.44
302.457
302.473
302.49
302.506
302.522
302.538
302.554
302.569
302.585
302.6
302.615
302.63
302.645
302.659
302.673
302.688
302.701
302.715
302.729
302.742
302.755
302.768
302.78
302.792
302.804
302.816
302.827
302.838
302.849
302.86
302.87
302.88
302.889
302.898
302.907
302.916
302.924
302.932
302.94
302.947
302.954
302.96
302.967
302.972
302.978
302.983
302.988
302.992
302.996
302.999
303.002
303.005
303.007
303.009
303.01
303.011
303.012
303.011
303.01
303.009
303.007
303.004
303
302.996
302.991
302.985
302.978
302.97
302.96
302.95
302.938
302.925
302.91
302.893
302.874
302.853
302.83
302.804
302.776
302.744
302.709
302.671
302.629
302.583
302.533
302.478
302.419
302.356
302.289
301.036
301.05
301.065
301.08
301.095
301.11
301.125
301.141
301.157
301.173
301.189
301.205
301.222
301.238
301.255
301.272
301.289
301.306
301.324
301.341
301.359
301.377
301.395
301.413
301.431
301.449
301.468
301.486
301.505
301.523
301.542
301.561
301.579
301.598
301.617
301.636
301.655
301.674
301.693
301.712
301.731
301.75
301.769
301.788
301.807
301.826
301.845
301.863
301.882
301.901
301.919
301.938
301.956
301.975
301.993
302.011
302.029
302.047
302.065
302.083
302.101
302.118
302.135
302.153
302.17
302.187
302.204
302.221
302.237
302.254
302.27
302.287
302.303
302.319
302.335
302.351
302.366
302.382
302.397
302.412
302.427
302.442
302.457
302.472
302.486
302.501
302.515
302.528
302.542
302.556
302.569
302.582
302.595
302.607
302.62
302.632
302.643
302.655
302.666
302.677
302.688
302.698
302.708
302.718
302.728
302.737
302.746
302.754
302.762
302.77
302.778
302.785
302.792
302.798
302.804
302.81
302.816
302.821
302.826
302.83
302.834
302.837
302.841
302.843
302.846
302.847
302.849
302.85
302.85
302.85
302.849
302.848
302.846
302.843
302.84
302.836
302.831
302.825
302.819
302.811
302.802
302.792
302.781
302.768
302.754
302.738
302.72
302.7
302.678
302.654
302.627
302.598
302.565
302.529
302.49
302.447
302.401
302.351
302.297
302.239
302.177
300.961
300.974
300.987
301.001
301.014
301.028
301.042
301.057
301.071
301.085
301.1
301.115
301.13
301.145
301.161
301.176
301.192
301.208
301.224
301.24
301.256
301.273
301.289
301.306
301.323
301.339
301.356
301.374
301.391
301.408
301.425
301.443
301.46
301.478
301.495
301.513
301.531
301.548
301.566
301.584
301.602
301.62
301.637
301.655
301.673
301.691
301.709
301.726
301.744
301.762
301.779
301.797
301.815
301.832
301.849
301.867
301.884
301.901
301.918
301.935
301.952
301.969
301.986
302.002
302.019
302.035
302.051
302.067
302.084
302.1
302.115
302.131
302.147
302.162
302.178
302.193
302.208
302.223
302.238
302.253
302.268
302.282
302.297
302.311
302.325
302.339
302.353
302.366
302.38
302.393
302.406
302.419
302.431
302.444
302.456
302.468
302.479
302.49
302.502
302.512
302.523
302.533
302.543
302.553
302.562
302.571
302.58
302.588
302.596
302.604
302.612
302.619
302.626
302.632
302.638
302.644
302.649
302.654
302.659
302.664
302.667
302.671
302.674
302.677
302.679
302.681
302.683
302.684
302.684
302.684
302.684
302.682
302.681
302.678
302.675
302.671
302.667
302.662
302.655
302.648
302.64
302.63
302.62
302.607
302.594
302.579
302.562
302.544
302.523
302.5
302.475
302.448
302.417
302.384
302.348
302.308
302.266
302.22
302.17
302.117
302.061
300.886
300.898
300.91
300.923
300.935
300.948
300.96
300.973
300.986
301
301.013
301.027
301.04
301.054
301.068
301.082
301.097
301.111
301.126
301.14
301.155
301.17
301.185
301.201
301.216
301.232
301.247
301.263
301.279
301.294
301.31
301.327
301.343
301.359
301.375
301.392
301.408
301.424
301.441
301.457
301.474
301.491
301.507
301.524
301.541
301.557
301.574
301.591
301.607
301.624
301.64
301.657
301.673
301.69
301.706
301.723
301.739
301.755
301.771
301.787
301.804
301.82
301.835
301.851
301.867
301.883
301.898
301.914
301.929
301.944
301.96
301.975
301.99
302.005
302.02
302.034
302.049
302.064
302.078
302.092
302.107
302.121
302.135
302.148
302.162
302.176
302.189
302.202
302.215
302.228
302.241
302.253
302.265
302.277
302.289
302.301
302.312
302.323
302.334
302.345
302.355
302.365
302.375
302.384
302.393
302.402
302.411
302.419
302.427
302.435
302.442
302.449
302.456
302.462
302.468
302.474
302.48
302.485
302.489
302.494
302.498
302.501
302.504
302.507
302.51
302.512
302.513
302.514
302.515
302.515
302.514
302.513
302.512
302.51
302.507
302.503
302.499
302.494
302.488
302.481
302.474
302.465
302.455
302.444
302.431
302.417
302.401
302.384
302.365
302.344
302.32
302.295
302.267
302.236
302.203
302.167
302.128
302.086
302.041
301.992
301.941
300.813
300.824
300.835
300.846
300.857
300.869
300.88
300.892
300.904
300.916
300.928
300.94
300.952
300.965
300.978
300.99
301.003
301.016
301.03
301.043
301.057
301.07
301.084
301.098
301.112
301.126
301.14
301.154
301.169
301.183
301.198
301.213
301.228
301.242
301.257
301.272
301.288
301.303
301.318
301.333
301.348
301.364
301.379
301.395
301.41
301.426
301.441
301.457
301.472
301.487
301.503
301.518
301.534
301.549
301.565
301.58
301.595
301.611
301.626
301.641
301.656
301.671
301.686
301.701
301.716
301.731
301.746
301.76
301.775
301.79
301.804
301.818
301.833
301.847
301.861
301.875
301.889
301.903
301.917
301.931
301.945
301.958
301.972
301.985
301.998
302.011
302.024
302.037
302.049
302.062
302.074
302.086
302.098
302.11
302.121
302.132
302.143
302.154
302.165
302.175
302.185
302.195
302.204
302.214
302.223
302.231
302.24
302.248
302.256
302.263
302.271
302.277
302.284
302.29
302.296
302.302
302.307
302.312
302.317
302.321
302.325
302.329
302.332
302.335
302.337
302.339
302.341
302.342
302.343
302.343
302.343
302.342
302.34
302.339
302.336
302.333
302.329
302.324
302.319
302.312
302.305
302.297
302.288
302.277
302.266
302.252
302.238
302.222
302.204
302.185
302.163
302.14
302.114
302.086
302.056
302.023
301.987
301.949
301.908
301.865
301.819
300.742
300.751
300.761
300.771
300.781
300.791
300.802
300.812
300.823
300.833
300.844
300.855
300.866
300.878
300.889
300.901
300.912
300.924
300.936
300.948
300.96
300.973
300.985
300.998
301.01
301.023
301.036
301.049
301.062
301.075
301.088
301.102
301.115
301.129
301.143
301.156
301.17
301.184
301.198
301.212
301.226
301.24
301.254
301.268
301.282
301.297
301.311
301.325
301.34
301.354
301.368
301.382
301.397
301.411
301.425
301.44
301.454
301.468
301.482
301.497
301.511
301.525
301.539
301.553
301.567
301.581
301.595
301.609
301.622
301.636
301.65
301.664
301.677
301.691
301.704
301.718
301.731
301.744
301.757
301.771
301.784
301.797
301.809
301.822
301.835
301.847
301.86
301.872
301.884
301.896
301.908
301.919
301.931
301.942
301.953
301.964
301.974
301.985
301.995
302.005
302.015
302.024
302.033
302.042
302.051
302.06
302.068
302.076
302.083
302.091
302.098
302.104
302.111
302.117
302.123
302.128
302.134
302.139
302.143
302.147
302.151
302.155
302.158
302.161
302.163
302.165
302.167
302.168
302.169
302.169
302.169
302.169
302.168
302.166
302.164
302.161
302.157
302.153
302.148
302.142
302.135
302.128
302.119
302.11
302.099
302.087
302.073
302.059
302.042
302.025
302.005
301.984
301.96
301.935
301.907
301.878
301.846
301.811
301.774
301.735
301.694
300.672
300.681
300.69
300.698
300.707
300.716
300.726
300.735
300.744
300.754
300.764
300.773
300.783
300.793
300.804
300.814
300.824
300.835
300.846
300.857
300.867
300.878
300.89
300.901
300.912
300.924
300.935
300.947
300.959
300.971
300.983
300.995
301.007
301.019
301.031
301.044
301.056
301.069
301.082
301.094
301.107
301.12
301.133
301.146
301.159
301.172
301.185
301.198
301.211
301.224
301.237
301.25
301.263
301.277
301.29
301.303
301.316
301.329
301.342
301.356
301.369
301.382
301.395
301.408
301.421
301.434
301.447
301.46
301.473
301.486
301.499
301.511
301.524
301.537
301.55
301.562
301.575
301.587
301.6
301.612
301.625
301.637
301.649
301.661
301.673
301.685
301.697
301.708
301.72
301.731
301.743
301.754
301.765
301.775
301.786
301.796
301.806
301.816
301.826
301.836
301.845
301.854
301.863
301.872
301.88
301.888
301.896
301.904
301.911
301.918
301.925
301.932
301.938
301.944
301.95
301.955
301.96
301.965
301.97
301.974
301.978
301.981
301.984
301.987
301.99
301.992
301.993
301.995
301.996
301.996
301.996
301.996
301.995
301.993
301.991
301.989
301.985
301.981
301.977
301.972
301.966
301.959
301.951
301.942
301.932
301.921
301.909
301.896
301.881
301.865
301.847
301.828
301.806
301.784
301.759
301.732
301.703
301.673
301.64
301.605
301.568
300.605
300.613
300.62
300.628
300.636
300.644
300.652
300.661
300.669
300.678
300.686
300.695
300.704
300.713
300.722
300.731
300.74
300.75
300.759
300.769
300.778
300.788
300.798
300.808
300.818
300.829
300.839
300.849
300.86
300.87
300.881
300.892
300.903
300.914
300.925
300.936
300.947
300.959
300.97
300.982
300.993
301.005
301.016
301.028
301.04
301.051
301.063
301.075
301.087
301.099
301.111
301.123
301.135
301.147
301.159
301.171
301.183
301.195
301.207
301.219
301.231
301.243
301.255
301.267
301.279
301.292
301.304
301.316
301.328
301.339
301.351
301.363
301.375
301.387
301.399
301.411
301.423
301.434
301.446
301.458
301.469
301.481
301.492
301.504
301.515
301.526
301.537
301.548
301.559
301.57
301.581
301.591
301.601
301.612
301.622
301.632
301.641
301.651
301.66
301.669
301.678
301.687
301.695
301.704
301.712
301.72
301.727
301.734
301.742
301.748
301.755
301.761
301.767
301.773
301.779
301.784
301.789
301.794
301.798
301.802
301.806
301.809
301.812
301.815
301.818
301.82
301.821
301.823
301.824
301.824
301.824
301.824
301.823
301.822
301.82
301.818
301.815
301.812
301.808
301.803
301.797
301.791
301.784
301.776
301.767
301.757
301.746
301.734
301.721
301.706
301.69
301.673
301.654
301.634
301.612
301.588
301.562
301.535
301.506
301.475
301.442
300.541
300.548
300.555
300.562
300.569
300.576
300.583
300.59
300.597
300.605
300.613
300.62
300.628
300.636
300.644
300.652
300.66
300.668
300.677
300.685
300.694
300.703
300.711
300.72
300.729
300.738
300.748
300.757
300.766
300.776
300.785
300.795
300.804
300.814
300.824
300.834
300.844
300.854
300.864
300.875
300.885
300.895
300.906
300.916
300.927
300.937
300.948
300.959
300.969
300.98
300.991
301.002
301.012
301.023
301.034
301.045
301.056
301.067
301.078
301.089
301.1
301.111
301.122
301.133
301.144
301.155
301.166
301.177
301.188
301.199
301.21
301.221
301.232
301.243
301.254
301.265
301.276
301.287
301.298
301.309
301.32
301.33
301.341
301.352
301.362
301.373
301.383
301.394
301.404
301.414
301.424
301.434
301.443
301.453
301.463
301.472
301.481
301.49
301.499
301.507
301.516
301.524
301.532
301.54
301.548
301.555
301.562
301.569
301.576
301.583
301.589
301.595
301.601
301.606
301.612
301.617
301.622
301.626
301.63
301.634
301.638
301.641
301.644
301.647
301.649
301.652
301.653
301.655
301.656
301.656
301.657
301.657
301.656
301.655
301.654
301.652
301.649
301.646
301.642
301.638
301.633
301.628
301.621
301.614
301.606
301.597
301.587
301.577
301.565
301.552
301.537
301.522
301.505
301.487
301.467
301.446
301.424
301.4
301.374
301.347
301.318
300.481
300.487
300.493
300.499
300.505
300.511
300.518
300.524
300.53
300.537
300.544
300.55
300.557
300.564
300.571
300.578
300.585
300.593
300.6
300.607
300.615
300.623
300.63
300.638
300.646
300.654
300.662
300.67
300.679
300.687
300.695
300.704
300.712
300.721
300.73
300.739
300.747
300.756
300.765
300.774
300.784
300.793
300.802
300.811
300.821
300.83
300.84
300.849
300.859
300.869
300.878
300.888
300.898
300.908
300.917
300.927
300.937
300.947
300.957
300.967
300.977
300.987
300.997
301.007
301.017
301.027
301.037
301.047
301.057
301.067
301.077
301.087
301.097
301.108
301.118
301.128
301.138
301.148
301.158
301.168
301.178
301.188
301.198
301.208
301.217
301.227
301.237
301.246
301.256
301.265
301.274
301.284
301.293
301.302
301.311
301.319
301.328
301.336
301.345
301.353
301.361
301.368
301.376
301.383
301.391
301.398
301.404
301.411
301.418
301.424
301.43
301.435
301.441
301.446
301.451
301.456
301.461
301.465
301.469
301.473
301.476
301.48
301.483
301.485
301.488
301.49
301.492
301.493
301.494
301.495
301.495
301.495
301.495
301.494
301.493
301.491
301.489
301.486
301.483
301.479
301.475
301.47
301.464
301.458
301.451
301.443
301.434
301.425
301.414
301.403
301.39
301.377
301.362
301.346
301.329
301.31
301.29
301.269
301.247
301.223
301.197
300.426
300.431
300.436
300.441
300.447
300.452
300.457
300.463
300.469
300.474
300.48
300.486
300.492
300.498
300.504
300.51
300.517
300.523
300.529
300.536
300.543
300.549
300.556
300.563
300.57
300.577
300.584
300.591
300.598
300.606
300.613
300.62
300.628
300.636
300.643
300.651
300.659
300.667
300.675
300.683
300.691
300.699
300.707
300.715
300.724
300.732
300.741
300.749
300.758
300.766
300.775
300.783
300.792
300.801
300.81
300.819
300.827
300.836
300.845
300.854
300.863
300.872
300.881
300.89
300.899
300.908
300.918
300.927
300.936
300.945
300.954
300.963
300.973
300.982
300.991
301
301.009
301.019
301.028
301.037
301.046
301.055
301.064
301.073
301.082
301.091
301.1
301.109
301.118
301.126
301.135
301.144
301.152
301.16
301.169
301.177
301.185
301.192
301.2
301.208
301.215
301.222
301.229
301.236
301.243
301.25
301.256
301.262
301.268
301.274
301.28
301.285
301.291
301.296
301.3
301.305
301.309
301.313
301.317
301.321
301.324
301.328
301.33
301.333
301.335
301.337
301.339
301.341
301.342
301.343
301.343
301.343
301.343
301.342
301.341
301.34
301.338
301.336
301.333
301.33
301.326
301.322
301.317
301.311
301.305
301.298
301.29
301.282
301.273
301.262
301.251
301.239
301.226
301.212
301.197
301.181
301.164
301.145
301.126
301.105
301.083
300.376
300.38
300.385
300.389
300.394
300.399
300.404
300.408
300.413
300.418
300.423
300.428
300.434
300.439
300.444
300.45
300.455
300.461
300.466
300.472
300.478
300.484
300.489
300.495
300.502
300.508
300.514
300.52
300.526
300.533
300.539
300.546
300.552
300.559
300.566
300.573
300.58
300.587
300.594
300.601
300.608
300.615
300.622
300.63
300.637
300.644
300.652
300.659
300.667
300.675
300.682
300.69
300.698
300.706
300.713
300.721
300.729
300.737
300.745
300.753
300.761
300.769
300.777
300.786
300.794
300.802
300.81
300.818
300.827
300.835
300.843
300.852
300.86
300.868
300.877
300.885
300.893
300.902
300.91
300.919
300.927
300.935
300.944
300.952
300.96
300.968
300.976
300.985
300.993
301.001
301.009
301.016
301.024
301.032
301.039
301.047
301.054
301.062
301.069
301.076
301.083
301.089
301.096
301.102
301.109
301.115
301.121
301.127
301.132
301.138
301.143
301.148
301.153
301.158
301.162
301.167
301.171
301.175
301.178
301.182
301.185
301.188
301.191
301.193
301.196
301.198
301.199
301.201
301.202
301.203
301.204
301.204
301.204
301.203
301.203
301.201
301.2
301.198
301.196
301.193
301.189
301.186
301.181
301.176
301.171
301.165
301.158
301.151
301.142
301.134
301.124
301.113
301.102
301.09
301.077
301.063
301.048
301.032
301.014
300.996
300.977
300.333
300.337
300.341
300.345
300.349
300.353
300.357
300.361
300.366
300.37
300.374
300.379
300.383
300.388
300.393
300.397
300.402
300.407
300.412
300.417
300.422
300.427
300.432
300.437
300.443
300.448
300.454
300.459
300.465
300.47
300.476
300.482
300.488
300.493
300.499
300.505
300.511
300.518
300.524
300.53
300.536
300.543
300.549
300.556
300.562
300.569
300.575
300.582
300.589
300.596
300.602
300.609
300.616
300.623
300.63
300.637
300.644
300.652
300.659
300.666
300.673
300.681
300.688
300.695
300.703
300.71
300.717
300.725
300.732
300.74
300.748
300.755
300.763
300.77
300.778
300.785
300.793
300.801
300.808
300.816
300.824
300.831
300.839
300.846
300.854
300.861
300.869
300.876
300.884
300.891
300.898
300.905
300.913
300.92
300.927
300.934
300.94
300.947
300.954
300.96
300.966
300.973
300.979
300.985
300.991
300.996
301.002
301.008
301.013
301.018
301.023
301.028
301.032
301.037
301.041
301.045
301.049
301.053
301.056
301.06
301.063
301.066
301.068
301.071
301.073
301.075
301.077
301.078
301.079
301.08
301.081
301.081
301.081
301.081
301.08
301.079
301.078
301.076
301.074
301.072
301.069
301.066
301.062
301.058
301.053
301.048
301.042
301.035
301.028
301.02
301.012
301.002
300.993
300.982
300.97
300.958
300.945
300.931
300.916
300.9
300.884
300.298
300.301
300.305
300.308
300.312
300.316
300.319
300.323
300.327
300.331
300.335
300.338
300.342
300.347
300.351
300.355
300.359
300.363
300.368
300.372
300.377
300.381
300.386
300.39
300.395
300.4
300.405
300.41
300.415
300.42
300.425
300.43
300.435
300.44
300.445
300.451
300.456
300.462
300.467
300.473
300.478
300.484
300.49
300.496
300.502
300.508
300.513
300.519
300.526
300.532
300.538
300.544
300.55
300.557
300.563
300.569
300.576
300.582
300.589
300.595
300.602
300.609
300.615
300.622
300.629
300.635
300.642
300.649
300.656
300.663
300.67
300.677
300.683
300.69
300.697
300.704
300.711
300.718
300.725
300.732
300.739
300.746
300.753
300.76
300.767
300.774
300.781
300.788
300.794
300.801
300.808
300.815
300.821
300.828
300.834
300.841
300.847
300.853
300.859
300.865
300.871
300.877
300.883
300.888
300.894
300.899
300.904
300.909
300.914
300.919
300.924
300.928
300.933
300.937
300.941
300.945
300.949
300.952
300.955
300.959
300.962
300.964
300.967
300.969
300.971
300.973
300.975
300.976
300.978
300.979
300.979
300.98
300.98
300.98
300.979
300.979
300.978
300.976
300.974
300.972
300.97
300.967
300.963
300.96
300.955
300.951
300.945
300.94
300.933
300.926
300.919
300.911
300.902
300.892
300.882
300.871
300.86
300.848
300.834
300.821
300.806
300.273
300.276
300.279
300.282
300.285
300.288
300.292
300.295
300.299
300.302
300.306
300.309
300.313
300.317
300.32
300.324
300.328
300.332
300.336
300.34
300.344
300.348
300.352
300.356
300.361
300.365
300.369
300.374
300.378
300.383
300.387
300.392
300.397
300.402
300.406
300.411
300.416
300.421
300.426
300.431
300.437
300.442
300.447
300.452
300.458
300.463
300.469
300.474
300.48
300.485
300.491
300.497
300.502
300.508
300.514
300.52
300.526
300.532
300.538
300.544
300.55
300.556
300.562
300.569
300.575
300.581
300.588
300.594
300.6
300.607
300.613
300.619
300.626
300.632
300.639
300.645
300.652
300.658
300.665
300.671
300.678
300.684
300.691
300.697
300.704
300.71
300.717
300.723
300.729
300.736
300.742
300.748
300.754
300.761
300.767
300.773
300.779
300.784
300.79
300.796
300.801
300.807
300.812
300.818
300.823
300.828
300.833
300.838
300.842
300.847
300.851
300.856
300.86
300.864
300.868
300.871
300.875
300.878
300.881
300.884
300.887
300.89
300.892
300.895
300.897
300.899
300.9
300.902
300.903
300.904
300.905
300.905
300.905
300.905
300.905
300.904
300.904
300.902
300.901
300.899
300.897
300.894
300.891
300.888
300.884
300.879
300.875
300.869
300.864
300.857
300.851
300.843
300.835
300.827
300.818
300.808
300.797
300.786
300.774
300.762
300.748
300.259
300.262
300.265
300.268
300.271
300.274
300.277
300.28
300.283
300.287
300.29
300.293
300.297
300.3
300.304
300.307
300.311
300.315
300.318
300.322
300.326
300.33
300.334
300.338
300.342
300.346
300.35
300.354
300.359
300.363
300.367
300.372
300.376
300.381
300.385
300.39
300.394
300.399
300.404
300.409
300.414
300.419
300.424
300.429
300.434
300.439
300.444
300.449
300.455
300.46
300.465
300.471
300.476
300.482
300.487
300.493
300.499
300.505
300.51
300.516
300.522
300.528
300.534
300.54
300.546
300.552
300.558
300.564
300.57
300.576
300.582
300.588
300.594
300.601
300.607
300.613
300.619
300.626
300.632
300.638
300.644
300.651
300.657
300.663
300.669
300.675
300.682
300.688
300.694
300.7
300.706
300.712
300.718
300.724
300.73
300.735
300.741
300.747
300.752
300.758
300.763
300.768
300.773
300.779
300.784
300.788
300.793
300.798
300.802
300.807
300.811
300.815
300.819
300.823
300.827
300.831
300.834
300.837
300.841
300.843
300.846
300.849
300.851
300.854
300.856
300.857
300.859
300.861
300.862
300.863
300.864
300.864
300.864
300.864
300.864
300.864
300.863
300.862
300.86
300.858
300.856
300.854
300.851
300.848
300.844
300.84
300.836
300.831
300.825
300.819
300.813
300.806
300.798
300.79
300.782
300.773
300.763
300.752
300.741
300.729
300.717
303.241
302.589
302.129
301.769
301.474
301.229
301.023
300.849
300.702
300.577
300.472
300.383
300.309
300.248
300.197
300.155
300.121
300.094
300.072
300.055
300.041
300.031
300.023
300.017
300.012
300.008
300.006
300.004
300.003
300.002
300.001
300.001
300
300
300
300
300
300
300
300
300
300
300
300
300
300
300
300
300
300
300
303.238
302.589
302.129
301.769
301.474
301.229
301.023
300.849
300.702
300.577
300.472
300.383
300.309
300.248
300.197
300.155
300.121
300.094
300.072
300.055
300.041
300.031
300.023
300.017
300.012
300.008
300.006
300.004
300.003
300.002
300.001
300.001
300
300
300
300
300
300
300
300
300
300
300
300
300
300
300
300
300
300
300
303.232
302.588
302.129
301.768
301.474
301.229
301.023
300.849
300.702
300.577
300.472
300.383
300.309
300.248
300.197
300.155
300.121
300.094
300.072
300.055
300.041
300.031
300.023
300.017
300.012
300.008
300.006
300.004
300.003
300.002
300.001
300.001
300
300
300
300
300
300
300
300
300
300
300
300
300
300
300
300
300
300
300
303.224
302.586
302.128
301.768
301.474
301.229
301.023
300.849
300.702
300.577
300.472
300.384
300.31
300.248
300.197
300.155
300.121
300.094
300.072
300.055
300.041
300.031
300.023
300.017
300.012
300.008
300.006
300.004
300.003
300.002
300.001
300.001
300
300
300
300
300
300
300
300
300
300
300
300
300
300
300
300
300
300
300
303.213
302.583
302.127
301.767
301.474
301.229
301.023
300.849
300.702
300.577
300.472
300.384
300.31
300.248
300.197
300.155
300.122
300.094
300.072
300.055
300.041
300.031
300.023
300.017
300.012
300.008
300.006
300.004
300.003
300.002
300.001
300.001
300
300
300
300
300
300
300
300
300
300
300
300
300
300
300
300
300
300
300
303.199
302.579
302.125
301.767
301.474
301.229
301.023
300.849
300.702
300.578
300.472
300.384
300.31
300.248
300.197
300.156
300.122
300.094
300.072
300.055
300.041
300.031
300.023
300.017
300.012
300.008
300.006
300.004
300.003
300.002
300.001
300.001
300
300
300
300
300
300
300
300
300
300
300
300
300
300
300
300
300
300
300
303.182
302.574
302.123
301.766
301.473
301.229
301.023
300.85
300.702
300.578
300.472
300.384
300.31
300.248
300.197
300.156
300.122
300.094
300.072
300.055
300.041
300.031
300.023
300.017
300.012
300.008
300.006
300.004
300.003
300.002
300.001
300.001
300
300
300
300
300
300
300
300
300
300
300
300
300
300
300
300
300
300
300
303.162
302.568
302.12
301.764
301.472
301.229
301.023
300.85
300.702
300.578
300.473
300.384
300.31
300.248
300.198
300.156
300.122
300.094
300.073
300.055
300.042
300.031
300.023
300.017
300.012
300.009
300.006
300.004
300.003
300.002
300.001
300.001
300
300
300
300
300
300
300
300
300
300
300
300
300
300
300
300
300
300
300
303.138
302.56
302.117
301.763
301.472
301.228
301.023
300.85
300.703
300.578
300.473
300.384
300.31
300.249
300.198
300.156
300.122
300.095
300.073
300.055
300.042
300.031
300.023
300.017
300.012
300.009
300.006
300.004
300.003
300.002
300.001
300.001
300
300
300
300
300
300
300
300
300
300
300
300
300
300
300
300
300
300
300
303.111
302.55
302.112
301.761
301.471
301.228
301.023
300.85
300.703
300.578
300.473
300.385
300.311
300.249
300.198
300.156
300.122
300.095
300.073
300.055
300.042
300.031
300.023
300.017
300.012
300.009
300.006
300.004
300.003
300.002
300.001
300.001
300
300
300
300
300
300
300
300
300
300
300
300
300
300
300
300
300
300
300
303.081
302.538
302.107
301.758
301.469
301.227
301.023
300.85
300.703
300.578
300.473
300.385
300.311
300.249
300.198
300.156
300.122
300.095
300.073
300.055
300.042
300.031
300.023
300.017
300.012
300.009
300.006
300.004
300.003
300.002
300.001
300.001
300
300
300
300
300
300
300
300
300
300
300
300
300
300
300
300
300
300
300
303.048
302.524
302.1
301.754
301.467
301.226
301.022
300.849
300.703
300.578
300.473
300.385
300.311
300.249
300.198
300.156
300.122
300.095
300.073
300.056
300.042
300.031
300.023
300.017
300.012
300.009
300.006
300.004
300.003
300.002
300.001
300.001
300
300
300
300
300
300
300
300
300
300
300
300
300
300
300
300
300
300
300
303.011
302.507
302.092
301.75
301.464
301.224
301.021
300.849
300.703
300.578
300.473
300.385
300.311
300.249
300.199
300.157
300.123
300.095
300.073
300.056
300.042
300.031
300.023
300.017
300.012
300.009
300.006
300.004
300.003
300.002
300.001
300.001
300
300
300
300
300
300
300
300
300
300
300
300
300
300
300
300
300
300
300
302.97
302.487
302.081
301.744
301.461
301.222
301.02
300.848
300.702
300.578
300.473
300.385
300.311
300.25
300.199
300.157
300.123
300.095
300.073
300.056
300.042
300.031
300.023
300.017
300.012
300.009
300.006
300.004
300.003
300.002
300.001
300.001
300
300
300
300
300
300
300
300
300
300
300
300
300
300
300
300
300
300
300
302.925
302.464
302.069
301.737
301.457
301.22
301.018
300.847
300.701
300.578
300.473
300.385
300.311
300.25
300.199
300.157
300.123
300.095
300.073
300.056
300.042
300.031
300.023
300.017
300.012
300.009
300.006
300.004
300.003
300.002
300.001
300.001
300
300
300
300
300
300
300
300
300
300
300
300
300
300
300
300
300
300
300
302.877
302.438
302.054
301.728
301.451
301.216
301.016
300.846
300.7
300.577
300.473
300.385
300.311
300.25
300.199
300.157
300.123
300.095
300.073
300.056
300.042
300.031
300.023
300.017
300.012
300.009
300.006
300.004
300.003
300.002
300.001
300.001
300
300
300
300
300
300
300
300
300
300
300
300
300
300
300
300
300
300
300
302.824
302.407
302.036
301.717
301.444
301.211
301.013
300.843
300.699
300.576
300.472
300.384
300.311
300.25
300.199
300.157
300.123
300.095
300.073
300.056
300.042
300.032
300.023
300.017
300.012
300.009
300.006
300.004
300.003
300.002
300.001
300.001
300
300
300
300
300
300
300
300
300
300
300
300
300
300
300
300
300
300
300
302.767
302.373
302.015
301.703
301.435
301.205
301.009
300.841
300.697
300.575
300.471
300.384
300.31
300.249
300.199
300.157
300.123
300.095
300.073
300.056
300.042
300.032
300.023
300.017
300.012
300.009
300.006
300.004
300.003
300.002
300.001
300.001
300
300
300
300
300
300
300
300
300
300
300
300
300
300
300
300
300
300
300
302.706
302.333
301.99
301.687
301.424
301.198
301.004
300.837
300.694
300.573
300.47
300.383
300.31
300.249
300.198
300.157
300.123
300.095
300.073
300.056
300.042
300.032
300.023
300.017
300.012
300.009
300.006
300.004
300.003
300.002
300.001
300.001
300
300
300
300
300
300
300
300
300
300
300
300
300
300
300
300
300
300
300
302.64
302.289
301.961
301.668
301.411
301.189
300.997
300.832
300.691
300.57
300.468
300.381
300.309
300.248
300.198
300.156
300.123
300.095
300.073
300.056
300.042
300.032
300.023
300.017
300.012
300.009
300.006
300.004
300.003
300.002
300.001
300.001
300
300
300
300
300
300
300
300
300
300
300
300
300
300
300
300
300
300
300
302.569
302.241
301.928
301.645
301.395
301.178
300.989
300.826
300.687
300.567
300.466
300.38
300.307
300.247
300.197
300.156
300.122
300.095
300.073
300.056
300.042
300.031
300.023
300.017
300.012
300.009
300.006
300.004
300.003
300.002
300.001
300.001
300
300
300
300
300
300
300
300
300
300
300
300
300
300
300
300
300
300
300
302.494
302.186
301.89
301.618
301.376
301.164
300.979
300.819
300.681
300.563
300.463
300.377
300.306
300.246
300.196
300.155
300.122
300.095
300.073
300.056
300.042
300.031
300.023
300.017
300.012
300.009
300.006
300.004
300.003
300.002
300.001
300.001
300
300
300
300
300
300
300
300
300
300
300
300
300
300
300
300
300
300
300
302.413
302.127
301.847
301.588
301.354
301.148
300.967
300.81
300.674
300.558
300.459
300.374
300.303
300.244
300.195
300.154
300.121
300.094
300.072
300.055
300.042
300.031
300.023
300.017
300.012
300.009
300.006
300.004
300.003
300.002
300.001
300.001
300
300
300
300
300
300
300
300
300
300
300
300
300
300
300
300
300
300
300
302.328
302.062
301.799
301.553
301.328
301.129
300.953
300.799
300.666
300.552
300.454
300.371
300.301
300.242
300.193
300.153
300.12
300.093
300.072
300.055
300.042
300.031
300.023
300.017
300.012
300.009
300.006
300.004
300.003
300.002
300.001
300.001
300
300
300
300
300
300
300
300
300
300
300
300
300
300
300
300
300
300
300
302.238
301.992
301.746
301.513
301.299
301.106
300.936
300.786
300.656
300.544
300.448
300.366
300.297
300.239
300.191
300.152
300.119
300.093
300.071
300.055
300.041
300.031
300.023
300.017
300.012
300.009
300.006
300.004
300.003
300.002
300.001
300.001
300
300
300
300
300
300
300
300
300
300
300
300
300
300
300
300
300
300
300
302.143
301.916
301.687
301.468
301.265
301.08
300.916
300.771
300.645
300.535
300.441
300.361
300.293
300.236
300.189
300.15
300.118
300.092
300.071
300.054
300.041
300.031
300.023
300.017
300.012
300.009
300.006
300.004
300.003
300.002
300.001
300.001
300
300
300
300
300
300
300
300
300
300
300
300
300
300
300
300
300
300
300
302.043
301.835
301.623
301.418
301.226
301.051
300.893
300.754
300.631
300.525
300.433
300.355
300.288
300.233
300.186
300.148
300.116
300.09
300.07
300.053
300.04
300.03
300.022
300.016
300.012
300.008
300.006
300.004
300.003
300.002
300.001
300.001
300
300
300
300
300
300
300
300
300
300
300
300
300
300
300
300
300
300
300
301.939
301.749
301.554
301.363
301.183
301.017
300.867
300.733
300.616
300.513
300.424
300.347
300.283
300.228
300.183
300.145
300.114
300.089
300.069
300.052
300.04
300.03
300.022
300.016
300.012
300.008
300.006
300.004
300.003
300.002
300.001
300.001
300
300
300
300
300
300
300
300
300
300
300
300
300
300
300
300
300
300
300
301.83
301.658
301.48
301.304
301.136
300.98
300.838
300.71
300.598
300.499
300.413
300.339
300.276
300.223
300.179
300.142
300.112
300.087
300.067
300.052
300.039
300.029
300.022
300.016
300.011
300.008
300.006
300.004
300.003
300.002
300.001
300.001
300
300
300
300
300
300
300
300
300
300
300
300
300
300
300
300
300
300
300
301.718
301.562
301.401
301.239
301.084
300.939
300.805
300.685
300.577
300.483
300.4
300.329
300.269
300.217
300.174
300.138
300.109
300.085
300.066
300.05
300.038
300.029
300.021
300.016
300.011
300.008
300.006
300.004
300.003
300.002
300.001
300.001
300
300
300
300
300
300
300
300
300
300
300
300
300
300
300
300
300
300
300
301.604
301.464
301.318
301.171
301.029
300.894
300.769
300.656
300.555
300.465
300.386
300.318
300.26
300.211
300.169
300.134
300.106
300.083
300.064
300.049
300.037
300.028
300.021
300.015
300.011
300.008
300.005
300.004
300.003
300.002
300.001
300.001
300
300
300
300
300
300
300
300
300
300
300
300
300
300
300
300
300
300
300
301.488
301.363
301.231
301.099
300.969
300.846
300.73
300.625
300.53
300.445
300.371
300.306
300.25
300.203
300.163
300.13
300.103
300.08
300.062
300.048
300.036
300.027
300.02
300.015
300.011
300.008
300.005
300.004
300.002
300.002
300.001
300
300
300
300
300
300
300
300
300
300
300
300
300
300
300
300
300
300
300
300
301.371
301.26
301.143
301.024
300.907
300.795
300.689
300.591
300.503
300.424
300.354
300.293
300.24
300.195
300.157
300.125
300.099
300.077
300.06
300.046
300.035
300.026
300.02
300.014
300.01
300.007
300.005
300.004
300.002
300.001
300.001
300
300
300
300
300
300
300
300
300
300
300
300
300
300
300
300
300
300
300
300
301.255
301.158
301.054
300.948
300.844
300.742
300.646
300.556
300.475
300.401
300.336
300.278
300.229
300.186
300.15
300.12
300.095
300.074
300.058
300.044
300.034
300.025
300.019
300.014
300.01
300.007
300.005
300.003
300.002
300.001
300.001
300
300
300
300
300
300
300
300
300
300
300
300
300
300
299.999
299.999
299.999
299.999
299.999
299.999
301.143
301.057
300.966
300.873
300.779
300.688
300.601
300.52
300.445
300.377
300.317
300.263
300.217
300.177
300.143
300.114
300.091
300.071
300.055
300.042
300.032
300.024
300.018
300.013
300.01
300.007
300.005
300.003
300.002
300.001
300.001
300
300
300
300
300
300
300
300
300
300
300
299.999
299.999
299.999
299.999
299.999
299.999
299.999
299.999
299.999
301.035
300.961
300.881
300.799
300.716
300.635
300.557
300.484
300.416
300.354
300.298
300.248
300.205
300.167
300.136
300.109
300.086
300.068
300.053
300.041
300.031
300.023
300.017
300.013
300.009
300.007
300.005
300.003
300.002
300.001
300.001
300
300
300
300
300
300
300
300
300
300
299.999
299.999
299.999
299.999
299.999
299.999
299.999
299.999
299.999
299.999
300.936
300.871
300.802
300.73
300.657
300.585
300.515
300.449
300.387
300.33
300.279
300.233
300.193
300.158
300.128
300.103
300.082
300.064
300.05
300.039
300.029
300.022
300.017
300.012
300.009
300.006
300.004
300.003
300.002
300.001
300.001
300
300
300
300
300
300
300
300
300
299.999
299.999
299.999
299.999
299.999
299.999
299.999
299.999
299.999
299.999
299.999
300.847
300.791
300.73
300.667
300.603
300.539
300.476
300.417
300.361
300.309
300.262
300.219
300.182
300.149
300.122
300.098
300.078
300.061
300.048
300.037
300.028
300.021
300.016
300.012
300.008
300.006
300.004
300.003
300.002
300.001
300.001
300
300
300
300
300
300
300
300
299.999
299.999
299.999
299.999
299.999
299.999
299.999
299.999
299.999
299.999
299.999
299.999
300.774
300.724
300.671
300.614
300.557
300.5
300.443
300.389
300.338
300.29
300.247
300.207
300.172
300.142
300.116
300.093
300.074
300.059
300.046
300.035
300.027
300.02
300.015
300.011
300.008
300.006
300.004
300.003
300.002
300.001
300.001
300
300
300
300
300
300
300
300
299.999
299.999
299.999
299.999
299.999
299.999
299.999
299.999
299.999
299.999
299.999
299.999
300.72
300.675
300.626
300.575
300.523
300.47
300.418
300.368
300.321
300.276
300.235
300.198
300.165
300.136
300.111
300.09
300.072
300.057
300.044
300.034
300.026
300.02
300.015
300.011
300.008
300.006
300.004
300.003
300.002
300.001
300.001
300
300
300
300
300
300
300
300
299.999
299.999
299.999
299.999
299.999
299.999
299.999
299.999
299.999
299.999
299.999
299.999
300.69
300.647
300.602
300.553
300.504
300.454
300.404
300.357
300.311
300.268
300.229
300.193
300.161
300.133
300.109
300.088
300.07
300.055
300.043
300.033
300.026
300.019
300.014
300.011
300.008
300.005
300.004
300.003
300.002
300.001
300.001
300
300
300
300
300
300
300
299.999
299.999
299.999
299.999
299.999
299.999
299.999
299.999
299.999
299.999
299.999
299.999
299.999
)
;

boundaryField
{
    inlet
    {
        type            fixedValue;
        value           uniform 300;
    }
    outlet
    {
        type            zeroGradient;
    }
    top
    {
        type            zeroGradient;
    }
    slip-bottom
    {
        type            zeroGradient;
    }
    bottom
    {
        type            zeroGradient;
    }
    interface
    {
        type            fixedGradient;
        gradient        nonuniform List<scalar> 
161
(
67.339
67.339
45.7943
45.7943
45.7943
45.7943
34.0562
34.0562
34.0562
34.0562
29.3444
29.3444
29.3444
28.5471
28.5471
28.5471
28.5471
26.032
26.032
26.032
25.1881
25.1881
25.1881
24.6968
24.6968
24.6968
24.0705
24.0705
24.0705
23.5118
23.5118
23.5118
23.0006
23.0006
23.0006
22.5052
22.5052
22.5052
22.0405
22.0405
22.0405
21.1434
21.1434
21.7764
21.7764
21.7764
20.9093
20.9093
21.3015
21.3015
21.3015
20.4766
20.4766
20.4824
20.4824
20.4824
20.604
20.604
20.8623
20.8623
19.931
19.931
19.866
19.866
19.9179
19.9179
19.8334
19.8334
19.8334
19.7273
19.7273
19.6237
19.5163
19.5163
19.3868
19.3868
19.273
19.273
18.8469
18.8469
19.4091
19.4091
19.1938
19.1938
18.9524
18.5767
18.5767
19.0092
19.0092
18.8339
18.3956
18.3956
18.7856
18.4061
18.4061
18.6497
18.6497
18.2891
18.5141
18.5141
18.1999
18.4076
18.1197
18.1197
18.1437
18.3322
18.3322
18.0178
18.1555
17.9386
17.9386
17.9502
18.0023
18.0778
18.0778
17.8642
17.8822
17.924
17.9671
17.9671
17.8368
17.8497
17.8745
17.8754
17.8707
17.8561
17.8561
17.8613
17.8645
17.8628
17.8593
17.8542
17.8477
17.8402
17.8319
17.8233
17.8147
17.807
17.8008
17.7973
17.798
17.8045
17.8187
17.8422
17.8774
17.928
18.0001
18.108
18.2845
18.4332
18.0234
18.0807
18.6691
19.0768
19.6281
20.3022
23.0213
20.511
23.3855
26.2007
36.6812
)
;
    }
    defaultFaces
    {
        type            empty;
    }
}


// ************************************************************************* //
