/*--------------------------------*- C++ -*----------------------------------*\
| =========                 |                                                 |
| \\      /  F ield         | OpenFOAM: The Open Source CFD Toolbox           |
|  \\    /   O peration     | Version:  2106                                  |
|   \\  /    A nd           | Website:  www.openfoam.com                      |
|    \\/     M anipulation  |                                                 |
\*---------------------------------------------------------------------------*/
FoamFile
{
    version     2.0;
    format      ascii;
    arch        "LSB;label=32;scalar=64";
    class       volScalarField;
    location    "4.2";
    object      T;
}
// * * * * * * * * * * * * * * * * * * * * * * * * * * * * * * * * * * * * * //

dimensions      [0 0 0 1 0 0 0];

internalField   nonuniform List<scalar> 
12013
(
300.003
300.009
300.015
300.021
300.028
300.034
300.042
300.049
300.057
300.065
300.074
300.083
300.092
300.102
300.112
300.123
300.134
300.146
300.158
300.171
300.184
300.198
300.212
300.227
300.242
300.258
300.275
300.292
300.31
300.328
300.347
300.367
300.388
300.409
300.431
300.453
300.476
300.5
300.525
300.551
300.577
300.604
300.633
300.661
300.691
300.722
300.753
300.786
300.819
300.853
300.889
300.925
300.963
301.001
301.041
301.081
301.123
301.166
301.211
301.257
301.304
301.352
301.402
301.454
301.507
301.562
301.62
301.679
301.74
301.803
301.87
301.939
302.011
302.087
302.168
302.253
302.344
302.443
302.552
302.676
302.824
300.003
300.009
300.015
300.021
300.028
300.034
300.042
300.049
300.057
300.065
300.074
300.083
300.092
300.102
300.112
300.123
300.134
300.146
300.158
300.171
300.184
300.198
300.212
300.227
300.242
300.258
300.275
300.292
300.31
300.328
300.347
300.367
300.388
300.409
300.431
300.453
300.476
300.5
300.525
300.551
300.577
300.604
300.632
300.661
300.691
300.722
300.753
300.786
300.819
300.853
300.889
300.925
300.962
301.001
301.04
301.081
301.123
301.166
301.21
301.256
301.303
301.352
301.402
301.453
301.507
301.562
301.619
301.677
301.739
301.802
301.868
301.937
302.009
302.084
302.164
302.248
302.338
302.435
302.539
302.655
302.781
300.003
300.009
300.015
300.021
300.028
300.034
300.042
300.049
300.057
300.065
300.074
300.083
300.092
300.102
300.112
300.123
300.134
300.146
300.158
300.171
300.184
300.198
300.212
300.227
300.242
300.258
300.275
300.292
300.31
300.328
300.347
300.367
300.387
300.409
300.43
300.453
300.476
300.5
300.525
300.551
300.577
300.604
300.632
300.661
300.691
300.721
300.753
300.785
300.819
300.853
300.888
300.925
300.962
301
301.04
301.08
301.122
301.165
301.21
301.255
301.302
301.351
301.4
301.452
301.505
301.56
301.616
301.675
301.736
301.799
301.864
301.932
302.004
302.078
302.156
302.238
302.325
302.417
302.515
302.619
302.727
300.003
300.009
300.015
300.021
300.027
300.034
300.042
300.049
300.057
300.065
300.074
300.083
300.092
300.102
300.112
300.123
300.134
300.146
300.158
300.171
300.184
300.198
300.212
300.227
300.242
300.258
300.275
300.292
300.31
300.328
300.347
300.367
300.387
300.408
300.43
300.453
300.476
300.5
300.525
300.55
300.577
300.604
300.632
300.661
300.69
300.721
300.752
300.785
300.818
300.852
300.888
300.924
300.961
300.999
301.039
301.079
301.121
301.164
301.208
301.254
301.301
301.349
301.398
301.45
301.502
301.557
301.613
301.671
301.731
301.794
301.858
301.925
301.995
302.068
302.144
302.223
302.306
302.392
302.483
302.575
302.669
300.003
300.009
300.015
300.021
300.027
300.034
300.042
300.049
300.057
300.065
300.074
300.083
300.092
300.102
300.112
300.123
300.134
300.146
300.158
300.171
300.184
300.198
300.212
300.227
300.242
300.258
300.275
300.292
300.309
300.328
300.347
300.367
300.387
300.408
300.43
300.453
300.476
300.5
300.525
300.55
300.576
300.604
300.631
300.66
300.69
300.72
300.752
300.784
300.817
300.852
300.887
300.923
300.96
300.998
301.038
301.078
301.12
301.162
301.206
301.251
301.298
301.346
301.395
301.446
301.498
301.552
301.608
301.665
301.725
301.786
301.849
301.915
301.983
302.054
302.127
302.202
302.281
302.361
302.444
302.527
302.61
300.003
300.009
300.015
300.021
300.027
300.034
300.042
300.049
300.057
300.065
300.074
300.083
300.092
300.102
300.112
300.123
300.134
300.146
300.158
300.171
300.184
300.197
300.212
300.226
300.242
300.258
300.274
300.292
300.309
300.328
300.347
300.366
300.387
300.408
300.43
300.452
300.475
300.499
300.524
300.55
300.576
300.603
300.631
300.66
300.689
300.72
300.751
300.783
300.816
300.85
300.885
300.921
300.958
300.997
301.036
301.076
301.117
301.16
301.203
301.248
301.295
301.342
301.391
301.441
301.493
301.546
301.601
301.658
301.716
301.776
301.838
301.902
301.967
302.035
302.105
302.177
302.25
302.325
302.401
302.476
302.551
300.003
300.009
300.015
300.021
300.027
300.034
300.042
300.049
300.057
300.065
300.074
300.083
300.092
300.102
300.112
300.123
300.134
300.146
300.158
300.17
300.184
300.197
300.212
300.226
300.242
300.258
300.274
300.291
300.309
300.327
300.346
300.366
300.387
300.408
300.429
300.452
300.475
300.499
300.524
300.549
300.575
300.602
300.63
300.659
300.688
300.719
300.75
300.782
300.815
300.849
300.884
300.92
300.956
300.994
301.033
301.073
301.114
301.156
301.2
301.244
301.29
301.337
301.385
301.435
301.486
301.538
301.592
301.648
301.705
301.763
301.823
301.885
301.948
302.013
302.079
302.147
302.215
302.285
302.354
302.423
302.49
300.003
300.009
300.015
300.021
300.027
300.034
300.041
300.049
300.057
300.065
300.074
300.083
300.092
300.102
300.112
300.123
300.134
300.146
300.158
300.17
300.183
300.197
300.211
300.226
300.241
300.257
300.274
300.291
300.309
300.327
300.346
300.366
300.386
300.407
300.429
300.451
300.474
300.498
300.523
300.548
300.574
300.601
300.629
300.658
300.687
300.717
300.748
300.78
300.813
300.847
300.882
300.917
300.954
300.991
301.03
301.07
301.11
301.152
301.195
301.239
301.284
301.331
301.378
301.427
301.477
301.529
301.581
301.635
301.691
301.747
301.805
301.865
301.925
301.987
302.05
302.113
302.177
302.241
302.305
302.368
302.43
300.003
300.009
300.015
300.021
300.027
300.034
300.041
300.049
300.057
300.065
300.074
300.083
300.092
300.102
300.112
300.123
300.134
300.145
300.158
300.17
300.183
300.197
300.211
300.226
300.241
300.257
300.274
300.291
300.308
300.327
300.346
300.365
300.386
300.407
300.428
300.451
300.474
300.497
300.522
300.547
300.573
300.6
300.628
300.656
300.685
300.715
300.746
300.778
300.811
300.844
300.879
300.914
300.951
300.988
301.026
301.065
301.106
301.147
301.189
301.233
301.277
301.323
301.37
301.417
301.466
301.517
301.568
301.62
301.674
301.729
301.784
301.841
301.899
301.957
302.016
302.076
302.135
302.195
302.254
302.312
302.369
300.003
300.009
300.015
300.021
300.027
300.034
300.041
300.049
300.057
300.065
300.074
300.083
300.092
300.102
300.112
300.123
300.134
300.145
300.157
300.17
300.183
300.197
300.211
300.226
300.241
300.257
300.273
300.29
300.308
300.326
300.345
300.365
300.385
300.406
300.427
300.45
300.473
300.496
300.521
300.546
300.572
300.599
300.626
300.654
300.683
300.713
300.744
300.776
300.808
300.841
300.875
300.911
300.946
300.983
301.021
301.06
301.1
301.14
301.182
301.225
301.269
301.313
301.359
301.406
301.454
301.502
301.552
301.603
301.655
301.707
301.76
301.814
301.869
301.924
301.98
302.035
302.091
302.146
302.201
302.254
302.307
300.003
300.009
300.015
300.021
300.027
300.034
300.041
300.049
300.057
300.065
300.073
300.082
300.092
300.102
300.112
300.122
300.133
300.145
300.157
300.17
300.183
300.196
300.211
300.225
300.24
300.256
300.273
300.29
300.307
300.326
300.344
300.364
300.384
300.405
300.426
300.449
300.471
300.495
300.519
300.544
300.57
300.597
300.624
300.652
300.681
300.711
300.741
300.772
300.805
300.838
300.871
300.906
300.942
300.978
301.015
301.054
301.093
301.133
301.174
301.216
301.258
301.302
301.347
301.392
301.439
301.486
301.534
301.583
301.632
301.682
301.733
301.785
301.836
301.888
301.94
301.992
302.044
302.095
302.146
302.196
302.245
300.003
300.009
300.015
300.021
300.027
300.034
300.041
300.049
300.057
300.065
300.073
300.082
300.092
300.101
300.112
300.122
300.133
300.145
300.157
300.169
300.182
300.196
300.21
300.225
300.24
300.256
300.272
300.289
300.307
300.325
300.343
300.363
300.383
300.404
300.425
300.447
300.47
300.493
300.518
300.542
300.568
300.594
300.622
300.649
300.678
300.707
300.738
300.769
300.8
300.833
300.866
300.901
300.936
300.972
301.008
301.046
301.084
301.124
301.164
301.205
301.246
301.289
301.332
301.376
301.421
301.467
301.513
301.56
301.607
301.655
301.703
301.752
301.801
301.85
301.898
301.947
301.995
302.043
302.09
302.136
302.182
300.003
300.009
300.015
300.021
300.027
300.034
300.041
300.049
300.056
300.065
300.073
300.082
300.091
300.101
300.111
300.122
300.133
300.144
300.156
300.169
300.182
300.196
300.21
300.224
300.239
300.255
300.271
300.288
300.306
300.324
300.342
300.362
300.382
300.402
300.424
300.446
300.468
300.491
300.515
300.54
300.566
300.592
300.619
300.646
300.675
300.704
300.733
300.764
300.795
300.828
300.861
300.894
300.929
300.964
301
301.037
301.074
301.113
301.152
301.192
301.232
301.274
301.315
301.358
301.401
301.445
301.489
301.534
301.579
301.625
301.671
301.716
301.762
301.808
301.854
301.899
301.944
301.989
302.033
302.076
302.118
300.003
300.009
300.014
300.021
300.027
300.034
300.041
300.049
300.056
300.064
300.073
300.082
300.091
300.101
300.111
300.122
300.133
300.144
300.156
300.169
300.181
300.195
300.209
300.223
300.239
300.254
300.27
300.287
300.305
300.323
300.341
300.36
300.38
300.401
300.422
300.444
300.466
300.489
300.513
300.537
300.563
300.589
300.615
300.642
300.67
300.699
300.729
300.759
300.79
300.821
300.854
300.887
300.921
300.955
300.99
301.026
301.063
301.1
301.138
301.177
301.216
301.256
301.297
301.338
301.379
301.421
301.463
301.506
301.549
301.592
301.635
301.678
301.722
301.765
301.807
301.85
301.892
301.933
301.974
302.015
302.054
300.003
300.008
300.014
300.021
300.027
300.034
300.041
300.048
300.056
300.064
300.073
300.082
300.091
300.101
300.111
300.121
300.132
300.144
300.156
300.168
300.181
300.194
300.208
300.223
300.238
300.253
300.269
300.286
300.303
300.321
300.34
300.359
300.378
300.399
300.42
300.441
300.464
300.486
300.51
300.534
300.559
300.585
300.611
300.638
300.666
300.694
300.723
300.752
300.783
300.814
300.846
300.878
300.911
300.945
300.979
301.014
301.05
301.086
301.123
301.16
301.198
301.237
301.275
301.315
301.354
301.394
301.435
301.475
301.516
301.557
301.597
301.638
301.679
301.719
301.759
301.799
301.838
301.877
301.915
301.952
301.989
300.003
300.008
300.014
300.021
300.027
300.034
300.041
300.048
300.056
300.064
300.073
300.081
300.091
300.1
300.11
300.121
300.132
300.143
300.155
300.167
300.18
300.193
300.207
300.222
300.237
300.252
300.268
300.285
300.302
300.32
300.338
300.357
300.376
300.396
300.417
300.439
300.461
300.483
300.507
300.53
300.555
300.58
300.606
300.633
300.66
300.688
300.716
300.745
300.775
300.805
300.836
300.868
300.9
300.933
300.966
301
301.035
301.07
301.106
301.142
301.178
301.215
301.252
301.29
301.327
301.365
301.404
301.442
301.48
301.519
301.557
301.595
301.633
301.671
301.709
301.746
301.782
301.819
301.854
301.889
301.924
300.003
300.008
300.014
300.021
300.027
300.034
300.041
300.048
300.056
300.064
300.072
300.081
300.09
300.1
300.11
300.12
300.131
300.142
300.154
300.167
300.179
300.193
300.206
300.221
300.235
300.251
300.267
300.283
300.3
300.318
300.336
300.355
300.374
300.394
300.414
300.435
300.457
300.48
300.502
300.526
300.55
300.575
300.6
300.627
300.653
300.68
300.708
300.737
300.766
300.796
300.826
300.857
300.888
300.92
300.952
300.985
301.018
301.052
301.086
301.121
301.156
301.191
301.227
301.262
301.298
301.334
301.37
301.407
301.443
301.479
301.515
301.551
301.587
301.622
301.657
301.692
301.726
301.76
301.793
301.826
301.858
300.003
300.008
300.014
300.02
300.027
300.034
300.041
300.048
300.056
300.064
300.072
300.081
300.09
300.099
300.109
300.12
300.13
300.142
300.153
300.166
300.178
300.191
300.205
300.219
300.234
300.249
300.265
300.281
300.298
300.315
300.333
300.352
300.371
300.391
300.411
300.432
300.453
300.475
300.498
300.521
300.545
300.569
300.594
300.62
300.646
300.672
300.699
300.727
300.756
300.784
300.814
300.844
300.874
300.905
300.936
300.968
301
301.032
301.065
301.098
301.131
301.165
301.199
301.233
301.267
301.301
301.335
301.369
301.403
301.437
301.471
301.505
301.538
301.571
301.604
301.636
301.668
301.7
301.731
301.761
301.791
300.003
300.008
300.014
300.02
300.027
300.033
300.04
300.048
300.055
300.063
300.072
300.08
300.089
300.099
300.109
300.119
300.13
300.141
300.152
300.165
300.177
300.19
300.204
300.218
300.232
300.247
300.263
300.279
300.296
300.313
300.331
300.349
300.368
300.387
300.407
300.427
300.449
300.47
300.492
300.515
300.538
300.562
300.587
300.612
300.637
300.663
300.689
300.716
300.744
300.772
300.8
300.829
300.858
300.888
300.918
300.949
300.979
301.01
301.042
301.073
301.105
301.137
301.169
301.201
301.233
301.265
301.298
301.33
301.362
301.394
301.425
301.457
301.488
301.519
301.549
301.58
301.609
301.639
301.668
301.696
301.724
300.003
300.008
300.014
300.02
300.027
300.033
300.04
300.047
300.055
300.063
300.071
300.08
300.089
300.098
300.108
300.118
300.129
300.14
300.151
300.163
300.176
300.189
300.202
300.216
300.23
300.245
300.261
300.276
300.293
300.31
300.327
300.345
300.364
300.383
300.402
300.423
300.443
300.464
300.486
300.508
300.531
300.554
300.578
300.602
300.627
300.652
300.678
300.704
300.731
300.758
300.785
300.813
300.841
300.87
300.899
300.928
300.957
300.987
301.016
301.046
301.077
301.107
301.137
301.167
301.198
301.228
301.258
301.289
301.319
301.348
301.378
301.407
301.437
301.465
301.494
301.522
301.55
301.577
301.604
301.631
301.657
300.003
300.008
300.014
300.02
300.026
300.033
300.04
300.047
300.054
300.062
300.071
300.079
300.088
300.097
300.107
300.117
300.128
300.139
300.15
300.162
300.174
300.187
300.2
300.214
300.228
300.243
300.258
300.274
300.29
300.306
300.324
300.341
300.359
300.378
300.397
300.417
300.437
300.458
300.479
300.501
300.523
300.546
300.569
300.592
300.616
300.641
300.666
300.691
300.716
300.742
300.769
300.796
300.823
300.85
300.877
300.905
300.933
300.961
300.989
301.018
301.046
301.075
301.103
301.132
301.161
301.189
301.217
301.246
301.274
301.302
301.329
301.357
301.384
301.411
301.438
301.464
301.49
301.515
301.541
301.565
301.59
300.003
300.008
300.014
300.02
300.026
300.033
300.039
300.047
300.054
300.062
300.07
300.078
300.087
300.096
300.106
300.116
300.126
300.137
300.149
300.16
300.172
300.185
300.198
300.211
300.225
300.24
300.255
300.27
300.286
300.302
300.319
300.337
300.354
300.373
300.391
300.411
300.43
300.451
300.471
300.492
300.514
300.536
300.558
300.581
300.604
300.628
300.652
300.676
300.701
300.726
300.751
300.776
300.802
300.828
300.854
300.881
300.907
300.934
300.961
300.987
301.014
301.041
301.068
301.095
301.122
301.148
301.175
301.201
301.228
301.254
301.28
301.305
301.331
301.356
301.381
301.405
301.429
301.453
301.476
301.5
301.522
300.003
300.008
300.014
300.02
300.026
300.032
300.039
300.046
300.053
300.061
300.069
300.078
300.086
300.095
300.105
300.115
300.125
300.136
300.147
300.158
300.17
300.183
300.195
300.209
300.222
300.237
300.251
300.266
300.282
300.298
300.314
300.331
300.349
300.367
300.385
300.404
300.423
300.442
300.462
300.483
300.504
300.525
300.546
300.568
300.591
300.613
300.636
300.66
300.683
300.707
300.731
300.756
300.78
300.805
300.83
300.855
300.88
300.905
300.93
300.955
300.981
301.006
301.031
301.056
301.081
301.106
301.131
301.156
301.18
301.205
301.229
301.253
301.276
301.3
301.323
301.346
301.368
301.39
301.412
301.434
301.455
300.003
300.008
300.014
300.019
300.026
300.032
300.039
300.046
300.053
300.06
300.068
300.077
300.085
300.094
300.104
300.113
300.123
300.134
300.145
300.156
300.168
300.18
300.193
300.206
300.219
300.233
300.247
300.262
300.277
300.293
300.309
300.325
300.342
300.36
300.377
300.396
300.414
300.433
300.453
300.472
300.492
300.513
300.534
300.555
300.576
300.598
300.62
300.642
300.665
300.687
300.71
300.733
300.756
300.78
300.803
300.827
300.851
300.874
300.898
300.922
300.946
300.969
300.993
301.016
301.04
301.063
301.086
301.109
301.132
301.155
301.177
301.2
301.222
301.243
301.265
301.286
301.307
301.327
301.348
301.368
301.387
300.003
300.008
300.013
300.019
300.025
300.032
300.038
300.045
300.052
300.06
300.067
300.076
300.084
300.093
300.102
300.112
300.122
300.132
300.143
300.154
300.165
300.177
300.189
300.202
300.215
300.229
300.243
300.257
300.272
300.287
300.303
300.319
300.335
300.352
300.369
300.387
300.405
300.423
300.442
300.461
300.48
300.5
300.52
300.54
300.56
300.581
300.602
300.623
300.644
300.666
300.688
300.71
300.731
300.754
300.776
300.798
300.82
300.842
300.865
300.887
300.909
300.931
300.953
300.975
300.997
301.019
301.041
301.062
301.083
301.104
301.125
301.146
301.166
301.186
301.206
301.226
301.245
301.265
301.283
301.302
301.32
300.003
300.008
300.013
300.019
300.025
300.031
300.038
300.044
300.051
300.059
300.066
300.074
300.083
300.091
300.1
300.11
300.12
300.13
300.14
300.151
300.162
300.174
300.186
300.198
300.211
300.224
300.238
300.252
300.266
300.281
300.296
300.312
300.327
300.344
300.36
300.377
300.394
300.412
300.43
300.448
300.467
300.485
300.504
300.524
300.543
300.563
300.583
300.603
300.623
300.643
300.664
300.684
300.705
300.726
300.747
300.768
300.789
300.809
300.83
300.851
300.872
300.892
300.913
300.933
300.954
300.974
300.994
301.014
301.034
301.053
301.073
301.092
301.111
301.129
301.148
301.166
301.184
301.202
301.219
301.237
301.254
300.003
300.008
300.013
300.019
300.024
300.031
300.037
300.044
300.05
300.058
300.065
300.073
300.081
300.09
300.099
300.108
300.117
300.127
300.137
300.148
300.159
300.17
300.182
300.194
300.206
300.219
300.232
300.246
300.26
300.274
300.289
300.304
300.319
300.335
300.35
300.367
300.383
300.4
300.417
300.435
300.452
300.47
300.488
300.506
300.525
300.544
300.562
300.581
300.6
300.62
300.639
300.658
300.678
300.697
300.717
300.736
300.756
300.775
300.795
300.814
300.833
300.853
300.872
300.891
300.91
300.928
300.947
300.966
300.984
301.002
301.02
301.038
301.055
301.072
301.09
301.106
301.123
301.14
301.156
301.172
301.188
300.002
300.008
300.013
300.018
300.024
300.03
300.036
300.043
300.049
300.057
300.064
300.072
300.08
300.088
300.096
300.105
300.115
300.124
300.134
300.145
300.155
300.166
300.178
300.189
300.201
300.214
300.226
300.239
300.253
300.267
300.281
300.295
300.31
300.325
300.34
300.355
300.371
300.387
300.403
300.42
300.437
300.454
300.471
300.488
300.506
300.523
300.541
300.559
300.577
300.595
300.613
300.631
300.649
300.667
300.686
300.704
300.722
300.74
300.758
300.776
300.794
300.812
300.83
300.848
300.865
300.883
300.9
300.917
300.934
300.951
300.967
300.984
301
301.016
301.032
301.047
301.063
301.078
301.093
301.108
301.122
300.002
300.007
300.012
300.018
300.023
300.029
300.035
300.042
300.048
300.055
300.062
300.07
300.078
300.086
300.094
300.103
300.112
300.121
300.131
300.141
300.151
300.162
300.173
300.184
300.196
300.208
300.22
300.232
300.245
300.258
300.272
300.286
300.3
300.314
300.328
300.343
300.358
300.374
300.389
300.405
300.42
300.436
300.453
300.469
300.485
300.502
300.519
300.535
300.552
300.569
300.586
300.603
300.62
300.637
300.654
300.671
300.688
300.705
300.722
300.738
300.755
300.771
300.788
300.804
300.82
300.837
300.852
300.868
300.884
300.899
300.915
300.93
300.945
300.96
300.974
300.989
301.003
301.017
301.031
301.044
301.058
300.002
300.007
300.012
300.017
300.023
300.029
300.035
300.041
300.047
300.054
300.061
300.068
300.076
300.084
300.092
300.1
300.109
300.118
300.127
300.137
300.147
300.157
300.168
300.179
300.19
300.201
300.213
300.225
300.237
300.25
300.263
300.276
300.289
300.303
300.316
300.33
300.345
300.359
300.374
300.389
300.403
300.419
300.434
300.449
300.464
300.48
300.496
300.511
300.527
300.543
300.559
300.574
300.59
300.606
300.622
300.638
300.653
300.669
300.684
300.7
300.715
300.731
300.746
300.761
300.776
300.791
300.805
300.82
300.834
300.849
300.863
300.877
300.891
300.904
300.918
300.931
300.944
300.957
300.97
300.982
300.995
300.002
300.007
300.012
300.017
300.022
300.028
300.034
300.04
300.046
300.052
300.059
300.066
300.074
300.081
300.089
300.097
300.106
300.114
300.123
300.133
300.142
300.152
300.162
300.173
300.183
300.194
300.205
300.217
300.229
300.241
300.253
300.265
300.278
300.291
300.304
300.317
300.331
300.344
300.358
300.372
300.386
300.4
300.414
300.429
300.443
300.458
300.472
300.487
300.501
300.516
300.531
300.545
300.56
300.575
300.589
300.604
300.618
300.633
300.647
300.662
300.676
300.69
300.704
300.718
300.732
300.745
300.759
300.772
300.786
300.799
300.812
300.825
300.837
300.85
300.862
300.874
300.886
300.898
300.91
300.922
300.933
300.002
300.007
300.012
300.016
300.022
300.027
300.033
300.038
300.044
300.051
300.057
300.064
300.071
300.079
300.086
300.094
300.102
300.11
300.119
300.128
300.137
300.147
300.156
300.166
300.176
300.187
300.198
300.209
300.22
300.231
300.243
300.254
300.266
300.278
300.291
300.303
300.316
300.329
300.342
300.355
300.368
300.381
300.394
300.408
300.421
300.435
300.448
300.462
300.475
300.489
300.503
300.516
300.53
300.543
300.557
300.57
300.584
300.597
300.61
300.624
300.637
300.65
300.663
300.676
300.688
300.701
300.713
300.726
300.738
300.75
300.762
300.774
300.785
300.797
300.808
300.819
300.83
300.841
300.852
300.863
300.873
300.002
300.007
300.011
300.016
300.021
300.026
300.032
300.037
300.043
300.049
300.055
300.062
300.069
300.076
300.083
300.091
300.098
300.106
300.115
300.123
300.132
300.141
300.15
300.16
300.169
300.179
300.19
300.2
300.21
300.221
300.232
300.243
300.254
300.266
300.277
300.289
300.301
300.313
300.325
300.337
300.35
300.362
300.374
300.387
300.399
300.412
300.424
300.437
300.45
300.462
300.475
300.488
300.5
300.513
300.525
300.537
300.55
300.562
300.574
300.587
300.599
300.611
300.622
300.634
300.646
300.657
300.669
300.68
300.691
300.702
300.713
300.724
300.735
300.746
300.756
300.766
300.776
300.786
300.796
300.806
300.816
300.002
300.006
300.011
300.015
300.02
300.025
300.03
300.036
300.041
300.047
300.053
300.06
300.066
300.073
300.08
300.087
300.095
300.102
300.11
300.118
300.127
300.135
300.144
300.153
300.162
300.172
300.181
300.191
300.201
300.211
300.221
300.232
300.242
300.253
300.264
300.275
300.286
300.297
300.309
300.32
300.331
300.343
300.354
300.366
300.378
300.389
300.401
300.413
300.424
300.436
300.448
300.459
300.471
300.482
300.494
300.505
300.517
300.528
300.539
300.551
300.562
300.573
300.584
300.594
300.605
300.616
300.626
300.637
300.647
300.657
300.667
300.677
300.687
300.696
300.706
300.715
300.725
300.734
300.743
300.752
300.761
300.002
300.006
300.01
300.015
300.019
300.024
300.029
300.035
300.04
300.046
300.051
300.057
300.064
300.07
300.077
300.084
300.091
300.098
300.106
300.113
300.121
300.13
300.138
300.146
300.155
300.164
300.173
300.182
300.192
300.201
300.211
300.221
300.231
300.241
300.251
300.261
300.272
300.282
300.292
300.303
300.314
300.324
300.335
300.346
300.357
300.368
300.378
300.389
300.4
300.411
300.421
300.432
300.443
300.454
300.464
300.475
300.485
300.496
300.506
300.516
300.526
300.536
300.547
300.556
300.566
300.576
300.586
300.595
300.605
300.614
300.623
300.632
300.641
300.65
300.659
300.667
300.676
300.684
300.693
300.701
300.709
300.002
300.006
300.01
300.014
300.019
300.023
300.028
300.033
300.038
300.044
300.049
300.055
300.061
300.067
300.074
300.08
300.087
300.094
300.101
300.109
300.116
300.124
300.132
300.14
300.148
300.157
300.165
300.174
300.183
300.192
300.201
300.21
300.219
300.229
300.238
300.248
300.257
300.267
300.277
300.287
300.297
300.307
300.317
300.327
300.337
300.347
300.357
300.367
300.377
300.387
300.397
300.407
300.417
300.426
300.436
300.446
300.456
300.465
300.475
300.484
300.493
300.503
300.512
300.521
300.53
300.539
300.548
300.557
300.565
300.574
300.582
300.591
300.599
300.607
300.615
300.623
300.631
300.639
300.646
300.654
300.661
300.002
300.006
300.01
300.014
300.018
300.022
300.027
300.032
300.037
300.042
300.047
300.053
300.059
300.065
300.071
300.077
300.084
300.09
300.097
300.104
300.111
300.119
300.126
300.134
300.142
300.149
300.158
300.166
300.174
300.183
300.191
300.2
300.209
300.217
300.226
300.235
300.244
300.254
300.263
300.272
300.281
300.29
300.3
300.309
300.318
300.328
300.337
300.346
300.356
300.365
300.374
300.383
300.392
300.401
300.411
300.42
300.428
300.437
300.446
300.455
300.464
300.472
300.481
300.489
300.497
300.506
300.514
300.522
300.53
300.538
300.545
300.553
300.561
300.568
300.576
300.583
300.59
300.597
300.604
300.611
300.618
300.002
300.005
300.009
300.013
300.017
300.022
300.026
300.031
300.036
300.041
300.046
300.051
300.057
300.062
300.068
300.074
300.08
300.087
300.093
300.1
300.107
300.114
300.121
300.128
300.136
300.143
300.151
300.159
300.166
300.174
300.183
300.191
300.199
300.207
300.216
300.224
300.233
300.241
300.25
300.259
300.267
300.276
300.285
300.293
300.302
300.311
300.32
300.328
300.337
300.346
300.354
300.363
300.371
300.38
300.388
300.396
300.405
300.413
300.421
300.429
300.437
300.445
300.453
300.461
300.469
300.476
300.484
300.491
300.499
300.506
300.513
300.521
300.528
300.535
300.541
300.548
300.555
300.561
300.568
300.574
300.581
300.002
300.005
300.009
300.013
300.017
300.021
300.025
300.03
300.034
300.039
300.044
300.049
300.055
300.06
300.066
300.072
300.078
300.084
300.09
300.096
300.103
300.11
300.116
300.123
300.131
300.138
300.145
300.152
300.16
300.168
300.175
300.183
300.191
300.199
300.207
300.215
300.223
300.231
300.239
300.248
300.256
300.264
300.272
300.28
300.289
300.297
300.305
300.313
300.321
300.33
300.338
300.346
300.354
300.362
300.37
300.377
300.385
300.393
300.401
300.408
300.416
300.423
300.431
300.438
300.445
300.453
300.46
300.467
300.474
300.48
300.487
300.494
300.5
300.507
300.513
300.52
300.526
300.532
300.538
300.544
300.55
300.002
300.005
300.009
300.013
300.016
300.02
300.025
300.029
300.034
300.038
300.043
300.048
300.053
300.059
300.064
300.07
300.076
300.081
300.088
300.094
300.1
300.107
300.113
300.12
300.127
300.134
300.141
300.148
300.155
300.163
300.17
300.178
300.185
300.193
300.2
300.208
300.216
300.224
300.232
300.239
300.247
300.255
300.263
300.271
300.279
300.287
300.294
300.302
300.31
300.318
300.326
300.333
300.341
300.349
300.356
300.364
300.371
300.378
300.386
300.393
300.4
300.407
300.414
300.421
300.428
300.435
300.442
300.449
300.455
300.462
300.468
300.474
300.481
300.487
300.493
300.499
300.505
300.511
300.517
300.522
300.528
300.002
300.005
300.009
300.012
300.016
300.02
300.024
300.029
300.033
300.038
300.043
300.047
300.053
300.058
300.063
300.069
300.074
300.08
300.086
300.092
300.099
300.105
300.111
300.118
300.125
300.132
300.138
300.145
300.153
300.16
300.167
300.174
300.182
300.189
300.197
300.204
300.212
300.22
300.227
300.235
300.243
300.25
300.258
300.266
300.273
300.281
300.289
300.296
300.304
300.311
300.319
300.326
300.334
300.341
300.349
300.356
300.363
300.37
300.378
300.385
300.392
300.399
300.405
300.412
300.419
300.426
300.432
300.439
300.445
300.451
300.458
300.464
300.47
300.476
300.482
300.488
300.493
300.499
300.505
300.51
300.516
303.019
303.148
303.225
303.298
303.361
303.413
303.448
303.488
303.527
303.564
303.596
303.63
303.665
303.699
303.732
303.765
303.796
303.824
303.853
303.883
303.912
303.941
303.971
303.999
304.028
304.057
304.084
304.112
304.139
304.166
304.193
304.219
304.245
304.271
304.296
304.321
304.346
304.371
304.395
304.42
304.444
304.467
304.492
304.518
304.544
304.568
304.59
304.615
304.64
304.664
304.687
304.709
304.732
304.755
304.779
304.803
304.827
304.851
304.875
304.897
304.916
304.937
304.959
304.981
305.003
305.026
305.047
305.069
305.091
305.112
305.133
305.154
305.174
305.194
305.214
305.234
305.253
305.272
305.29
305.311
305.333
305.354
305.372
305.39
305.406
305.422
305.44
305.461
305.479
305.495
305.509
305.526
305.544
305.56
305.577
305.595
305.611
305.625
305.641
305.656
305.669
305.684
305.696
305.71
305.724
305.74
305.753
305.763
305.775
305.785
305.797
305.809
305.821
305.834
305.844
305.852
305.861
305.871
305.881
305.889
305.895
305.902
305.91
305.916
305.922
305.926
305.93
305.934
305.937
305.94
305.941
305.941
305.941
305.939
305.936
305.932
305.927
305.92
305.912
305.902
305.891
305.878
305.864
305.847
305.828
305.808
305.785
305.759
305.729
305.696
305.654
305.612
305.57
305.523
305.469
305.408
305.342
305.231
305.129
305
304.831
302.918
303.032
303.12
303.195
303.26
303.316
303.362
303.406
303.447
303.487
303.523
303.559
303.595
303.63
303.665
303.698
303.73
303.76
303.791
303.821
303.851
303.881
303.911
303.94
303.969
303.998
304.026
304.055
304.082
304.11
304.137
304.164
304.19
304.216
304.242
304.268
304.293
304.318
304.343
304.368
304.392
304.417
304.442
304.467
304.493
304.517
304.541
304.565
304.59
304.614
304.638
304.66
304.684
304.707
304.731
304.755
304.78
304.803
304.827
304.849
304.87
304.891
304.913
304.935
304.958
304.98
305.002
305.024
305.046
305.067
305.088
305.109
305.129
305.15
305.17
305.19
305.209
305.229
305.248
305.268
305.29
305.31
305.329
305.347
305.364
305.381
305.399
305.419
305.437
305.453
305.469
305.486
305.503
305.52
305.536
305.554
305.57
305.585
305.601
305.616
305.63
305.644
305.657
305.671
305.685
305.7
305.713
305.725
305.737
305.747
305.759
305.771
305.783
305.795
305.806
305.814
305.824
305.834
305.843
305.852
305.858
305.865
305.873
305.879
305.885
305.889
305.894
305.897
305.901
305.903
305.904
305.905
305.904
305.903
305.9
305.896
305.89
305.884
305.875
305.866
305.855
305.842
305.827
305.811
305.792
305.771
305.748
305.722
305.692
305.658
305.617
305.575
305.532
305.483
305.428
305.366
305.295
305.187
305.079
304.944
304.76
302.836
302.935
303.021
303.097
303.163
303.221
303.273
303.32
303.365
303.406
303.446
303.484
303.521
303.558
303.593
303.628
303.661
303.693
303.724
303.756
303.786
303.817
303.847
303.877
303.907
303.936
303.965
303.994
304.022
304.05
304.077
304.105
304.131
304.158
304.184
304.211
304.236
304.262
304.287
304.313
304.338
304.362
304.388
304.413
304.439
304.463
304.488
304.512
304.537
304.561
304.585
304.609
304.632
304.656
304.68
304.704
304.729
304.752
304.776
304.798
304.82
304.842
304.864
304.886
304.909
304.931
304.954
304.976
304.997
305.019
305.04
305.061
305.082
305.103
305.123
305.143
305.163
305.183
305.203
305.223
305.244
305.264
305.283
305.302
305.319
305.337
305.355
305.374
305.392
305.409
305.425
305.442
305.46
305.476
305.493
305.511
305.527
305.542
305.558
305.573
305.587
305.602
305.615
305.629
305.644
305.658
305.671
305.683
305.695
305.707
305.718
305.731
305.743
305.754
305.765
305.774
305.784
305.794
305.803
305.812
305.819
305.826
305.833
305.84
305.845
305.85
305.854
305.858
305.861
305.864
305.865
305.866
305.865
305.864
305.861
305.857
305.851
305.845
305.837
305.827
305.816
305.803
305.789
305.772
305.753
305.732
305.709
305.682
305.652
305.618
305.578
305.535
305.491
305.441
305.385
305.32
305.246
305.14
305.028
304.887
304.691
302.762
302.85
302.93
303.003
303.069
303.129
303.183
303.233
303.28
303.324
303.366
303.406
303.444
303.482
303.518
303.554
303.588
303.621
303.654
303.686
303.718
303.749
303.78
303.811
303.841
303.871
303.9
303.929
303.958
303.986
304.014
304.042
304.069
304.097
304.123
304.15
304.176
304.202
304.228
304.254
304.279
304.305
304.33
304.356
304.381
304.406
304.431
304.456
304.481
304.505
304.53
304.554
304.578
304.602
304.626
304.65
304.674
304.698
304.722
304.745
304.767
304.789
304.812
304.834
304.857
304.879
304.902
304.924
304.946
304.968
304.989
305.011
305.032
305.053
305.073
305.094
305.114
305.134
305.154
305.174
305.195
305.215
305.235
305.253
305.271
305.289
305.308
305.327
305.345
305.362
305.379
305.396
305.413
305.43
305.448
305.465
305.481
305.497
305.513
305.528
305.542
305.557
305.571
305.585
305.599
305.614
305.627
305.639
305.652
305.663
305.675
305.687
305.699
305.711
305.722
305.732
305.741
305.751
305.76
305.769
305.776
305.784
305.791
305.797
305.803
305.808
305.813
305.816
305.82
305.822
305.824
305.824
305.824
305.822
305.819
305.815
305.81
305.804
305.796
305.786
305.775
305.762
305.747
305.731
305.712
305.691
305.667
305.64
305.61
305.576
305.536
305.493
305.448
305.397
305.339
305.273
305.194
305.09
304.974
304.828
304.626
302.692
302.77
302.845
302.915
302.979
303.039
303.094
303.145
303.194
303.239
303.282
303.324
303.364
303.403
303.44
303.477
303.512
303.546
303.58
303.613
303.646
303.678
303.709
303.741
303.771
303.802
303.832
303.861
303.89
303.919
303.948
303.976
304.004
304.031
304.059
304.086
304.112
304.139
304.165
304.191
304.217
304.243
304.269
304.295
304.32
304.346
304.371
304.396
304.421
304.446
304.47
304.495
304.519
304.544
304.568
304.592
304.617
304.641
304.664
304.688
304.711
304.733
304.756
304.779
304.802
304.824
304.847
304.869
304.891
304.913
304.935
304.957
304.978
304.999
305.02
305.041
305.061
305.082
305.102
305.122
305.143
305.163
305.183
305.202
305.22
305.239
305.257
305.276
305.294
305.312
305.329
305.347
305.364
305.381
305.399
305.416
305.432
305.448
305.464
305.479
305.494
305.509
305.523
305.538
305.552
305.566
305.58
305.592
305.605
305.617
305.629
305.641
305.653
305.665
305.676
305.686
305.696
305.706
305.715
305.723
305.731
305.739
305.746
305.752
305.758
305.763
305.768
305.772
305.775
305.778
305.779
305.78
305.78
305.778
305.775
305.771
305.766
305.76
305.752
305.742
305.731
305.718
305.704
305.687
305.668
305.647
305.623
305.596
305.566
305.531
305.491
305.448
305.402
305.35
305.291
305.222
305.141
305.037
304.918
304.768
304.564
302.624
302.695
302.764
302.83
302.892
302.95
303.005
303.057
303.106
303.153
303.197
303.24
303.281
303.321
303.359
303.396
303.433
303.468
303.503
303.537
303.57
303.603
303.635
303.667
303.698
303.729
303.759
303.789
303.819
303.848
303.877
303.906
303.934
303.962
303.99
304.017
304.045
304.072
304.098
304.125
304.151
304.177
304.204
304.23
304.256
304.281
304.307
304.332
304.358
304.383
304.408
304.432
304.457
304.482
304.506
304.531
304.555
304.58
304.603
304.627
304.65
304.674
304.697
304.72
304.743
304.766
304.788
304.811
304.833
304.856
304.878
304.899
304.921
304.942
304.963
304.984
305.005
305.026
305.047
305.067
305.088
305.108
305.128
305.147
305.166
305.185
305.204
305.222
305.241
305.259
305.276
305.294
305.312
305.329
305.346
305.363
305.38
305.396
305.412
305.428
305.443
305.458
305.473
305.487
305.502
305.516
305.529
305.542
305.555
305.568
305.58
305.592
305.604
305.616
305.627
305.637
305.647
305.657
305.666
305.675
305.683
305.691
305.698
305.705
305.711
305.716
305.721
305.725
305.728
305.731
305.732
305.733
305.732
305.731
305.728
305.725
305.72
305.713
305.705
305.696
305.685
305.672
305.657
305.64
305.622
305.6
305.576
305.549
305.518
305.483
305.444
305.4
305.353
305.3
305.24
305.17
305.086
304.982
304.86
304.708
304.505
302.557
302.622
302.686
302.748
302.807
302.864
302.918
302.969
303.018
303.065
303.11
303.154
303.196
303.236
303.275
303.313
303.35
303.386
303.422
303.456
303.49
303.524
303.557
303.589
303.621
303.652
303.683
303.714
303.744
303.774
303.803
303.832
303.861
303.89
303.918
303.946
303.973
304.001
304.028
304.055
304.081
304.108
304.135
304.161
304.187
304.213
304.239
304.265
304.29
304.316
304.341
304.366
304.391
304.416
304.441
304.466
304.49
304.515
304.539
304.563
304.587
304.61
304.633
304.657
304.68
304.703
304.726
304.749
304.772
304.794
304.816
304.838
304.86
304.882
304.903
304.925
304.946
304.967
304.987
305.008
305.029
305.049
305.069
305.089
305.108
305.127
305.146
305.165
305.184
305.202
305.22
305.238
305.256
305.273
305.291
305.308
305.325
305.341
305.357
305.373
305.389
305.404
305.419
305.433
305.448
305.462
305.476
305.489
305.502
305.515
305.527
305.54
305.552
305.563
305.575
305.585
305.595
305.605
305.615
305.624
305.632
305.64
305.647
305.654
305.66
305.665
305.67
305.674
305.678
305.68
305.682
305.683
305.682
305.681
305.679
305.675
305.67
305.663
305.656
305.646
305.635
305.622
305.608
305.591
305.572
305.551
305.526
305.499
305.468
305.433
305.393
305.35
305.302
305.247
305.186
305.114
305.029
304.925
304.801
304.647
304.447
302.491
302.551
302.61
302.668
302.725
302.779
302.832
302.882
302.931
302.977
303.023
303.066
303.108
303.149
303.189
303.227
303.265
303.302
303.338
303.373
303.408
303.442
303.475
303.508
303.54
303.572
303.603
303.634
303.665
303.695
303.725
303.755
303.784
303.813
303.841
303.87
303.898
303.926
303.953
303.981
304.008
304.035
304.062
304.088
304.115
304.141
304.167
304.193
304.219
304.245
304.271
304.296
304.321
304.347
304.372
304.397
304.422
304.446
304.471
304.495
304.519
304.543
304.566
304.59
304.614
304.637
304.66
304.683
304.706
304.729
304.751
304.774
304.796
304.818
304.839
304.861
304.882
304.904
304.925
304.946
304.966
304.987
305.007
305.027
305.047
305.066
305.086
305.105
305.123
305.142
305.16
305.178
305.196
305.214
305.232
305.249
305.266
305.283
305.299
305.315
305.331
305.346
305.361
305.376
305.391
305.405
305.419
305.433
305.446
305.459
305.471
305.484
305.496
305.508
305.519
305.53
305.54
305.55
305.56
305.569
305.577
305.585
305.593
305.6
305.606
305.612
305.616
305.621
305.624
305.627
305.629
305.629
305.629
305.628
305.626
305.622
305.617
305.611
305.603
305.594
305.583
305.57
305.555
305.539
305.52
305.498
305.474
305.446
305.415
305.38
305.34
305.296
305.247
305.192
305.129
305.056
304.97
304.865
304.74
304.587
304.391
302.425
302.481
302.536
302.591
302.644
302.696
302.746
302.795
302.843
302.889
302.934
302.977
303.02
303.061
303.1
303.139
303.177
303.215
303.251
303.287
303.322
303.356
303.39
303.423
303.456
303.488
303.52
303.551
303.583
303.613
303.643
303.673
303.703
303.732
303.761
303.79
303.819
303.847
303.875
303.902
303.93
303.957
303.985
304.012
304.038
304.065
304.092
304.118
304.144
304.17
304.196
304.222
304.248
304.273
304.298
304.324
304.349
304.374
304.398
304.423
304.447
304.471
304.495
304.519
304.543
304.567
304.59
304.614
304.637
304.66
304.682
304.705
304.727
304.75
304.772
304.793
304.815
304.837
304.858
304.879
304.9
304.921
304.941
304.962
304.982
305.001
305.021
305.04
305.059
305.078
305.096
305.115
305.133
305.151
305.169
305.186
305.203
305.22
305.237
305.253
305.269
305.285
305.3
305.315
305.33
305.345
305.359
305.373
305.386
305.399
305.412
305.424
305.437
305.449
305.46
305.471
305.482
305.492
305.502
305.511
305.52
305.528
305.535
305.542
305.549
305.554
305.559
305.564
305.567
305.57
305.572
305.573
305.573
305.572
305.569
305.566
305.561
305.555
305.547
305.538
305.527
305.514
305.5
305.483
305.464
305.442
305.418
305.39
305.359
305.323
305.284
305.239
305.19
305.134
305.07
304.996
304.908
304.803
304.678
304.526
304.336
302.359
302.411
302.463
302.514
302.564
302.614
302.662
302.709
302.756
302.801
302.845
302.888
302.93
302.97
303.01
303.049
303.088
303.125
303.162
303.197
303.233
303.267
303.302
303.335
303.368
303.401
303.433
303.465
303.496
303.527
303.558
303.588
303.618
303.648
303.677
303.706
303.735
303.764
303.792
303.82
303.848
303.876
303.903
303.931
303.958
303.985
304.012
304.039
304.065
304.091
304.118
304.144
304.17
304.195
304.221
304.246
304.272
304.297
304.322
304.347
304.371
304.396
304.42
304.444
304.468
304.492
304.516
304.54
304.563
304.586
304.609
304.632
304.655
304.678
304.7
304.722
304.744
304.766
304.787
304.809
304.83
304.851
304.872
304.892
304.912
304.932
304.952
304.972
304.991
305.01
305.029
305.047
305.066
305.084
305.102
305.12
305.137
305.154
305.171
305.187
305.204
305.22
305.235
305.25
305.265
305.28
305.295
305.309
305.322
305.336
305.349
305.361
305.374
305.386
305.398
305.409
305.42
305.43
305.44
305.449
305.458
305.466
305.474
305.481
305.488
305.493
305.499
305.503
305.507
305.51
305.512
305.513
305.513
305.512
305.51
305.506
305.501
305.495
305.488
305.479
305.468
305.455
305.441
305.424
305.405
305.383
305.359
305.331
305.299
305.264
305.224
305.179
305.129
305.073
305.008
304.933
304.845
304.74
304.615
304.465
304.282
302.293
302.341
302.39
302.438
302.485
302.532
302.578
302.624
302.669
302.713
302.756
302.798
302.839
302.879
302.919
302.958
302.996
303.033
303.07
303.106
303.141
303.176
303.21
303.244
303.278
303.311
303.343
303.375
303.407
303.438
303.469
303.5
303.53
303.56
303.59
303.619
303.648
303.677
303.706
303.734
303.763
303.791
303.818
303.846
303.873
303.901
303.928
303.955
303.982
304.008
304.035
304.061
304.087
304.113
304.139
304.165
304.191
304.216
304.241
304.267
304.291
304.316
304.341
304.365
304.39
304.414
304.438
304.462
304.485
304.509
304.532
304.556
304.578
304.601
304.624
304.646
304.668
304.691
304.712
304.734
304.756
304.777
304.798
304.819
304.839
304.859
304.879
304.899
304.919
304.938
304.957
304.976
304.995
305.013
305.031
305.049
305.067
305.084
305.101
305.118
305.134
305.15
305.166
305.182
305.197
305.212
305.226
305.241
305.255
305.268
305.281
305.294
305.307
305.319
305.331
305.342
305.353
305.364
305.374
305.384
305.392
305.401
305.409
305.416
305.423
305.429
305.434
305.439
305.443
305.446
305.448
305.449
305.449
305.448
305.446
305.443
305.438
305.432
305.425
305.416
305.405
305.393
305.378
305.361
305.342
305.321
305.296
305.268
305.237
305.201
305.161
305.116
305.066
305.009
304.943
304.867
304.779
304.674
304.55
304.403
304.228
302.227
302.272
302.317
302.362
302.407
302.451
302.496
302.539
302.582
302.624
302.666
302.707
302.748
302.787
302.826
302.865
302.902
302.94
302.976
303.012
303.047
303.082
303.117
303.151
303.184
303.217
303.25
303.282
303.314
303.345
303.377
303.408
303.438
303.468
303.498
303.528
303.557
303.587
303.616
303.644
303.673
303.701
303.729
303.757
303.785
303.813
303.84
303.867
303.894
303.921
303.948
303.975
304.001
304.027
304.054
304.08
304.105
304.131
304.157
304.182
304.207
304.232
304.257
304.282
304.307
304.331
304.355
304.38
304.403
304.427
304.451
304.474
304.498
304.521
304.544
304.566
304.589
304.611
304.633
304.655
304.677
304.698
304.72
304.741
304.761
304.782
304.802
304.822
304.842
304.862
304.881
304.9
304.919
304.938
304.956
304.974
304.992
305.01
305.027
305.044
305.061
305.077
305.093
305.109
305.124
305.139
305.154
305.169
305.183
305.197
305.21
305.223
305.236
305.248
305.26
305.272
305.283
305.294
305.304
305.314
305.323
305.332
305.34
305.347
305.354
305.36
305.366
305.37
305.374
305.378
305.38
305.381
305.381
305.381
305.379
305.376
305.371
305.365
305.358
305.349
305.339
305.326
305.312
305.295
305.276
305.254
305.23
305.202
305.17
305.135
305.095
305.05
304.999
304.941
304.875
304.799
304.711
304.607
304.485
304.342
304.175
302.16
302.202
302.245
302.287
302.329
302.371
302.413
302.455
302.496
302.537
302.577
302.617
302.656
302.695
302.733
302.771
302.808
302.845
302.881
302.916
302.952
302.986
303.021
303.055
303.088
303.121
303.154
303.186
303.218
303.25
303.281
303.312
303.343
303.373
303.403
303.433
303.463
303.492
303.522
303.551
303.579
303.608
303.636
303.664
303.692
303.72
303.748
303.775
303.803
303.83
303.857
303.884
303.91
303.937
303.963
303.99
304.016
304.042
304.068
304.093
304.119
304.144
304.169
304.194
304.219
304.244
304.268
304.293
304.317
304.341
304.365
304.389
304.412
304.436
304.459
304.482
304.505
304.527
304.55
304.572
304.594
304.616
304.637
304.658
304.679
304.7
304.721
304.741
304.761
304.781
304.801
304.82
304.839
304.858
304.877
304.895
304.913
304.931
304.948
304.966
304.983
304.999
305.015
305.031
305.047
305.063
305.078
305.092
305.107
305.121
305.134
305.148
305.161
305.173
305.186
305.197
305.209
305.22
305.23
305.24
305.249
305.258
305.266
305.274
305.281
305.287
305.293
305.298
305.302
305.305
305.308
305.309
305.31
305.309
305.307
305.304
305.3
305.295
305.287
305.279
305.268
305.256
305.241
305.225
305.206
305.184
305.16
305.132
305.101
305.065
305.025
304.98
304.929
304.871
304.805
304.728
304.64
304.538
304.418
304.279
304.12
302.093
302.133
302.172
302.212
302.252
302.292
302.331
302.371
302.41
302.449
302.488
302.526
302.564
302.602
302.639
302.676
302.712
302.748
302.784
302.819
302.854
302.888
302.923
302.956
302.989
303.022
303.055
303.087
303.119
303.151
303.182
303.213
303.244
303.275
303.305
303.335
303.365
303.395
303.424
303.453
303.482
303.511
303.539
303.568
303.596
303.624
303.652
303.679
303.707
303.734
303.762
303.789
303.816
303.842
303.869
303.896
303.922
303.948
303.974
304
304.026
304.051
304.077
304.102
304.127
304.152
304.177
304.202
304.226
304.251
304.275
304.299
304.323
304.346
304.37
304.393
304.416
304.439
304.461
304.484
304.506
304.528
304.55
304.572
304.593
304.614
304.635
304.655
304.676
304.696
304.716
304.735
304.755
304.774
304.793
304.811
304.83
304.848
304.865
304.883
304.9
304.917
304.933
304.95
304.966
304.981
304.996
305.011
305.026
305.04
305.054
305.068
305.081
305.094
305.106
305.118
305.13
305.141
305.152
305.162
305.171
305.18
305.189
305.197
305.204
305.21
305.216
305.221
305.226
305.229
305.232
305.233
305.234
305.233
305.232
305.229
305.225
305.219
305.212
305.204
305.194
305.181
305.167
305.151
305.132
305.11
305.086
305.058
305.027
304.991
304.951
304.906
304.855
304.797
304.731
304.655
304.568
304.467
304.35
304.216
304.065
302.026
302.063
302.1
302.137
302.175
302.212
302.25
302.287
302.324
302.362
302.399
302.436
302.472
302.509
302.545
302.581
302.616
302.651
302.686
302.721
302.755
302.789
302.823
302.856
302.889
302.922
302.954
302.986
303.018
303.05
303.081
303.112
303.143
303.173
303.204
303.234
303.264
303.293
303.323
303.352
303.381
303.41
303.439
303.467
303.496
303.524
303.552
303.58
303.607
303.635
303.662
303.69
303.717
303.744
303.771
303.797
303.824
303.85
303.877
303.903
303.929
303.954
303.98
304.006
304.031
304.056
304.081
304.106
304.131
304.156
304.18
304.204
304.228
304.252
304.276
304.299
304.323
304.346
304.369
304.391
304.414
304.436
304.458
304.48
304.502
304.523
304.544
304.565
304.586
304.606
304.626
304.646
304.666
304.685
304.704
304.723
304.742
304.76
304.778
304.795
304.813
304.83
304.847
304.863
304.879
304.895
304.911
304.926
304.941
304.955
304.969
304.983
304.997
305.01
305.022
305.035
305.046
305.058
305.069
305.079
305.089
305.098
305.107
305.115
305.122
305.129
305.135
305.14
305.145
305.148
305.151
305.153
305.154
305.153
305.152
305.149
305.145
305.14
305.133
305.125
305.115
305.103
305.089
305.072
305.054
305.032
305.008
304.98
304.949
304.914
304.874
304.829
304.778
304.72
304.654
304.579
304.493
304.394
304.281
304.152
304.009
301.958
301.992
302.027
302.062
302.097
302.133
302.168
302.204
302.239
302.275
302.31
302.345
302.381
302.416
302.45
302.485
302.52
302.554
302.588
302.622
302.655
302.688
302.721
302.754
302.787
302.819
302.851
302.883
302.915
302.946
302.977
303.008
303.039
303.069
303.099
303.129
303.159
303.189
303.218
303.248
303.277
303.306
303.334
303.363
303.392
303.42
303.448
303.476
303.504
303.532
303.559
303.587
303.614
303.641
303.668
303.695
303.722
303.748
303.775
303.801
303.827
303.853
303.879
303.905
303.93
303.956
303.981
304.006
304.031
304.056
304.081
304.105
304.129
304.153
304.177
304.201
304.225
304.248
304.271
304.294
304.317
304.34
304.362
304.384
304.406
304.427
304.449
304.47
304.491
304.511
304.532
304.552
304.572
304.591
304.611
304.63
304.649
304.667
304.685
304.703
304.721
304.738
304.755
304.772
304.788
304.804
304.82
304.836
304.851
304.865
304.88
304.894
304.908
304.921
304.934
304.946
304.958
304.97
304.981
304.991
305.001
305.011
305.02
305.028
305.035
305.042
305.049
305.054
305.059
305.063
305.066
305.068
305.069
305.068
305.067
305.065
305.061
305.056
305.049
305.041
305.031
305.019
305.006
304.99
304.971
304.95
304.926
304.898
304.867
304.832
304.793
304.748
304.697
304.64
304.575
304.5
304.416
304.319
304.21
304.087
303.951
301.89
301.922
301.955
301.987
302.021
302.054
302.087
302.121
302.154
302.188
302.222
302.255
302.289
302.323
302.356
302.389
302.423
302.456
302.489
302.522
302.554
302.587
302.619
302.651
302.683
302.715
302.747
302.778
302.809
302.84
302.871
302.902
302.932
302.962
302.992
303.022
303.052
303.082
303.111
303.14
303.169
303.198
303.227
303.256
303.284
303.312
303.341
303.369
303.397
303.424
303.452
303.48
303.507
303.534
303.561
303.588
303.615
303.642
303.669
303.695
303.721
303.748
303.774
303.799
303.825
303.851
303.876
303.902
303.927
303.952
303.977
304.001
304.026
304.05
304.074
304.098
304.122
304.146
304.169
304.192
304.215
304.238
304.261
304.283
304.305
304.327
304.348
304.37
304.391
304.412
304.432
304.453
304.473
304.493
304.512
304.532
304.551
304.569
304.588
304.606
304.624
304.641
304.659
304.676
304.692
304.709
304.725
304.74
304.756
304.771
304.785
304.8
304.813
304.827
304.84
304.853
304.865
304.877
304.888
304.899
304.909
304.919
304.928
304.936
304.944
304.951
304.958
304.963
304.968
304.972
304.975
304.978
304.979
304.979
304.978
304.976
304.972
304.967
304.961
304.953
304.943
304.932
304.918
304.902
304.884
304.863
304.839
304.812
304.781
304.747
304.707
304.663
304.613
304.556
304.492
304.419
304.336
304.243
304.138
304.02
303.891
301.821
301.851
301.882
301.913
301.944
301.975
302.006
302.038
302.07
302.102
302.134
302.166
302.198
302.23
302.262
302.294
302.326
302.358
302.39
302.421
302.453
302.485
302.516
302.547
302.579
302.61
302.641
302.672
302.702
302.733
302.763
302.793
302.823
302.853
302.883
302.913
302.942
302.972
303.001
303.03
303.059
303.088
303.116
303.145
303.173
303.202
303.23
303.258
303.286
303.314
303.341
303.369
303.396
303.424
303.451
303.478
303.505
303.532
303.558
303.585
303.611
303.638
303.664
303.69
303.716
303.742
303.767
303.793
303.818
303.843
303.868
303.893
303.918
303.942
303.967
303.991
304.015
304.039
304.062
304.086
304.109
304.132
304.155
304.177
304.199
304.221
304.243
304.265
304.286
304.307
304.328
304.349
304.369
304.389
304.409
304.428
304.448
304.467
304.485
304.504
304.522
304.54
304.557
304.574
304.591
304.608
304.624
304.64
304.655
304.671
304.686
304.7
304.714
304.728
304.741
304.754
304.767
304.779
304.79
304.801
304.812
304.821
304.831
304.839
304.847
304.855
304.861
304.867
304.872
304.877
304.88
304.882
304.884
304.884
304.883
304.881
304.878
304.874
304.867
304.86
304.85
304.839
304.826
304.81
304.792
304.771
304.748
304.721
304.691
304.656
304.618
304.574
304.524
304.469
304.406
304.334
304.254
304.164
304.063
303.951
303.829
301.752
301.781
301.809
301.838
301.867
301.896
301.926
301.956
301.986
302.016
302.046
302.076
302.107
302.137
302.168
302.199
302.229
302.26
302.29
302.321
302.352
302.382
302.413
302.443
302.473
302.504
302.534
302.564
302.594
302.624
302.654
302.683
302.713
302.743
302.772
302.801
302.83
302.859
302.888
302.917
302.946
302.975
303.003
303.031
303.06
303.088
303.116
303.144
303.172
303.2
303.227
303.255
303.282
303.309
303.337
303.364
303.391
303.418
303.444
303.471
303.497
303.524
303.55
303.576
303.602
303.628
303.654
303.679
303.705
303.73
303.755
303.78
303.805
303.83
303.854
303.879
303.903
303.927
303.951
303.974
303.998
304.021
304.044
304.066
304.089
304.111
304.133
304.155
304.177
304.198
304.219
304.24
304.26
304.281
304.301
304.32
304.34
304.359
304.378
304.396
304.415
304.433
304.45
304.468
304.485
304.502
304.518
304.534
304.55
304.565
304.581
304.595
304.61
304.624
304.637
304.65
304.663
304.675
304.687
304.698
304.709
304.719
304.728
304.737
304.746
304.753
304.76
304.766
304.771
304.776
304.779
304.782
304.784
304.784
304.784
304.782
304.779
304.775
304.769
304.761
304.752
304.741
304.728
304.713
304.695
304.675
304.652
304.626
304.596
304.562
304.524
304.481
304.432
304.378
304.316
304.247
304.169
304.082
303.986
303.88
303.765
301.683
301.71
301.736
301.763
301.791
301.818
301.846
301.874
301.902
301.93
301.959
301.988
302.017
302.045
302.075
302.104
302.133
302.162
302.192
302.221
302.25
302.28
302.309
302.339
302.368
302.397
302.427
302.456
302.485
302.514
302.543
302.572
302.601
302.63
302.659
302.688
302.717
302.745
302.774
302.802
302.831
302.859
302.887
302.915
302.943
302.971
302.999
303.027
303.055
303.082
303.11
303.137
303.165
303.192
303.219
303.246
303.273
303.3
303.327
303.353
303.38
303.406
303.432
303.459
303.485
303.511
303.536
303.562
303.588
303.613
303.638
303.663
303.688
303.713
303.738
303.762
303.786
303.81
303.834
303.858
303.882
303.905
303.928
303.951
303.974
303.996
304.018
304.04
304.062
304.083
304.105
304.126
304.146
304.167
304.187
304.207
304.226
304.246
304.265
304.284
304.302
304.32
304.338
304.356
304.373
304.39
304.407
304.423
304.439
304.455
304.47
304.485
304.5
304.514
304.528
304.541
304.554
304.566
304.578
304.59
304.601
304.611
304.621
304.63
304.638
304.646
304.653
304.66
304.665
304.67
304.674
304.676
304.678
304.679
304.679
304.677
304.675
304.671
304.665
304.658
304.649
304.638
304.626
304.611
304.594
304.574
304.551
304.525
304.496
304.463
304.426
304.383
304.336
304.283
304.223
304.156
304.081
303.998
303.906
303.806
303.697
301.614
301.639
301.664
301.689
301.715
301.74
301.766
301.793
301.819
301.846
301.873
301.9
301.927
301.954
301.982
302.01
302.037
302.065
302.093
302.121
302.149
302.178
302.206
302.234
302.262
302.291
302.319
302.347
302.376
302.404
302.432
302.461
302.489
302.517
302.545
302.574
302.602
302.63
302.658
302.686
302.714
302.742
302.77
302.797
302.825
302.853
302.88
302.908
302.935
302.963
302.99
303.017
303.044
303.071
303.098
303.125
303.152
303.179
303.205
303.232
303.258
303.285
303.311
303.337
303.363
303.389
303.415
303.441
303.466
303.491
303.517
303.542
303.567
303.592
303.616
303.641
303.665
303.69
303.714
303.737
303.761
303.784
303.808
303.831
303.853
303.876
303.898
303.92
303.942
303.964
303.985
304.006
304.027
304.048
304.068
304.088
304.108
304.128
304.147
304.166
304.184
304.203
304.221
304.239
304.256
304.273
304.29
304.307
304.323
304.339
304.354
304.369
304.384
304.399
304.413
304.426
304.439
304.452
304.464
304.476
304.487
304.498
304.507
304.517
304.526
304.534
304.541
304.547
304.553
304.558
304.562
304.565
304.567
304.569
304.569
304.567
304.565
304.561
304.556
304.549
304.54
304.53
304.518
304.503
304.487
304.467
304.445
304.42
304.391
304.359
304.323
304.282
304.236
304.184
304.126
304.062
303.99
303.911
303.824
303.729
303.627
301.545
301.568
301.591
301.615
301.639
301.663
301.687
301.712
301.737
301.762
301.787
301.812
301.838
301.864
301.89
301.916
301.942
301.969
301.995
302.022
302.049
302.076
302.103
302.13
302.157
302.184
302.212
302.239
302.266
302.294
302.321
302.349
302.376
302.403
302.431
302.458
302.486
302.513
302.541
302.568
302.595
302.623
302.65
302.677
302.705
302.732
302.759
302.786
302.813
302.84
302.867
302.894
302.921
302.948
302.975
303.001
303.028
303.055
303.081
303.107
303.134
303.16
303.186
303.212
303.238
303.264
303.29
303.315
303.341
303.366
303.391
303.417
303.442
303.466
303.491
303.516
303.54
303.564
303.588
303.612
303.636
303.659
303.683
303.706
303.729
303.751
303.774
303.796
303.818
303.84
303.861
303.882
303.903
303.924
303.944
303.965
303.985
304.004
304.024
304.043
304.061
304.08
304.098
304.116
304.134
304.151
304.168
304.185
304.201
304.217
304.233
304.248
304.263
304.278
304.292
304.306
304.319
304.332
304.344
304.356
304.368
304.378
304.389
304.398
304.407
304.415
304.423
304.43
304.436
304.441
304.445
304.449
304.451
304.452
304.453
304.452
304.449
304.446
304.441
304.435
304.426
304.417
304.405
304.391
304.374
304.356
304.334
304.31
304.282
304.251
304.215
304.176
304.131
304.081
304.026
303.964
303.896
303.82
303.738
303.649
303.553
301.476
301.497
301.519
301.541
301.563
301.586
301.609
301.632
301.655
301.678
301.702
301.726
301.75
301.774
301.799
301.824
301.848
301.873
301.899
301.924
301.949
301.975
302.001
302.027
302.053
302.079
302.105
302.131
302.157
302.184
302.21
302.236
302.263
302.29
302.316
302.343
302.369
302.396
302.423
302.449
302.476
302.503
302.53
302.556
302.583
302.61
302.636
302.663
302.69
302.716
302.743
302.769
302.796
302.822
302.849
302.875
302.901
302.928
302.954
302.98
303.006
303.032
303.058
303.084
303.11
303.135
303.161
303.187
303.212
303.237
303.262
303.287
303.312
303.337
303.362
303.386
303.411
303.435
303.459
303.483
303.506
303.53
303.553
303.576
303.599
303.622
303.644
303.667
303.689
303.71
303.732
303.753
303.774
303.795
303.816
303.836
303.856
303.876
303.895
303.914
303.933
303.952
303.97
303.988
304.006
304.023
304.041
304.058
304.074
304.09
304.106
304.122
304.137
304.152
304.166
304.18
304.193
304.206
304.219
304.231
304.243
304.254
304.264
304.274
304.283
304.291
304.299
304.306
304.312
304.318
304.322
304.326
304.329
304.33
304.331
304.33
304.328
304.325
304.321
304.315
304.307
304.297
304.286
304.273
304.257
304.239
304.218
304.194
304.168
304.137
304.103
304.065
304.022
303.974
303.921
303.862
303.797
303.726
303.649
303.565
303.475
301.407
301.427
301.447
301.468
301.488
301.509
301.531
301.552
301.574
301.596
301.618
301.64
301.663
301.686
301.709
301.732
301.756
301.779
301.803
301.827
301.851
301.875
301.9
301.924
301.949
301.974
301.999
302.024
302.049
302.074
302.099
302.125
302.15
302.176
302.202
302.227
302.253
302.279
302.305
302.331
302.356
302.382
302.408
302.434
302.46
302.487
302.513
302.539
302.565
302.591
302.617
302.643
302.669
302.695
302.721
302.747
302.773
302.799
302.825
302.85
302.876
302.902
302.928
302.953
302.979
303.004
303.029
303.055
303.08
303.105
303.13
303.155
303.18
303.204
303.229
303.253
303.277
303.301
303.325
303.349
303.373
303.396
303.419
303.443
303.465
303.488
303.51
303.533
303.555
303.576
303.598
303.619
303.64
303.661
303.682
303.702
303.722
303.742
303.761
303.781
303.8
303.818
303.837
303.855
303.873
303.891
303.908
303.925
303.941
303.958
303.974
303.99
304.005
304.02
304.034
304.048
304.062
304.075
304.088
304.1
304.112
304.123
304.134
304.144
304.153
304.162
304.17
304.177
304.184
304.189
304.194
304.198
304.201
304.203
304.204
304.203
304.202
304.199
304.195
304.189
304.182
304.173
304.162
304.149
304.134
304.117
304.097
304.074
304.048
304.019
303.986
303.95
303.909
303.863
303.812
303.757
303.695
303.628
303.555
303.477
303.393
301.339
301.357
301.376
301.395
301.414
301.434
301.454
301.474
301.494
301.514
301.535
301.556
301.577
301.599
301.62
301.642
301.664
301.686
301.708
301.731
301.754
301.777
301.8
301.823
301.846
301.87
301.894
301.917
301.941
301.965
301.99
302.014
302.038
302.063
302.087
302.112
302.137
302.162
302.187
302.212
302.237
302.262
302.287
302.312
302.338
302.363
302.388
302.414
302.439
302.464
302.49
302.515
302.541
302.566
302.592
302.617
302.643
302.668
302.693
302.719
302.744
302.769
302.795
302.82
302.845
302.87
302.895
302.92
302.945
302.97
302.995
303.019
303.044
303.068
303.092
303.117
303.141
303.165
303.188
303.212
303.235
303.259
303.282
303.305
303.327
303.35
303.372
303.395
303.416
303.438
303.46
303.481
303.502
303.523
303.543
303.564
303.584
303.603
303.623
303.642
303.661
303.68
303.699
303.717
303.735
303.752
303.77
303.787
303.804
303.82
303.836
303.852
303.867
303.882
303.897
303.911
303.925
303.939
303.952
303.964
303.976
303.987
303.998
304.008
304.018
304.027
304.035
304.042
304.049
304.055
304.06
304.064
304.067
304.069
304.07
304.07
304.069
304.067
304.063
304.058
304.051
304.043
304.032
304.02
304.006
303.989
303.97
303.948
303.924
303.896
303.864
303.83
303.791
303.747
303.7
303.647
303.589
303.526
303.458
303.385
303.306
301.271
301.288
301.305
301.323
301.341
301.359
301.377
301.396
301.415
301.434
301.453
301.473
301.493
301.512
301.533
301.553
301.574
301.594
301.615
301.637
301.658
301.68
301.701
301.723
301.745
301.768
301.79
301.813
301.835
301.858
301.881
301.904
301.928
301.951
301.974
301.998
302.022
302.046
302.07
302.094
302.118
302.142
302.166
302.19
302.215
302.239
302.264
302.288
302.313
302.338
302.362
302.387
302.412
302.437
302.461
302.486
302.511
302.536
302.561
302.586
302.61
302.635
302.66
302.685
302.709
302.734
302.759
302.783
302.808
302.832
302.857
302.881
302.905
302.929
302.953
302.977
303.001
303.024
303.048
303.071
303.095
303.118
303.141
303.163
303.186
303.208
303.23
303.252
303.274
303.296
303.317
303.338
303.359
303.38
303.4
303.421
303.441
303.46
303.48
303.499
303.518
303.537
303.555
303.574
303.592
303.609
303.627
303.644
303.661
303.677
303.693
303.709
303.725
303.74
303.755
303.769
303.783
303.797
303.81
303.822
303.834
303.846
303.857
303.867
303.877
303.886
303.894
303.902
303.909
303.915
303.92
303.924
303.928
303.93
303.932
303.932
303.931
303.929
303.926
303.921
303.915
303.907
303.897
303.886
303.872
303.856
303.838
303.817
303.794
303.768
303.738
303.705
303.668
303.627
303.582
303.533
303.479
303.42
303.356
303.288
303.215
301.203
301.219
301.235
301.252
301.268
301.285
301.302
301.32
301.337
301.355
301.373
301.391
301.409
301.428
301.447
301.466
301.485
301.504
301.524
301.544
301.564
301.584
301.605
301.625
301.646
301.667
301.688
301.709
301.731
301.752
301.774
301.796
301.818
301.84
301.863
301.885
301.908
301.931
301.953
301.976
301.999
302.023
302.046
302.069
302.093
302.116
302.14
302.163
302.187
302.211
302.235
302.259
302.283
302.307
302.331
302.355
302.379
302.403
302.428
302.452
302.476
302.5
302.524
302.548
302.573
302.597
302.621
302.645
302.669
302.693
302.717
302.741
302.764
302.788
302.812
302.835
302.858
302.882
302.905
302.928
302.951
302.974
302.996
303.019
303.041
303.063
303.085
303.107
303.128
303.15
303.171
303.192
303.213
303.233
303.253
303.274
303.293
303.313
303.332
303.352
303.371
303.389
303.408
303.426
303.444
303.461
303.479
303.496
303.513
303.529
303.546
303.562
303.577
303.592
303.607
303.622
303.636
303.649
303.662
303.675
303.687
303.699
303.71
303.72
303.73
303.74
303.748
303.756
303.763
303.769
303.775
303.779
303.783
303.786
303.788
303.788
303.788
303.786
303.783
303.779
303.773
303.766
303.757
303.746
303.733
303.718
303.701
303.682
303.66
303.635
303.607
303.576
303.541
303.503
303.461
303.415
303.364
303.31
303.25
303.187
303.12
301.137
301.151
301.166
301.182
301.197
301.213
301.228
301.244
301.261
301.277
301.294
301.311
301.328
301.345
301.363
301.38
301.398
301.416
301.435
301.453
301.472
301.491
301.51
301.529
301.549
301.568
301.588
301.608
301.628
301.649
301.669
301.69
301.711
301.732
301.753
301.774
301.796
301.817
301.839
301.861
301.883
301.905
301.927
301.949
301.972
301.994
302.017
302.04
302.062
302.085
302.108
302.131
302.154
302.178
302.201
302.224
302.247
302.271
302.294
302.318
302.341
302.364
302.388
302.411
302.435
302.458
302.482
302.505
302.529
302.552
302.575
302.599
302.622
302.645
302.668
302.691
302.714
302.737
302.76
302.782
302.805
302.827
302.849
302.871
302.893
302.915
302.937
302.958
302.979
303
303.021
303.042
303.062
303.083
303.103
303.123
303.142
303.162
303.181
303.2
303.219
303.238
303.256
303.274
303.292
303.31
303.327
303.344
303.361
303.377
303.393
303.409
303.425
303.44
303.455
303.47
303.484
303.497
303.51
303.523
303.535
303.547
303.558
303.569
303.579
303.588
303.597
303.605
303.612
303.619
303.625
303.629
303.633
303.636
303.639
303.64
303.639
303.638
303.636
303.632
303.627
303.62
303.612
303.602
303.59
303.576
303.56
303.542
303.521
303.497
303.471
303.442
303.41
303.374
303.335
303.292
303.245
303.195
303.14
303.082
303.019
301.071
301.085
301.099
301.113
301.127
301.141
301.156
301.171
301.186
301.201
301.216
301.232
301.248
301.264
301.28
301.297
301.313
301.33
301.347
301.364
301.382
301.399
301.417
301.435
301.454
301.472
301.49
301.509
301.528
301.547
301.566
301.586
301.606
301.625
301.645
301.665
301.686
301.706
301.726
301.747
301.768
301.789
301.81
301.831
301.852
301.874
301.895
301.917
301.939
301.961
301.983
302.005
302.027
302.049
302.071
302.094
302.116
302.139
302.161
302.184
302.206
302.229
302.252
302.274
302.297
302.32
302.343
302.365
302.388
302.411
302.433
302.456
302.479
302.501
302.524
302.546
302.568
302.591
302.613
302.635
302.657
302.679
302.7
302.722
302.743
302.765
302.786
302.807
302.828
302.849
302.869
302.889
302.91
302.93
302.949
302.969
302.989
303.008
303.027
303.046
303.064
303.083
303.101
303.119
303.136
303.154
303.171
303.188
303.205
303.221
303.237
303.253
303.269
303.284
303.299
303.313
303.327
303.341
303.354
303.367
303.379
303.391
303.402
303.413
303.423
303.433
303.441
303.45
303.457
303.464
303.47
303.475
303.479
303.482
303.485
303.486
303.486
303.485
303.483
303.48
303.476
303.469
303.462
303.453
303.442
303.429
303.414
303.397
303.378
303.356
303.332
303.305
303.275
303.242
303.205
303.166
303.123
303.076
303.026
302.972
302.915
301.007
301.02
301.032
301.045
301.058
301.072
301.085
301.099
301.113
301.127
301.141
301.155
301.17
301.185
301.2
301.215
301.231
301.246
301.262
301.278
301.294
301.311
301.327
301.344
301.361
301.378
301.395
301.413
301.431
301.448
301.466
301.485
301.503
301.521
301.54
301.559
301.578
301.597
301.617
301.636
301.656
301.675
301.695
301.715
301.736
301.756
301.776
301.797
301.818
301.838
301.859
301.88
301.901
301.922
301.944
301.965
301.987
302.008
302.03
302.051
302.073
302.095
302.117
302.138
302.16
302.182
302.204
302.226
302.248
302.27
302.292
302.313
302.335
302.357
302.379
302.401
302.422
302.444
302.465
302.487
302.508
302.529
302.551
302.572
302.593
302.613
302.634
302.655
302.675
302.695
302.715
302.735
302.755
302.775
302.794
302.813
302.832
302.851
302.87
302.888
302.907
302.925
302.943
302.961
302.978
302.995
303.013
303.029
303.046
303.062
303.078
303.094
303.109
303.125
303.139
303.154
303.168
303.181
303.195
303.207
303.22
303.231
303.243
303.253
303.263
303.273
303.282
303.29
303.298
303.305
303.311
303.316
303.32
303.324
303.327
303.328
303.329
303.329
303.327
303.324
303.32
303.315
303.308
303.3
303.29
303.278
303.264
303.249
303.231
303.211
303.188
303.163
303.136
303.105
303.072
303.036
302.996
302.953
302.907
302.858
302.806
300.944
300.956
300.968
300.98
300.992
301.004
301.016
301.029
301.042
301.055
301.068
301.081
301.095
301.108
301.122
301.136
301.151
301.165
301.18
301.194
301.209
301.225
301.24
301.255
301.271
301.287
301.303
301.319
301.336
301.352
301.369
301.386
301.403
301.421
301.438
301.456
301.474
301.492
301.51
301.528
301.546
301.565
301.584
301.602
301.621
301.641
301.66
301.679
301.699
301.718
301.738
301.758
301.778
301.798
301.818
301.839
301.859
301.88
301.9
301.921
301.941
301.962
301.983
302.004
302.025
302.046
302.067
302.088
302.109
302.13
302.151
302.172
302.193
302.214
302.235
302.256
302.277
302.298
302.318
302.339
302.36
302.38
302.401
302.421
302.441
302.462
302.482
302.502
302.521
302.541
302.561
302.58
302.599
302.618
302.637
302.656
302.675
302.693
302.712
302.73
302.748
302.766
302.783
302.801
302.818
302.835
302.852
302.869
302.885
302.901
302.917
302.933
302.948
302.963
302.977
302.992
303.006
303.019
303.032
303.045
303.057
303.069
303.08
303.091
303.101
303.11
303.119
303.128
303.135
303.142
303.149
303.154
303.159
303.163
303.166
303.168
303.169
303.169
303.168
303.166
303.162
303.157
303.151
303.144
303.135
303.124
303.111
303.097
303.081
303.063
303.042
303.019
302.994
302.966
302.936
302.902
302.866
302.828
302.786
302.741
302.693
300.884
300.894
300.905
300.916
300.927
300.938
300.95
300.961
300.973
300.985
300.997
301.009
301.022
301.034
301.047
301.06
301.073
301.087
301.1
301.114
301.128
301.142
301.156
301.17
301.185
301.199
301.214
301.229
301.245
301.26
301.276
301.291
301.307
301.323
301.34
301.356
301.373
301.389
301.406
301.423
301.441
301.458
301.475
301.493
301.511
301.529
301.547
301.565
301.584
301.602
301.621
301.639
301.658
301.677
301.696
301.716
301.735
301.754
301.774
301.793
301.813
301.833
301.852
301.872
301.892
301.912
301.932
301.952
301.972
301.992
302.012
302.032
302.052
302.072
302.093
302.113
302.133
302.153
302.173
302.193
302.212
302.232
302.252
302.272
302.291
302.311
302.33
302.349
302.368
302.388
302.406
302.425
302.444
302.463
302.481
302.499
302.518
302.536
302.554
302.571
302.589
302.606
302.624
302.641
302.658
302.674
302.691
302.707
302.723
302.739
302.755
302.77
302.785
302.8
302.814
302.828
302.842
302.855
302.868
302.881
302.893
302.905
302.916
302.927
302.937
302.946
302.955
302.964
302.971
302.978
302.985
302.99
302.995
302.999
303.003
303.005
303.006
303.007
303.006
303.005
303.002
302.998
302.992
302.986
302.978
302.968
302.957
302.944
302.929
302.912
302.894
302.873
302.85
302.825
302.797
302.767
302.734
302.699
302.661
302.621
302.577
300.825
300.835
300.845
300.855
300.865
300.875
300.886
300.896
300.907
300.918
300.929
300.941
300.952
300.964
300.975
300.987
300.999
301.012
301.024
301.037
301.049
301.062
301.075
301.089
301.102
301.116
301.129
301.143
301.157
301.172
301.186
301.201
301.215
301.23
301.245
301.261
301.276
301.291
301.307
301.323
301.339
301.355
301.372
301.388
301.405
301.421
301.438
301.455
301.473
301.49
301.507
301.525
301.543
301.56
301.578
301.596
301.614
301.633
301.651
301.67
301.688
301.707
301.725
301.744
301.763
301.782
301.801
301.82
301.839
301.858
301.877
301.896
301.915
301.934
301.953
301.973
301.992
302.011
302.03
302.049
302.068
302.087
302.106
302.125
302.143
302.162
302.181
302.199
302.218
302.236
302.254
302.273
302.291
302.309
302.327
302.344
302.362
302.379
302.397
302.414
302.431
302.448
302.465
302.482
302.498
302.515
302.531
302.547
302.562
302.578
302.593
302.608
302.623
302.637
302.651
302.665
302.679
302.692
302.705
302.717
302.729
302.741
302.752
302.762
302.772
302.782
302.791
302.799
302.807
302.814
302.82
302.826
302.831
302.836
302.839
302.842
302.843
302.844
302.844
302.843
302.841
302.837
302.833
302.827
302.82
302.811
302.801
302.79
302.777
302.762
302.745
302.726
302.705
302.683
302.658
302.631
302.601
302.569
302.535
302.499
302.459
300.769
300.778
300.787
300.797
300.806
300.815
300.825
300.835
300.845
300.855
300.865
300.875
300.886
300.896
300.907
300.918
300.929
300.94
300.952
300.963
300.975
300.987
300.999
301.011
301.024
301.036
301.049
301.062
301.075
301.088
301.101
301.114
301.128
301.142
301.156
301.17
301.184
301.198
301.213
301.228
301.243
301.258
301.273
301.288
301.304
301.319
301.335
301.351
301.367
301.383
301.399
301.416
301.432
301.449
301.465
301.482
301.499
301.516
301.534
301.551
301.568
301.586
301.603
301.621
301.639
301.657
301.674
301.692
301.71
301.728
301.746
301.764
301.783
301.801
301.819
301.837
301.855
301.873
301.891
301.909
301.928
301.946
301.964
301.982
302
302.018
302.035
302.053
302.071
302.088
302.106
302.124
302.141
302.158
302.176
302.193
302.21
302.227
302.243
302.26
302.277
302.293
302.31
302.326
302.342
302.358
302.373
302.389
302.404
302.419
302.434
302.449
302.463
302.477
302.491
302.505
302.518
302.531
302.543
302.555
302.567
302.578
302.589
302.6
302.609
302.619
302.628
302.636
302.644
302.651
302.658
302.663
302.669
302.673
302.677
302.68
302.682
302.683
302.683
302.683
302.681
302.678
302.675
302.67
302.663
302.656
302.647
302.637
302.625
302.612
302.597
302.58
302.562
302.541
302.519
302.495
302.468
302.44
302.409
302.376
302.341
300.717
300.725
300.733
300.742
300.75
300.759
300.768
300.777
300.786
300.795
300.804
300.814
300.824
300.833
300.843
300.853
300.863
300.874
300.884
300.895
300.906
300.916
300.928
300.939
300.95
300.962
300.973
300.985
300.997
301.009
301.021
301.034
301.046
301.059
301.072
301.085
301.098
301.111
301.125
301.138
301.152
301.166
301.18
301.194
301.208
301.223
301.238
301.252
301.267
301.282
301.297
301.313
301.328
301.343
301.359
301.375
301.391
301.407
301.423
301.439
301.455
301.471
301.488
301.504
301.521
301.538
301.555
301.571
301.588
301.605
301.622
301.639
301.656
301.673
301.691
301.708
301.725
301.742
301.759
301.776
301.794
301.811
301.828
301.845
301.862
301.879
301.896
301.913
301.93
301.947
301.964
301.98
301.997
302.014
302.03
302.047
302.063
302.079
302.096
302.112
302.128
302.144
302.159
302.175
302.19
302.206
302.221
302.236
302.251
302.266
302.28
302.294
302.308
302.322
302.335
302.348
302.361
302.374
302.386
302.398
302.409
302.42
302.431
302.441
302.451
302.46
302.469
302.477
302.485
302.492
302.499
302.505
302.51
302.515
302.518
302.522
302.524
302.526
302.526
302.526
302.525
302.523
302.52
302.516
302.51
302.504
302.496
302.487
302.477
302.465
302.452
302.437
302.421
302.402
302.383
302.361
302.337
302.312
302.284
302.255
302.224
300.669
300.676
300.684
300.691
300.699
300.707
300.715
300.723
300.732
300.74
300.749
300.757
300.766
300.775
300.784
300.793
300.803
300.812
300.822
300.832
300.842
300.852
300.862
300.872
300.882
300.893
300.904
300.915
300.926
300.937
300.948
300.959
300.971
300.983
300.995
301.007
301.019
301.031
301.043
301.056
301.069
301.081
301.094
301.108
301.121
301.134
301.148
301.161
301.175
301.189
301.203
301.217
301.231
301.246
301.26
301.275
301.29
301.305
301.32
301.335
301.35
301.365
301.381
301.396
301.412
301.427
301.443
301.459
301.475
301.49
301.506
301.522
301.538
301.555
301.571
301.587
301.603
301.619
301.635
301.652
301.668
301.684
301.7
301.717
301.733
301.749
301.765
301.781
301.797
301.814
301.83
301.846
301.862
301.877
301.893
301.909
301.925
301.94
301.956
301.971
301.987
302.002
302.017
302.032
302.047
302.062
302.077
302.091
302.106
302.12
302.134
302.147
302.161
302.174
302.187
302.2
302.212
302.224
302.236
302.248
302.259
302.27
302.28
302.29
302.3
302.309
302.317
302.325
302.333
302.34
302.347
302.353
302.358
302.363
302.367
302.37
302.373
302.375
302.376
302.376
302.376
302.374
302.372
302.368
302.364
302.358
302.352
302.344
302.335
302.324
302.313
302.3
302.285
302.269
302.251
302.232
302.211
302.189
302.164
302.138
302.11
300.625
300.632
300.639
300.646
300.653
300.66
300.668
300.675
300.683
300.691
300.699
300.707
300.715
300.723
300.731
300.74
300.748
300.757
300.766
300.775
300.784
300.793
300.803
300.812
300.822
300.831
300.841
300.851
300.861
300.872
300.882
300.893
300.903
300.914
300.925
300.936
300.947
300.959
300.97
300.982
300.994
301.005
301.017
301.03
301.042
301.054
301.067
301.079
301.092
301.105
301.118
301.131
301.145
301.158
301.171
301.185
301.199
301.213
301.227
301.241
301.255
301.269
301.283
301.298
301.312
301.327
301.342
301.356
301.371
301.386
301.401
301.416
301.431
301.446
301.462
301.477
301.492
301.507
301.523
301.538
301.553
301.569
301.584
301.6
301.615
301.63
301.646
301.661
301.676
301.692
301.707
301.722
301.737
301.753
301.768
301.783
301.798
301.813
301.828
301.843
301.857
301.872
301.887
301.901
301.915
301.93
301.944
301.958
301.971
301.985
301.998
302.012
302.025
302.038
302.05
302.062
302.074
302.086
302.098
302.109
302.12
302.13
302.14
302.15
302.159
302.168
302.176
302.184
302.192
302.199
302.205
302.211
302.217
302.222
302.226
302.229
302.232
302.234
302.236
302.236
302.236
302.235
302.234
302.231
302.227
302.223
302.217
302.21
302.202
302.193
302.183
302.171
302.159
302.144
302.129
302.112
302.093
302.073
302.051
302.028
302.003
300.587
300.593
300.6
300.606
300.613
300.62
300.627
300.634
300.641
300.648
300.655
300.663
300.67
300.678
300.685
300.693
300.701
300.709
300.718
300.726
300.734
300.743
300.751
300.76
300.769
300.778
300.787
300.797
300.806
300.815
300.825
300.835
300.845
300.855
300.865
300.875
300.886
300.896
300.907
300.918
300.929
300.94
300.951
300.962
300.973
300.985
300.997
301.008
301.02
301.032
301.044
301.057
301.069
301.082
301.094
301.107
301.12
301.133
301.146
301.159
301.172
301.185
301.199
301.212
301.226
301.24
301.254
301.267
301.281
301.295
301.309
301.324
301.338
301.352
301.366
301.381
301.395
301.41
301.424
301.439
301.453
301.468
301.482
301.497
301.512
301.526
301.541
301.555
301.57
301.585
301.599
301.614
301.628
301.643
301.657
301.672
301.686
301.7
301.715
301.729
301.743
301.757
301.771
301.785
301.799
301.813
301.826
301.839
301.853
301.866
301.879
301.891
301.904
301.916
301.928
301.94
301.952
301.963
301.974
301.985
301.995
302.006
302.015
302.025
302.034
302.042
302.051
302.059
302.066
302.073
302.079
302.085
302.091
302.095
302.1
302.103
302.106
302.109
302.11
302.111
302.112
302.111
302.11
302.108
302.105
302.101
302.096
302.09
302.083
302.076
302.067
302.056
302.045
302.032
302.019
302.003
301.987
301.969
301.95
301.929
301.907
300.556
300.562
300.568
300.574
300.58
300.587
300.593
300.6
300.606
300.613
300.62
300.627
300.634
300.641
300.648
300.655
300.663
300.67
300.678
300.686
300.694
300.702
300.71
300.718
300.726
300.735
300.743
300.752
300.761
300.77
300.779
300.788
300.797
300.807
300.816
300.826
300.835
300.845
300.855
300.865
300.876
300.886
300.896
300.907
300.918
300.928
300.939
300.95
300.962
300.973
300.984
300.996
301.007
301.019
301.031
301.043
301.055
301.067
301.08
301.092
301.104
301.117
301.13
301.142
301.155
301.168
301.181
301.194
301.208
301.221
301.234
301.248
301.261
301.275
301.288
301.302
301.316
301.329
301.343
301.357
301.371
301.385
301.399
301.412
301.426
301.44
301.454
301.468
301.482
301.496
301.51
301.524
301.538
301.552
301.566
301.58
301.594
301.608
301.621
301.635
301.649
301.662
301.676
301.689
301.702
301.715
301.728
301.741
301.754
301.767
301.779
301.791
301.804
301.815
301.827
301.839
301.85
301.861
301.871
301.882
301.892
301.902
301.911
301.92
301.929
301.938
301.946
301.953
301.961
301.967
301.974
301.98
301.985
301.99
301.994
301.998
302.001
302.004
302.006
302.007
302.007
302.007
302.006
302.005
302.002
301.999
301.995
301.99
301.984
301.977
301.969
301.96
301.95
301.938
301.926
301.912
301.898
301.881
301.864
301.845
301.825
300.533
300.539
300.545
300.551
300.557
300.563
300.569
300.575
300.581
300.588
300.594
300.601
300.607
300.614
300.621
300.628
300.635
300.642
300.65
300.657
300.664
300.672
300.68
300.687
300.695
300.703
300.712
300.72
300.728
300.737
300.745
300.754
300.763
300.772
300.781
300.79
300.799
300.808
300.818
300.827
300.837
300.847
300.857
300.867
300.877
300.887
300.898
300.908
300.919
300.93
300.941
300.952
300.963
300.974
300.985
300.997
301.008
301.02
301.031
301.043
301.055
301.067
301.079
301.091
301.104
301.116
301.129
301.141
301.154
301.166
301.179
301.192
301.205
301.218
301.231
301.244
301.257
301.271
301.284
301.297
301.31
301.324
301.337
301.351
301.364
301.378
301.391
301.405
301.418
301.432
301.445
301.459
301.472
301.486
301.499
301.513
301.526
301.539
301.553
301.566
301.579
301.592
301.605
301.618
301.631
301.644
301.657
301.669
301.681
301.694
301.706
301.718
301.729
301.741
301.752
301.763
301.774
301.785
301.795
301.805
301.815
301.825
301.834
301.843
301.852
301.86
301.868
301.875
301.882
301.889
301.895
301.901
301.906
301.911
301.916
301.919
301.923
301.925
301.927
301.929
301.93
301.93
301.929
301.928
301.926
301.923
301.919
301.915
301.91
301.903
301.896
301.888
301.879
301.868
301.857
301.844
301.831
301.816
301.8
301.783
301.764
300.521
300.527
300.532
300.538
300.544
300.55
300.555
300.561
300.568
300.574
300.58
300.586
300.593
300.6
300.606
300.613
300.62
300.627
300.634
300.641
300.648
300.656
300.663
300.671
300.678
300.686
300.694
300.702
300.71
300.718
300.727
300.735
300.744
300.752
300.761
300.77
300.779
300.788
300.797
300.807
300.816
300.826
300.835
300.845
300.855
300.865
300.875
300.885
300.896
300.906
300.917
300.927
300.938
300.949
300.96
300.971
300.982
300.994
301.005
301.017
301.028
301.04
301.052
301.064
301.075
301.088
301.1
301.112
301.124
301.137
301.149
301.162
301.174
301.187
301.2
301.212
301.225
301.238
301.251
301.264
301.277
301.29
301.303
301.317
301.33
301.343
301.356
301.37
301.383
301.396
301.409
301.423
301.436
301.449
301.462
301.476
301.489
301.502
301.515
301.528
301.541
301.554
301.567
301.579
301.592
301.604
301.617
301.629
301.641
301.653
301.665
301.677
301.688
301.7
301.711
301.722
301.732
301.743
301.753
301.763
301.773
301.782
301.791
301.8
301.808
301.817
301.824
301.832
301.839
301.845
301.852
301.857
301.863
301.867
301.872
301.876
301.879
301.882
301.884
301.885
301.886
301.887
301.886
301.885
301.883
301.881
301.877
301.873
301.868
301.862
301.855
301.848
301.839
301.829
301.818
301.806
301.794
301.779
301.764
301.748
301.73
303.953
303.318
302.857
302.486
302.174
301.907
301.673
301.469
301.288
301.128
300.986
300.86
300.748
300.648
300.56
300.482
300.414
300.353
300.3
300.254
300.213
300.179
300.149
300.123
300.101
300.083
300.067
300.054
300.043
300.035
300.027
300.022
300.017
300.013
300.01
300.008
300.006
300.004
300.003
300.002
300.001
300.001
300.001
300
300
300
300
300
300
300
300
303.95
303.318
302.857
302.486
302.174
301.907
301.673
301.469
301.288
301.128
300.986
300.86
300.748
300.648
300.56
300.482
300.414
300.353
300.3
300.254
300.213
300.179
300.149
300.123
300.101
300.083
300.067
300.054
300.043
300.035
300.027
300.022
300.017
300.013
300.01
300.008
300.006
300.004
300.003
300.002
300.001
300.001
300.001
300
300
300
300
300
300
300
300
303.945
303.317
302.856
302.486
302.174
301.907
301.674
301.469
301.288
301.128
300.986
300.86
300.748
300.648
300.56
300.482
300.414
300.353
300.3
300.254
300.213
300.179
300.149
300.123
300.101
300.083
300.067
300.054
300.044
300.035
300.027
300.022
300.017
300.013
300.01
300.008
300.006
300.004
300.003
300.002
300.001
300.001
300.001
300
300
300
300
300
300
300
300
303.938
303.315
302.856
302.485
302.174
301.907
301.674
301.469
301.288
301.128
300.986
300.86
300.748
300.649
300.56
300.483
300.414
300.353
300.3
300.254
300.214
300.179
300.149
300.123
300.101
300.083
300.067
300.054
300.044
300.035
300.027
300.022
300.017
300.013
300.01
300.008
300.006
300.004
300.003
300.002
300.001
300.001
300.001
300
300
300
300
300
300
300
300
303.928
303.312
302.855
302.485
302.174
301.907
301.674
301.469
301.288
301.128
300.986
300.86
300.748
300.649
300.561
300.483
300.414
300.353
300.3
300.254
300.214
300.179
300.149
300.123
300.101
300.083
300.067
300.054
300.044
300.035
300.027
300.022
300.017
300.013
300.01
300.008
300.006
300.004
300.003
300.002
300.001
300.001
300.001
300
300
300
300
300
300
300
300
303.915
303.309
302.853
302.484
302.174
301.907
301.674
301.469
301.289
301.129
300.986
300.86
300.748
300.649
300.561
300.483
300.414
300.354
300.3
300.254
300.214
300.179
300.149
300.123
300.101
300.083
300.067
300.054
300.044
300.035
300.027
300.022
300.017
300.013
300.01
300.008
300.006
300.004
300.003
300.002
300.001
300.001
300.001
300
300
300
300
300
300
300
300
303.9
303.305
302.852
302.484
302.174
301.907
301.674
301.47
301.289
301.129
300.987
300.861
300.749
300.649
300.561
300.483
300.414
300.354
300.301
300.254
300.214
300.179
300.149
300.123
300.101
300.083
300.067
300.054
300.044
300.035
300.028
300.022
300.017
300.013
300.01
300.008
300.006
300.004
300.003
300.002
300.001
300.001
300.001
300
300
300
300
300
300
300
300
303.883
303.299
302.85
302.483
302.173
301.907
301.674
301.47
301.289
301.129
300.987
300.861
300.749
300.65
300.562
300.484
300.415
300.354
300.301
300.255
300.214
300.179
300.149
300.123
300.102
300.083
300.068
300.055
300.044
300.035
300.028
300.022
300.017
300.013
300.01
300.008
300.006
300.004
300.003
300.002
300.001
300.001
300.001
300
300
300
300
300
300
300
300
303.862
303.293
302.847
302.482
302.173
301.907
301.675
301.47
301.29
301.13
300.988
300.862
300.75
300.65
300.562
300.484
300.415
300.355
300.301
300.255
300.214
300.18
300.149
300.124
300.102
300.083
300.068
300.055
300.044
300.035
300.028
300.022
300.017
300.013
300.01
300.008
300.006
300.004
300.003
300.002
300.001
300.001
300.001
300
300
300
300
300
300
300
300
303.84
303.285
302.844
302.481
302.173
301.907
301.675
301.471
301.291
301.131
300.989
300.862
300.75
300.651
300.563
300.485
300.416
300.355
300.302
300.255
300.215
300.18
300.15
300.124
300.102
300.083
300.068
300.055
300.044
300.035
300.028
300.022
300.017
300.013
300.01
300.008
300.006
300.004
300.003
300.002
300.001
300.001
300.001
300
300
300
300
300
300
300
300
303.814
303.275
302.84
302.479
302.173
301.907
301.676
301.472
301.291
301.131
300.989
300.863
300.751
300.652
300.563
300.485
300.416
300.356
300.302
300.256
300.215
300.18
300.15
300.124
300.102
300.084
300.068
300.055
300.044
300.035
300.028
300.022
300.017
300.013
300.01
300.008
300.006
300.004
300.003
300.002
300.002
300.001
300.001
300
300
300
300
300
300
300
300
303.786
303.265
302.836
302.478
302.172
301.908
301.676
301.472
301.292
301.132
300.99
300.864
300.752
300.653
300.564
300.486
300.417
300.356
300.303
300.256
300.216
300.181
300.15
300.124
300.102
300.084
300.068
300.055
300.044
300.035
300.028
300.022
300.017
300.013
300.01
300.008
300.006
300.004
300.003
300.002
300.002
300.001
300.001
300
300
300
300
300
300
300
300
303.756
303.252
302.83
302.475
302.172
301.908
301.677
301.473
301.293
301.134
300.992
300.865
300.753
300.654
300.565
300.487
300.418
300.357
300.303
300.257
300.216
300.181
300.151
300.125
300.103
300.084
300.068
300.055
300.044
300.035
300.028
300.022
300.017
300.013
300.01
300.008
300.006
300.004
300.003
300.002
300.002
300.001
300.001
300
300
300
300
300
300
300
300
303.723
303.238
302.824
302.473
302.171
301.908
301.678
301.474
301.295
301.135
300.993
300.867
300.754
300.655
300.566
300.488
300.419
300.358
300.304
300.257
300.217
300.181
300.151
300.125
300.103
300.084
300.069
300.055
300.044
300.035
300.028
300.022
300.017
300.013
300.01
300.008
300.006
300.004
300.003
300.002
300.002
300.001
300.001
300
300
300
300
300
300
300
300
303.687
303.221
302.816
302.469
302.17
301.908
301.678
301.476
301.296
301.136
300.994
300.868
300.756
300.656
300.567
300.489
300.419
300.358
300.305
300.258
300.217
300.182
300.152
300.125
300.103
300.085
300.069
300.056
300.045
300.036
300.028
300.022
300.017
300.013
300.01
300.008
300.006
300.004
300.003
300.002
300.002
300.001
300.001
300
300
300
300
300
300
300
300
303.647
303.202
302.807
302.465
302.168
301.908
301.679
301.477
301.297
301.138
300.996
300.869
300.757
300.657
300.568
300.49
300.42
300.359
300.306
300.259
300.218
300.182
300.152
300.126
300.104
300.085
300.069
300.056
300.045
300.036
300.028
300.022
300.017
300.013
300.01
300.008
300.006
300.004
300.003
300.002
300.002
300.001
300.001
300
300
300
300
300
300
300
300
303.605
303.18
302.796
302.46
302.166
301.908
301.68
301.478
301.299
301.139
300.997
300.871
300.759
300.659
300.57
300.491
300.422
300.36
300.306
300.259
300.219
300.183
300.153
300.126
300.104
300.085
300.069
300.056
300.045
300.036
300.028
300.022
300.017
300.013
300.01
300.008
300.006
300.004
300.003
300.002
300.002
300.001
300.001
300
300
300
300
300
300
300
300
303.56
303.155
302.783
302.453
302.163
301.907
301.68
301.479
301.3
301.141
300.999
300.873
300.76
300.66
300.571
300.492
300.423
300.361
300.307
300.26
300.219
300.184
300.153
300.127
300.104
300.086
300.07
300.056
300.045
300.036
300.029
300.022
300.018
300.014
300.01
300.008
300.006
300.004
300.003
300.002
300.002
300.001
300.001
300
300
300
300
300
300
300
300
303.511
303.126
302.767
302.445
302.159
301.905
301.68
301.48
301.301
301.142
301.001
300.874
300.762
300.662
300.573
300.494
300.424
300.362
300.308
300.261
300.22
300.184
300.154
300.127
300.105
300.086
300.07
300.056
300.045
300.036
300.029
300.023
300.018
300.014
300.01
300.008
300.006
300.004
300.003
300.002
300.002
300.001
300.001
300
300
300
300
300
300
300
300
303.459
303.094
302.748
302.434
302.153
301.902
301.679
301.48
301.302
301.144
301.002
300.876
300.763
300.663
300.574
300.495
300.425
300.363
300.309
300.262
300.221
300.185
300.154
300.128
300.105
300.086
300.07
300.057
300.046
300.036
300.029
300.023
300.018
300.014
300.011
300.008
300.006
300.004
300.003
300.002
300.002
300.001
300.001
300
300
300
300
300
300
300
300
303.403
303.058
302.726
302.421
302.146
301.899
301.678
301.48
301.303
301.145
301.004
300.878
300.765
300.665
300.576
300.496
300.426
300.365
300.31
300.263
300.221
300.186
300.155
300.128
300.106
300.087
300.07
300.057
300.046
300.037
300.029
300.023
300.018
300.014
300.011
300.008
300.006
300.004
300.003
300.002
300.002
300.001
300.001
300
300
300
300
300
300
300
300
303.343
303.018
302.701
302.405
302.136
301.893
301.675
301.479
301.303
301.146
301.005
300.879
300.767
300.666
300.577
300.498
300.428
300.366
300.311
300.264
300.222
300.186
300.155
300.129
300.106
300.087
300.071
300.057
300.046
300.037
300.029
300.023
300.018
300.014
300.011
300.008
300.006
300.005
300.003
300.002
300.002
300.001
300.001
300
300
300
300
300
300
300
300
303.278
302.973
302.671
302.386
302.124
301.886
301.671
301.477
301.303
301.146
301.006
300.88
300.768
300.668
300.578
300.499
300.429
300.367
300.312
300.265
300.223
300.187
300.156
300.129
300.107
300.087
300.071
300.058
300.046
300.037
300.029
300.023
300.018
300.014
300.011
300.008
300.006
300.005
300.003
300.002
300.002
300.001
300.001
300
300
300
300
300
300
300
300
303.209
302.923
302.636
302.363
302.109
301.877
301.665
301.474
301.302
301.146
301.007
300.881
300.769
300.669
300.58
300.5
300.43
300.368
300.313
300.265
300.224
300.188
300.156
300.13
300.107
300.088
300.071
300.058
300.046
300.037
300.029
300.023
300.018
300.014
300.011
300.008
300.006
300.005
300.003
300.002
300.002
300.001
300.001
300
300
300
300
300
300
300
300
303.135
302.868
302.597
302.336
302.091
301.865
301.658
301.47
301.299
301.145
301.006
300.882
300.77
300.67
300.581
300.501
300.431
300.369
300.314
300.266
300.224
300.188
300.157
300.13
300.107
300.088
300.072
300.058
300.047
300.037
300.03
300.023
300.018
300.014
300.011
300.008
300.006
300.005
300.003
300.002
300.002
300.001
300.001
300
300
300
300
300
300
300
300
303.056
302.807
302.553
302.304
302.069
301.85
301.648
301.463
301.295
301.143
301.006
300.882
300.77
300.671
300.582
300.502
300.432
300.37
300.315
300.267
300.225
300.189
300.157
300.131
300.108
300.088
300.072
300.058
300.047
300.037
300.03
300.023
300.018
300.014
300.011
300.008
300.006
300.005
300.003
300.002
300.002
300.001
300.001
300
300
300
300
300
300
300
300
302.972
302.741
302.503
302.268
302.043
301.831
301.635
301.455
301.29
301.14
301.004
300.881
300.77
300.671
300.582
300.503
300.433
300.37
300.316
300.267
300.226
300.189
300.158
300.131
300.108
300.089
300.072
300.058
300.047
300.038
300.03
300.023
300.018
300.014
300.011
300.008
300.006
300.005
300.003
300.002
300.002
300.001
300.001
300
300
300
300
300
300
300
300
302.883
302.67
302.447
302.226
302.012
301.809
301.619
301.444
301.282
301.135
301.001
300.879
300.769
300.671
300.582
300.503
300.433
300.371
300.316
300.268
300.226
300.19
300.158
300.131
300.108
300.089
300.072
300.059
300.047
300.038
300.03
300.024
300.018
300.014
300.011
300.008
300.006
300.005
300.003
300.002
300.002
300.001
300.001
300
300
300
300
300
300
300
300
302.79
302.593
302.387
302.179
301.976
301.783
301.6
301.43
301.273
301.128
300.996
300.876
300.768
300.67
300.582
300.503
300.433
300.371
300.316
300.268
300.226
300.19
300.159
300.132
300.108
300.089
300.072
300.059
300.047
300.038
300.03
300.024
300.018
300.014
300.011
300.008
300.006
300.005
300.003
300.002
300.002
300.001
300.001
300
300
300
300
300
300
300
300
302.691
302.511
302.32
302.127
301.936
301.752
301.577
301.413
301.261
301.12
300.991
300.873
300.765
300.668
300.581
300.503
300.433
300.371
300.317
300.269
300.227
300.19
300.159
300.132
300.109
300.089
300.073
300.059
300.047
300.038
300.03
300.024
300.018
300.014
300.011
300.008
300.006
300.005
300.003
300.002
300.002
300.001
300.001
300
300
300
300
300
300
300
300
302.589
302.424
302.249
302.069
301.891
301.717
301.551
301.393
301.246
301.109
300.983
300.867
300.762
300.666
300.579
300.502
300.433
300.371
300.316
300.269
300.227
300.19
300.159
300.132
300.109
300.089
300.073
300.059
300.047
300.038
300.03
300.024
300.019
300.014
300.011
300.008
300.006
300.005
300.003
300.002
300.002
300.001
300.001
300
300
300
300
300
300
300
300
302.483
302.333
302.173
302.007
301.841
301.678
301.52
301.37
301.229
301.096
300.974
300.86
300.757
300.663
300.577
300.5
300.432
300.37
300.316
300.268
300.227
300.19
300.159
300.132
300.109
300.089
300.073
300.059
300.047
300.038
300.03
300.024
300.019
300.014
300.011
300.008
300.006
300.005
300.003
300.002
300.002
300.001
300.001
300
300
300
300
300
300
300
300
302.374
302.238
302.093
301.941
301.787
301.635
301.487
301.344
301.209
301.081
300.962
300.852
300.751
300.658
300.574
300.498
300.43
300.369
300.315
300.268
300.226
300.19
300.159
300.132
300.109
300.089
300.073
300.059
300.047
300.038
300.03
300.024
300.019
300.014
300.011
300.008
300.006
300.005
300.003
300.002
300.002
300.001
300.001
300
300
300
300
300
300
300
300
302.264
302.142
302.01
301.872
301.73
301.589
301.45
301.315
301.186
301.064
300.949
300.842
300.744
300.653
300.57
300.496
300.428
300.368
300.314
300.267
300.226
300.19
300.158
300.131
300.108
300.089
300.073
300.059
300.047
300.038
300.03
300.024
300.019
300.014
300.011
300.008
300.006
300.005
300.003
300.002
300.002
300.001
300.001
300
300
300
300
300
300
300
300
302.155
302.045
301.926
301.8
301.671
301.54
301.41
301.284
301.161
301.045
300.935
300.831
300.736
300.647
300.566
300.492
300.426
300.366
300.313
300.266
300.225
300.189
300.158
300.131
300.108
300.089
300.072
300.059
300.047
300.038
300.03
300.024
300.018
300.014
300.011
300.008
300.006
300.005
300.003
300.002
300.002
300.001
300.001
300
300
300
300
300
300
300
300
302.049
301.951
301.843
301.729
301.611
301.49
301.37
301.251
301.136
301.025
300.919
300.82
300.727
300.64
300.561
300.489
300.423
300.364
300.312
300.265
300.224
300.188
300.157
300.131
300.108
300.089
300.072
300.058
300.047
300.038
300.03
300.024
300.018
300.014
300.011
300.008
300.006
300.005
300.003
300.002
300.002
300.001
300.001
300
300
300
300
300
300
300
300
301.948
301.86
301.764
301.66
301.552
301.441
301.329
301.218
301.11
301.004
300.903
300.807
300.717
300.633
300.556
300.485
300.42
300.362
300.31
300.264
300.223
300.188
300.157
300.13
300.108
300.088
300.072
300.058
300.047
300.038
300.03
300.023
300.018
300.014
300.011
300.008
300.006
300.005
300.003
300.002
300.002
300.001
300.001
300
300
300
300
300
300
300
300
301.857
301.778
301.691
301.597
301.498
301.396
301.292
301.187
301.085
300.984
300.888
300.795
300.708
300.626
300.55
300.481
300.417
300.36
300.308
300.263
300.222
300.187
300.156
300.13
300.107
300.088
300.072
300.058
300.047
300.037
300.03
300.023
300.018
300.014
300.011
300.008
300.006
300.005
300.003
300.002
300.002
300.001
300.001
300
300
300
300
300
300
300
300
301.781
301.709
301.629
301.543
301.451
301.356
301.259
301.16
301.063
300.967
300.874
300.785
300.7
300.62
300.546
300.477
300.415
300.358
300.307
300.262
300.222
300.186
300.156
300.129
300.107
300.088
300.072
300.058
300.047
300.037
300.03
300.023
300.018
300.014
300.011
300.008
300.006
300.005
300.003
300.002
300.002
300.001
300.001
300
300
300
300
300
300
300
300
301.723
301.656
301.582
301.502
301.416
301.326
301.233
301.14
301.046
300.953
300.863
300.776
300.693
300.615
300.542
300.475
300.413
300.356
300.306
300.261
300.221
300.186
300.155
300.129
300.107
300.088
300.071
300.058
300.047
300.037
300.03
300.023
300.018
300.014
300.011
300.008
300.006
300.005
300.003
300.002
300.002
300.001
300.001
300
300
300
300
300
300
300
300
301.691
301.627
301.556
301.479
301.396
301.309
301.219
301.128
301.036
300.946
300.857
300.772
300.69
300.612
300.54
300.473
300.411
300.356
300.305
300.26
300.22
300.186
300.155
300.129
300.107
300.087
300.071
300.058
300.046
300.037
300.029
300.023
300.018
300.014
300.011
300.008
300.006
300.005
300.003
300.002
300.002
300.001
300.001
300
300
300
300
300
300
300
300
)
;

boundaryField
{
    inlet
    {
        type            fixedValue;
        value           uniform 300;
    }
    outlet
    {
        type            zeroGradient;
    }
    top
    {
        type            zeroGradient;
    }
    slip-bottom
    {
        type            zeroGradient;
    }
    bottom
    {
        type            zeroGradient;
    }
    interface
    {
        type            fixedGradient;
        gradient        nonuniform List<scalar> 
161
(
67.9471
67.9471
46.1372
46.1372
46.1372
46.1372
34.2102
34.2102
34.2102
34.2102
29.3785
29.3785
29.3785
28.5707
28.5707
28.5707
28.5707
25.9598
25.9598
25.9598
25.0839
25.0839
25.0839
24.5709
24.5709
24.5709
23.9119
23.9119
23.9119
23.3174
23.3174
23.3174
22.7662
22.7662
22.7662
22.2239
22.2239
22.2239
21.7074
21.7074
21.7074
20.687
20.687
21.4009
21.4009
21.4009
20.3904
20.3904
20.8399
20.8399
20.8399
19.8496
19.8496
19.8368
19.8368
19.8368
19.9613
19.9613
20.2685
20.2685
19.0987
19.0987
18.9931
18.9931
19.0316
19.0316
18.8985
18.8985
18.8985
18.7363
18.7363
18.58
18.4184
18.4184
18.2236
18.2236
18.0493
18.0493
17.4331
17.4331
18.2056
18.2056
17.8917
17.8917
17.5403
16.9755
16.9755
17.605
17.605
17.3396
16.6618
16.6618
17.2545
16.648
16.648
17.0313
17.0313
16.4368
16.8064
16.8064
16.269
16.6281
16.114
16.114
16.1522
16.5003
16.5003
15.9093
16.1796
15.7357
15.7357
15.75
15.8477
16.015
16.015
15.5246
15.5529
15.638
15.757
15.757
15.3752
15.3938
15.4556
15.4557
15.5218
15.2945
15.2945
15.2853
15.3067
15.2965
15.2821
15.2649
15.246
15.2262
15.2062
15.1867
15.1682
15.1517
15.138
15.1285
15.1247
15.1283
15.1414
15.166
15.2042
15.26
15.3399
15.4582
15.648
15.8127
15.4254
15.4996
16.1129
16.5462
17.1245
17.8252
20.5501
18.0975
20.9542
23.7197
33.7118
)
;
    }
    defaultFaces
    {
        type            empty;
    }
}


// ************************************************************************* //
