/*--------------------------------*- C++ -*----------------------------------*\
| =========                 |                                                 |
| \\      /  F ield         | OpenFOAM: The Open Source CFD Toolbox           |
|  \\    /   O peration     | Version:  2106                                  |
|   \\  /    A nd           | Website:  www.openfoam.com                      |
|    \\/     M anipulation  |                                                 |
\*---------------------------------------------------------------------------*/
FoamFile
{
    version     2.0;
    format      ascii;
    arch        "LSB;label=32;scalar=64";
    class       volScalarField;
    location    "6.8";
    object      T;
}
// * * * * * * * * * * * * * * * * * * * * * * * * * * * * * * * * * * * * * //

dimensions      [0 0 0 1 0 0 0];

internalField   nonuniform List<scalar> 
12013
(
300.003
300.01
300.018
300.025
300.033
300.041
300.05
300.059
300.068
300.078
300.088
300.098
300.109
300.12
300.131
300.143
300.156
300.169
300.182
300.196
300.21
300.225
300.24
300.256
300.272
300.289
300.306
300.324
300.342
300.361
300.381
300.401
300.422
300.443
300.465
300.488
300.511
300.535
300.56
300.586
300.612
300.639
300.667
300.695
300.724
300.755
300.786
300.818
300.85
300.884
300.919
300.954
300.991
301.029
301.068
301.108
301.149
301.191
301.235
301.28
301.326
301.373
301.423
301.473
301.526
301.58
301.636
301.695
301.755
301.818
301.883
301.952
302.023
302.099
302.178
302.263
302.354
302.452
302.561
302.685
302.833
300.003
300.01
300.018
300.025
300.033
300.041
300.05
300.059
300.068
300.078
300.088
300.098
300.109
300.12
300.131
300.143
300.156
300.169
300.182
300.196
300.21
300.225
300.24
300.256
300.272
300.289
300.306
300.324
300.342
300.361
300.381
300.401
300.422
300.443
300.465
300.488
300.511
300.535
300.56
300.586
300.612
300.639
300.666
300.695
300.724
300.755
300.786
300.817
300.85
300.884
300.919
300.954
300.991
301.029
301.067
301.107
301.148
301.191
301.234
301.279
301.325
301.373
301.422
301.473
301.525
301.579
301.635
301.693
301.754
301.816
301.882
301.95
302.021
302.096
302.175
302.258
302.348
302.444
302.548
302.663
302.79
300.003
300.01
300.018
300.025
300.033
300.041
300.05
300.059
300.068
300.078
300.088
300.098
300.109
300.12
300.131
300.143
300.156
300.169
300.182
300.196
300.21
300.225
300.24
300.256
300.272
300.289
300.306
300.324
300.342
300.361
300.381
300.401
300.422
300.443
300.465
300.488
300.511
300.535
300.56
300.585
300.612
300.639
300.666
300.695
300.724
300.754
300.785
300.817
300.85
300.884
300.918
300.954
300.991
301.028
301.067
301.107
301.148
301.19
301.233
301.278
301.324
301.372
301.421
301.471
301.524
301.578
301.633
301.691
301.751
301.813
301.878
301.945
302.016
302.089
302.167
302.249
302.335
302.427
302.524
302.628
302.736
300.003
300.01
300.018
300.025
300.033
300.041
300.05
300.059
300.068
300.078
300.088
300.098
300.109
300.12
300.131
300.143
300.156
300.169
300.182
300.196
300.21
300.225
300.24
300.256
300.272
300.289
300.306
300.324
300.342
300.361
300.381
300.401
300.422
300.443
300.465
300.488
300.511
300.535
300.56
300.585
300.611
300.638
300.666
300.695
300.724
300.754
300.785
300.817
300.849
300.883
300.918
300.953
300.99
301.027
301.066
301.106
301.147
301.189
301.232
301.277
301.323
301.37
301.419
301.469
301.521
301.575
301.63
301.687
301.747
301.808
301.872
301.938
302.007
302.079
302.155
302.233
302.316
302.402
302.492
302.584
302.678
300.003
300.01
300.018
300.025
300.033
300.041
300.05
300.059
300.068
300.078
300.088
300.098
300.109
300.12
300.131
300.143
300.156
300.169
300.182
300.196
300.21
300.225
300.24
300.256
300.272
300.288
300.306
300.324
300.342
300.361
300.38
300.401
300.421
300.443
300.465
300.487
300.511
300.535
300.56
300.585
300.611
300.638
300.666
300.694
300.723
300.753
300.784
300.816
300.849
300.882
300.917
300.952
300.989
301.026
301.065
301.105
301.145
301.187
301.23
301.275
301.32
301.367
301.416
301.466
301.517
301.57
301.625
301.682
301.74
301.801
301.863
301.928
301.996
302.065
302.138
302.213
302.291
302.371
302.453
302.536
302.619
300.003
300.01
300.018
300.025
300.033
300.041
300.05
300.059
300.068
300.078
300.088
300.098
300.109
300.12
300.131
300.143
300.156
300.169
300.182
300.196
300.21
300.225
300.24
300.255
300.272
300.288
300.306
300.323
300.342
300.361
300.38
300.4
300.421
300.443
300.465
300.487
300.511
300.534
300.559
300.585
300.611
300.638
300.665
300.694
300.723
300.753
300.784
300.815
300.848
300.881
300.916
300.951
300.987
301.025
301.063
301.103
301.143
301.185
301.228
301.272
301.317
301.364
301.412
301.461
301.512
301.564
301.618
301.674
301.732
301.791
301.852
301.915
301.98
302.047
302.117
302.188
302.261
302.335
302.41
302.485
302.56
300.003
300.01
300.018
300.025
300.033
300.041
300.05
300.059
300.068
300.078
300.088
300.098
300.109
300.12
300.131
300.143
300.156
300.169
300.182
300.196
300.21
300.224
300.24
300.255
300.272
300.288
300.306
300.323
300.342
300.361
300.38
300.4
300.421
300.442
300.464
300.487
300.51
300.534
300.559
300.584
300.61
300.637
300.664
300.693
300.722
300.752
300.783
300.814
300.847
300.88
300.914
300.949
300.986
301.023
301.061
301.1
301.14
301.182
301.224
301.268
301.313
301.359
301.406
301.455
301.505
301.557
301.61
301.664
301.721
301.778
301.838
301.899
301.961
302.025
302.091
302.158
302.226
302.295
302.364
302.432
302.5
300.003
300.01
300.018
300.025
300.033
300.041
300.05
300.059
300.068
300.078
300.088
300.098
300.109
300.12
300.131
300.143
300.156
300.168
300.182
300.195
300.21
300.224
300.24
300.255
300.271
300.288
300.305
300.323
300.341
300.36
300.38
300.4
300.421
300.442
300.464
300.486
300.51
300.534
300.558
300.583
300.609
300.636
300.664
300.692
300.721
300.751
300.781
300.813
300.845
300.878
300.912
300.947
300.983
301.02
301.058
301.097
301.137
301.178
301.22
301.263
301.307
301.353
301.4
301.448
301.497
301.547
301.599
301.652
301.707
301.763
301.82
301.879
301.939
302
302.062
302.125
302.188
302.252
302.315
302.378
302.439
300.003
300.01
300.018
300.025
300.033
300.041
300.05
300.059
300.068
300.078
300.088
300.098
300.109
300.12
300.131
300.143
300.156
300.168
300.182
300.195
300.21
300.224
300.239
300.255
300.271
300.288
300.305
300.323
300.341
300.36
300.38
300.4
300.42
300.441
300.463
300.486
300.509
300.533
300.557
300.583
300.608
300.635
300.662
300.691
300.719
300.749
300.78
300.811
300.843
300.876
300.91
300.945
300.98
301.017
301.054
301.093
301.132
301.173
301.214
301.257
301.301
301.345
301.391
301.438
301.487
301.536
301.586
301.638
301.691
301.745
301.8
301.856
301.913
301.971
302.029
302.088
302.147
302.206
302.265
302.322
302.379
300.003
300.01
300.018
300.025
300.033
300.041
300.05
300.059
300.068
300.078
300.088
300.098
300.109
300.12
300.131
300.143
300.155
300.168
300.182
300.195
300.209
300.224
300.239
300.255
300.271
300.288
300.305
300.323
300.341
300.36
300.379
300.399
300.42
300.441
300.463
300.485
300.508
300.532
300.556
300.582
300.607
300.634
300.661
300.689
300.718
300.747
300.778
300.809
300.841
300.873
300.907
300.941
300.977
301.013
301.05
301.088
301.127
301.167
301.208
301.25
301.293
301.336
301.381
301.427
301.474
301.522
301.571
301.621
301.672
301.724
301.776
301.83
301.884
301.938
301.993
302.048
302.103
302.158
302.212
302.265
302.318
300.003
300.01
300.018
300.025
300.033
300.041
300.05
300.059
300.068
300.078
300.087
300.098
300.108
300.12
300.131
300.143
300.155
300.168
300.181
300.195
300.209
300.224
300.239
300.255
300.271
300.287
300.304
300.322
300.34
300.359
300.379
300.398
300.419
300.44
300.462
300.484
300.507
300.531
300.555
300.58
300.606
300.632
300.659
300.687
300.716
300.745
300.775
300.806
300.838
300.87
300.903
300.937
300.972
301.008
301.044
301.082
301.12
301.16
301.2
301.241
301.283
301.326
301.369
301.414
301.46
301.506
301.553
301.602
301.65
301.7
301.75
301.801
301.852
301.903
301.955
302.006
302.057
302.108
302.158
302.208
302.256
300.003
300.01
300.018
300.025
300.033
300.041
300.05
300.059
300.068
300.077
300.087
300.098
300.108
300.119
300.131
300.143
300.155
300.168
300.181
300.195
300.209
300.224
300.239
300.254
300.27
300.287
300.304
300.322
300.34
300.359
300.378
300.398
300.418
300.439
300.461
300.483
300.506
300.53
300.554
300.579
300.604
300.63
300.657
300.685
300.713
300.742
300.772
300.803
300.834
300.866
300.899
300.932
300.967
301.002
301.038
301.075
301.113
301.151
301.19
301.23
301.271
301.313
301.356
301.399
301.443
301.488
301.533
301.579
301.626
301.673
301.721
301.769
301.817
301.865
301.914
301.962
302.009
302.057
302.103
302.149
302.194
300.003
300.01
300.018
300.025
300.033
300.041
300.05
300.059
300.068
300.077
300.087
300.098
300.108
300.119
300.131
300.143
300.155
300.168
300.181
300.195
300.209
300.223
300.238
300.254
300.27
300.286
300.304
300.321
300.339
300.358
300.377
300.397
300.417
300.438
300.46
300.482
300.505
300.528
300.552
300.577
300.602
300.628
300.655
300.682
300.71
300.739
300.768
300.799
300.83
300.861
300.894
300.927
300.96
300.995
301.03
301.067
301.103
301.141
301.179
301.219
301.258
301.299
301.34
301.382
301.424
301.467
301.511
301.555
301.599
301.644
301.689
301.734
301.78
301.825
301.87
301.915
301.96
302.004
302.047
302.09
302.132
300.003
300.01
300.018
300.025
300.033
300.041
300.05
300.059
300.068
300.077
300.087
300.097
300.108
300.119
300.131
300.143
300.155
300.168
300.181
300.194
300.208
300.223
300.238
300.253
300.269
300.286
300.303
300.32
300.338
300.357
300.376
300.396
300.416
300.437
300.458
300.48
300.503
300.526
300.55
300.575
300.6
300.625
300.652
300.679
300.707
300.735
300.764
300.794
300.824
300.856
300.887
300.92
300.953
300.987
301.022
301.057
301.093
301.13
301.167
301.205
301.243
301.283
301.322
301.362
301.403
301.444
301.486
301.528
301.57
301.613
301.655
301.698
301.74
301.783
301.825
301.867
301.909
301.95
301.99
302.03
302.069
300.003
300.01
300.018
300.025
300.033
300.041
300.05
300.058
300.068
300.077
300.087
300.097
300.108
300.119
300.13
300.142
300.155
300.167
300.18
300.194
300.208
300.222
300.237
300.253
300.269
300.285
300.302
300.32
300.338
300.356
300.375
300.395
300.415
300.435
300.457
300.479
300.501
300.524
300.548
300.572
300.597
300.622
300.648
300.675
300.703
300.731
300.759
300.788
300.818
300.849
300.88
300.912
300.945
300.978
301.012
301.046
301.081
301.117
301.153
301.189
301.227
301.264
301.302
301.341
301.38
301.419
301.459
301.499
301.539
301.579
301.619
301.659
301.699
301.739
301.778
301.817
301.856
301.894
301.932
301.969
302.006
300.003
300.01
300.018
300.025
300.033
300.041
300.05
300.058
300.068
300.077
300.087
300.097
300.108
300.119
300.13
300.142
300.154
300.167
300.18
300.194
300.207
300.222
300.237
300.252
300.268
300.284
300.301
300.319
300.336
300.355
300.374
300.393
300.413
300.434
300.455
300.476
300.499
300.522
300.545
300.569
300.593
300.619
300.644
300.671
300.698
300.725
300.753
300.782
300.812
300.841
300.872
300.903
300.935
300.967
301
301.033
301.067
301.102
301.137
301.172
301.208
301.244
301.281
301.317
301.355
301.392
301.43
301.467
301.505
301.543
301.581
301.618
301.656
301.693
301.73
301.767
301.803
301.838
301.874
301.908
301.942
300.003
300.01
300.018
300.025
300.033
300.041
300.049
300.058
300.067
300.077
300.087
300.097
300.108
300.119
300.13
300.142
300.154
300.166
300.18
300.193
300.207
300.221
300.236
300.251
300.267
300.283
300.3
300.317
300.335
300.353
300.372
300.391
300.411
300.432
300.453
300.474
300.496
300.519
300.542
300.565
300.59
300.614
300.64
300.666
300.692
300.719
300.747
300.775
300.804
300.833
300.863
300.893
300.924
300.955
300.987
301.019
301.052
301.085
301.119
301.153
301.187
301.222
301.257
301.292
301.327
301.363
301.398
301.434
301.47
301.505
301.541
301.576
301.611
301.646
301.68
301.715
301.748
301.782
301.815
301.847
301.879
300.003
300.01
300.017
300.025
300.033
300.041
300.049
300.058
300.067
300.077
300.087
300.097
300.107
300.118
300.13
300.141
300.153
300.166
300.179
300.192
300.206
300.221
300.235
300.25
300.266
300.282
300.299
300.316
300.334
300.352
300.37
300.39
300.409
300.429
300.45
300.471
300.493
300.515
300.538
300.561
300.585
300.609
300.634
300.66
300.686
300.712
300.739
300.767
300.795
300.823
300.852
300.882
300.912
300.942
300.973
301.004
301.035
301.067
301.1
301.132
301.165
301.198
301.231
301.264
301.298
301.332
301.365
301.399
301.432
301.466
301.499
301.532
301.565
301.598
301.63
301.662
301.693
301.724
301.755
301.785
301.815
300.003
300.01
300.017
300.025
300.033
300.041
300.049
300.058
300.067
300.076
300.086
300.096
300.107
300.118
300.129
300.141
300.153
300.165
300.178
300.192
300.205
300.22
300.234
300.249
300.265
300.281
300.298
300.314
300.332
300.35
300.368
300.387
300.407
300.427
300.447
300.468
300.489
300.511
300.534
300.556
300.58
300.604
300.628
300.653
300.678
300.704
300.731
300.757
300.785
300.812
300.841
300.869
300.898
300.927
300.957
300.987
301.017
301.048
301.079
301.11
301.141
301.172
301.204
301.235
301.267
301.299
301.33
301.362
301.394
301.425
301.456
301.487
301.518
301.548
301.578
301.608
301.638
301.667
301.695
301.724
301.751
300.003
300.01
300.017
300.025
300.033
300.041
300.049
300.058
300.067
300.076
300.086
300.096
300.107
300.117
300.129
300.14
300.152
300.165
300.178
300.191
300.205
300.219
300.233
300.248
300.264
300.28
300.296
300.313
300.33
300.348
300.366
300.385
300.404
300.423
300.443
300.464
300.485
300.507
300.529
300.551
300.574
300.597
300.621
300.646
300.67
300.696
300.721
300.747
300.774
300.8
300.828
300.855
300.883
300.911
300.94
300.968
300.997
301.026
301.056
301.085
301.115
301.145
301.175
301.205
301.235
301.264
301.294
301.324
301.353
301.383
301.412
301.441
301.47
301.498
301.527
301.554
301.582
301.609
301.636
301.662
301.688
300.003
300.01
300.017
300.025
300.032
300.041
300.049
300.058
300.067
300.076
300.086
300.096
300.106
300.117
300.128
300.14
300.152
300.164
300.177
300.19
300.203
300.217
300.232
300.247
300.262
300.278
300.294
300.311
300.328
300.345
300.363
300.382
300.4
300.42
300.439
300.46
300.48
300.501
300.523
300.545
300.567
300.59
300.614
300.637
300.661
300.686
300.711
300.736
300.761
300.787
300.813
300.84
300.867
300.894
300.921
300.948
300.976
301.004
301.032
301.06
301.088
301.116
301.144
301.173
301.201
301.229
301.257
301.285
301.312
301.34
301.367
301.394
301.421
301.448
301.474
301.5
301.526
301.551
301.576
301.601
301.625
300.003
300.01
300.017
300.025
300.032
300.04
300.049
300.057
300.066
300.076
300.085
300.095
300.106
300.116
300.127
300.139
300.151
300.163
300.176
300.189
300.202
300.216
300.23
300.245
300.26
300.276
300.292
300.308
300.325
300.342
300.36
300.378
300.397
300.416
300.435
300.455
300.475
300.496
300.517
300.538
300.56
300.582
300.605
300.628
300.651
300.675
300.699
300.723
300.748
300.773
300.798
300.823
300.849
300.875
300.901
300.927
300.953
300.98
301.006
301.033
301.059
301.086
301.113
301.139
301.166
301.192
301.218
301.245
301.271
301.296
301.322
301.347
301.372
301.397
301.422
301.446
301.47
301.494
301.517
301.54
301.562
300.003
300.01
300.017
300.025
300.032
300.04
300.048
300.057
300.066
300.075
300.085
300.095
300.105
300.116
300.127
300.138
300.15
300.162
300.175
300.188
300.201
300.215
300.229
300.243
300.258
300.274
300.289
300.305
300.322
300.339
300.356
300.374
300.392
300.411
300.43
300.449
300.469
300.489
300.51
300.531
300.552
300.574
300.596
300.618
300.64
300.663
300.686
300.71
300.733
300.757
300.781
300.806
300.83
300.855
300.88
300.905
300.93
300.955
300.98
301.005
301.03
301.055
301.08
301.105
301.13
301.155
301.179
301.204
301.228
301.252
301.276
301.3
301.323
301.346
301.369
301.392
301.414
301.436
301.458
301.479
301.501
300.003
300.01
300.017
300.024
300.032
300.04
300.048
300.057
300.066
300.075
300.084
300.094
300.104
300.115
300.126
300.137
300.149
300.161
300.173
300.186
300.199
300.213
300.227
300.241
300.256
300.271
300.287
300.302
300.319
300.335
300.352
300.37
300.388
300.406
300.425
300.443
300.463
300.482
300.502
300.523
300.543
300.564
300.585
300.607
300.629
300.651
300.673
300.695
300.718
300.741
300.764
300.787
300.81
300.834
300.857
300.881
300.905
300.928
300.952
300.976
300.999
301.023
301.047
301.07
301.093
301.117
301.14
301.163
301.185
301.208
301.23
301.252
301.274
301.296
301.317
301.338
301.359
301.38
301.4
301.42
301.44
300.003
300.01
300.017
300.024
300.032
300.04
300.048
300.056
300.065
300.074
300.084
300.094
300.104
300.114
300.125
300.136
300.148
300.16
300.172
300.185
300.198
300.211
300.225
300.239
300.253
300.268
300.283
300.299
300.315
300.331
300.348
300.365
300.383
300.4
300.418
300.437
300.456
300.475
300.494
300.514
300.534
300.554
300.574
300.595
300.616
300.637
300.658
300.68
300.702
300.723
300.745
300.767
300.79
300.812
300.834
300.857
300.879
300.901
300.924
300.946
300.968
300.991
301.013
301.035
301.057
301.078
301.1
301.121
301.143
301.164
301.185
301.205
301.226
301.246
301.266
301.285
301.305
301.324
301.343
301.362
301.38
300.003
300.01
300.017
300.024
300.032
300.039
300.047
300.056
300.065
300.074
300.083
300.093
300.103
300.113
300.124
300.135
300.146
300.158
300.17
300.183
300.196
300.209
300.222
300.236
300.25
300.265
300.28
300.295
300.311
300.327
300.343
300.36
300.377
300.394
300.412
300.43
300.448
300.466
300.485
300.504
300.523
300.543
300.562
300.582
300.602
300.623
300.643
300.664
300.684
300.705
300.726
300.747
300.768
300.789
300.81
300.832
300.853
300.874
300.895
300.916
300.937
300.958
300.978
300.999
301.02
301.04
301.06
301.08
301.1
301.12
301.139
301.159
301.178
301.196
301.215
301.233
301.252
301.269
301.287
301.305
301.322
300.003
300.01
300.017
300.024
300.031
300.039
300.047
300.055
300.064
300.073
300.082
300.092
300.102
300.112
300.123
300.134
300.145
300.157
300.168
300.181
300.193
300.206
300.22
300.233
300.247
300.262
300.276
300.291
300.307
300.322
300.338
300.354
300.371
300.388
300.405
300.422
300.44
300.457
300.476
300.494
300.512
300.531
300.55
300.569
300.588
300.608
300.627
300.647
300.667
300.686
300.706
300.726
300.746
300.766
300.786
300.806
300.826
300.846
300.866
300.885
300.905
300.925
300.944
300.964
300.983
301.002
301.021
301.039
301.058
301.076
301.095
301.113
301.13
301.148
301.165
301.183
301.2
301.216
301.233
301.249
301.265
300.003
300.01
300.017
300.024
300.031
300.039
300.047
300.055
300.063
300.072
300.082
300.091
300.101
300.111
300.121
300.132
300.143
300.155
300.167
300.179
300.191
300.204
300.217
300.23
300.244
300.258
300.272
300.287
300.302
300.317
300.332
300.348
300.364
300.381
300.397
300.414
300.431
300.448
300.466
300.483
300.501
300.519
300.537
300.555
300.574
300.592
300.611
300.629
300.648
300.667
300.686
300.705
300.724
300.743
300.761
300.78
300.799
300.818
300.836
300.855
300.874
300.892
300.91
300.928
300.946
300.964
300.982
300.999
301.017
301.034
301.051
301.068
301.085
301.101
301.117
301.133
301.149
301.165
301.18
301.195
301.21
300.003
300.01
300.016
300.023
300.031
300.038
300.046
300.054
300.063
300.072
300.081
300.09
300.1
300.11
300.12
300.131
300.142
300.153
300.164
300.176
300.188
300.201
300.214
300.227
300.24
300.254
300.268
300.282
300.297
300.311
300.327
300.342
300.357
300.373
300.389
300.405
300.422
300.438
300.455
300.472
300.489
300.506
300.524
300.541
300.559
300.576
300.594
300.612
300.63
300.647
300.665
300.683
300.701
300.719
300.737
300.755
300.772
300.79
300.807
300.825
300.842
300.86
300.877
300.894
300.911
300.927
300.944
300.96
300.977
300.993
301.009
301.024
301.04
301.055
301.071
301.086
301.1
301.115
301.129
301.144
301.158
300.003
300.01
300.016
300.023
300.03
300.038
300.046
300.054
300.062
300.071
300.08
300.089
300.098
300.108
300.118
300.129
300.14
300.151
300.162
300.174
300.186
300.198
300.21
300.223
300.236
300.25
300.263
300.277
300.291
300.306
300.32
300.335
300.35
300.365
300.381
300.396
300.412
300.428
300.444
300.461
300.477
300.493
300.51
300.527
300.543
300.56
300.577
300.594
300.611
300.628
300.645
300.662
300.679
300.696
300.712
300.729
300.746
300.762
300.779
300.795
300.812
300.828
300.844
300.86
300.876
300.892
300.907
300.923
300.938
300.953
300.968
300.983
300.997
301.012
301.026
301.04
301.054
301.067
301.081
301.094
301.107
300.003
300.009
300.016
300.023
300.03
300.037
300.045
300.053
300.061
300.07
300.079
300.088
300.097
300.107
300.117
300.127
300.138
300.149
300.16
300.171
300.183
300.195
300.207
300.219
300.232
300.245
300.259
300.272
300.286
300.3
300.314
300.328
300.343
300.357
300.372
300.387
300.403
300.418
300.433
300.449
300.465
300.48
300.496
300.512
300.528
300.544
300.56
300.576
300.592
300.609
300.625
300.641
300.657
300.673
300.689
300.704
300.72
300.736
300.751
300.767
300.782
300.798
300.813
300.828
300.843
300.857
300.872
300.887
300.901
300.915
300.929
300.943
300.957
300.97
300.983
300.997
301.01
301.022
301.035
301.047
301.06
300.003
300.009
300.016
300.023
300.03
300.037
300.045
300.052
300.06
300.069
300.078
300.087
300.096
300.105
300.115
300.125
300.136
300.146
300.157
300.168
300.18
300.191
300.203
300.216
300.228
300.241
300.254
300.267
300.28
300.294
300.307
300.321
300.335
300.349
300.364
300.378
300.393
300.408
300.422
300.437
300.452
300.468
300.483
300.498
300.513
300.528
300.544
300.559
300.574
300.59
300.605
300.62
300.635
300.65
300.665
300.68
300.695
300.71
300.725
300.74
300.754
300.768
300.783
300.797
300.811
300.825
300.839
300.852
300.866
300.879
300.892
300.905
300.918
300.931
300.943
300.956
300.968
300.98
300.992
301.004
301.015
300.003
300.009
300.016
300.022
300.029
300.036
300.044
300.052
300.06
300.068
300.076
300.085
300.094
300.104
300.113
300.123
300.133
300.144
300.155
300.165
300.177
300.188
300.2
300.212
300.224
300.236
300.249
300.261
300.274
300.287
300.301
300.314
300.328
300.341
300.355
300.369
300.383
300.397
300.412
300.426
300.44
300.455
300.469
300.484
300.499
300.513
300.528
300.542
300.557
300.571
300.586
300.6
300.615
300.629
300.644
300.658
300.672
300.686
300.7
300.714
300.727
300.741
300.755
300.768
300.781
300.794
300.807
300.82
300.833
300.845
300.858
300.87
300.882
300.894
300.906
300.918
300.929
300.941
300.952
300.963
300.974
300.003
300.009
300.015
300.022
300.029
300.036
300.043
300.051
300.059
300.067
300.075
300.084
300.093
300.102
300.112
300.121
300.131
300.141
300.152
300.163
300.173
300.185
300.196
300.208
300.219
300.231
300.244
300.256
300.269
300.281
300.294
300.307
300.32
300.334
300.347
300.36
300.374
300.388
300.401
300.415
300.429
300.443
300.457
300.471
300.485
300.499
300.513
300.527
300.54
300.554
300.568
300.582
300.596
300.609
300.623
300.636
300.65
300.663
300.676
300.69
300.703
300.716
300.728
300.741
300.754
300.766
300.778
300.791
300.803
300.815
300.826
300.838
300.849
300.861
300.872
300.883
300.894
300.905
300.915
300.926
300.936
300.003
300.009
300.015
300.022
300.028
300.035
300.043
300.05
300.058
300.066
300.074
300.083
300.091
300.1
300.11
300.119
300.129
300.139
300.149
300.16
300.17
300.181
300.192
300.204
300.215
300.227
300.239
300.251
300.263
300.275
300.288
300.3
300.313
300.326
300.339
300.352
300.365
300.378
300.392
300.405
300.418
300.432
300.445
300.458
300.472
300.485
300.499
300.512
300.525
300.538
300.552
300.565
300.578
300.591
300.604
300.617
300.63
300.643
300.655
300.668
300.68
300.692
300.705
300.717
300.729
300.741
300.752
300.764
300.775
300.787
300.798
300.809
300.82
300.831
300.841
300.852
300.862
300.872
300.882
300.892
300.902
300.003
300.009
300.015
300.021
300.028
300.035
300.042
300.049
300.057
300.065
300.073
300.081
300.09
300.099
300.108
300.117
300.127
300.137
300.147
300.157
300.168
300.178
300.189
300.2
300.211
300.223
300.234
300.246
300.258
300.27
300.282
300.294
300.307
300.319
300.332
300.344
300.357
300.37
300.383
300.395
300.408
300.421
300.434
300.447
300.46
300.473
300.486
300.499
300.511
300.524
300.537
300.55
300.562
300.575
300.587
300.6
300.612
300.624
300.636
300.648
300.66
300.672
300.684
300.695
300.707
300.718
300.729
300.74
300.751
300.762
300.773
300.783
300.794
300.804
300.814
300.824
300.834
300.844
300.854
300.863
300.872
300.003
300.009
300.015
300.021
300.028
300.034
300.041
300.049
300.056
300.064
300.072
300.08
300.089
300.097
300.106
300.116
300.125
300.135
300.145
300.155
300.165
300.175
300.186
300.197
300.208
300.219
300.23
300.242
300.253
300.265
300.277
300.289
300.301
300.313
300.325
300.337
300.35
300.362
300.375
300.387
300.4
300.412
300.425
300.437
300.45
300.462
300.475
300.487
300.499
300.512
300.524
300.536
300.548
300.561
300.573
300.585
300.596
300.608
300.62
300.631
300.643
300.654
300.665
300.677
300.688
300.699
300.709
300.72
300.731
300.741
300.751
300.761
300.771
300.781
300.791
300.801
300.81
300.82
300.829
300.838
300.847
300.003
300.009
300.015
300.021
300.027
300.034
300.041
300.048
300.056
300.063
300.071
300.079
300.088
300.096
300.105
300.114
300.123
300.133
300.143
300.152
300.163
300.173
300.183
300.194
300.205
300.216
300.227
300.238
300.249
300.261
300.272
300.284
300.296
300.308
300.32
300.332
300.344
300.356
300.368
300.38
300.392
300.404
300.417
300.429
300.441
300.453
300.465
300.477
300.489
300.501
300.513
300.525
300.537
300.549
300.561
300.572
300.584
300.595
300.606
300.618
300.629
300.64
300.651
300.661
300.672
300.683
300.693
300.703
300.714
300.724
300.734
300.744
300.753
300.763
300.772
300.782
300.791
300.8
300.809
300.818
300.827
300.003
300.008
300.014
300.021
300.027
300.034
300.04
300.048
300.055
300.062
300.07
300.078
300.087
300.095
300.104
300.113
300.122
300.131
300.141
300.151
300.161
300.171
300.181
300.192
300.202
300.213
300.224
300.235
300.246
300.257
300.269
300.28
300.292
300.304
300.315
300.327
300.339
300.351
300.363
300.375
300.387
300.399
300.41
300.422
300.434
300.446
300.458
300.47
300.482
300.493
300.505
300.517
300.528
300.54
300.551
300.563
300.574
300.585
300.596
300.607
300.618
300.629
300.639
300.65
300.66
300.671
300.681
300.691
300.701
300.711
300.72
300.73
300.739
300.749
300.758
300.767
300.776
300.785
300.794
300.802
300.811
300.003
300.008
300.014
300.02
300.027
300.033
300.04
300.047
300.054
300.062
300.07
300.078
300.086
300.094
300.103
300.112
300.121
300.13
300.14
300.149
300.159
300.169
300.18
300.19
300.2
300.211
300.222
300.233
300.244
300.255
300.266
300.278
300.289
300.301
300.312
300.324
300.336
300.347
300.359
300.371
300.383
300.394
300.406
300.418
300.43
300.442
300.453
300.465
300.477
300.488
300.5
300.511
300.522
300.534
300.545
300.556
300.567
300.578
300.589
300.6
300.611
300.621
300.632
300.642
300.652
300.662
300.672
300.682
300.692
300.702
300.711
300.721
300.73
300.739
300.748
300.757
300.766
300.775
300.784
300.792
300.8
300.003
300.008
300.014
300.02
300.027
300.033
300.04
300.047
300.054
300.062
300.069
300.077
300.086
300.094
300.103
300.111
300.12
300.13
300.139
300.149
300.159
300.169
300.179
300.189
300.2
300.21
300.221
300.232
300.243
300.254
300.265
300.276
300.288
300.299
300.311
300.322
300.334
300.346
300.357
300.369
300.381
300.392
300.404
300.416
300.427
300.439
300.451
300.462
300.474
300.485
300.497
300.508
300.519
300.531
300.542
300.553
300.564
300.575
300.586
300.596
300.607
300.617
300.628
300.638
300.648
300.658
300.668
300.678
300.688
300.697
300.707
300.716
300.726
300.735
300.744
300.753
300.761
300.77
300.778
300.787
300.795
303.028
303.157
303.234
303.307
303.37
303.422
303.457
303.497
303.537
303.574
303.605
303.64
303.675
303.709
303.743
303.776
303.807
303.835
303.864
303.894
303.923
303.953
303.982
304.011
304.041
304.069
304.097
304.125
304.153
304.18
304.207
304.234
304.261
304.287
304.313
304.339
304.364
304.39
304.415
304.44
304.465
304.489
304.514
304.542
304.568
304.593
304.617
304.642
304.668
304.694
304.718
304.741
304.765
304.79
304.815
304.841
304.867
304.893
304.919
304.943
304.963
304.986
305.01
305.034
305.059
305.084
305.108
305.133
305.157
305.181
305.205
305.229
305.252
305.276
305.299
305.322
305.345
305.369
305.391
305.415
305.443
305.468
305.491
305.514
305.535
305.556
305.579
305.606
305.63
305.651
305.671
305.694
305.72
305.741
305.765
305.792
305.815
305.836
305.861
305.883
305.903
305.926
305.946
305.968
305.992
306.018
306.04
306.058
306.079
306.098
306.118
306.141
306.164
306.188
306.208
306.224
306.244
306.265
306.286
306.305
306.319
306.336
306.354
306.372
306.389
306.401
306.415
306.429
306.443
306.457
306.469
306.48
306.49
306.498
306.506
306.511
306.516
306.519
306.52
306.519
306.517
306.513
306.507
306.498
306.488
306.475
306.459
306.44
306.418
306.391
306.358
306.322
306.286
306.244
306.196
306.142
306.082
305.981
305.889
305.773
305.622
302.927
303.04
303.129
303.204
303.269
303.325
303.371
303.415
303.457
303.496
303.532
303.569
303.605
303.64
303.675
303.708
303.74
303.771
303.801
303.832
303.862
303.892
303.922
303.952
303.982
304.011
304.039
304.068
304.096
304.124
304.151
304.179
304.205
304.232
304.259
304.285
304.311
304.337
304.362
304.388
304.413
304.438
304.464
304.49
304.517
304.542
304.567
304.592
304.618
304.644
304.668
304.692
304.717
304.742
304.767
304.793
304.819
304.845
304.87
304.894
304.917
304.94
304.964
304.989
305.013
305.038
305.063
305.087
305.112
305.136
305.16
305.184
305.208
305.232
305.255
305.279
305.302
305.326
305.349
305.374
305.4
305.425
305.449
305.472
305.494
305.515
305.539
305.564
305.588
305.611
305.632
305.655
305.68
305.703
305.727
305.752
305.776
305.798
305.822
305.845
305.866
305.888
305.909
305.932
305.956
305.98
306.003
306.022
306.043
306.063
306.084
306.106
306.129
306.152
306.173
306.191
306.21
306.231
306.252
306.271
306.286
306.303
306.321
306.339
306.356
306.369
306.383
306.398
306.412
306.425
306.438
306.449
306.459
306.467
306.475
306.481
306.485
306.488
306.49
306.489
306.487
306.483
306.477
306.469
306.458
306.445
306.429
306.41
306.388
306.361
306.327
306.292
306.254
306.212
306.163
306.107
306.042
305.945
305.847
305.725
305.56
302.844
302.944
303.03
303.105
303.172
303.23
303.282
303.329
303.374
303.416
303.455
303.493
303.531
303.567
303.603
303.637
303.671
303.703
303.735
303.766
303.797
303.828
303.859
303.889
303.919
303.949
303.978
304.007
304.035
304.064
304.092
304.119
304.147
304.174
304.201
304.227
304.254
304.28
304.306
304.332
304.358
304.383
304.41
304.436
304.462
304.488
304.513
304.539
304.565
304.591
304.616
304.64
304.665
304.691
304.716
304.742
304.768
304.794
304.819
304.843
304.867
304.891
304.915
304.94
304.964
304.989
305.014
305.039
305.064
305.088
305.113
305.137
305.161
305.185
305.209
305.232
305.256
305.28
305.304
305.328
305.354
305.379
305.403
305.427
305.449
305.472
305.496
305.52
305.544
305.567
305.589
305.613
305.637
305.661
305.685
305.71
305.734
305.757
305.781
305.804
305.826
305.848
305.87
305.893
305.916
305.94
305.963
305.984
306.005
306.025
306.046
306.069
306.092
306.114
306.135
306.154
306.174
306.195
306.216
306.234
306.251
306.268
306.286
306.304
306.321
306.335
306.349
306.364
306.378
306.392
306.404
306.415
306.426
306.435
306.442
306.448
306.453
306.456
306.458
306.458
306.455
306.452
306.445
306.437
306.427
306.413
306.397
306.378
306.355
306.328
306.295
306.26
306.221
306.177
306.127
306.069
306.001
305.905
305.804
305.676
305.501
302.77
302.858
302.939
303.012
303.078
303.138
303.192
303.242
303.289
303.333
303.374
303.415
303.453
303.491
303.528
303.563
303.598
303.631
303.664
303.697
303.729
303.76
303.791
303.822
303.853
303.883
303.913
303.942
303.971
304
304.028
304.056
304.084
304.112
304.139
304.166
304.193
304.22
304.246
304.273
304.299
304.325
304.352
304.378
304.404
304.431
304.456
304.482
304.508
304.534
304.56
304.585
304.61
304.636
304.662
304.687
304.713
304.739
304.764
304.789
304.814
304.838
304.862
304.887
304.912
304.937
304.962
304.987
305.012
305.037
305.062
305.086
305.11
305.135
305.159
305.183
305.207
305.231
305.255
305.28
305.306
305.331
305.355
305.379
305.402
305.425
305.449
305.474
305.498
305.521
305.544
305.568
305.592
305.616
305.64
305.665
305.689
305.713
305.737
305.76
305.782
305.805
305.828
305.851
305.874
305.898
305.921
305.942
305.964
305.985
306.007
306.029
306.052
306.074
306.096
306.115
306.136
306.156
306.177
306.196
306.213
306.231
306.249
306.267
306.283
306.298
306.313
306.328
306.342
306.356
306.369
306.38
306.39
306.4
306.407
306.414
306.419
306.422
306.424
306.424
306.422
306.418
306.412
306.404
306.393
306.38
306.364
306.344
306.321
306.294
306.261
306.225
306.186
306.141
306.09
306.03
305.959
305.864
305.758
305.626
305.445
302.7
302.779
302.854
302.923
302.988
303.047
303.102
303.154
303.202
303.248
303.291
303.333
303.373
303.412
303.449
303.486
303.521
303.556
303.59
303.623
303.656
303.688
303.72
303.752
303.783
303.813
303.844
303.874
303.903
303.932
303.961
303.99
304.018
304.046
304.074
304.102
304.129
304.156
304.183
304.21
304.237
304.263
304.29
304.317
304.343
304.37
304.396
304.422
304.448
304.474
304.5
304.526
304.552
304.577
304.603
304.629
304.655
304.681
304.707
304.732
304.757
304.782
304.806
304.832
304.857
304.882
304.907
304.932
304.957
304.982
305.007
305.032
305.057
305.081
305.106
305.13
305.155
305.179
305.204
305.229
305.254
305.279
305.303
305.328
305.351
305.375
305.399
305.424
305.448
305.472
305.496
305.52
305.544
305.568
305.593
305.618
305.642
305.666
305.69
305.713
305.736
305.76
305.783
305.806
305.83
305.853
305.876
305.898
305.92
305.942
305.964
305.986
306.009
306.032
306.053
306.074
306.094
306.115
306.136
306.155
306.173
306.191
306.209
306.227
306.244
306.26
306.275
306.29
306.304
306.318
306.331
306.342
306.353
306.362
306.37
306.377
306.382
306.385
306.387
306.387
306.386
306.382
306.376
306.368
306.357
306.344
306.328
306.308
306.285
306.258
306.225
306.189
306.149
306.103
306.05
305.988
305.915
305.82
305.711
305.576
305.392
302.632
302.704
302.773
302.838
302.9
302.959
303.014
303.066
303.115
303.161
303.206
303.248
303.29
303.329
303.368
303.405
303.442
303.477
303.512
303.546
303.58
303.613
303.645
303.677
303.709
303.74
303.771
303.801
303.831
303.861
303.891
303.92
303.948
303.977
304.005
304.033
304.061
304.089
304.116
304.143
304.17
304.197
304.224
304.251
304.278
304.305
304.331
304.358
304.384
304.411
304.437
304.463
304.489
304.515
304.541
304.568
304.594
304.62
304.645
304.671
304.696
304.721
304.747
304.772
304.798
304.823
304.848
304.874
304.899
304.924
304.949
304.975
304.999
305.024
305.049
305.074
305.099
305.123
305.148
305.174
305.199
305.224
305.249
305.273
305.298
305.322
305.346
305.371
305.396
305.42
305.444
305.468
305.493
305.517
305.542
305.567
305.592
305.616
305.64
305.664
305.687
305.711
305.734
305.758
305.782
305.806
305.829
305.851
305.874
305.896
305.918
305.941
305.964
305.986
306.008
306.029
306.05
306.071
306.092
306.111
306.13
306.149
306.167
306.185
306.202
306.218
306.234
306.249
306.264
306.277
306.29
306.302
306.313
306.323
306.331
306.338
306.343
306.347
306.349
306.349
306.347
306.344
306.338
306.33
306.319
306.306
306.29
306.27
306.247
306.219
306.187
306.15
306.109
306.062
306.008
305.945
305.869
305.774
305.663
305.525
305.341
302.566
302.631
302.695
302.757
302.816
302.872
302.926
302.978
303.027
303.074
303.119
303.162
303.204
303.245
303.284
303.322
303.359
303.396
303.431
303.466
303.5
303.534
303.567
303.599
303.632
303.663
303.695
303.725
303.756
303.786
303.816
303.846
303.875
303.904
303.932
303.961
303.989
304.017
304.045
304.073
304.1
304.128
304.155
304.182
304.209
304.236
304.263
304.29
304.317
304.343
304.37
304.396
304.423
304.449
304.476
304.502
304.528
304.554
304.581
304.606
304.632
304.658
304.683
304.709
304.735
304.76
304.786
304.812
304.837
304.863
304.888
304.913
304.939
304.964
304.989
305.014
305.039
305.064
305.09
305.115
305.14
305.166
305.191
305.216
305.24
305.265
305.29
305.315
305.34
305.364
305.389
305.413
305.438
305.463
305.488
305.513
305.538
305.562
305.587
305.611
305.635
305.659
305.683
305.707
305.731
305.755
305.778
305.801
305.824
305.847
305.87
305.893
305.916
305.938
305.96
305.982
306.003
306.024
306.045
306.065
306.084
306.103
306.122
306.14
306.157
306.174
306.19
306.205
306.22
306.234
306.247
306.26
306.271
306.28
306.289
306.296
306.301
306.305
306.308
306.308
306.307
306.303
306.298
306.29
306.279
306.266
306.25
306.23
306.206
306.179
306.146
306.109
306.067
306.02
305.964
305.899
305.822
305.727
305.613
305.474
305.292
302.5
302.56
302.619
302.677
302.733
302.788
302.84
302.891
302.939
302.986
303.031
303.075
303.117
303.158
303.198
303.236
303.274
303.311
303.347
303.382
303.417
303.451
303.485
303.518
303.551
303.583
303.615
303.646
303.677
303.707
303.738
303.768
303.797
303.827
303.856
303.885
303.913
303.942
303.97
303.998
304.026
304.054
304.082
304.109
304.137
304.164
304.191
304.218
304.245
304.272
304.299
304.326
304.353
304.379
304.406
304.433
304.459
304.486
304.512
304.538
304.564
304.59
304.616
304.642
304.668
304.694
304.72
304.746
304.772
304.797
304.823
304.849
304.874
304.9
304.925
304.951
304.976
305.002
305.027
305.053
305.078
305.104
305.129
305.155
305.18
305.205
305.23
305.255
305.28
305.305
305.33
305.355
305.38
305.405
305.431
305.456
305.481
305.506
305.531
305.555
305.58
305.604
305.628
305.652
305.677
305.701
305.725
305.748
305.772
305.795
305.818
305.841
305.864
305.887
305.909
305.931
305.953
305.975
305.996
306.016
306.036
306.055
306.074
306.092
306.11
306.127
306.143
306.159
306.174
306.188
306.202
306.214
306.226
306.236
306.244
306.252
306.257
306.262
306.264
306.265
306.264
306.26
306.255
306.247
306.237
306.223
306.207
306.187
306.164
306.136
306.103
306.066
306.023
305.975
305.918
305.852
305.773
305.677
305.563
305.422
305.245
302.435
302.49
302.545
302.6
302.653
302.705
302.755
302.804
302.852
302.898
302.943
302.986
303.028
303.069
303.109
303.148
303.186
303.224
303.26
303.296
303.331
303.366
303.4
303.433
303.466
303.499
303.531
303.563
303.594
303.625
303.656
303.686
303.716
303.746
303.776
303.805
303.834
303.863
303.891
303.92
303.948
303.976
304.004
304.032
304.06
304.088
304.115
304.143
304.17
304.197
304.224
304.252
304.279
304.305
304.332
304.359
304.386
304.413
304.439
304.466
304.492
304.519
304.545
304.571
304.597
304.624
304.65
304.676
304.702
304.728
304.754
304.78
304.806
304.832
304.858
304.883
304.909
304.935
304.961
304.987
305.013
305.038
305.064
305.09
305.115
305.141
305.166
305.192
305.217
305.242
305.268
305.293
305.319
305.344
305.37
305.395
305.42
305.446
305.471
305.496
305.521
305.545
305.57
305.595
305.619
305.644
305.668
305.692
305.715
305.739
305.763
305.786
305.809
305.833
305.855
305.878
305.9
305.922
305.943
305.964
305.984
306.004
306.023
306.042
306.06
306.077
306.094
306.11
306.125
306.14
306.153
306.166
306.178
306.188
306.197
306.205
306.211
306.215
306.218
306.219
306.218
306.215
306.21
306.202
306.192
306.178
306.162
306.142
306.119
306.091
306.058
306.02
305.977
305.928
305.87
305.803
305.723
305.626
305.511
305.372
305.198
302.369
302.421
302.472
302.523
302.574
302.623
302.671
302.719
302.765
302.81
302.854
302.897
302.938
302.979
303.019
303.058
303.097
303.134
303.171
303.207
303.242
303.277
303.312
303.345
303.379
303.412
303.444
303.476
303.508
303.539
303.57
303.601
303.632
303.662
303.692
303.721
303.751
303.78
303.809
303.838
303.866
303.895
303.923
303.951
303.979
304.007
304.035
304.063
304.091
304.118
304.146
304.173
304.2
304.228
304.255
304.282
304.309
304.336
304.363
304.39
304.416
304.443
304.47
304.496
304.523
304.549
304.576
304.602
304.629
304.655
304.681
304.708
304.734
304.76
304.786
304.812
304.838
304.865
304.891
304.917
304.943
304.969
304.995
305.021
305.047
305.073
305.099
305.124
305.15
305.176
305.202
305.227
305.253
305.279
305.305
305.331
305.356
305.382
305.407
305.433
305.458
305.483
305.508
305.533
305.558
305.583
305.607
305.632
305.656
305.68
305.704
305.728
305.751
305.775
305.798
305.821
305.843
305.865
305.887
305.908
305.929
305.949
305.969
305.988
306.006
306.024
306.041
306.057
306.073
306.088
306.102
306.115
306.127
306.137
306.147
306.155
306.161
306.166
306.169
306.17
306.169
306.167
306.162
306.154
306.144
306.131
306.114
306.095
306.071
306.043
306.01
305.972
305.929
305.878
305.82
305.752
305.671
305.574
305.459
305.321
305.153
302.304
302.352
302.4
302.448
302.495
302.542
302.588
302.634
302.678
302.722
302.765
302.807
302.848
302.889
302.928
302.967
303.005
303.043
303.079
303.115
303.151
303.186
303.221
303.255
303.288
303.321
303.354
303.387
303.419
303.45
303.482
303.513
303.543
303.574
303.604
303.634
303.664
303.693
303.722
303.752
303.781
303.809
303.838
303.866
303.895
303.923
303.951
303.979
304.007
304.035
304.063
304.091
304.118
304.146
304.173
304.201
304.228
304.255
304.282
304.309
304.337
304.363
304.39
304.417
304.444
304.471
304.498
304.524
304.551
304.578
304.605
304.631
304.658
304.684
304.711
304.737
304.764
304.79
304.816
304.843
304.869
304.896
304.922
304.948
304.975
305.001
305.027
305.053
305.079
305.106
305.132
305.158
305.184
305.21
305.236
305.262
305.288
305.314
305.34
305.366
305.392
305.417
305.442
305.468
305.493
305.518
305.543
305.568
305.593
305.617
305.642
305.666
305.69
305.714
305.737
305.76
305.783
305.806
305.828
305.849
305.87
305.891
305.911
305.93
305.949
305.967
305.985
306.002
306.018
306.033
306.047
306.061
306.073
306.084
306.093
306.102
306.108
306.114
306.117
306.118
306.118
306.115
306.111
306.103
306.093
306.08
306.064
306.044
306.021
305.993
305.96
305.922
305.878
305.827
305.768
305.699
305.617
305.521
305.406
305.271
305.109
302.239
302.284
302.329
302.373
302.418
302.462
302.506
302.55
302.592
302.635
302.676
302.717
302.758
302.797
302.836
302.875
302.912
302.949
302.986
303.022
303.058
303.093
303.127
303.161
303.195
303.228
303.261
303.294
303.326
303.358
303.389
303.421
303.452
303.482
303.513
303.543
303.573
303.603
303.632
303.662
303.691
303.72
303.749
303.778
303.807
303.835
303.864
303.892
303.92
303.948
303.976
304.004
304.032
304.06
304.088
304.115
304.143
304.17
304.198
304.225
304.253
304.28
304.307
304.334
304.361
304.389
304.416
304.443
304.47
304.497
304.524
304.551
304.577
304.604
304.631
304.658
304.685
304.711
304.738
304.765
304.792
304.818
304.845
304.872
304.898
304.925
304.952
304.978
305.005
305.031
305.058
305.084
305.111
305.137
305.164
305.19
305.216
305.243
305.269
305.295
305.321
305.347
305.373
305.399
305.425
305.45
305.476
305.501
305.526
305.551
305.575
305.6
305.625
305.649
305.673
305.696
305.719
305.742
305.765
305.787
305.808
305.829
305.85
305.87
305.889
305.908
305.926
305.943
305.959
305.975
305.989
306.003
306.016
306.027
306.037
306.046
306.053
306.058
306.062
306.064
306.064
306.061
306.057
306.05
306.04
306.027
306.011
305.991
305.968
305.94
305.907
305.869
305.824
305.773
305.713
305.644
305.562
305.466
305.353
305.221
305.066
302.173
302.215
302.257
302.299
302.341
302.383
302.425
302.466
302.507
302.548
302.588
302.628
302.667
302.705
302.744
302.781
302.819
302.855
302.891
302.927
302.962
302.997
303.032
303.066
303.099
303.133
303.166
303.198
303.231
303.263
303.294
303.326
303.357
303.388
303.418
303.449
303.479
303.509
303.539
303.568
303.598
303.627
303.656
303.685
303.714
303.743
303.772
303.8
303.829
303.857
303.886
303.914
303.942
303.97
303.998
304.026
304.054
304.082
304.109
304.137
304.165
304.192
304.22
304.247
304.275
304.302
304.329
304.357
304.384
304.411
304.439
304.466
304.493
304.52
304.547
304.574
304.602
304.629
304.656
304.683
304.71
304.737
304.764
304.791
304.818
304.845
304.872
304.899
304.926
304.953
304.98
305.007
305.033
305.06
305.087
305.114
305.141
305.167
305.194
305.221
305.247
305.273
305.3
305.326
305.352
305.378
305.404
305.429
305.455
305.48
305.506
305.531
305.555
305.58
305.604
305.628
305.652
305.675
305.698
305.721
305.743
305.764
305.785
305.805
305.825
305.844
305.863
305.88
305.897
305.913
305.928
305.942
305.955
305.967
305.977
305.986
305.994
305.999
306.004
306.006
306.006
306.004
306
305.993
305.984
305.971
305.955
305.936
305.912
305.884
305.851
305.813
305.768
305.717
305.657
305.587
305.506
305.411
305.3
305.171
305.023
302.108
302.147
302.186
302.226
302.265
302.305
302.344
302.383
302.422
302.461
302.5
302.538
302.576
302.614
302.651
302.688
302.724
302.76
302.796
302.831
302.866
302.9
302.935
302.968
303.002
303.035
303.068
303.1
303.133
303.165
303.196
303.228
303.259
303.29
303.321
303.351
303.382
303.412
303.442
303.472
303.501
303.531
303.56
303.59
303.619
303.648
303.677
303.705
303.734
303.763
303.791
303.82
303.848
303.876
303.905
303.933
303.961
303.989
304.017
304.045
304.073
304.1
304.128
304.156
304.184
304.211
304.239
304.267
304.294
304.322
304.35
304.377
304.405
304.432
304.46
304.487
304.514
304.542
304.569
304.597
304.624
304.652
304.679
304.706
304.734
304.761
304.788
304.816
304.843
304.87
304.898
304.925
304.952
304.979
305.006
305.034
305.061
305.088
305.115
305.142
305.169
305.196
305.222
305.249
305.275
305.302
305.328
305.354
305.38
305.406
305.432
305.457
305.482
305.507
305.532
305.557
305.581
305.605
305.628
305.651
305.673
305.695
305.717
305.737
305.758
305.777
305.796
305.814
305.831
305.848
305.863
305.878
305.891
305.903
305.914
305.923
305.931
305.937
305.942
305.945
305.945
305.944
305.94
305.933
305.924
305.912
305.896
305.877
305.853
305.826
305.793
305.755
305.71
305.659
305.599
305.529
305.449
305.355
305.246
305.121
304.98
302.042
302.079
302.115
302.152
302.19
302.227
302.264
302.301
302.338
302.375
302.412
302.449
302.486
302.522
302.558
302.594
302.629
302.664
302.699
302.734
302.768
302.802
302.836
302.869
302.903
302.936
302.968
303.001
303.033
303.065
303.096
303.128
303.159
303.19
303.221
303.251
303.282
303.312
303.342
303.372
303.402
303.431
303.461
303.49
303.519
303.549
303.578
303.607
303.636
303.664
303.693
303.722
303.75
303.779
303.807
303.836
303.864
303.892
303.92
303.949
303.977
304.005
304.033
304.061
304.089
304.117
304.145
304.173
304.201
304.229
304.256
304.284
304.312
304.34
304.368
304.395
304.423
304.451
304.479
304.507
304.534
304.562
304.59
304.617
304.645
304.673
304.701
304.728
304.756
304.784
304.811
304.839
304.866
304.894
304.922
304.949
304.977
305.004
305.032
305.059
305.086
305.114
305.141
305.168
305.195
305.222
305.248
305.275
305.301
305.328
305.354
305.38
305.405
305.431
305.456
305.481
305.506
305.53
305.554
305.577
305.6
305.622
305.644
305.665
305.686
305.706
305.725
305.744
305.762
305.779
305.795
305.809
305.823
305.836
305.847
305.857
305.865
305.872
305.877
305.88
305.881
305.88
305.876
305.87
305.861
305.849
305.834
305.815
305.792
305.764
305.732
305.694
305.65
305.598
305.539
305.47
305.39
305.298
305.192
305.072
304.937
301.976
302.01
302.045
302.08
302.114
302.149
302.185
302.22
302.255
302.29
302.326
302.361
302.396
302.431
302.465
302.5
302.534
302.569
302.603
302.636
302.67
302.703
302.736
302.769
302.802
302.835
302.867
302.899
302.931
302.962
302.994
303.025
303.056
303.087
303.118
303.148
303.179
303.209
303.239
303.269
303.299
303.329
303.358
303.388
303.417
303.446
303.475
303.505
303.534
303.563
303.591
303.62
303.649
303.678
303.706
303.735
303.763
303.792
303.82
303.849
303.877
303.905
303.934
303.962
303.99
304.018
304.047
304.075
304.103
304.131
304.159
304.187
304.215
304.244
304.272
304.3
304.328
304.356
304.384
304.412
304.44
304.468
304.496
304.524
304.553
304.581
304.609
304.637
304.665
304.693
304.721
304.749
304.777
304.805
304.833
304.861
304.889
304.917
304.944
304.972
305
305.028
305.055
305.083
305.11
305.137
305.165
305.192
305.218
305.245
305.272
305.298
305.324
305.35
305.376
305.401
305.426
305.451
305.475
305.499
305.522
305.545
305.568
305.589
305.611
305.631
305.651
305.67
305.688
305.706
305.722
305.737
305.752
305.765
305.776
305.787
305.795
305.803
305.808
305.812
305.813
305.812
305.809
305.804
305.795
305.784
305.769
305.75
305.727
305.7
305.668
305.63
305.586
305.535
305.476
305.408
305.33
305.24
305.138
305.022
304.894
301.91
301.942
301.975
302.007
302.04
302.073
302.106
302.139
302.173
302.206
302.24
302.273
302.306
302.34
302.373
302.407
302.44
302.473
302.506
302.539
302.571
302.604
302.636
302.669
302.701
302.733
302.764
302.796
302.827
302.859
302.89
302.921
302.952
302.982
303.013
303.043
303.074
303.104
303.134
303.164
303.194
303.223
303.253
303.282
303.312
303.341
303.37
303.399
303.429
303.458
303.487
303.515
303.544
303.573
303.602
303.631
303.659
303.688
303.717
303.745
303.774
303.802
303.831
303.859
303.888
303.916
303.945
303.973
304.001
304.03
304.058
304.087
304.115
304.143
304.172
304.2
304.229
304.257
304.285
304.314
304.342
304.371
304.399
304.427
304.456
304.484
304.513
304.541
304.569
304.598
304.626
304.655
304.683
304.711
304.74
304.768
304.796
304.825
304.853
304.881
304.909
304.937
304.965
304.993
305.021
305.049
305.076
305.104
305.131
305.158
305.185
305.212
305.239
305.265
305.291
305.317
305.343
305.368
305.393
305.417
305.441
305.464
305.487
305.509
305.531
305.552
305.572
305.592
305.611
305.629
305.645
305.661
305.676
305.69
305.702
305.713
305.722
305.73
305.735
305.74
305.742
305.741
305.739
305.734
305.726
305.714
305.7
305.682
305.66
305.633
305.601
305.564
305.521
305.47
305.412
305.345
305.269
305.181
305.083
304.972
304.85
301.845
301.875
301.905
301.935
301.966
301.997
302.028
302.059
302.091
302.123
302.154
302.186
302.218
302.25
302.282
302.314
302.346
302.378
302.41
302.441
302.473
302.505
302.536
302.568
302.599
302.63
302.661
302.692
302.723
302.754
302.785
302.815
302.846
302.876
302.906
302.937
302.967
302.997
303.026
303.056
303.086
303.116
303.145
303.174
303.204
303.233
303.262
303.292
303.321
303.35
303.379
303.408
303.437
303.466
303.494
303.523
303.552
303.581
303.61
303.638
303.667
303.696
303.724
303.753
303.782
303.81
303.839
303.868
303.896
303.925
303.954
303.982
304.011
304.039
304.068
304.097
304.125
304.154
304.183
304.212
304.24
304.269
304.298
304.326
304.355
304.384
304.413
304.441
304.47
304.499
304.528
304.556
304.585
304.614
304.643
304.671
304.7
304.729
304.757
304.786
304.815
304.843
304.871
304.9
304.928
304.956
304.984
305.012
305.04
305.068
305.095
305.122
305.149
305.176
305.203
305.229
305.255
305.281
305.306
305.331
305.355
305.379
305.402
305.425
305.447
305.469
305.49
305.51
305.529
305.547
305.565
305.581
305.596
305.61
305.623
305.635
305.644
305.653
305.659
305.664
305.666
305.666
305.664
305.66
305.652
305.642
305.628
305.61
305.589
305.562
305.531
305.495
305.452
305.403
305.346
305.281
305.206
305.122
305.027
304.921
304.806
301.779
301.807
301.835
301.864
301.893
301.922
301.951
301.981
302.01
302.04
302.07
302.1
302.131
302.161
302.192
302.222
302.253
302.283
302.314
302.344
302.375
302.406
302.436
302.467
302.497
302.528
302.558
302.588
302.619
302.649
302.679
302.709
302.739
302.769
302.799
302.829
302.858
302.888
302.918
302.947
302.977
303.006
303.035
303.065
303.094
303.123
303.152
303.181
303.21
303.239
303.268
303.297
303.326
303.355
303.384
303.413
303.442
303.471
303.5
303.528
303.557
303.586
303.615
303.644
303.672
303.701
303.73
303.759
303.788
303.816
303.845
303.874
303.903
303.932
303.961
303.99
304.019
304.048
304.077
304.105
304.134
304.163
304.193
304.222
304.251
304.28
304.309
304.338
304.367
304.396
304.425
304.454
304.483
304.512
304.542
304.571
304.6
304.629
304.658
304.687
304.716
304.745
304.773
304.802
304.831
304.859
304.888
304.916
304.944
304.973
305
305.028
305.056
305.083
305.11
305.137
305.163
305.189
305.215
305.24
305.265
305.29
305.314
305.337
305.36
305.382
305.403
305.423
305.443
305.462
305.48
305.497
305.513
305.527
305.54
305.552
305.563
305.571
305.578
305.584
305.587
305.588
305.586
305.582
305.575
305.565
305.552
305.535
305.514
305.489
305.459
305.423
305.381
305.333
305.278
305.215
305.142
305.061
304.97
304.87
304.76
301.714
301.74
301.766
301.793
301.82
301.847
301.875
301.903
301.931
301.959
301.987
302.016
302.044
302.073
302.102
302.131
302.161
302.19
302.219
302.249
302.278
302.307
302.337
302.366
302.396
302.425
302.455
302.485
302.514
302.543
302.573
302.602
302.632
302.661
302.691
302.72
302.749
302.778
302.808
302.837
302.866
302.895
302.924
302.953
302.982
303.011
303.04
303.069
303.098
303.127
303.156
303.185
303.214
303.243
303.271
303.3
303.329
303.358
303.387
303.416
303.445
303.473
303.502
303.531
303.56
303.589
303.618
303.647
303.676
303.705
303.734
303.763
303.792
303.821
303.85
303.879
303.908
303.938
303.967
303.996
304.025
304.054
304.084
304.113
304.142
304.172
304.201
304.231
304.26
304.289
304.319
304.348
304.378
304.407
304.437
304.466
304.495
304.525
304.554
304.584
304.613
304.642
304.671
304.701
304.73
304.759
304.788
304.816
304.845
304.873
304.902
304.93
304.958
304.986
305.013
305.04
305.067
305.094
305.12
305.146
305.171
305.196
305.22
305.244
305.267
305.29
305.312
305.333
305.353
305.372
305.391
305.408
305.425
305.44
305.453
305.466
305.477
305.486
305.494
305.499
305.503
305.505
305.504
305.501
305.494
305.485
305.473
305.456
305.436
305.412
305.383
305.348
305.308
305.261
305.207
305.146
305.077
304.999
304.912
304.817
304.713
301.649
301.673
301.698
301.723
301.748
301.774
301.8
301.826
301.852
301.879
301.906
301.933
301.96
301.987
302.014
302.042
302.07
302.098
302.126
302.154
302.182
302.21
302.239
302.267
302.296
302.324
302.353
302.381
302.41
302.439
302.467
302.496
302.525
302.553
302.582
302.611
302.64
302.668
302.697
302.726
302.754
302.783
302.812
302.841
302.869
302.898
302.927
302.956
302.984
303.013
303.042
303.07
303.099
303.128
303.157
303.186
303.214
303.243
303.272
303.301
303.33
303.359
303.387
303.416
303.445
303.474
303.503
303.532
303.561
303.59
303.62
303.649
303.678
303.707
303.736
303.766
303.795
303.824
303.854
303.883
303.913
303.942
303.972
304.001
304.031
304.06
304.09
304.12
304.149
304.179
304.209
304.239
304.268
304.298
304.328
304.358
304.387
304.417
304.447
304.477
304.506
304.536
304.566
304.595
304.624
304.654
304.683
304.712
304.741
304.77
304.799
304.828
304.856
304.884
304.912
304.94
304.967
304.994
305.021
305.047
305.073
305.098
305.123
305.147
305.171
305.194
305.216
305.238
305.258
305.278
305.297
305.315
305.332
305.348
305.362
305.375
305.387
305.397
305.405
305.411
305.415
305.418
305.418
305.415
305.409
305.401
305.389
305.374
305.355
305.331
305.303
305.27
305.231
305.186
305.135
305.076
305.01
304.935
304.853
304.763
304.665
301.585
301.608
301.631
301.654
301.678
301.702
301.726
301.751
301.775
301.8
301.825
301.851
301.876
301.902
301.928
301.954
301.981
302.007
302.034
302.061
302.088
302.115
302.142
302.169
302.196
302.224
302.251
302.279
302.307
302.334
302.362
302.39
302.418
302.446
302.474
302.502
302.53
302.558
302.586
302.615
302.643
302.671
302.699
302.728
302.756
302.784
302.813
302.841
302.869
302.898
302.926
302.955
302.983
303.012
303.041
303.069
303.098
303.127
303.155
303.184
303.213
303.242
303.271
303.299
303.328
303.357
303.386
303.415
303.445
303.474
303.503
303.532
303.561
303.591
303.62
303.649
303.679
303.708
303.738
303.768
303.797
303.827
303.857
303.886
303.916
303.946
303.976
304.006
304.036
304.066
304.096
304.126
304.156
304.186
304.216
304.246
304.276
304.306
304.336
304.366
304.396
304.426
304.456
304.486
304.516
304.545
304.575
304.604
304.634
304.663
304.692
304.721
304.75
304.778
304.807
304.835
304.863
304.89
304.917
304.944
304.97
304.996
305.021
305.046
305.07
305.093
305.116
305.138
305.16
305.18
305.199
305.218
305.235
305.251
305.266
305.28
305.292
305.303
305.311
305.318
305.323
305.326
305.327
305.325
305.32
305.313
305.302
305.288
305.269
305.247
305.22
305.189
305.151
305.108
305.059
305.003
304.94
304.87
304.792
304.707
304.615
301.522
301.543
301.564
301.586
301.609
301.631
301.654
301.677
301.7
301.723
301.747
301.771
301.795
301.819
301.844
301.869
301.893
301.919
301.944
301.969
301.995
302.021
302.047
302.073
302.099
302.125
302.152
302.178
302.205
302.232
302.259
302.286
302.313
302.34
302.367
302.394
302.422
302.449
302.476
302.504
302.532
302.559
302.587
302.615
302.643
302.67
302.698
302.726
302.754
302.782
302.811
302.839
302.867
302.895
302.924
302.952
302.98
303.009
303.038
303.066
303.095
303.123
303.152
303.181
303.21
303.239
303.268
303.297
303.326
303.355
303.384
303.413
303.443
303.472
303.501
303.531
303.561
303.59
303.62
303.649
303.679
303.709
303.739
303.769
303.799
303.829
303.859
303.889
303.919
303.949
303.98
304.01
304.04
304.07
304.101
304.131
304.161
304.192
304.222
304.252
304.282
304.313
304.343
304.373
304.403
304.433
304.463
304.493
304.523
304.552
304.582
304.611
304.64
304.669
304.698
304.726
304.754
304.782
304.809
304.837
304.863
304.889
304.915
304.94
304.965
304.989
305.012
305.035
305.056
305.077
305.097
305.116
305.134
305.151
305.166
305.18
305.193
305.204
305.213
305.221
305.227
305.23
305.232
305.231
305.227
305.22
305.21
305.197
305.18
305.159
305.134
305.104
305.068
305.028
304.981
304.928
304.868
304.802
304.729
304.648
304.562
301.459
301.479
301.499
301.52
301.541
301.562
301.583
301.604
301.626
301.648
301.67
301.693
301.715
301.738
301.761
301.785
301.808
301.832
301.856
301.88
301.905
301.929
301.954
301.979
302.004
302.029
302.054
302.08
302.105
302.131
302.157
302.183
302.209
302.235
302.261
302.288
302.314
302.341
302.368
302.394
302.421
302.448
302.475
302.503
302.53
302.557
302.585
302.612
302.64
302.667
302.695
302.723
302.751
302.779
302.807
302.835
302.863
302.891
302.919
302.948
302.976
303.004
303.033
303.062
303.09
303.119
303.148
303.177
303.206
303.235
303.264
303.293
303.323
303.352
303.381
303.411
303.44
303.47
303.5
303.529
303.559
303.589
303.619
303.649
303.679
303.709
303.74
303.77
303.8
303.83
303.861
303.891
303.922
303.952
303.983
304.013
304.044
304.074
304.105
304.135
304.166
304.196
304.227
304.257
304.288
304.318
304.348
304.378
304.408
304.438
304.468
304.497
304.527
304.556
304.585
304.614
304.642
304.67
304.698
304.725
304.752
304.779
304.805
304.831
304.856
304.88
304.904
304.927
304.949
304.97
304.99
305.01
305.028
305.045
305.061
305.076
305.089
305.101
305.111
305.119
305.126
305.13
305.132
305.132
305.129
305.123
305.115
305.102
305.087
305.067
305.043
305.015
304.982
304.944
304.9
304.85
304.794
304.731
304.663
304.588
304.507
301.398
301.417
301.436
301.455
301.474
301.494
301.514
301.534
301.554
301.575
301.596
301.617
301.638
301.66
301.681
301.703
301.726
301.748
301.771
301.794
301.817
301.84
301.863
301.887
301.911
301.935
301.959
301.983
302.008
302.032
302.057
302.082
302.107
302.133
302.158
302.183
302.209
302.235
302.261
302.287
302.313
302.339
302.365
302.392
302.419
302.445
302.472
302.499
302.526
302.553
302.58
302.607
302.635
302.662
302.69
302.718
302.745
302.773
302.801
302.829
302.857
302.885
302.914
302.942
302.971
302.999
303.028
303.057
303.085
303.114
303.143
303.172
303.202
303.231
303.26
303.29
303.319
303.349
303.378
303.408
303.438
303.468
303.498
303.528
303.558
303.588
303.618
303.649
303.679
303.71
303.74
303.771
303.801
303.832
303.862
303.893
303.924
303.954
303.985
304.016
304.046
304.077
304.108
304.138
304.169
304.199
304.23
304.26
304.29
304.321
304.351
304.38
304.41
304.439
304.469
304.498
304.526
304.555
304.583
304.611
304.638
304.665
304.691
304.717
304.742
304.767
304.791
304.814
304.837
304.859
304.879
304.899
304.918
304.936
304.952
304.967
304.981
304.993
305.004
305.013
305.02
305.025
305.028
305.029
305.027
305.022
305.014
305.004
304.989
304.971
304.949
304.923
304.892
304.856
304.815
304.768
304.716
304.658
304.593
304.523
304.448
301.339
301.356
301.374
301.392
301.41
301.428
301.447
301.465
301.484
301.504
301.523
301.543
301.563
301.583
301.604
301.625
301.646
301.667
301.688
301.71
301.732
301.754
301.776
301.798
301.821
301.844
301.867
301.89
301.913
301.937
301.96
301.984
302.008
302.033
302.057
302.082
302.106
302.131
302.156
302.181
302.207
302.232
302.258
302.283
302.309
302.335
302.361
302.387
302.414
302.44
302.467
302.494
302.52
302.547
302.574
302.602
302.629
302.656
302.684
302.711
302.739
302.767
302.795
302.823
302.851
302.879
302.908
302.936
302.965
302.994
303.022
303.051
303.08
303.109
303.139
303.168
303.197
303.227
303.256
303.286
303.316
303.346
303.375
303.406
303.436
303.466
303.496
303.526
303.557
303.587
303.618
303.648
303.679
303.71
303.74
303.771
303.802
303.833
303.863
303.894
303.925
303.956
303.987
304.017
304.048
304.079
304.109
304.14
304.17
304.2
304.231
304.261
304.29
304.32
304.349
304.379
304.407
304.436
304.464
304.492
304.52
304.547
304.573
304.6
304.625
304.65
304.674
304.698
304.721
304.743
304.764
304.784
304.803
304.822
304.839
304.854
304.868
304.881
304.893
304.902
304.91
304.916
304.919
304.921
304.92
304.916
304.91
304.9
304.887
304.871
304.851
304.826
304.798
304.764
304.726
304.683
304.634
304.58
304.521
304.456
304.386
301.281
301.297
301.314
301.33
301.347
301.364
301.382
301.399
301.417
301.435
301.454
301.472
301.491
301.51
301.529
301.549
301.568
301.588
301.609
301.629
301.65
301.67
301.691
301.713
301.734
301.756
301.778
301.8
301.822
301.844
301.867
301.89
301.913
301.936
301.959
301.983
302.007
302.031
302.055
302.079
302.103
302.128
302.153
302.177
302.203
302.228
302.253
302.279
302.304
302.33
302.356
302.382
302.408
302.434
302.461
302.488
302.514
302.541
302.568
302.595
302.623
302.65
302.678
302.705
302.733
302.761
302.789
302.817
302.845
302.874
302.902
302.931
302.96
302.988
303.017
303.047
303.076
303.105
303.134
303.164
303.194
303.223
303.253
303.283
303.313
303.343
303.373
303.403
303.434
303.464
303.495
303.525
303.556
303.586
303.617
303.648
303.679
303.709
303.74
303.771
303.802
303.833
303.864
303.894
303.925
303.956
303.986
304.017
304.048
304.078
304.108
304.138
304.168
304.198
304.227
304.257
304.286
304.314
304.343
304.371
304.398
304.426
304.452
304.479
304.505
304.53
304.554
304.578
304.601
304.623
304.645
304.665
304.685
304.703
304.721
304.737
304.751
304.765
304.777
304.787
304.795
304.802
304.806
304.809
304.809
304.806
304.801
304.792
304.781
304.766
304.748
304.726
304.7
304.669
304.634
304.594
304.549
304.499
304.444
304.384
304.319
301.225
301.24
301.256
301.271
301.287
301.303
301.319
301.336
301.353
301.369
301.387
301.404
301.422
301.44
301.458
301.476
301.495
301.513
301.532
301.552
301.571
301.591
301.611
301.631
301.651
301.671
301.692
301.713
301.734
301.756
301.777
301.799
301.821
301.843
301.865
301.888
301.911
301.934
301.957
301.98
302.004
302.027
302.051
302.075
302.099
302.124
302.148
302.173
302.198
302.223
302.248
302.273
302.299
302.324
302.35
302.376
302.402
302.429
302.455
302.482
302.508
302.535
302.562
302.59
302.617
302.644
302.672
302.7
302.728
302.756
302.784
302.812
302.84
302.869
302.898
302.926
302.955
302.984
303.013
303.043
303.072
303.102
303.131
303.161
303.191
303.221
303.251
303.281
303.311
303.341
303.371
303.402
303.432
303.463
303.494
303.524
303.555
303.586
303.616
303.647
303.678
303.709
303.74
303.77
303.801
303.832
303.862
303.893
303.923
303.954
303.984
304.014
304.044
304.073
304.103
304.132
304.161
304.19
304.219
304.247
304.274
304.302
304.328
304.355
304.381
304.406
304.431
304.455
304.478
304.5
304.522
304.543
304.562
304.581
304.599
304.615
304.63
304.644
304.656
304.667
304.676
304.683
304.689
304.692
304.693
304.691
304.687
304.68
304.67
304.657
304.641
304.621
304.597
304.569
304.537
304.501
304.46
304.414
304.364
304.309
304.249
301.171
301.186
301.2
301.215
301.229
301.244
301.26
301.275
301.291
301.307
301.323
301.339
301.356
301.372
301.389
301.407
301.424
301.442
301.46
301.478
301.496
301.515
301.533
301.552
301.572
301.591
301.611
301.631
301.651
301.671
301.691
301.712
301.733
301.754
301.776
301.797
301.819
301.841
301.863
301.885
301.908
301.931
301.954
301.977
302
302.023
302.047
302.071
302.095
302.119
302.144
302.168
302.193
302.218
302.243
302.268
302.294
302.32
302.345
302.371
302.397
302.424
302.45
302.477
302.504
302.531
302.558
302.585
302.612
302.64
302.667
302.695
302.723
302.751
302.78
302.808
302.837
302.865
302.894
302.923
302.952
302.981
303.011
303.04
303.07
303.099
303.129
303.159
303.189
303.219
303.249
303.279
303.309
303.34
303.37
303.401
303.431
303.462
303.492
303.523
303.554
303.584
303.615
303.646
303.676
303.707
303.737
303.768
303.798
303.828
303.858
303.888
303.918
303.948
303.977
304.006
304.035
304.064
304.092
304.12
304.148
304.175
304.202
304.228
304.254
304.279
304.304
304.328
304.351
304.374
304.396
304.417
304.436
304.455
304.473
304.49
304.505
304.52
304.532
304.544
304.553
304.561
304.567
304.571
304.573
304.572
304.569
304.564
304.556
304.544
304.53
304.512
304.491
304.465
304.436
304.403
304.366
304.324
304.279
304.228
304.174
301.12
301.134
301.147
301.161
301.175
301.189
301.203
301.217
301.232
301.247
301.262
301.278
301.293
301.309
301.325
301.341
301.358
301.374
301.391
301.408
301.425
301.443
301.461
301.479
301.497
301.515
301.534
301.553
301.572
301.591
301.61
301.63
301.65
301.67
301.69
301.711
301.732
301.753
301.774
301.795
301.817
301.839
301.861
301.883
301.905
301.928
301.951
301.974
301.997
302.02
302.044
302.068
302.092
302.116
302.14
302.165
302.19
302.214
302.24
302.265
302.29
302.316
302.342
302.368
302.394
302.42
302.447
302.474
302.5
302.527
302.555
302.582
302.609
302.637
302.665
302.693
302.721
302.749
302.777
302.806
302.835
302.863
302.892
302.921
302.951
302.98
303.009
303.039
303.068
303.098
303.128
303.158
303.188
303.218
303.248
303.278
303.309
303.339
303.369
303.4
303.43
303.46
303.491
303.521
303.551
303.582
303.612
303.642
303.672
303.702
303.732
303.762
303.791
303.821
303.85
303.879
303.908
303.936
303.964
303.992
304.02
304.047
304.073
304.1
304.125
304.15
304.175
304.199
304.222
304.245
304.267
304.287
304.307
304.326
304.344
304.361
304.377
304.392
304.405
304.416
304.426
304.435
304.441
304.446
304.449
304.45
304.448
304.444
304.437
304.427
304.415
304.399
304.38
304.358
304.332
304.302
304.268
304.231
304.189
304.143
304.094
301.072
301.084
301.097
301.11
301.123
301.136
301.15
301.163
301.177
301.191
301.205
301.22
301.234
301.249
301.264
301.279
301.295
301.311
301.326
301.343
301.359
301.375
301.392
301.409
301.426
301.444
301.461
301.479
301.497
301.516
301.534
301.553
301.572
301.591
301.61
301.63
301.65
301.67
301.69
301.71
301.731
301.752
301.773
301.794
301.816
301.838
301.859
301.882
301.904
301.927
301.949
301.972
301.995
302.019
302.042
302.066
302.09
302.114
302.139
302.163
302.188
302.213
302.238
302.263
302.289
302.315
302.34
302.367
302.393
302.419
302.446
302.473
302.499
302.527
302.554
302.581
302.609
302.636
302.664
302.692
302.721
302.749
302.777
302.806
302.835
302.864
302.893
302.922
302.951
302.98
303.01
303.039
303.069
303.098
303.128
303.158
303.188
303.218
303.248
303.278
303.308
303.338
303.368
303.398
303.428
303.458
303.488
303.517
303.547
303.577
303.606
303.636
303.665
303.694
303.723
303.751
303.78
303.808
303.836
303.863
303.891
303.917
303.944
303.97
303.995
304.02
304.044
304.068
304.091
304.114
304.135
304.156
304.176
304.195
304.213
304.23
304.246
304.261
304.274
304.286
304.296
304.305
304.313
304.318
304.322
304.323
304.323
304.32
304.314
304.307
304.296
304.282
304.266
304.246
304.223
304.196
304.166
304.133
304.095
304.054
304.009
301.027
301.038
301.05
301.062
301.075
301.087
301.1
301.112
301.126
301.139
301.152
301.166
301.179
301.193
301.208
301.222
301.237
301.251
301.266
301.282
301.297
301.313
301.329
301.345
301.361
301.377
301.394
301.411
301.428
301.446
301.463
301.481
301.499
301.517
301.536
301.554
301.573
301.592
301.612
301.631
301.651
301.671
301.691
301.711
301.732
301.753
301.774
301.795
301.817
301.838
301.86
301.883
301.905
301.927
301.95
301.973
301.996
302.02
302.043
302.067
302.091
302.115
302.14
302.164
302.189
302.214
302.239
302.265
302.29
302.316
302.342
302.368
302.394
302.421
302.448
302.474
302.501
302.528
302.556
302.583
302.611
302.639
302.667
302.695
302.723
302.751
302.78
302.808
302.837
302.866
302.895
302.924
302.953
302.982
303.011
303.04
303.07
303.099
303.129
303.158
303.188
303.217
303.247
303.276
303.306
303.335
303.365
303.394
303.423
303.453
303.482
303.511
303.539
303.568
303.596
303.625
303.652
303.68
303.708
303.735
303.761
303.788
303.814
303.839
303.864
303.889
303.913
303.936
303.959
303.981
304.003
304.023
304.043
304.062
304.08
304.097
304.113
304.128
304.141
304.154
304.164
304.174
304.182
304.188
304.192
304.195
304.195
304.193
304.189
304.183
304.174
304.163
304.148
304.131
304.111
304.087
304.061
304.031
303.997
303.961
303.92
300.985
300.996
301.007
301.018
301.03
301.042
301.054
301.066
301.078
301.09
301.103
301.116
301.129
301.142
301.156
301.169
301.183
301.197
301.211
301.226
301.24
301.255
301.27
301.285
301.301
301.316
301.332
301.348
301.365
301.381
301.398
301.415
301.432
301.449
301.467
301.485
301.503
301.521
301.539
301.558
301.577
301.596
301.615
301.635
301.655
301.675
301.695
301.715
301.736
301.757
301.778
301.799
301.821
301.842
301.864
301.887
301.909
301.932
301.954
301.977
302.001
302.024
302.048
302.072
302.096
302.12
302.144
302.169
302.194
302.219
302.244
302.27
302.295
302.321
302.347
302.373
302.4
302.426
302.453
302.479
302.506
302.534
302.561
302.588
302.616
302.644
302.671
302.699
302.728
302.756
302.784
302.812
302.841
302.87
302.898
302.927
302.956
302.985
303.013
303.042
303.071
303.1
303.129
303.158
303.187
303.216
303.245
303.274
303.302
303.331
303.359
303.388
303.416
303.444
303.472
303.499
303.527
303.554
303.58
303.607
303.633
303.659
303.684
303.709
303.734
303.758
303.782
303.805
303.827
303.849
303.87
303.89
303.91
303.929
303.946
303.963
303.979
303.994
304.008
304.02
304.031
304.041
304.049
304.056
304.061
304.064
304.065
304.065
304.062
304.057
304.05
304.041
304.028
304.014
303.996
303.976
303.952
303.926
303.896
303.864
303.828
300.946
300.957
300.968
300.978
300.989
301
301.012
301.023
301.035
301.047
301.058
301.071
301.083
301.096
301.108
301.121
301.134
301.148
301.161
301.175
301.189
301.203
301.217
301.231
301.246
301.261
301.276
301.291
301.307
301.322
301.338
301.354
301.371
301.387
301.404
301.421
301.438
301.456
301.473
301.491
301.509
301.528
301.546
301.565
301.584
301.603
301.622
301.642
301.662
301.682
301.702
301.723
301.744
301.765
301.786
301.807
301.829
301.851
301.873
301.895
301.917
301.94
301.963
301.986
302.009
302.033
302.056
302.08
302.104
302.129
302.153
302.178
302.203
302.228
302.253
302.279
302.304
302.33
302.356
302.382
302.408
302.435
302.461
302.488
302.515
302.542
302.569
302.597
302.624
302.651
302.679
302.707
302.735
302.763
302.791
302.819
302.847
302.875
302.903
302.931
302.96
302.988
303.016
303.044
303.073
303.101
303.129
303.157
303.185
303.213
303.24
303.268
303.296
303.323
303.35
303.377
303.403
303.43
303.456
303.482
303.507
303.533
303.557
303.582
303.606
303.629
303.652
303.675
303.697
303.718
303.739
303.758
303.778
303.796
303.814
303.83
303.846
303.861
303.874
303.887
303.898
303.908
303.917
303.924
303.929
303.933
303.936
303.936
303.935
303.931
303.926
303.918
303.908
303.895
303.88
303.862
303.842
303.819
303.793
303.765
303.733
300.912
300.922
300.932
300.942
300.953
300.963
300.974
300.985
300.996
301.007
301.019
301.03
301.042
301.054
301.066
301.078
301.091
301.103
301.116
301.129
301.142
301.156
301.169
301.183
301.197
301.211
301.226
301.24
301.255
301.27
301.285
301.301
301.316
301.332
301.348
301.364
301.381
301.398
301.415
301.432
301.449
301.466
301.484
301.502
301.52
301.539
301.558
301.576
301.595
301.615
301.634
301.654
301.674
301.694
301.715
301.735
301.756
301.777
301.798
301.82
301.842
301.864
301.886
301.908
301.931
301.953
301.976
301.999
302.023
302.046
302.07
302.094
302.118
302.143
302.167
302.192
302.217
302.242
302.267
302.292
302.318
302.344
302.369
302.395
302.422
302.448
302.474
302.501
302.527
302.554
302.581
302.608
302.635
302.662
302.689
302.717
302.744
302.772
302.799
302.826
302.854
302.881
302.909
302.936
302.964
302.991
303.018
303.046
303.073
303.1
303.127
303.154
303.18
303.207
303.233
303.259
303.285
303.311
303.336
303.361
303.386
303.41
303.434
303.458
303.481
303.504
303.526
303.548
303.57
303.59
303.61
303.63
303.649
303.667
303.684
303.7
303.716
303.73
303.744
303.756
303.767
303.778
303.786
303.794
303.8
303.805
303.808
303.809
303.809
303.806
303.802
303.796
303.788
303.777
303.765
303.749
303.732
303.712
303.69
303.665
303.637
300.882
300.891
300.901
300.911
300.921
300.931
300.941
300.951
300.962
300.973
300.984
300.995
301.006
301.017
301.029
301.041
301.053
301.065
301.077
301.089
301.102
301.115
301.128
301.141
301.154
301.168
301.182
301.196
301.21
301.224
301.239
301.254
301.269
301.284
301.299
301.315
301.331
301.347
301.363
301.379
301.396
301.413
301.43
301.447
301.465
301.482
301.5
301.519
301.537
301.556
301.574
301.593
301.613
301.632
301.652
301.672
301.692
301.712
301.733
301.753
301.774
301.796
301.817
301.839
301.86
301.882
301.905
301.927
301.95
301.973
301.996
302.019
302.042
302.066
302.09
302.113
302.138
302.162
302.186
302.211
302.236
302.261
302.286
302.311
302.336
302.362
302.388
302.413
302.439
302.465
302.491
302.517
302.544
302.57
302.596
302.623
302.649
302.676
302.703
302.729
302.756
302.782
302.809
302.836
302.862
302.889
302.915
302.942
302.968
302.994
303.02
303.046
303.072
303.097
303.123
303.148
303.173
303.198
303.222
303.247
303.27
303.294
303.317
303.34
303.363
303.385
303.406
303.428
303.448
303.468
303.488
303.507
303.525
303.542
303.559
303.575
303.59
303.604
303.618
303.63
303.641
303.652
303.661
303.668
303.675
303.68
303.683
303.686
303.686
303.685
303.682
303.677
303.671
303.662
303.652
303.639
303.624
303.607
303.588
303.566
303.542
300.856
300.865
300.875
300.884
300.894
300.903
300.913
300.923
300.933
300.944
300.954
300.965
300.975
300.986
300.998
301.009
301.02
301.032
301.044
301.056
301.068
301.08
301.093
301.105
301.118
301.131
301.145
301.158
301.172
301.186
301.2
301.214
301.228
301.243
301.258
301.273
301.288
301.303
301.319
301.335
301.351
301.367
301.384
301.4
301.417
301.434
301.452
301.469
301.487
301.505
301.523
301.541
301.56
301.579
301.598
301.617
301.637
301.656
301.676
301.696
301.716
301.737
301.758
301.779
301.8
301.821
301.843
301.864
301.886
301.908
301.931
301.953
301.976
301.999
302.022
302.045
302.068
302.092
302.116
302.139
302.164
302.188
302.212
302.236
302.261
302.286
302.311
302.336
302.361
302.386
302.411
302.436
302.462
302.487
302.513
302.539
302.564
302.59
302.616
302.641
302.667
302.693
302.719
302.744
302.77
302.796
302.821
302.847
302.872
302.897
302.923
302.948
302.972
302.997
303.022
303.046
303.07
303.094
303.118
303.141
303.164
303.187
303.209
303.231
303.253
303.274
303.295
303.316
303.336
303.355
303.374
303.392
303.41
303.427
303.443
303.458
303.473
303.487
303.5
303.512
303.523
303.533
303.542
303.55
303.557
303.562
303.567
303.569
303.571
303.57
303.569
303.565
303.56
303.553
303.544
303.534
303.521
303.507
303.49
303.471
303.45
300.835
300.844
300.853
300.862
300.871
300.881
300.89
300.9
300.91
300.92
300.93
300.94
300.951
300.961
300.972
300.983
300.994
301.005
301.017
301.028
301.04
301.052
301.064
301.076
301.089
301.101
301.114
301.127
301.141
301.154
301.168
301.181
301.195
301.209
301.224
301.238
301.253
301.268
301.283
301.298
301.314
301.33
301.346
301.362
301.378
301.395
301.412
301.429
301.446
301.463
301.481
301.499
301.517
301.535
301.553
301.572
301.591
301.61
301.629
301.649
301.669
301.689
301.709
301.729
301.749
301.77
301.791
301.812
301.833
301.855
301.876
301.898
301.92
301.943
301.965
301.987
302.01
302.033
302.056
302.079
302.102
302.126
302.149
302.173
302.197
302.221
302.245
302.269
302.294
302.318
302.342
302.367
302.392
302.416
302.441
302.466
302.491
302.516
302.541
302.566
302.59
302.615
302.64
302.665
302.69
302.715
302.739
302.764
302.788
302.813
302.837
302.861
302.885
302.909
302.933
302.956
302.979
303.002
303.025
303.048
303.07
303.092
303.114
303.135
303.156
303.176
303.196
303.216
303.235
303.254
303.272
303.29
303.307
303.323
303.339
303.354
303.368
303.381
303.394
303.406
303.417
303.427
303.436
303.444
303.451
303.456
303.461
303.464
303.466
303.467
303.466
303.463
303.459
303.454
303.447
303.438
303.427
303.415
303.4
303.384
303.366
300.819
300.828
300.837
300.846
300.855
300.864
300.873
300.882
300.892
300.902
300.912
300.922
300.932
300.942
300.953
300.963
300.974
300.985
300.996
301.008
301.019
301.031
301.042
301.054
301.067
301.079
301.091
301.104
301.117
301.13
301.143
301.157
301.17
301.184
301.198
301.212
301.227
301.241
301.256
301.271
301.286
301.301
301.317
301.333
301.349
301.365
301.381
301.398
301.414
301.431
301.449
301.466
301.484
301.501
301.519
301.538
301.556
301.575
301.593
301.612
301.632
301.651
301.671
301.69
301.71
301.73
301.751
301.771
301.792
301.813
301.834
301.855
301.877
301.898
301.92
301.942
301.964
301.986
302.009
302.031
302.054
302.077
302.1
302.123
302.146
302.169
302.193
302.216
302.24
302.264
302.287
302.311
302.335
302.359
302.383
302.407
302.431
302.456
302.48
302.504
302.528
302.552
302.576
302.6
302.624
302.648
302.672
302.696
302.72
302.743
302.767
302.79
302.813
302.836
302.859
302.882
302.904
302.927
302.949
302.97
302.992
303.013
303.034
303.055
303.075
303.094
303.114
303.133
303.151
303.169
303.187
303.204
303.22
303.236
303.251
303.266
303.28
303.293
303.305
303.317
303.327
303.337
303.346
303.354
303.361
303.367
303.371
303.375
303.377
303.378
303.378
303.377
303.374
303.369
303.363
303.356
303.347
303.336
303.324
303.31
303.294
300.809
300.817
300.826
300.834
300.843
300.852
300.861
300.871
300.88
300.89
300.899
300.909
300.919
300.929
300.94
300.95
300.961
300.972
300.982
300.994
301.005
301.016
301.028
301.04
301.052
301.064
301.076
301.088
301.101
301.114
301.127
301.14
301.153
301.167
301.181
301.195
301.209
301.223
301.237
301.252
301.267
301.282
301.297
301.313
301.328
301.344
301.36
301.377
301.393
301.41
301.427
301.444
301.461
301.478
301.496
301.514
301.532
301.55
301.569
301.587
301.606
301.625
301.644
301.664
301.683
301.703
301.723
301.743
301.764
301.784
301.805
301.826
301.847
301.868
301.889
301.91
301.932
301.954
301.976
301.998
302.02
302.042
302.065
302.087
302.11
302.133
302.156
302.179
302.202
302.225
302.248
302.271
302.295
302.318
302.342
302.365
302.389
302.412
302.436
302.459
302.483
302.506
302.53
302.553
302.577
302.6
302.623
302.647
302.67
302.693
302.716
302.738
302.761
302.783
302.806
302.828
302.85
302.871
302.893
302.914
302.935
302.955
302.975
302.995
303.015
303.034
303.053
303.071
303.089
303.107
303.124
303.14
303.156
303.171
303.186
303.2
303.214
303.226
303.238
303.25
303.26
303.27
303.279
303.286
303.293
303.299
303.304
303.308
303.31
303.312
303.312
303.311
303.309
303.305
303.3
303.294
303.286
303.276
303.265
303.253
303.239
300.803
300.812
300.82
300.829
300.838
300.847
300.856
300.865
300.874
300.884
300.893
300.903
300.913
300.923
300.933
300.944
300.954
300.965
300.976
300.987
300.998
301.009
301.021
301.032
301.044
301.056
301.068
301.081
301.093
301.106
301.119
301.132
301.145
301.158
301.172
301.186
301.2
301.214
301.228
301.243
301.257
301.272
301.288
301.303
301.318
301.334
301.35
301.366
301.382
301.399
301.415
301.432
301.449
301.467
301.484
301.502
301.52
301.538
301.556
301.574
301.593
301.612
301.631
301.65
301.669
301.689
301.709
301.729
301.749
301.769
301.789
301.81
301.831
301.852
301.873
301.894
301.915
301.937
301.958
301.98
302.002
302.024
302.046
302.069
302.091
302.113
302.136
302.159
302.182
302.204
302.227
302.25
302.273
302.296
302.319
302.343
302.366
302.389
302.412
302.435
302.459
302.482
302.505
302.528
302.551
302.574
302.597
302.62
302.643
302.665
302.688
302.71
302.732
302.754
302.776
302.798
302.819
302.841
302.862
302.882
302.903
302.923
302.943
302.963
302.982
303.001
303.019
303.037
303.055
303.072
303.089
303.105
303.12
303.135
303.15
303.164
303.177
303.189
303.201
303.212
303.223
303.232
303.241
303.249
303.255
303.261
303.266
303.27
303.273
303.275
303.275
303.274
303.273
303.269
303.265
303.259
303.252
303.243
303.233
303.221
303.207
304.846
304.262
303.824
303.462
303.151
302.878
302.634
302.415
302.216
302.034
301.867
301.712
301.57
301.438
301.315
301.201
301.095
300.997
300.906
300.821
300.742
300.67
300.602
300.541
300.484
300.431
300.383
300.34
300.3
300.264
300.231
300.202
300.176
300.152
300.132
300.113
300.097
300.083
300.07
300.059
300.05
300.042
300.035
300.029
300.024
300.02
300.017
300.014
300.012
300.011
300.01
304.844
304.262
303.823
303.462
303.151
302.878
302.634
302.415
302.216
302.034
301.867
301.713
301.57
301.438
301.315
301.201
301.095
300.997
300.906
300.821
300.742
300.67
300.603
300.541
300.484
300.431
300.383
300.34
300.3
300.264
300.231
300.202
300.176
300.152
300.132
300.113
300.097
300.083
300.07
300.059
300.05
300.042
300.035
300.029
300.024
300.02
300.017
300.014
300.012
300.011
300.01
304.84
304.261
303.823
303.461
303.151
302.878
302.634
302.415
302.216
302.034
301.867
301.713
301.57
301.438
301.315
301.201
301.096
300.997
300.906
300.821
300.743
300.67
300.603
300.541
300.484
300.431
300.384
300.34
300.3
300.264
300.231
300.202
300.176
300.152
300.132
300.113
300.097
300.083
300.07
300.059
300.05
300.042
300.035
300.029
300.024
300.02
300.017
300.014
300.012
300.011
300.01
304.834
304.259
303.823
303.461
303.151
302.878
302.635
302.415
302.216
302.034
301.867
301.713
301.57
301.438
301.316
301.202
301.096
300.997
300.906
300.821
300.743
300.67
300.603
300.541
300.484
300.432
300.384
300.34
300.3
300.264
300.232
300.202
300.176
300.152
300.132
300.113
300.097
300.083
300.07
300.059
300.05
300.042
300.035
300.029
300.024
300.02
300.017
300.014
300.012
300.011
300.01
304.825
304.257
303.822
303.461
303.151
302.878
302.635
302.416
302.217
302.035
301.867
301.713
301.571
301.439
301.316
301.202
301.096
300.998
300.906
300.822
300.743
300.67
300.603
300.541
300.484
300.432
300.384
300.34
300.3
300.264
300.232
300.202
300.176
300.153
300.132
300.113
300.097
300.083
300.07
300.059
300.05
300.042
300.035
300.029
300.024
300.02
300.017
300.014
300.012
300.011
300.01
304.815
304.254
303.821
303.461
303.151
302.878
302.635
302.416
302.217
302.035
301.868
301.714
301.571
301.439
301.316
301.202
301.097
300.998
300.907
300.822
300.743
300.671
300.603
300.541
300.484
300.432
300.384
300.34
300.301
300.264
300.232
300.202
300.176
300.153
300.132
300.113
300.097
300.083
300.07
300.059
300.05
300.042
300.035
300.029
300.024
300.02
300.017
300.014
300.012
300.011
300.01
304.802
304.251
303.82
303.46
303.151
302.879
302.636
302.417
302.218
302.036
301.869
301.715
301.572
301.44
301.317
301.203
301.097
300.999
300.907
300.823
300.744
300.671
300.604
300.542
300.485
300.432
300.384
300.341
300.301
300.265
300.232
300.203
300.176
300.153
300.132
300.113
300.097
300.083
300.07
300.059
300.05
300.042
300.035
300.029
300.024
300.02
300.017
300.014
300.012
300.011
300.01
304.788
304.247
303.818
303.46
303.151
302.879
302.637
302.418
302.219
302.037
301.87
301.716
301.573
301.441
301.318
301.204
301.098
301
300.908
300.823
300.745
300.672
300.604
300.542
300.485
300.433
300.385
300.341
300.301
300.265
300.232
300.203
300.177
300.153
300.132
300.114
300.097
300.083
300.07
300.06
300.05
300.042
300.035
300.029
300.024
300.02
300.017
300.014
300.012
300.011
300.01
304.771
304.242
303.817
303.46
303.152
302.88
302.638
302.419
302.22
302.038
301.871
301.717
301.574
301.442
301.319
301.205
301.099
301.001
300.909
300.824
300.745
300.672
300.605
300.543
300.486
300.433
300.385
300.341
300.302
300.265
300.233
300.203
300.177
300.153
300.132
300.114
300.097
300.083
300.071
300.06
300.05
300.042
300.035
300.029
300.024
300.02
300.017
300.014
300.012
300.011
300.01
304.753
304.236
303.815
303.46
303.152
302.881
302.639
302.421
302.222
302.04
301.873
301.718
301.576
301.444
301.321
301.207
301.101
301.002
300.91
300.825
300.746
300.673
300.606
300.544
300.487
300.434
300.386
300.342
300.302
300.266
300.233
300.204
300.177
300.154
300.133
300.114
300.098
300.083
300.071
300.06
300.05
300.042
300.035
300.029
300.024
300.02
300.017
300.014
300.012
300.011
300.01
304.732
304.229
303.813
303.46
303.153
302.883
302.641
302.423
302.224
302.042
301.875
301.721
301.578
301.445
301.323
301.208
301.102
301.003
300.912
300.827
300.748
300.675
300.607
300.545
300.488
300.435
300.387
300.343
300.303
300.266
300.234
300.204
300.178
300.154
300.133
300.114
300.098
300.083
300.071
300.06
300.05
300.042
300.035
300.029
300.025
300.02
300.017
300.014
300.012
300.011
300.01
304.711
304.222
303.811
303.46
303.155
302.885
302.644
302.425
302.227
302.045
301.878
301.723
301.58
301.448
301.325
301.211
301.104
301.005
300.914
300.828
300.749
300.676
300.608
300.546
300.489
300.436
300.388
300.344
300.303
300.267
300.234
300.205
300.178
300.154
300.133
300.115
300.098
300.084
300.071
300.06
300.051
300.042
300.036
300.03
300.025
300.02
300.017
300.014
300.012
300.011
300.01
304.688
304.213
303.808
303.461
303.157
302.888
302.647
302.429
302.23
302.048
301.881
301.726
301.583
301.451
301.328
301.213
301.107
301.008
300.916
300.83
300.751
300.678
300.61
300.548
300.49
300.437
300.389
300.345
300.304
300.268
300.235
300.205
300.179
300.155
300.134
300.115
300.098
300.084
300.071
300.06
300.051
300.043
300.036
300.03
300.025
300.021
300.017
300.014
300.012
300.011
300.01
304.663
304.204
303.806
303.461
303.159
302.891
302.65
302.433
302.234
302.052
301.885
301.73
301.587
301.454
301.331
301.216
301.11
301.01
300.918
300.833
300.753
300.68
300.612
300.549
300.492
300.439
300.39
300.346
300.305
300.269
300.236
300.206
300.179
300.155
300.134
300.115
300.099
300.084
300.072
300.061
300.051
300.043
300.036
300.03
300.025
300.021
300.017
300.014
300.012
300.011
300.01
304.637
304.194
303.804
303.463
303.162
302.895
302.655
302.438
302.239
302.057
301.89
301.735
301.591
301.458
301.335
301.22
301.113
301.014
300.921
300.835
300.756
300.682
300.614
300.551
300.493
300.44
300.392
300.347
300.307
300.27
300.237
300.207
300.18
300.156
300.135
300.116
300.099
300.085
300.072
300.061
300.051
300.043
300.036
300.03
300.025
300.021
300.017
300.015
300.012
300.011
300.01
304.61
304.183
303.801
303.464
303.166
302.9
302.661
302.443
302.245
302.063
301.895
301.74
301.597
301.463
301.34
301.224
301.117
301.017
300.925
300.839
300.759
300.685
300.617
300.554
300.495
300.442
300.393
300.349
300.308
300.271
300.238
300.208
300.181
300.157
300.135
300.116
300.1
300.085
300.072
300.061
300.052
300.043
300.036
300.03
300.025
300.021
300.017
300.015
300.013
300.011
300.01
304.582
304.172
303.798
303.466
303.171
302.906
302.667
302.45
302.252
302.07
301.902
301.747
301.603
301.469
301.345
301.229
301.122
301.022
300.929
300.843
300.762
300.688
300.62
300.556
300.498
300.444
300.395
300.35
300.309
300.272
300.239
300.209
300.182
300.158
300.136
300.117
300.1
300.086
300.073
300.061
300.052
300.043
300.036
300.03
300.025
300.021
300.017
300.015
300.013
300.011
300.01
304.552
304.159
303.795
303.468
303.176
302.913
302.675
302.458
302.26
302.078
301.909
301.754
301.61
301.476
301.351
301.235
301.127
301.027
300.934
300.847
300.766
300.692
300.623
300.559
300.501
300.447
300.397
300.352
300.311
300.274
300.24
300.21
300.183
300.158
300.137
300.118
300.101
300.086
300.073
300.062
300.052
300.044
300.037
300.03
300.025
300.021
300.018
300.015
300.013
300.011
300.01
304.52
304.145
303.792
303.471
303.182
302.92
302.683
302.467
302.269
302.087
301.918
301.762
301.618
301.483
301.358
301.242
301.134
301.033
300.939
300.852
300.771
300.696
300.627
300.563
300.504
300.449
300.4
300.354
300.313
300.276
300.242
300.211
300.184
300.159
300.138
300.119
300.102
300.087
300.074
300.062
300.052
300.044
300.037
300.031
300.026
300.021
300.018
300.015
300.013
300.011
300.011
304.486
304.13
303.788
303.473
303.188
302.929
302.693
302.477
302.279
302.097
301.928
301.772
301.627
301.492
301.367
301.25
301.141
301.04
300.945
300.858
300.776
300.701
300.631
300.567
300.507
300.453
300.403
300.357
300.315
300.278
300.243
300.213
300.185
300.161
300.139
300.119
300.102
300.087
300.074
300.063
300.053
300.044
300.037
300.031
300.026
300.021
300.018
300.015
300.013
300.011
300.011
304.45
304.112
303.783
303.476
303.195
302.938
302.704
302.489
302.291
302.109
301.94
301.783
301.638
301.502
301.376
301.259
301.149
301.048
300.953
300.864
300.782
300.706
300.636
300.571
300.511
300.456
300.406
300.36
300.318
300.28
300.245
300.214
300.187
300.162
300.14
300.12
300.103
300.088
300.075
300.063
300.053
300.045
300.037
300.031
300.026
300.022
300.018
300.015
300.013
300.011
300.011
304.412
304.092
303.776
303.478
303.202
302.948
302.716
302.501
302.304
302.122
301.953
301.796
301.65
301.514
301.387
301.269
301.159
301.056
300.961
300.872
300.789
300.713
300.642
300.576
300.516
300.46
300.409
300.363
300.32
300.282
300.247
300.216
300.188
300.163
300.141
300.121
300.104
300.089
300.075
300.064
300.054
300.045
300.038
300.031
300.026
300.022
300.018
300.015
300.013
300.012
300.011
304.372
304.07
303.767
303.478
303.208
302.959
302.728
302.515
302.318
302.136
301.967
301.81
301.663
301.527
301.399
301.28
301.17
301.066
300.97
300.88
300.797
300.719
300.648
300.582
300.521
300.465
300.413
300.366
300.323
300.285
300.25
300.218
300.19
300.165
300.142
300.122
300.105
300.089
300.076
300.064
300.054
300.046
300.038
300.032
300.026
300.022
300.018
300.015
300.013
300.012
300.011
304.328
304.044
303.756
303.477
303.214
302.969
302.741
302.53
302.334
302.152
301.982
301.825
301.678
301.541
301.413
301.293
301.182
301.077
300.98
300.89
300.805
300.727
300.655
300.588
300.526
300.469
300.417
300.37
300.327
300.288
300.252
300.22
300.192
300.166
300.144
300.124
300.106
300.09
300.077
300.065
300.055
300.046
300.038
300.032
300.027
300.022
300.018
300.016
300.013
300.012
300.011
304.281
304.016
303.742
303.474
303.219
302.978
302.754
302.545
302.35
302.169
302
301.842
301.694
301.557
301.428
301.307
301.195
301.09
300.991
300.9
300.815
300.736
300.663
300.595
300.532
300.475
300.422
300.374
300.331
300.291
300.255
300.223
300.194
300.168
300.145
300.125
300.107
300.091
300.078
300.066
300.055
300.046
300.039
300.032
300.027
300.022
300.019
300.016
300.013
300.012
300.011
304.231
303.983
303.724
303.468
303.221
302.987
302.767
302.56
302.367
302.187
302.018
301.86
301.712
301.574
301.444
301.323
301.209
301.103
301.004
300.912
300.825
300.745
300.671
300.602
300.539
300.481
300.428
300.379
300.335
300.294
300.258
300.225
300.196
300.17
300.147
300.126
300.108
300.092
300.078
300.066
300.056
300.047
300.039
300.033
300.027
300.023
300.019
300.016
300.014
300.012
300.011
304.176
303.945
303.703
303.459
303.222
302.994
302.779
302.576
302.384
302.205
302.037
301.879
301.731
301.593
301.462
301.34
301.226
301.118
301.018
300.924
300.837
300.756
300.681
300.611
300.547
300.488
300.433
300.384
300.339
300.298
300.261
300.228
300.199
300.172
300.148
300.128
300.109
300.093
300.079
300.067
300.056
300.047
300.04
300.033
300.027
300.023
300.019
300.016
300.014
300.012
300.011
304.117
303.903
303.676
303.446
303.219
302.999
302.789
302.59
302.402
302.224
302.057
301.9
301.752
301.613
301.482
301.359
301.243
301.135
301.033
300.938
300.85
300.768
300.691
300.62
300.555
300.495
300.44
300.39
300.344
300.302
300.265
300.231
300.201
300.174
300.15
300.129
300.111
300.094
300.08
300.068
300.057
300.048
300.04
300.033
300.028
300.023
300.019
300.016
300.014
300.012
300.011
304.052
303.856
303.645
303.428
303.212
303.001
302.798
302.604
302.419
302.244
302.078
301.921
301.773
301.634
301.503
301.379
301.262
301.153
301.05
300.954
300.864
300.78
300.703
300.631
300.564
300.503
300.447
300.396
300.349
300.307
300.269
300.235
300.204
300.177
300.152
300.131
300.112
300.096
300.081
300.069
300.058
300.049
300.041
300.034
300.028
300.023
300.019
300.016
300.014
300.012
300.011
303.983
303.804
303.608
303.405
303.201
303
302.804
302.615
302.435
302.262
302.099
301.943
301.796
301.656
301.525
301.4
301.282
301.172
301.068
300.97
300.879
300.794
300.715
300.642
300.574
300.512
300.455
300.402
300.355
300.312
300.273
300.238
300.207
300.179
300.155
300.133
300.114
300.097
300.082
300.07
300.059
300.049
300.041
300.034
300.028
300.024
300.02
300.017
300.014
300.012
300.012
303.909
303.746
303.566
303.377
303.186
302.994
302.807
302.625
302.449
302.28
302.119
301.965
301.819
301.68
301.548
301.422
301.304
301.192
301.087
300.988
300.895
300.809
300.728
300.654
300.585
300.521
300.463
300.41
300.361
300.317
300.278
300.242
300.21
300.182
300.157
300.135
300.115
300.098
300.083
300.07
300.059
300.05
300.042
300.035
300.029
300.024
300.02
300.017
300.014
300.013
300.012
303.831
303.682
303.518
303.344
303.165
302.985
302.806
302.631
302.461
302.297
302.139
301.987
301.842
301.704
301.571
301.446
301.327
301.214
301.107
301.007
300.913
300.825
300.743
300.667
300.596
300.531
300.472
300.417
300.368
300.323
300.282
300.246
300.214
300.185
300.159
300.137
300.117
300.1
300.084
300.071
300.06
300.05
300.042
300.035
300.029
300.024
300.02
300.017
300.014
300.013
300.012
303.748
303.614
303.466
303.306
303.14
302.971
302.802
302.635
302.471
302.312
302.158
302.009
301.865
301.728
301.596
301.47
301.35
301.236
301.128
301.027
300.931
300.842
300.758
300.68
300.608
300.542
300.481
300.425
300.375
300.329
300.288
300.251
300.217
300.188
300.162
300.139
300.119
300.101
300.086
300.072
300.061
300.051
300.043
300.036
300.029
300.024
300.02
300.017
300.015
300.013
300.012
303.662
303.543
303.408
303.263
303.11
302.953
302.794
302.635
302.479
302.325
302.175
302.029
301.888
301.751
301.62
301.494
301.374
301.259
301.15
301.047
300.95
300.859
300.774
300.694
300.621
300.553
300.491
300.434
300.382
300.335
300.293
300.255
300.221
300.191
300.165
300.141
300.12
300.103
300.087
300.073
300.062
300.052
300.043
300.036
300.03
300.025
300.021
300.017
300.015
300.013
300.012
303.574
303.468
303.348
303.216
303.076
302.93
302.782
302.632
302.483
302.335
302.19
302.048
301.909
301.774
301.644
301.518
301.398
301.282
301.173
301.068
300.97
300.877
300.79
300.709
300.634
300.565
300.501
300.443
300.39
300.342
300.298
300.26
300.225
300.194
300.167
300.143
300.122
300.104
300.088
300.074
300.063
300.052
300.044
300.036
300.03
300.025
300.021
300.017
300.015
300.013
300.012
303.487
303.393
303.286
303.167
303.039
302.905
302.767
302.626
302.485
302.343
302.203
302.064
301.929
301.796
301.667
301.542
301.421
301.305
301.195
301.089
300.989
300.895
300.807
300.724
300.647
300.576
300.511
300.452
300.397
300.348
300.304
300.264
300.229
300.198
300.17
300.146
300.124
300.106
300.089
300.075
300.063
300.053
300.044
300.037
300.031
300.025
300.021
300.018
300.015
300.013
300.012
303.403
303.32
303.224
303.117
303.001
302.878
302.75
302.618
302.484
302.349
302.213
302.079
301.947
301.816
301.688
301.564
301.444
301.328
301.216
301.11
301.008
300.913
300.823
300.739
300.66
300.588
300.521
300.46
300.405
300.355
300.31
300.269
300.233
300.201
300.173
300.148
300.126
300.107
300.091
300.076
300.064
300.054
300.045
300.037
300.031
300.026
300.021
300.018
300.015
300.013
300.012
303.324
303.252
303.166
303.07
302.964
302.851
302.732
302.608
302.481
302.352
302.222
302.092
301.962
301.834
301.708
301.585
301.464
301.348
301.236
301.129
301.027
300.93
300.838
300.753
300.673
300.599
300.531
300.469
300.412
300.361
300.315
300.273
300.237
300.204
300.175
300.15
300.128
300.108
300.092
300.077
300.065
300.054
300.045
300.038
300.031
300.026
300.021
300.018
300.015
300.013
300.012
303.257
303.192
303.115
303.028
302.931
302.826
302.714
302.598
302.477
302.354
302.228
302.102
301.975
301.849
301.725
301.602
301.482
301.366
301.254
301.146
301.043
300.944
300.852
300.765
300.684
300.609
300.54
300.476
300.419
300.366
300.319
300.277
300.24
300.207
300.177
300.152
300.129
300.109
300.093
300.078
300.065
300.055
300.046
300.038
300.031
300.026
300.022
300.018
300.015
300.014
300.013
303.206
303.147
303.076
302.995
302.905
302.806
302.701
302.59
302.474
302.354
302.233
302.109
301.985
301.861
301.737
301.616
301.496
301.38
301.268
301.159
301.055
300.956
300.863
300.775
300.693
300.617
300.547
300.482
300.424
300.371
300.323
300.28
300.242
300.209
300.179
300.153
300.13
300.11
300.093
300.079
300.066
300.055
300.046
300.038
300.032
300.026
300.022
300.018
300.015
300.014
300.013
303.177
303.121
303.054
302.976
302.89
302.795
302.693
302.585
302.472
302.355
302.235
302.113
301.99
301.867
301.745
301.624
301.505
301.388
301.276
301.167
301.063
300.963
300.869
300.781
300.698
300.621
300.551
300.486
300.427
300.373
300.325
300.282
300.244
300.21
300.18
300.154
300.131
300.111
300.094
300.079
300.066
300.055
300.046
300.038
300.032
300.026
300.022
300.018
300.016
300.014
300.013
)
;

boundaryField
{
    inlet
    {
        type            fixedValue;
        value           uniform 300;
    }
    outlet
    {
        type            zeroGradient;
    }
    top
    {
        type            zeroGradient;
    }
    slip-bottom
    {
        type            zeroGradient;
    }
    bottom
    {
        type            zeroGradient;
    }
    interface
    {
        type            fixedGradient;
        gradient        nonuniform List<scalar> 
161
(
68.0715
68.0715
46.2465
46.2465
46.2465
46.2465
34.3106
34.3106
34.3106
34.3106
29.4747
29.4747
29.4747
28.674
28.674
28.674
28.674
26.0585
26.0585
26.0585
25.186
25.186
25.186
24.6778
24.6778
24.6778
24.0221
24.0221
24.0221
23.43
23.43
23.43
22.8801
22.8801
22.8801
22.337
22.337
22.337
21.8182
21.8182
21.8182
20.7718
20.7718
21.5218
21.5218
21.5218
20.4754
20.4754
20.9582
20.9582
20.9582
19.9192
19.9192
19.9119
19.9119
19.9119
20.0502
20.0502
20.3953
20.3953
19.1303
19.1303
19.0176
19.0176
19.0607
19.0607
18.9155
18.9155
18.9155
18.7357
18.7357
18.5597
18.3741
18.3741
18.1454
18.1454
17.938
17.938
17.1782
17.1782
18.1255
18.1255
17.7383
17.7383
17.2993
16.552
16.552
17.374
17.374
17.0213
16.0821
16.0821
16.8983
16.0212
16.0212
16.5719
16.5719
15.6778
16.2318
16.2318
15.3888
15.9539
15.1113
15.1113
15.162
15.7442
15.7442
14.7278
15.2059
14.3867
14.3867
14.3979
14.5645
14.8933
14.8933
13.9083
13.949
14.1074
14.3757
14.3757
13.4935
13.5163
13.6464
13.6416
13.8717
13.1489
13.1489
13.0954
13.1478
13.1075
13.0565
12.9986
12.9365
12.8725
12.8079
12.7436
12.6808
12.6205
12.5639
12.5124
12.4677
12.4319
12.407
12.3951
12.3984
12.4206
12.468
12.5537
12.7065
12.8478
12.5587
12.6244
13.1533
13.5527
14.0918
14.7488
17.2425
15.0783
17.6936
20.2196
29.1525
)
;
    }
    defaultFaces
    {
        type            empty;
    }
}


// ************************************************************************* //
