/*--------------------------------*- C++ -*----------------------------------*\
| =========                 |                                                 |
| \\      /  F ield         | OpenFOAM: The Open Source CFD Toolbox           |
|  \\    /   O peration     | Version:  2106                                  |
|   \\  /    A nd           | Website:  www.openfoam.com                      |
|    \\/     M anipulation  |                                                 |
\*---------------------------------------------------------------------------*/
FoamFile
{
    version     2.0;
    format      ascii;
    arch        "LSB;label=32;scalar=64";
    class       volScalarField;
    location    "7.8";
    object      T;
}
// * * * * * * * * * * * * * * * * * * * * * * * * * * * * * * * * * * * * * //

dimensions      [0 0 0 1 0 0 0];

internalField   nonuniform List<scalar> 
12013
(
300.004
300.011
300.018
300.026
300.034
300.043
300.051
300.061
300.07
300.08
300.09
300.101
300.112
300.123
300.135
300.147
300.16
300.173
300.186
300.2
300.215
300.229
300.245
300.261
300.277
300.294
300.311
300.329
300.348
300.367
300.386
300.407
300.427
300.449
300.471
300.494
300.517
300.541
300.566
300.591
300.617
300.644
300.672
300.7
300.73
300.76
300.791
300.822
300.855
300.889
300.923
300.959
300.995
301.033
301.071
301.111
301.152
301.194
301.237
301.282
301.328
301.375
301.424
301.475
301.527
301.581
301.637
301.695
301.755
301.818
301.883
301.951
302.023
302.098
302.177
302.262
302.352
302.451
302.559
302.683
302.83
300.004
300.011
300.018
300.026
300.034
300.043
300.051
300.061
300.07
300.08
300.09
300.101
300.112
300.123
300.135
300.147
300.16
300.173
300.186
300.2
300.215
300.229
300.245
300.261
300.277
300.294
300.311
300.329
300.348
300.367
300.386
300.407
300.427
300.449
300.471
300.494
300.517
300.541
300.566
300.591
300.617
300.644
300.672
300.7
300.73
300.76
300.79
300.822
300.855
300.888
300.923
300.958
300.995
301.032
301.071
301.111
301.152
301.194
301.237
301.281
301.327
301.375
301.424
301.474
301.526
301.58
301.636
301.694
301.754
301.816
301.881
301.949
302.02
302.095
302.174
302.257
302.346
302.442
302.547
302.661
302.788
300.004
300.011
300.018
300.026
300.034
300.043
300.051
300.061
300.07
300.08
300.09
300.101
300.112
300.123
300.135
300.147
300.16
300.173
300.186
300.2
300.215
300.229
300.245
300.261
300.277
300.294
300.311
300.329
300.348
300.367
300.386
300.407
300.427
300.449
300.471
300.494
300.517
300.541
300.566
300.591
300.617
300.644
300.672
300.7
300.729
300.759
300.79
300.822
300.855
300.888
300.923
300.958
300.994
301.032
301.07
301.11
301.151
301.193
301.236
301.281
301.326
301.374
301.422
301.473
301.525
301.578
301.634
301.692
301.751
301.813
301.878
301.945
302.015
302.089
302.166
302.247
302.333
302.425
302.522
302.626
302.734
300.004
300.011
300.018
300.026
300.034
300.043
300.051
300.061
300.07
300.08
300.09
300.101
300.112
300.123
300.135
300.147
300.16
300.173
300.186
300.2
300.215
300.229
300.245
300.261
300.277
300.294
300.311
300.329
300.348
300.367
300.386
300.407
300.427
300.449
300.471
300.493
300.517
300.541
300.565
300.591
300.617
300.644
300.671
300.7
300.729
300.759
300.79
300.822
300.854
300.888
300.922
300.957
300.994
301.031
301.07
301.109
301.15
301.192
301.235
301.279
301.325
301.372
301.42
301.471
301.522
301.576
301.631
301.688
301.747
301.808
301.872
301.938
302.007
302.079
302.154
302.232
302.314
302.4
302.49
302.582
302.676
300.004
300.011
300.018
300.026
300.034
300.043
300.051
300.061
300.07
300.08
300.09
300.101
300.112
300.123
300.135
300.147
300.16
300.173
300.186
300.2
300.215
300.229
300.245
300.261
300.277
300.294
300.311
300.329
300.348
300.367
300.386
300.406
300.427
300.449
300.471
300.493
300.517
300.541
300.565
300.591
300.617
300.644
300.671
300.699
300.729
300.759
300.789
300.821
300.853
300.887
300.921
300.956
300.993
301.03
301.068
301.108
301.148
301.19
301.233
301.277
301.323
301.369
301.418
301.467
301.518
301.571
301.626
301.682
301.74
301.801
301.863
301.928
301.995
302.065
302.137
302.212
302.289
302.369
302.451
302.534
302.617
300.004
300.011
300.018
300.026
300.034
300.043
300.051
300.061
300.07
300.08
300.09
300.101
300.112
300.123
300.135
300.147
300.16
300.173
300.186
300.2
300.214
300.229
300.245
300.261
300.277
300.294
300.311
300.329
300.347
300.366
300.386
300.406
300.427
300.448
300.47
300.493
300.516
300.54
300.565
300.59
300.616
300.643
300.671
300.699
300.728
300.758
300.789
300.82
300.853
300.886
300.92
300.955
300.991
301.029
301.067
301.106
301.146
301.188
301.23
301.274
301.319
301.366
301.413
301.463
301.513
301.565
301.619
301.675
301.732
301.791
301.852
301.915
301.98
302.047
302.116
302.187
302.259
302.333
302.408
302.484
302.558
300.004
300.011
300.018
300.026
300.034
300.043
300.051
300.061
300.07
300.08
300.09
300.101
300.112
300.123
300.135
300.147
300.16
300.173
300.186
300.2
300.214
300.229
300.245
300.26
300.277
300.294
300.311
300.329
300.347
300.366
300.386
300.406
300.427
300.448
300.47
300.493
300.516
300.54
300.564
300.59
300.616
300.642
300.67
300.698
300.727
300.757
300.788
300.819
300.851
300.885
300.919
300.954
300.99
301.027
301.064
301.103
301.144
301.185
301.227
301.27
301.315
301.361
301.408
301.457
301.507
301.558
301.611
301.665
301.721
301.778
301.838
301.898
301.961
302.025
302.09
302.157
302.225
302.294
302.362
302.431
302.498
300.004
300.011
300.018
300.026
300.034
300.043
300.051
300.061
300.07
300.08
300.09
300.101
300.112
300.123
300.135
300.147
300.16
300.173
300.186
300.2
300.214
300.229
300.245
300.26
300.277
300.293
300.311
300.329
300.347
300.366
300.386
300.406
300.426
300.448
300.47
300.492
300.516
300.539
300.564
300.589
300.615
300.642
300.669
300.697
300.726
300.756
300.786
300.818
300.85
300.883
300.917
300.952
300.987
301.024
301.062
301.1
301.14
301.181
301.223
301.266
301.31
301.355
301.402
301.449
301.498
301.549
301.6
301.653
301.708
301.763
301.82
301.879
301.938
301.999
302.061
302.124
302.187
302.25
302.314
302.376
302.438
300.004
300.011
300.018
300.026
300.034
300.043
300.051
300.061
300.07
300.08
300.09
300.101
300.112
300.123
300.135
300.147
300.159
300.172
300.186
300.2
300.214
300.229
300.244
300.26
300.276
300.293
300.311
300.328
300.347
300.366
300.385
300.405
300.426
300.447
300.469
300.492
300.515
300.539
300.563
300.588
300.614
300.641
300.668
300.696
300.725
300.754
300.785
300.816
300.848
300.881
300.914
300.949
300.984
301.021
301.058
301.096
301.136
301.176
301.217
301.26
301.303
301.348
301.393
301.44
301.488
301.537
301.587
301.639
301.691
301.745
301.8
301.856
301.913
301.97
302.028
302.087
302.146
302.205
302.263
302.321
302.377
300.004
300.011
300.018
300.026
300.034
300.043
300.051
300.061
300.07
300.08
300.09
300.101
300.112
300.123
300.135
300.147
300.159
300.172
300.186
300.2
300.214
300.229
300.244
300.26
300.276
300.293
300.31
300.328
300.347
300.365
300.385
300.405
300.426
300.447
300.469
300.491
300.514
300.538
300.562
300.587
300.613
300.64
300.667
300.695
300.723
300.753
300.783
300.814
300.845
300.878
300.911
300.946
300.981
301.017
301.054
301.092
301.13
301.17
301.211
301.252
301.295
301.339
301.383
301.429
301.476
301.524
301.572
301.622
301.673
301.724
301.777
301.83
301.884
301.938
301.993
302.048
302.102
302.157
302.211
302.264
302.316
300.004
300.011
300.018
300.026
300.034
300.043
300.051
300.061
300.07
300.08
300.09
300.101
300.111
300.123
300.135
300.147
300.159
300.172
300.186
300.2
300.214
300.229
300.244
300.26
300.276
300.293
300.31
300.328
300.346
300.365
300.384
300.404
300.425
300.446
300.468
300.49
300.513
300.537
300.561
300.586
300.612
300.638
300.665
300.693
300.721
300.75
300.78
300.811
300.842
300.875
300.908
300.942
300.976
301.012
301.048
301.086
301.124
301.163
301.203
301.244
301.285
301.328
301.372
301.416
301.462
301.508
301.555
301.603
301.651
301.701
301.751
301.801
301.852
301.903
301.954
302.006
302.057
302.107
302.157
302.207
302.255
300.004
300.011
300.018
300.026
300.034
300.043
300.051
300.06
300.07
300.08
300.09
300.1
300.111
300.123
300.134
300.147
300.159
300.172
300.186
300.199
300.214
300.228
300.244
300.259
300.276
300.292
300.31
300.327
300.346
300.364
300.384
300.404
300.424
300.445
300.467
300.489
300.512
300.536
300.56
300.585
300.61
300.636
300.663
300.691
300.719
300.748
300.777
300.808
300.839
300.871
300.903
300.937
300.971
301.006
301.042
301.079
301.116
301.154
301.194
301.234
301.274
301.316
301.358
301.401
301.445
301.49
301.535
301.581
301.627
301.674
301.722
301.769
301.817
301.865
301.913
301.961
302.009
302.056
302.103
302.148
302.193
300.004
300.011
300.018
300.026
300.034
300.043
300.051
300.06
300.07
300.08
300.09
300.1
300.111
300.123
300.134
300.146
300.159
300.172
300.185
300.199
300.213
300.228
300.243
300.259
300.275
300.292
300.309
300.327
300.345
300.364
300.383
300.403
300.423
300.444
300.466
300.488
300.511
300.534
300.558
300.583
300.608
300.634
300.661
300.688
300.716
300.745
300.774
300.804
300.835
300.866
300.898
300.931
300.965
300.999
301.035
301.071
301.107
301.145
301.183
301.222
301.261
301.302
301.343
301.384
301.426
301.469
301.513
301.556
301.601
301.645
301.69
301.735
301.78
301.825
301.87
301.915
301.959
302.003
302.047
302.089
302.131
300.004
300.011
300.018
300.026
300.034
300.043
300.051
300.06
300.07
300.08
300.09
300.1
300.111
300.123
300.134
300.146
300.159
300.172
300.185
300.199
300.213
300.228
300.243
300.259
300.275
300.291
300.309
300.326
300.344
300.363
300.382
300.402
300.422
300.443
300.465
300.487
300.509
300.533
300.556
300.581
300.606
300.632
300.658
300.685
300.712
300.741
300.77
300.799
300.83
300.861
300.892
300.925
300.958
300.992
301.026
301.061
301.097
301.133
301.171
301.208
301.247
301.286
301.325
301.365
301.406
301.447
301.488
301.53
301.572
301.614
301.656
301.699
301.741
301.783
301.826
301.867
301.909
301.95
301.99
302.03
302.069
300.004
300.011
300.018
300.026
300.034
300.042
300.051
300.06
300.07
300.08
300.09
300.1
300.111
300.122
300.134
300.146
300.159
300.171
300.185
300.199
300.213
300.227
300.243
300.258
300.274
300.291
300.308
300.325
300.344
300.362
300.381
300.401
300.421
300.442
300.463
300.485
300.507
300.53
300.554
300.578
300.603
300.629
300.655
300.681
300.708
300.736
300.765
300.794
300.824
300.854
300.885
300.917
300.95
300.983
301.016
301.05
301.085
301.121
301.157
301.193
301.23
301.268
301.306
301.344
301.383
301.422
301.461
301.501
301.541
301.58
301.62
301.66
301.7
301.74
301.779
301.818
301.857
301.895
301.932
301.969
302.006
300.004
300.011
300.018
300.026
300.034
300.042
300.051
300.06
300.07
300.079
300.09
300.1
300.111
300.122
300.134
300.146
300.158
300.171
300.184
300.198
300.212
300.227
300.242
300.258
300.274
300.29
300.307
300.325
300.343
300.361
300.38
300.4
300.42
300.44
300.461
300.483
300.505
300.528
300.551
300.575
300.6
300.625
300.651
300.677
300.704
300.731
300.759
300.788
300.817
300.847
300.878
300.909
300.94
300.972
301.005
301.038
301.072
301.106
301.141
301.176
301.212
301.248
301.284
301.321
301.358
301.395
301.432
301.47
301.507
301.545
301.583
301.62
301.657
301.694
301.731
301.768
301.804
301.839
301.874
301.909
301.943
300.004
300.011
300.018
300.026
300.034
300.042
300.051
300.06
300.07
300.079
300.089
300.1
300.111
300.122
300.134
300.146
300.158
300.171
300.184
300.198
300.212
300.226
300.241
300.257
300.273
300.289
300.306
300.324
300.341
300.36
300.379
300.398
300.418
300.438
300.459
300.481
300.503
300.525
300.548
300.572
300.596
300.621
300.646
300.672
300.698
300.725
300.753
300.781
300.81
300.839
300.868
300.899
300.929
300.961
300.992
301.024
301.057
301.09
301.124
301.157
301.191
301.226
301.261
301.296
301.331
301.366
301.401
301.437
301.472
301.508
301.543
301.578
301.613
301.648
301.682
301.716
301.75
301.783
301.816
301.848
301.88
300.004
300.011
300.018
300.026
300.034
300.042
300.051
300.06
300.069
300.079
300.089
300.1
300.11
300.122
300.133
300.145
300.158
300.17
300.184
300.197
300.211
300.226
300.241
300.256
300.272
300.288
300.305
300.322
300.34
300.358
300.377
300.396
300.416
300.436
300.457
300.478
300.5
300.522
300.545
300.568
300.592
300.616
300.641
300.666
300.692
300.719
300.746
300.773
300.801
300.829
300.858
300.888
300.917
300.948
300.978
301.009
301.041
301.072
301.105
301.137
301.17
301.202
301.235
301.269
301.302
301.335
301.369
301.402
301.436
301.469
301.502
301.535
301.568
301.6
301.632
301.664
301.695
301.726
301.757
301.787
301.817
300.003
300.011
300.018
300.026
300.034
300.042
300.051
300.06
300.069
300.079
300.089
300.099
300.11
300.121
300.133
300.145
300.157
300.17
300.183
300.197
300.211
300.225
300.24
300.255
300.271
300.287
300.304
300.321
300.338
300.357
300.375
300.394
300.414
300.433
300.454
300.475
300.496
300.518
300.541
300.564
300.587
300.611
300.635
300.66
300.685
300.711
300.738
300.764
300.791
300.819
300.847
300.875
300.904
300.933
300.963
300.993
301.023
301.053
301.084
301.115
301.146
301.177
301.209
301.24
301.272
301.303
301.335
301.366
301.397
301.429
301.46
301.491
301.521
301.551
301.581
301.611
301.64
301.669
301.698
301.726
301.754
300.003
300.011
300.018
300.026
300.034
300.042
300.051
300.06
300.069
300.079
300.089
300.099
300.11
300.121
300.133
300.144
300.157
300.169
300.182
300.196
300.21
300.224
300.239
300.254
300.27
300.286
300.302
300.319
300.337
300.355
300.373
300.392
300.411
300.431
300.451
300.471
300.492
300.514
300.536
300.559
300.581
300.605
300.629
300.653
300.678
300.703
300.728
300.754
300.781
300.807
300.834
300.862
300.89
300.918
300.946
300.975
301.004
301.033
301.062
301.091
301.121
301.15
301.18
301.21
301.24
301.269
301.299
301.329
301.358
301.387
301.416
301.445
301.474
301.502
301.53
301.558
301.585
301.612
301.639
301.665
301.691
300.003
300.011
300.018
300.026
300.034
300.042
300.051
300.06
300.069
300.078
300.088
300.099
300.11
300.121
300.132
300.144
300.156
300.169
300.182
300.195
300.209
300.223
300.238
300.253
300.268
300.284
300.301
300.317
300.335
300.352
300.37
300.389
300.408
300.427
300.447
300.467
300.488
300.509
300.531
300.553
300.575
300.598
300.621
300.645
300.669
300.693
300.718
300.743
300.769
300.795
300.821
300.847
300.874
300.901
300.928
300.955
300.983
301.011
301.038
301.066
301.094
301.122
301.15
301.179
301.207
301.235
301.262
301.29
301.318
301.345
301.372
301.399
301.426
301.453
301.479
301.505
301.53
301.555
301.58
301.605
301.629
300.003
300.011
300.018
300.026
300.034
300.042
300.05
300.059
300.069
300.078
300.088
300.098
300.109
300.12
300.131
300.143
300.155
300.168
300.181
300.194
300.208
300.222
300.236
300.251
300.267
300.282
300.299
300.315
300.332
300.35
300.367
300.386
300.404
300.423
300.443
300.463
300.483
300.504
300.525
300.546
300.568
300.591
300.613
300.636
300.66
300.683
300.707
300.732
300.756
300.781
300.806
300.831
300.857
300.883
300.909
300.935
300.961
300.987
301.014
301.04
301.067
301.093
301.12
301.146
301.173
301.199
301.225
301.251
301.277
301.303
301.328
301.353
301.378
301.403
301.427
301.452
301.475
301.499
301.522
301.545
301.567
300.003
300.01
300.018
300.025
300.033
300.042
300.05
300.059
300.068
300.078
300.088
300.098
300.109
300.12
300.131
300.143
300.155
300.167
300.18
300.193
300.207
300.221
300.235
300.25
300.265
300.28
300.296
300.313
300.33
300.347
300.364
300.382
300.401
300.419
300.438
300.458
300.478
300.498
300.519
300.54
300.561
300.582
300.604
300.627
300.649
300.672
300.695
300.719
300.742
300.766
300.79
300.814
300.839
300.864
300.888
300.913
300.938
300.963
300.988
301.013
301.038
301.063
301.088
301.113
301.138
301.162
301.187
301.211
301.235
301.26
301.283
301.307
301.33
301.353
301.376
301.399
301.421
301.443
301.465
301.486
301.507
300.003
300.01
300.018
300.025
300.033
300.041
300.05
300.059
300.068
300.078
300.087
300.098
300.108
300.119
300.13
300.142
300.154
300.166
300.179
300.192
300.205
300.219
300.233
300.248
300.263
300.278
300.294
300.31
300.327
300.343
300.361
300.378
300.396
300.415
300.433
300.452
300.472
300.491
300.511
300.532
300.553
300.574
300.595
300.616
300.638
300.66
300.682
300.705
300.728
300.75
300.773
300.797
300.82
300.843
300.867
300.89
300.914
300.938
300.961
300.985
301.009
301.032
301.056
301.079
301.102
301.125
301.148
301.171
301.194
301.216
301.239
301.261
301.283
301.304
301.325
301.346
301.367
301.388
301.408
301.428
301.447
300.003
300.01
300.018
300.025
300.033
300.041
300.05
300.059
300.068
300.077
300.087
300.097
300.107
300.118
300.129
300.141
300.153
300.165
300.178
300.19
300.204
300.217
300.231
300.246
300.261
300.276
300.291
300.307
300.323
300.34
300.357
300.374
300.392
300.41
300.428
300.446
300.465
300.484
300.504
300.524
300.544
300.564
300.584
300.605
300.626
300.647
300.669
300.69
300.712
300.734
300.756
300.778
300.8
300.822
300.845
300.867
300.889
300.912
300.934
300.956
300.979
301.001
301.023
301.045
301.067
301.088
301.11
301.131
301.153
301.174
301.194
301.215
301.235
301.256
301.275
301.295
301.315
301.334
301.352
301.371
301.389
300.003
300.01
300.018
300.025
300.033
300.041
300.049
300.058
300.067
300.077
300.086
300.096
300.107
300.117
300.128
300.14
300.152
300.164
300.176
300.189
300.202
300.216
300.229
300.244
300.258
300.273
300.288
300.304
300.32
300.336
300.352
300.369
300.386
300.404
300.422
300.44
300.458
300.477
300.496
300.515
300.534
300.554
300.574
300.594
300.614
300.634
300.655
300.675
300.696
300.717
300.738
300.759
300.78
300.801
300.822
300.843
300.864
300.886
300.907
300.928
300.949
300.969
300.99
301.011
301.031
301.052
301.072
301.092
301.112
301.131
301.151
301.17
301.189
301.208
301.227
301.245
301.263
301.281
301.299
301.316
301.333
300.003
300.01
300.017
300.025
300.033
300.041
300.049
300.058
300.067
300.076
300.086
300.096
300.106
300.117
300.128
300.139
300.15
300.162
300.175
300.187
300.2
300.214
300.227
300.241
300.255
300.27
300.285
300.3
300.316
300.332
300.348
300.364
300.381
300.398
300.415
300.433
300.451
300.469
300.487
300.505
300.524
300.543
300.562
300.581
300.601
300.62
300.64
300.659
300.679
300.699
300.719
300.739
300.759
300.779
300.799
300.819
300.839
300.859
300.879
300.899
300.918
300.938
300.958
300.977
300.996
301.015
301.034
301.053
301.072
301.09
301.108
301.126
301.144
301.162
301.179
301.196
301.213
301.23
301.246
301.262
301.278
300.003
300.01
300.017
300.025
300.032
300.04
300.049
300.057
300.066
300.076
300.085
300.095
300.105
300.116
300.126
300.138
300.149
300.161
300.173
300.185
300.198
300.211
300.225
300.238
300.252
300.267
300.281
300.296
300.312
300.327
300.343
300.359
300.375
300.392
300.409
300.426
300.443
300.46
300.478
300.496
300.514
300.532
300.55
300.569
300.587
300.606
300.625
300.643
300.662
300.681
300.7
300.719
300.738
300.757
300.776
300.795
300.814
300.833
300.851
300.87
300.889
300.907
300.925
300.944
300.962
300.98
300.997
301.015
301.032
301.05
301.067
301.084
301.1
301.117
301.133
301.149
301.165
301.181
301.196
301.211
301.226
300.003
300.01
300.017
300.025
300.032
300.04
300.048
300.057
300.066
300.075
300.084
300.094
300.104
300.115
300.125
300.136
300.148
300.159
300.171
300.183
300.196
300.209
300.222
300.236
300.249
300.263
300.278
300.292
300.307
300.322
300.338
300.353
300.369
300.385
300.401
300.418
300.435
300.451
300.468
300.486
300.503
300.52
300.538
300.556
300.573
300.591
300.609
300.627
300.645
300.663
300.681
300.699
300.717
300.735
300.753
300.771
300.789
300.807
300.824
300.842
300.86
300.877
300.894
300.911
300.928
300.945
300.962
300.978
300.995
301.011
301.027
301.043
301.058
301.074
301.089
301.104
301.119
301.134
301.148
301.162
301.176
300.003
300.01
300.017
300.024
300.032
300.04
300.048
300.056
300.065
300.074
300.084
300.093
300.103
300.113
300.124
300.135
300.146
300.158
300.169
300.181
300.194
300.206
300.219
300.232
300.246
300.26
300.274
300.288
300.302
300.317
300.332
300.347
300.363
300.378
300.394
300.41
300.426
300.442
300.459
300.475
300.492
300.509
300.526
300.543
300.56
300.577
300.594
300.611
300.628
300.645
300.662
300.68
300.697
300.714
300.731
300.748
300.765
300.781
300.798
300.815
300.831
300.848
300.864
300.88
300.896
300.912
300.928
300.943
300.959
300.974
300.989
301.004
301.018
301.033
301.047
301.061
301.075
301.089
301.103
301.116
301.129
300.003
300.01
300.017
300.024
300.032
300.039
300.048
300.056
300.065
300.073
300.083
300.092
300.102
300.112
300.123
300.133
300.144
300.156
300.167
300.179
300.191
300.204
300.216
300.229
300.242
300.256
300.27
300.284
300.298
300.312
300.327
300.341
300.356
300.371
300.387
300.402
300.418
300.433
300.449
300.465
300.481
300.497
300.514
300.53
300.546
300.562
300.579
300.595
300.611
300.628
300.644
300.661
300.677
300.693
300.709
300.725
300.741
300.757
300.773
300.789
300.804
300.82
300.835
300.85
300.866
300.881
300.895
300.91
300.925
300.939
300.953
300.967
300.981
300.995
301.008
301.021
301.035
301.048
301.06
301.073
301.085
300.003
300.01
300.017
300.024
300.031
300.039
300.047
300.055
300.064
300.073
300.082
300.091
300.101
300.111
300.121
300.132
300.143
300.154
300.165
300.177
300.189
300.201
300.213
300.226
300.239
300.252
300.265
300.279
300.293
300.307
300.321
300.335
300.35
300.365
300.379
300.394
300.409
300.424
300.44
300.455
300.471
300.486
300.502
300.517
300.533
300.548
300.564
300.58
300.595
300.611
300.627
300.642
300.658
300.673
300.689
300.704
300.719
300.734
300.749
300.764
300.779
300.794
300.808
300.823
300.837
300.851
300.865
300.879
300.893
300.906
300.92
300.933
300.946
300.959
300.972
300.984
300.997
301.009
301.021
301.033
301.045
300.003
300.01
300.017
300.024
300.031
300.039
300.047
300.055
300.063
300.072
300.081
300.09
300.1
300.11
300.12
300.13
300.141
300.152
300.163
300.175
300.186
300.198
300.21
300.223
300.235
300.248
300.261
300.275
300.288
300.302
300.315
300.329
300.344
300.358
300.372
300.387
300.401
300.416
300.431
300.445
300.46
300.475
300.49
300.505
300.52
300.535
300.55
300.565
300.58
300.595
300.61
300.625
300.64
300.655
300.669
300.684
300.698
300.713
300.727
300.741
300.755
300.769
300.783
300.797
300.811
300.824
300.837
300.851
300.864
300.876
300.889
300.902
300.914
300.926
300.939
300.951
300.962
300.974
300.985
300.997
301.008
300.003
300.01
300.016
300.023
300.031
300.038
300.046
300.054
300.063
300.071
300.08
300.089
300.099
300.108
300.118
300.129
300.139
300.15
300.161
300.172
300.184
300.195
300.207
300.22
300.232
300.245
300.257
300.27
300.283
300.297
300.31
300.324
300.337
300.351
300.365
300.379
300.393
300.408
300.422
300.436
300.451
300.465
300.48
300.494
300.508
300.523
300.537
300.552
300.566
300.581
300.595
300.609
300.623
300.638
300.652
300.666
300.68
300.693
300.707
300.721
300.734
300.747
300.761
300.774
300.787
300.8
300.812
300.825
300.837
300.85
300.862
300.874
300.886
300.897
300.909
300.92
300.931
300.943
300.954
300.964
300.975
300.003
300.01
300.016
300.023
300.03
300.038
300.046
300.054
300.062
300.07
300.079
300.088
300.098
300.107
300.117
300.127
300.138
300.148
300.159
300.17
300.181
300.193
300.205
300.217
300.229
300.241
300.254
300.266
300.279
300.292
300.305
300.318
300.332
300.345
300.359
300.373
300.386
300.4
300.414
300.428
300.442
300.456
300.47
300.484
300.498
300.512
300.526
300.54
300.554
300.567
300.581
300.595
300.609
300.622
300.636
300.649
300.663
300.676
300.689
300.702
300.715
300.728
300.741
300.753
300.766
300.778
300.79
300.802
300.814
300.826
300.838
300.849
300.86
300.872
300.883
300.894
300.904
300.915
300.926
300.936
300.946
300.003
300.009
300.016
300.023
300.03
300.037
300.045
300.053
300.061
300.07
300.078
300.087
300.097
300.106
300.116
300.126
300.136
300.146
300.157
300.168
300.179
300.19
300.202
300.214
300.226
300.238
300.25
300.263
300.275
300.288
300.301
300.314
300.327
300.34
300.353
300.366
300.38
300.393
300.407
300.42
300.434
300.448
300.461
300.475
300.488
300.502
300.516
300.529
300.543
300.556
300.569
300.583
300.596
300.609
300.622
300.635
300.648
300.661
300.674
300.686
300.699
300.711
300.723
300.736
300.748
300.76
300.771
300.783
300.794
300.806
300.817
300.828
300.839
300.85
300.861
300.871
300.882
300.892
300.902
300.912
300.922
300.003
300.009
300.016
300.023
300.03
300.037
300.045
300.052
300.061
300.069
300.078
300.086
300.096
300.105
300.115
300.124
300.135
300.145
300.155
300.166
300.177
300.188
300.2
300.211
300.223
300.235
300.247
300.259
300.272
300.284
300.297
300.309
300.322
300.335
300.348
300.361
300.374
300.388
300.401
300.414
300.427
300.441
300.454
300.467
300.481
300.494
300.507
300.52
300.533
300.546
300.559
300.572
300.585
300.598
300.611
300.624
300.636
300.649
300.661
300.673
300.685
300.697
300.709
300.721
300.733
300.744
300.756
300.767
300.778
300.789
300.8
300.811
300.822
300.832
300.843
300.853
300.863
300.873
300.883
300.892
300.902
300.003
300.009
300.016
300.023
300.03
300.037
300.044
300.052
300.06
300.068
300.077
300.086
300.095
300.104
300.114
300.123
300.133
300.144
300.154
300.165
300.175
300.187
300.198
300.209
300.221
300.233
300.245
300.257
300.269
300.281
300.294
300.306
300.319
300.331
300.344
300.357
300.37
300.383
300.396
300.409
300.422
300.435
300.448
300.461
300.474
300.487
300.5
300.513
300.526
300.539
300.552
300.564
300.577
300.59
300.602
300.614
300.627
300.639
300.651
300.663
300.675
300.687
300.698
300.71
300.721
300.733
300.744
300.755
300.766
300.777
300.787
300.798
300.808
300.818
300.829
300.839
300.848
300.858
300.868
300.877
300.887
300.003
300.009
300.016
300.022
300.029
300.037
300.044
300.052
300.06
300.068
300.076
300.085
300.094
300.103
300.113
300.122
300.132
300.142
300.153
300.163
300.174
300.185
300.196
300.208
300.219
300.231
300.243
300.255
300.267
300.279
300.291
300.304
300.316
300.329
300.341
300.354
300.367
300.38
300.392
300.405
300.418
300.431
300.444
300.457
300.47
300.482
300.495
300.508
300.521
300.533
300.546
300.559
300.571
300.583
300.596
300.608
300.62
300.632
300.644
300.656
300.667
300.679
300.691
300.702
300.713
300.724
300.735
300.746
300.757
300.768
300.778
300.788
300.799
300.809
300.819
300.829
300.838
300.848
300.857
300.867
300.876
300.003
300.009
300.016
300.022
300.029
300.036
300.044
300.051
300.059
300.068
300.076
300.085
300.094
300.103
300.112
300.122
300.132
300.142
300.152
300.163
300.173
300.184
300.195
300.207
300.218
300.23
300.241
300.253
300.265
300.277
300.29
300.302
300.314
300.327
300.339
300.352
300.365
300.377
300.39
300.403
300.416
300.428
300.441
300.454
300.467
300.48
300.492
300.505
300.517
300.53
300.542
300.555
300.567
300.58
300.592
300.604
300.616
300.628
300.64
300.651
300.663
300.674
300.686
300.697
300.708
300.719
300.73
300.741
300.752
300.762
300.772
300.783
300.793
300.803
300.813
300.822
300.832
300.842
300.851
300.86
300.869
300.003
300.009
300.016
300.022
300.029
300.036
300.044
300.051
300.059
300.067
300.076
300.084
300.093
300.103
300.112
300.122
300.131
300.141
300.152
300.162
300.173
300.184
300.195
300.206
300.217
300.229
300.241
300.253
300.265
300.277
300.289
300.301
300.313
300.326
300.338
300.351
300.364
300.376
300.389
300.402
300.415
300.427
300.44
300.453
300.465
300.478
300.491
300.503
300.516
300.528
300.541
300.553
300.566
300.578
300.59
300.602
300.614
300.626
300.638
300.649
300.661
300.672
300.684
300.695
300.706
300.717
300.728
300.739
300.749
300.76
300.77
300.78
300.79
300.8
300.81
300.82
300.829
300.839
300.848
300.857
300.866
303.025
303.154
303.232
303.304
303.367
303.419
303.454
303.494
303.534
303.571
303.602
303.636
303.671
303.705
303.739
303.772
303.803
303.831
303.86
303.89
303.919
303.949
303.978
304.007
304.037
304.065
304.093
304.121
304.149
304.176
304.203
304.23
304.256
304.282
304.309
304.334
304.36
304.385
304.41
304.435
304.46
304.484
304.509
304.537
304.563
304.588
304.611
304.636
304.663
304.688
304.713
304.735
304.759
304.784
304.81
304.836
304.862
304.887
304.913
304.937
304.958
304.981
305.004
305.029
305.054
305.078
305.103
305.128
305.152
305.176
305.2
305.224
305.247
305.271
305.295
305.318
305.341
305.365
305.387
305.412
305.44
305.466
305.489
305.512
305.534
305.555
305.579
305.606
305.631
305.653
305.673
305.697
305.723
305.746
305.771
305.798
305.823
305.844
305.87
305.894
305.915
305.939
305.96
305.984
306.01
306.037
306.061
306.08
306.104
306.124
306.147
306.172
306.198
306.224
306.247
306.265
306.288
306.312
306.337
306.358
306.375
306.395
306.417
306.439
306.459
306.474
306.492
306.511
306.529
306.547
306.564
306.579
306.594
306.607
306.619
306.63
306.639
306.647
306.653
306.657
306.66
306.66
306.659
306.655
306.649
306.641
306.63
306.616
306.598
306.576
306.548
306.517
306.485
306.448
306.405
306.355
306.3
306.206
306.12
306.011
305.87
302.924
303.038
303.126
303.201
303.266
303.322
303.368
303.412
303.454
303.493
303.529
303.565
303.601
303.636
303.671
303.705
303.737
303.767
303.798
303.828
303.858
303.888
303.918
303.948
303.977
304.007
304.035
304.064
304.092
304.119
304.147
304.174
304.201
304.227
304.254
304.28
304.306
304.332
304.357
304.383
304.408
304.433
304.459
304.485
304.511
304.537
304.561
304.587
304.613
304.638
304.663
304.687
304.711
304.736
304.762
304.787
304.813
304.839
304.864
304.888
304.911
304.934
304.958
304.983
305.008
305.033
305.057
305.082
305.107
305.131
305.155
305.179
305.203
305.227
305.251
305.275
305.298
305.322
305.345
305.37
305.397
305.422
305.446
305.47
305.492
305.514
305.538
305.564
305.589
305.612
305.633
305.657
305.683
305.707
305.732
305.758
305.783
305.806
305.831
305.855
305.877
305.901
305.924
305.948
305.973
305.999
306.024
306.045
306.068
306.089
306.112
306.137
306.163
306.188
306.212
306.232
306.254
306.278
306.303
306.324
306.342
306.363
306.385
306.406
306.427
306.443
306.461
306.48
306.499
306.516
306.533
306.549
306.564
306.577
306.59
306.6
306.61
306.618
306.624
306.628
306.631
306.632
306.631
306.627
306.621
306.613
306.602
306.587
306.57
306.548
306.52
306.489
306.456
306.418
306.373
306.322
306.263
306.172
306.081
305.967
305.811
302.842
302.941
303.027
303.103
303.169
303.227
303.279
303.326
303.371
303.412
303.452
303.49
303.527
303.564
303.599
303.634
303.667
303.699
303.731
303.762
303.793
303.824
303.855
303.885
303.915
303.944
303.974
304.002
304.031
304.059
304.087
304.115
304.142
304.169
304.196
304.222
304.249
304.275
304.301
304.327
304.353
304.378
304.404
304.431
304.457
304.483
304.508
304.533
304.559
304.585
304.61
304.635
304.659
304.685
304.71
304.736
304.762
304.788
304.813
304.837
304.861
304.885
304.909
304.934
304.959
304.984
305.008
305.033
305.058
305.083
305.107
305.131
305.156
305.18
305.204
305.228
305.252
305.276
305.3
305.325
305.351
305.376
305.401
305.424
305.447
305.471
305.495
305.52
305.545
305.568
305.591
305.615
305.64
305.665
305.69
305.716
305.741
305.765
305.79
305.814
305.837
305.861
305.884
305.908
305.934
305.96
305.984
306.006
306.029
306.051
306.075
306.1
306.125
306.151
306.174
306.196
306.218
306.242
306.266
306.288
306.308
306.329
306.35
306.372
306.392
306.41
306.428
306.447
306.466
306.484
306.501
306.517
306.532
306.545
306.558
306.569
306.579
306.587
306.593
306.598
306.601
306.602
306.601
306.597
306.591
306.583
306.572
306.557
306.539
306.517
306.49
306.459
306.425
306.386
306.34
306.287
306.224
306.135
306.04
305.921
305.756
302.768
302.856
302.936
303.009
303.075
303.135
303.189
303.239
303.286
303.329
303.371
303.411
303.45
303.488
303.524
303.56
303.594
303.628
303.66
303.693
303.725
303.756
303.787
303.818
303.848
303.879
303.908
303.938
303.967
303.995
304.024
304.052
304.08
304.107
304.134
304.161
304.188
304.215
304.241
304.268
304.294
304.32
304.346
304.373
304.399
304.425
304.451
304.477
304.503
304.528
304.554
304.579
304.604
304.63
304.656
304.681
304.707
304.733
304.758
304.783
304.807
304.832
304.856
304.881
304.906
304.931
304.956
304.982
305.006
305.031
305.056
305.081
305.105
305.129
305.154
305.178
305.202
305.227
305.251
305.276
305.302
305.328
305.352
305.376
305.4
305.424
305.448
305.473
305.498
305.522
305.546
305.57
305.595
305.62
305.645
305.671
305.696
305.721
305.745
305.77
305.794
305.818
305.842
305.866
305.892
305.917
305.942
305.965
305.988
306.011
306.035
306.06
306.085
306.11
306.134
306.157
306.18
306.204
306.228
306.25
306.27
306.292
306.313
306.335
306.355
306.374
306.393
306.412
306.431
306.449
306.466
306.482
306.498
306.512
306.524
306.536
306.545
306.554
306.561
306.565
306.569
306.57
306.569
306.565
306.56
306.551
306.54
306.526
306.507
306.485
306.458
306.426
306.392
306.352
306.305
306.25
306.185
306.096
305.998
305.874
305.704
302.698
302.777
302.851
302.921
302.985
303.044
303.099
303.151
303.199
303.245
303.288
303.329
303.37
303.408
303.446
303.482
303.518
303.552
303.586
303.619
303.652
303.684
303.716
303.747
303.778
303.809
303.839
303.869
303.899
303.928
303.957
303.985
304.013
304.041
304.069
304.097
304.124
304.151
304.178
304.205
304.231
304.258
304.284
304.311
304.337
304.364
304.39
304.416
304.442
304.468
304.494
304.52
304.545
304.571
304.597
304.623
304.649
304.675
304.7
304.726
304.75
304.775
304.8
304.825
304.851
304.876
304.901
304.926
304.951
304.977
305.002
305.026
305.051
305.076
305.101
305.125
305.15
305.175
305.199
305.225
305.25
305.276
305.301
305.325
305.349
305.374
305.398
305.423
305.448
305.473
305.497
305.522
305.547
305.572
305.597
305.623
305.648
305.673
305.698
305.723
305.747
305.772
305.796
305.821
305.847
305.872
305.897
305.921
305.945
305.968
305.992
306.017
306.043
306.068
306.092
306.115
306.139
306.163
306.186
306.209
306.231
306.252
306.274
306.296
306.316
306.336
306.355
306.374
306.393
306.412
306.429
306.446
306.461
306.475
306.488
306.5
306.51
306.519
306.526
306.531
306.534
306.536
306.535
306.532
306.526
306.518
306.506
306.492
306.474
306.451
306.424
306.392
306.357
306.316
306.268
306.211
306.144
306.056
305.954
305.827
305.654
302.63
302.702
302.77
302.836
302.898
302.956
303.011
303.063
303.112
303.158
303.203
303.245
303.286
303.326
303.364
303.402
303.438
303.474
303.508
303.542
303.576
303.609
303.641
303.673
303.705
303.736
303.766
303.797
303.827
303.856
303.886
303.915
303.944
303.972
304
304.028
304.056
304.083
304.111
304.138
304.165
304.192
304.219
304.246
304.272
304.299
304.326
304.352
304.378
304.405
304.431
304.457
304.483
304.509
304.535
304.561
304.587
304.613
304.639
304.665
304.69
304.715
304.74
304.766
304.791
304.817
304.842
304.868
304.893
304.918
304.944
304.969
304.994
305.019
305.044
305.069
305.094
305.119
305.144
305.169
305.195
305.221
305.246
305.271
305.295
305.32
305.345
305.37
305.395
305.42
305.445
305.47
305.495
305.521
305.546
305.572
305.598
305.623
305.648
305.673
305.698
305.723
305.748
305.773
305.799
305.824
305.849
305.874
305.898
305.922
305.947
305.972
305.997
306.023
306.047
306.071
306.095
306.119
306.143
306.166
306.188
306.21
306.232
306.254
306.275
306.295
306.315
306.334
306.353
306.372
306.39
306.407
306.422
306.437
306.45
306.462
306.473
306.481
306.489
306.494
306.498
306.499
306.499
306.496
306.49
306.482
306.471
306.456
306.438
306.415
306.388
306.356
306.32
306.278
306.229
306.171
306.101
306.013
305.909
305.779
305.606
302.564
302.629
302.693
302.754
302.813
302.87
302.924
302.975
303.024
303.071
303.116
303.159
303.201
303.241
303.28
303.319
303.356
303.392
303.427
303.462
303.496
303.53
303.563
303.595
303.627
303.659
303.69
303.721
303.751
303.781
303.811
303.841
303.87
303.899
303.927
303.956
303.984
304.012
304.04
304.067
304.095
304.122
304.149
304.176
304.203
304.23
304.257
304.284
304.311
304.337
304.364
304.39
304.417
304.443
304.469
304.496
304.522
304.548
304.574
304.6
304.626
304.651
304.677
304.702
304.728
304.754
304.78
304.805
304.831
304.857
304.882
304.907
304.933
304.958
304.984
305.009
305.034
305.06
305.085
305.111
305.136
305.162
305.187
305.213
305.238
305.263
305.288
305.314
305.339
305.364
305.39
305.415
305.441
305.466
305.492
305.518
305.544
305.569
305.595
305.621
305.646
305.671
305.696
305.722
305.747
305.773
305.799
305.823
305.848
305.873
305.898
305.923
305.949
305.974
305.999
306.024
306.048
306.072
306.096
306.12
306.142
306.165
306.187
306.209
306.231
306.252
306.272
306.292
306.311
306.33
306.348
306.365
306.381
306.396
306.41
306.422
306.433
306.442
306.449
306.455
306.459
306.461
306.46
306.457
306.452
306.444
306.433
306.418
306.4
306.377
306.35
306.318
306.281
306.238
306.188
306.129
306.057
305.968
305.862
305.731
305.56
302.498
302.558
302.617
302.675
302.731
302.785
302.837
302.888
302.936
302.983
303.028
303.071
303.114
303.154
303.194
303.233
303.27
303.307
303.343
303.379
303.413
303.447
303.481
303.514
303.546
303.578
303.61
303.641
303.672
303.703
303.733
303.763
303.792
303.822
303.851
303.88
303.908
303.937
303.965
303.993
304.02
304.048
304.076
304.103
304.131
304.158
304.185
304.212
304.239
304.266
304.293
304.32
304.346
304.373
304.399
304.426
304.453
304.479
304.505
304.531
304.557
304.583
304.609
304.635
304.661
304.687
304.713
304.739
304.765
304.791
304.817
304.843
304.868
304.894
304.92
304.945
304.971
304.997
305.022
305.048
305.074
305.1
305.126
305.151
305.177
305.202
305.228
305.254
305.279
305.305
305.331
305.356
305.382
305.408
305.434
305.46
305.487
305.513
305.539
305.564
305.59
305.616
305.641
305.667
305.693
305.719
305.745
305.77
305.795
305.821
305.846
305.872
305.898
305.923
305.948
305.973
305.998
306.023
306.047
306.071
306.094
306.117
306.14
306.162
306.184
306.205
306.226
306.246
306.266
306.285
306.303
306.321
306.337
306.352
306.366
306.379
306.39
306.4
306.408
306.414
306.418
306.42
306.42
306.417
306.412
306.404
306.393
306.378
306.36
306.337
306.309
306.277
306.24
306.196
306.145
306.084
306.011
305.922
305.815
305.683
305.516
302.433
302.488
302.543
302.597
302.651
302.702
302.753
302.801
302.849
302.895
302.94
302.983
303.025
303.066
303.106
303.145
303.183
303.22
303.256
303.292
303.327
303.362
303.396
303.429
303.462
303.494
303.527
303.558
303.59
303.62
303.651
303.681
303.711
303.741
303.77
303.8
303.829
303.857
303.886
303.914
303.942
303.971
303.998
304.026
304.054
304.082
304.109
304.136
304.164
304.191
304.218
304.245
304.272
304.299
304.326
304.353
304.379
304.406
304.433
304.459
304.485
304.512
304.538
304.564
304.591
304.617
304.643
304.669
304.696
304.722
304.748
304.774
304.8
304.826
304.852
304.878
304.904
304.93
304.956
304.982
305.008
305.034
305.06
305.086
305.112
305.138
305.164
305.19
305.216
305.242
305.268
305.294
305.32
305.347
305.373
305.399
305.426
305.452
305.478
305.505
305.531
305.557
305.583
305.609
305.635
305.662
305.688
305.714
305.739
305.765
305.791
305.817
305.843
305.869
305.894
305.92
305.945
305.97
305.995
306.019
306.043
306.066
306.089
306.112
306.134
306.156
306.177
306.198
306.218
306.237
306.256
306.274
306.291
306.306
306.321
306.334
306.345
306.355
306.363
306.37
306.374
306.377
306.377
306.374
306.369
306.361
306.35
306.336
306.317
306.294
306.267
306.235
306.197
306.152
306.1
306.038
305.964
305.875
305.767
305.636
305.473
302.368
302.419
302.471
302.521
302.571
302.621
302.669
302.716
302.762
302.807
302.851
302.894
302.935
302.976
303.016
303.055
303.093
303.13
303.167
303.203
303.238
303.273
303.308
303.341
303.375
303.407
303.44
303.472
303.503
303.535
303.566
303.596
303.627
303.657
303.686
303.716
303.745
303.774
303.803
303.832
303.861
303.889
303.917
303.945
303.973
304.001
304.029
304.057
304.084
304.112
304.139
304.167
304.194
304.221
304.248
304.275
304.302
304.329
304.356
304.383
304.41
304.436
304.463
304.489
304.516
304.542
304.569
304.595
304.622
304.648
304.675
304.701
304.727
304.754
304.78
304.806
304.833
304.859
304.885
304.912
304.938
304.965
304.991
305.017
305.044
305.07
305.096
305.123
305.149
305.175
305.202
305.228
305.255
305.281
305.308
305.335
305.362
305.388
305.415
305.441
305.468
305.494
305.521
305.548
305.574
305.601
305.627
305.653
305.68
305.706
305.732
305.759
305.785
305.811
305.837
305.863
305.888
305.914
305.939
305.964
305.988
306.012
306.035
306.059
306.081
306.104
306.125
306.146
306.167
306.187
306.206
306.224
306.241
306.257
306.272
306.285
306.297
306.308
306.316
306.323
306.328
306.331
306.331
306.329
306.324
306.316
306.305
306.291
306.273
306.25
306.222
306.19
306.151
306.106
306.054
305.991
305.916
305.826
305.718
305.588
305.431
302.303
302.351
302.399
302.446
302.493
302.54
302.586
302.631
302.676
302.719
302.762
302.804
302.845
302.886
302.925
302.964
303.002
303.039
303.076
303.112
303.147
303.182
303.217
303.251
303.284
303.317
303.35
303.382
303.414
303.446
303.477
303.508
303.538
303.569
303.599
303.629
303.658
303.688
303.717
303.746
303.775
303.804
303.832
303.861
303.889
303.917
303.945
303.973
304.001
304.029
304.056
304.084
304.112
304.139
304.167
304.194
304.221
304.248
304.275
304.303
304.33
304.357
304.383
304.41
304.437
304.464
304.491
304.518
304.544
304.571
304.598
304.625
304.651
304.678
304.704
304.731
304.758
304.784
304.811
304.838
304.865
304.891
304.918
304.945
304.971
304.998
305.025
305.051
305.078
305.105
305.132
305.158
305.185
305.212
305.239
305.266
305.293
305.32
305.348
305.374
305.401
305.428
305.455
305.482
305.509
305.536
305.563
305.59
305.617
305.643
305.67
305.697
305.723
305.75
305.776
305.803
305.829
305.854
305.88
305.905
305.93
305.954
305.978
306.002
306.025
306.048
306.07
306.092
306.113
306.133
306.153
306.171
306.189
306.205
306.22
306.234
306.247
306.257
306.266
306.274
306.279
306.282
306.283
306.281
306.276
306.269
306.258
306.244
306.226
306.203
306.175
306.143
306.104
306.058
306.005
305.942
305.866
305.776
305.669
305.541
305.389
302.238
302.282
302.327
302.372
302.416
302.46
302.504
302.547
302.59
302.632
302.674
302.715
302.755
302.794
302.833
302.872
302.909
302.946
302.983
303.019
303.054
303.089
303.123
303.157
303.191
303.224
303.257
303.289
303.322
303.353
303.385
303.416
303.447
303.477
303.508
303.538
303.568
303.598
303.627
303.656
303.685
303.714
303.743
303.772
303.801
303.829
303.857
303.886
303.914
303.942
303.97
303.998
304.025
304.053
304.081
304.109
304.136
304.164
304.191
304.218
304.246
304.273
304.3
304.327
304.354
304.382
304.409
304.436
304.463
304.49
304.517
304.544
304.571
304.598
304.625
304.652
304.679
304.706
304.733
304.76
304.787
304.814
304.841
304.868
304.895
304.922
304.949
304.976
305.003
305.03
305.058
305.085
305.112
305.139
305.167
305.194
305.222
305.249
305.276
305.304
305.331
305.358
305.386
305.413
305.441
305.468
305.495
305.522
305.55
305.577
305.604
305.631
305.658
305.685
305.712
305.739
305.765
305.791
305.817
305.843
305.868
305.893
305.918
305.942
305.966
305.989
306.012
306.034
306.055
306.076
306.096
306.115
306.133
306.15
306.166
306.18
306.193
306.204
306.214
306.221
306.227
306.23
306.232
306.23
306.226
306.219
306.208
306.194
306.176
306.153
306.126
306.093
306.054
306.008
305.954
305.891
305.815
305.726
305.62
305.495
305.349
302.173
302.214
302.256
302.298
302.34
302.381
302.423
302.464
302.505
302.546
302.586
302.625
302.664
302.703
302.741
302.779
302.816
302.852
302.888
302.924
302.959
302.994
303.028
303.062
303.096
303.129
303.162
303.194
303.226
303.258
303.29
303.321
303.352
303.383
303.414
303.444
303.474
303.504
303.534
303.563
303.592
303.622
303.651
303.68
303.709
303.737
303.766
303.794
303.823
303.851
303.879
303.907
303.935
303.963
303.991
304.019
304.047
304.075
304.102
304.13
304.158
304.185
304.213
304.24
304.268
304.295
304.322
304.35
304.377
304.405
304.432
304.459
304.487
304.514
304.541
304.568
304.596
304.623
304.65
304.678
304.705
304.733
304.76
304.787
304.815
304.842
304.87
304.897
304.924
304.952
304.98
305.007
305.035
305.062
305.09
305.118
305.146
305.174
305.201
305.229
305.257
305.285
305.313
305.34
305.368
305.396
305.424
305.451
305.479
305.507
305.534
305.562
305.589
305.617
305.644
305.671
305.698
305.725
305.751
305.777
305.803
305.829
305.854
305.879
305.903
305.927
305.95
305.972
305.994
306.016
306.036
306.056
306.074
306.092
306.108
306.123
306.136
306.148
306.158
306.166
306.172
306.176
306.178
306.177
306.173
306.166
306.156
306.142
306.124
306.101
306.074
306.041
306.002
305.956
305.902
305.838
305.763
305.674
305.57
305.449
305.309
302.107
302.146
302.185
302.225
302.264
302.303
302.343
302.382
302.421
302.459
302.498
302.536
302.574
302.611
302.648
302.685
302.721
302.757
302.793
302.828
302.863
302.897
302.931
302.965
302.998
303.031
303.064
303.097
303.129
303.161
303.192
303.224
303.255
303.286
303.316
303.347
303.377
303.407
303.437
303.467
303.496
303.526
303.555
303.584
303.613
303.642
303.671
303.699
303.728
303.757
303.785
303.813
303.842
303.87
303.898
303.926
303.954
303.982
304.01
304.038
304.066
304.094
304.121
304.149
304.177
304.205
304.232
304.26
304.288
304.315
304.343
304.371
304.398
304.426
304.453
304.481
304.509
304.536
304.564
304.592
304.619
304.647
304.675
304.703
304.73
304.758
304.786
304.814
304.842
304.87
304.897
304.925
304.953
304.982
305.01
305.038
305.066
305.094
305.122
305.151
305.179
305.207
305.235
305.264
305.292
305.32
305.348
305.376
305.404
305.433
305.461
305.489
305.517
305.544
305.572
305.6
305.627
305.654
305.681
305.708
305.734
305.761
305.786
305.811
305.836
305.861
305.884
305.907
305.93
305.952
305.973
305.993
306.012
306.03
306.047
306.062
306.076
306.088
306.099
306.107
306.114
306.118
306.121
306.12
306.117
306.11
306.1
306.087
306.069
306.047
306.02
305.987
305.948
305.902
305.848
305.784
305.71
305.622
305.52
305.403
305.269
302.042
302.078
302.115
302.152
302.189
302.226
302.263
302.3
302.337
302.374
302.411
302.447
302.484
302.52
302.556
302.592
302.627
302.662
302.697
302.731
302.765
302.799
302.833
302.866
302.899
302.932
302.965
302.997
303.029
303.061
303.092
303.124
303.155
303.185
303.216
303.247
303.277
303.307
303.337
303.367
303.397
303.426
303.456
303.485
303.514
303.543
303.572
303.601
303.63
303.658
303.687
303.716
303.744
303.773
303.801
303.829
303.858
303.886
303.914
303.942
303.97
303.998
304.026
304.054
304.082
304.11
304.138
304.166
304.194
304.222
304.25
304.278
304.306
304.334
304.362
304.39
304.418
304.446
304.474
304.502
304.53
304.558
304.586
304.614
304.642
304.67
304.698
304.727
304.755
304.783
304.811
304.84
304.868
304.897
304.925
304.954
304.982
305.011
305.039
305.068
305.097
305.125
305.154
305.183
305.211
305.24
305.269
305.297
305.326
305.355
305.383
305.412
305.44
305.468
305.497
305.525
305.553
305.58
305.608
305.635
305.662
305.689
305.715
305.741
305.766
305.791
305.815
305.839
305.862
305.884
305.906
305.926
305.946
305.965
305.982
305.998
306.012
306.025
306.036
306.046
306.053
306.058
306.06
306.06
306.057
306.051
306.042
306.029
306.012
305.99
305.963
305.93
305.892
305.846
305.792
305.729
305.655
305.569
305.47
305.357
305.229
301.976
302.01
302.045
302.079
302.114
302.149
302.184
302.219
302.254
302.289
302.324
302.359
302.394
302.429
302.464
302.498
302.532
302.567
302.6
302.634
302.668
302.701
302.734
302.767
302.799
302.832
302.864
302.896
302.927
302.959
302.99
303.021
303.052
303.083
303.114
303.144
303.175
303.205
303.235
303.265
303.294
303.324
303.353
303.383
303.412
303.441
303.47
303.499
303.528
303.557
303.586
303.615
303.643
303.672
303.7
303.729
303.757
303.786
303.814
303.843
303.871
303.899
303.927
303.956
303.984
304.012
304.04
304.069
304.097
304.125
304.153
304.181
304.21
304.238
304.266
304.294
304.323
304.351
304.379
304.408
304.436
304.464
304.493
304.521
304.55
304.578
304.607
304.635
304.664
304.693
304.721
304.75
304.779
304.808
304.837
304.866
304.895
304.924
304.953
304.982
305.011
305.04
305.069
305.098
305.127
305.156
305.185
305.215
305.244
305.273
305.302
305.331
305.36
305.388
305.417
305.446
305.474
305.502
305.53
305.558
305.586
305.613
305.639
305.666
305.692
305.717
305.742
305.766
305.79
305.813
305.835
305.856
305.877
305.896
305.914
305.93
305.945
305.959
305.97
305.98
305.988
305.994
305.997
305.997
305.995
305.99
305.981
305.968
305.951
305.93
305.903
305.871
305.833
305.788
305.735
305.672
305.6
305.516
305.42
305.311
305.19
301.911
301.943
301.975
302.007
302.04
302.073
302.106
302.139
302.172
302.206
302.239
302.272
302.306
302.339
302.372
302.405
302.438
302.471
302.504
302.537
302.57
302.602
302.634
302.666
302.698
302.73
302.762
302.793
302.825
302.856
302.887
302.918
302.948
302.979
303.009
303.04
303.07
303.1
303.13
303.16
303.189
303.219
303.248
303.278
303.307
303.336
303.366
303.395
303.424
303.453
303.481
303.51
303.539
303.568
303.597
303.625
303.654
303.682
303.711
303.74
303.768
303.797
303.825
303.853
303.882
303.91
303.939
303.967
303.996
304.024
304.053
304.081
304.11
304.138
304.167
304.195
304.224
304.252
304.281
304.31
304.338
304.367
304.396
304.425
304.454
304.482
304.511
304.54
304.569
304.598
304.627
304.657
304.686
304.715
304.744
304.774
304.803
304.832
304.862
304.891
304.921
304.95
304.98
305.009
305.039
305.069
305.098
305.128
305.157
305.187
305.216
305.246
305.275
305.304
305.334
305.363
305.392
305.42
305.449
305.477
305.505
305.533
305.56
305.587
305.614
305.64
305.665
305.69
305.714
305.738
305.761
305.783
305.803
305.823
305.842
305.859
305.875
305.889
305.901
305.912
305.92
305.926
305.93
305.931
305.93
305.925
305.916
305.904
305.888
305.867
305.841
305.81
305.772
305.728
305.676
305.615
305.544
305.462
305.37
305.265
305.15
301.846
301.876
301.906
301.936
301.967
301.998
302.029
302.06
302.091
302.123
302.154
302.186
302.218
302.25
302.281
302.313
302.345
302.377
302.409
302.44
302.472
302.503
302.535
302.566
302.597
302.628
302.659
302.69
302.721
302.752
302.782
302.813
302.843
302.873
302.904
302.934
302.964
302.993
303.023
303.053
303.082
303.112
303.141
303.171
303.2
303.229
303.258
303.287
303.316
303.345
303.374
303.403
303.432
303.461
303.49
303.518
303.547
303.576
303.605
303.633
303.662
303.691
303.719
303.748
303.777
303.805
303.834
303.863
303.891
303.92
303.949
303.977
304.006
304.035
304.064
304.092
304.121
304.15
304.179
304.208
304.237
304.266
304.295
304.324
304.354
304.383
304.412
304.441
304.471
304.5
304.53
304.559
304.589
304.618
304.648
304.678
304.708
304.737
304.767
304.797
304.827
304.857
304.887
304.917
304.947
304.977
305.007
305.037
305.067
305.097
305.127
305.157
305.187
305.217
305.246
305.276
305.305
305.335
305.364
305.392
305.421
305.449
305.477
305.505
305.532
305.558
305.585
305.61
305.635
305.659
305.682
305.705
305.726
305.747
305.766
305.784
305.8
305.815
305.828
305.839
305.848
305.855
305.86
305.862
305.861
305.856
305.849
305.837
305.822
305.802
305.777
305.746
305.709
305.666
305.615
305.555
305.486
305.408
305.319
305.219
305.11
301.781
301.809
301.837
301.865
301.894
301.923
301.952
301.982
302.011
302.041
302.071
302.101
302.131
302.161
302.192
302.222
302.253
302.283
302.314
302.344
302.375
302.405
302.436
302.466
302.496
302.527
302.557
302.587
302.617
302.647
302.677
302.707
302.737
302.767
302.797
302.826
302.856
302.886
302.915
302.944
302.974
303.003
303.032
303.062
303.091
303.12
303.149
303.178
303.207
303.236
303.265
303.294
303.323
303.351
303.38
303.409
303.438
303.467
303.495
303.524
303.553
303.582
303.611
303.639
303.668
303.697
303.726
303.755
303.784
303.812
303.841
303.87
303.899
303.928
303.957
303.986
304.016
304.045
304.074
304.103
304.132
304.162
304.191
304.221
304.25
304.28
304.309
304.339
304.369
304.398
304.428
304.458
304.488
304.518
304.548
304.578
304.608
304.639
304.669
304.699
304.73
304.76
304.79
304.821
304.851
304.882
304.912
304.943
304.973
305.004
305.034
305.064
305.095
305.125
305.155
305.185
305.215
305.245
305.275
305.304
305.333
305.362
305.39
305.418
305.446
305.473
305.5
305.526
305.551
305.576
305.6
305.623
305.645
305.666
305.686
305.705
305.722
305.737
305.751
305.763
305.773
305.781
305.786
305.788
305.788
305.785
305.778
305.767
305.753
305.733
305.709
305.68
305.644
305.602
305.552
305.494
305.428
305.352
305.267
305.172
305.069
301.717
301.743
301.769
301.796
301.822
301.85
301.877
301.905
301.933
301.961
301.989
302.017
302.046
302.075
302.103
302.132
302.161
302.191
302.22
302.249
302.278
302.308
302.337
302.367
302.396
302.425
302.455
302.484
302.514
302.543
302.572
302.602
302.631
302.66
302.689
302.719
302.748
302.777
302.806
302.835
302.864
302.893
302.922
302.951
302.98
303.009
303.038
303.067
303.096
303.124
303.153
303.182
303.211
303.24
303.269
303.297
303.326
303.355
303.384
303.413
303.441
303.47
303.499
303.528
303.557
303.586
303.615
303.644
303.673
303.702
303.731
303.76
303.789
303.819
303.848
303.877
303.907
303.936
303.965
303.995
304.024
304.054
304.084
304.113
304.143
304.173
304.203
304.233
304.263
304.293
304.323
304.354
304.384
304.414
304.445
304.475
304.506
304.536
304.567
304.598
304.628
304.659
304.69
304.721
304.752
304.783
304.814
304.844
304.875
304.906
304.937
304.968
304.999
305.03
305.06
305.091
305.121
305.151
305.182
305.211
305.241
305.27
305.299
305.328
305.356
305.384
305.411
305.438
305.464
305.489
305.514
305.538
305.56
305.582
305.603
305.622
305.64
305.656
305.67
305.683
305.694
305.702
305.708
305.712
305.712
305.71
305.704
305.694
305.68
305.662
305.639
305.61
305.576
305.535
305.487
305.432
305.368
305.296
305.215
305.125
305.027
301.653
301.677
301.702
301.727
301.752
301.777
301.803
301.829
301.855
301.882
301.908
301.935
301.962
301.989
302.017
302.044
302.072
302.1
302.127
302.155
302.184
302.212
302.24
302.268
302.297
302.325
302.353
302.382
302.411
302.439
302.468
302.496
302.525
302.553
302.582
302.611
302.639
302.668
302.697
302.725
302.754
302.783
302.811
302.84
302.868
302.897
302.926
302.954
302.983
303.012
303.04
303.069
303.098
303.126
303.155
303.184
303.213
303.241
303.27
303.299
303.328
303.357
303.386
303.415
303.444
303.473
303.502
303.531
303.56
303.589
303.618
303.648
303.677
303.706
303.736
303.765
303.795
303.824
303.854
303.884
303.914
303.943
303.973
304.003
304.033
304.064
304.094
304.124
304.154
304.185
304.215
304.246
304.277
304.307
304.338
304.369
304.4
304.431
304.462
304.493
304.524
304.555
304.586
304.618
304.649
304.68
304.712
304.743
304.774
304.806
304.837
304.868
304.899
304.931
304.962
304.993
305.024
305.054
305.085
305.115
305.145
305.175
305.205
305.234
305.263
305.291
305.319
305.346
305.373
305.399
305.424
305.448
305.472
305.494
305.515
305.535
305.553
305.57
305.586
305.599
305.611
305.62
305.627
305.631
305.632
305.631
305.626
305.617
305.604
305.587
305.565
305.538
305.506
305.467
305.421
305.368
305.307
305.238
305.162
305.077
304.984
301.59
301.613
301.636
301.659
301.682
301.706
301.73
301.755
301.779
301.804
301.829
301.855
301.88
301.906
301.932
301.958
301.984
302.01
302.037
302.064
302.09
302.117
302.144
302.172
302.199
302.226
302.254
302.281
302.309
302.336
302.364
302.392
302.42
302.448
302.475
302.503
302.531
302.559
302.587
302.616
302.644
302.672
302.7
302.728
302.757
302.785
302.813
302.841
302.87
302.898
302.927
302.955
302.984
303.012
303.041
303.069
303.098
303.127
303.155
303.184
303.213
303.242
303.271
303.299
303.328
303.358
303.387
303.416
303.445
303.474
303.504
303.533
303.562
303.592
303.621
303.651
303.681
303.711
303.74
303.77
303.8
303.83
303.86
303.891
303.921
303.951
303.982
304.012
304.043
304.074
304.105
304.135
304.166
304.197
304.228
304.26
304.291
304.322
304.353
304.385
304.416
304.448
304.479
304.511
304.543
304.574
304.606
304.638
304.67
304.701
304.733
304.765
304.796
304.828
304.86
304.891
304.922
304.954
304.985
305.015
305.046
305.076
305.106
305.136
305.165
305.194
305.222
305.25
305.278
305.304
305.33
305.355
305.379
305.402
305.423
305.444
305.463
305.481
305.497
305.511
305.523
305.534
305.541
305.546
305.549
305.548
305.544
305.537
305.525
305.509
305.489
305.463
305.432
305.395
305.352
305.302
305.244
305.179
305.107
305.027
304.94
301.528
301.549
301.571
301.592
301.614
301.637
301.659
301.682
301.705
301.729
301.752
301.776
301.8
301.824
301.849
301.873
301.898
301.923
301.948
301.974
301.999
302.025
302.051
302.077
302.103
302.129
302.156
302.182
302.209
302.235
302.262
302.289
302.316
302.343
302.37
302.397
302.424
302.452
302.479
302.507
302.534
302.562
302.589
302.617
302.645
302.673
302.701
302.729
302.757
302.785
302.813
302.841
302.869
302.897
302.926
302.954
302.982
303.011
303.04
303.068
303.097
303.126
303.154
303.183
303.212
303.241
303.27
303.299
303.329
303.358
303.387
303.417
303.446
303.476
303.505
303.535
303.565
303.595
303.625
303.655
303.685
303.715
303.746
303.776
303.806
303.837
303.868
303.898
303.929
303.96
303.991
304.022
304.054
304.085
304.116
304.148
304.179
304.211
304.243
304.274
304.306
304.338
304.37
304.402
304.434
304.466
304.498
304.53
304.562
304.594
304.626
304.658
304.69
304.722
304.754
304.786
304.818
304.849
304.881
304.912
304.943
304.974
305.004
305.035
305.064
305.094
305.122
305.151
305.179
305.206
305.232
305.257
305.282
305.306
305.328
305.349
305.369
305.387
305.404
305.419
305.432
305.443
305.452
305.458
305.461
305.462
305.459
305.453
305.442
305.428
305.409
305.385
305.356
305.322
305.281
305.233
305.179
305.118
305.05
304.975
304.893
301.467
301.487
301.507
301.527
301.548
301.569
301.59
301.611
301.633
301.655
301.677
301.699
301.722
301.745
301.768
301.791
301.815
301.838
301.862
301.886
301.911
301.935
301.96
301.985
302.009
302.035
302.06
302.085
302.111
302.136
302.162
302.188
302.214
302.24
302.266
302.293
302.319
302.346
302.373
302.399
302.426
302.453
302.48
302.507
302.534
302.562
302.589
302.617
302.644
302.672
302.699
302.727
302.755
302.783
302.811
302.839
302.867
302.895
302.924
302.952
302.981
303.009
303.038
303.066
303.095
303.124
303.153
303.182
303.211
303.241
303.27
303.299
303.329
303.358
303.388
303.418
303.448
303.478
303.508
303.538
303.568
303.599
303.629
303.66
303.69
303.721
303.752
303.783
303.814
303.845
303.876
303.907
303.939
303.97
304.002
304.034
304.066
304.097
304.129
304.161
304.193
304.226
304.258
304.29
304.322
304.355
304.387
304.419
304.452
304.484
304.517
304.549
304.582
304.614
304.646
304.678
304.71
304.742
304.774
304.806
304.837
304.868
304.899
304.93
304.96
304.99
305.019
305.048
305.076
305.103
305.13
305.156
305.181
305.206
305.229
305.25
305.271
305.29
305.307
305.323
305.337
305.349
305.358
305.366
305.37
305.371
305.37
305.365
305.356
305.343
305.326
305.304
305.277
305.245
305.207
305.162
305.112
305.055
304.991
304.921
304.845
301.408
301.426
301.445
301.464
301.483
301.503
301.523
301.543
301.563
301.584
301.604
301.625
301.647
301.668
301.69
301.712
301.734
301.756
301.779
301.802
301.825
301.848
301.871
301.895
301.919
301.943
301.967
301.991
302.016
302.04
302.065
302.09
302.115
302.14
302.165
302.191
302.216
302.242
302.268
302.294
302.32
302.346
302.373
302.399
302.426
302.452
302.479
302.506
302.533
302.56
302.587
302.615
302.642
302.669
302.697
302.725
302.753
302.781
302.809
302.837
302.865
302.893
302.922
302.95
302.979
303.007
303.036
303.065
303.094
303.123
303.153
303.182
303.211
303.241
303.271
303.3
303.33
303.36
303.39
303.42
303.451
303.481
303.512
303.542
303.573
303.604
303.635
303.666
303.697
303.728
303.76
303.791
303.823
303.855
303.886
303.918
303.95
303.982
304.014
304.047
304.079
304.111
304.144
304.176
304.209
304.242
304.274
304.307
304.339
304.372
304.405
304.438
304.47
304.503
304.535
304.568
304.6
304.632
304.665
304.697
304.728
304.76
304.791
304.822
304.852
304.882
304.912
304.941
304.97
304.998
305.025
305.052
305.077
305.102
305.125
305.148
305.169
305.189
305.207
305.223
305.238
305.251
305.261
305.269
305.274
305.277
305.277
305.273
305.266
305.254
305.239
305.219
305.195
305.165
305.129
305.089
305.042
304.989
304.93
304.865
304.794
301.35
301.367
301.385
301.403
301.421
301.439
301.458
301.476
301.495
301.515
301.534
301.554
301.574
301.594
301.615
301.635
301.656
301.677
301.699
301.72
301.742
301.764
301.786
301.809
301.831
301.854
301.877
301.9
301.924
301.947
301.971
301.995
302.019
302.043
302.067
302.092
302.117
302.141
302.166
302.192
302.217
302.242
302.268
302.294
302.319
302.345
302.371
302.398
302.424
302.451
302.477
302.504
302.531
302.558
302.585
302.612
302.64
302.667
302.695
302.723
302.751
302.779
302.807
302.835
302.863
302.892
302.92
302.949
302.978
303.007
303.036
303.065
303.094
303.124
303.153
303.183
303.213
303.243
303.273
303.303
303.333
303.364
303.394
303.425
303.456
303.487
303.518
303.549
303.58
303.611
303.643
303.674
303.706
303.738
303.77
303.802
303.834
303.866
303.899
303.931
303.963
303.996
304.029
304.061
304.094
304.127
304.16
304.193
304.225
304.258
304.291
304.324
304.357
304.39
304.423
304.455
304.488
304.52
304.553
304.585
304.617
304.649
304.68
304.711
304.742
304.772
304.802
304.832
304.861
304.889
304.917
304.944
304.97
304.995
305.019
305.042
305.063
305.083
305.102
305.119
305.135
305.148
305.159
305.168
305.175
305.179
305.179
305.177
305.171
305.162
305.148
305.131
305.108
305.081
305.049
305.011
304.968
304.92
304.865
304.805
304.739
301.294
301.311
301.327
301.344
301.361
301.378
301.395
301.413
301.431
301.449
301.467
301.486
301.504
301.523
301.543
301.562
301.582
301.602
301.622
301.642
301.663
301.684
301.705
301.726
301.747
301.769
301.791
301.813
301.835
301.858
301.88
301.903
301.926
301.949
301.973
301.996
302.02
302.044
302.068
302.093
302.117
302.142
302.166
302.191
302.216
302.242
302.267
302.293
302.318
302.344
302.37
302.396
302.423
302.449
302.476
302.502
302.529
302.556
302.584
302.611
302.638
302.666
302.694
302.722
302.75
302.778
302.806
302.835
302.863
302.892
302.921
302.95
302.979
303.008
303.037
303.067
303.097
303.126
303.156
303.186
303.217
303.247
303.278
303.308
303.339
303.37
303.401
303.432
303.463
303.494
303.526
303.558
303.589
303.621
303.653
303.685
303.717
303.75
303.782
303.815
303.847
303.88
303.913
303.945
303.978
304.011
304.044
304.077
304.11
304.143
304.176
304.209
304.242
304.275
304.308
304.341
304.374
304.406
304.439
304.471
304.503
304.535
304.567
304.598
304.629
304.66
304.69
304.72
304.749
304.777
304.805
304.832
304.859
304.884
304.909
304.932
304.954
304.975
304.994
305.012
305.028
305.042
305.054
305.064
305.071
305.076
305.078
305.077
305.073
305.065
305.054
305.038
305.018
304.994
304.965
304.931
304.891
304.847
304.797
304.742
304.681
301.241
301.256
301.272
301.287
301.303
301.319
301.335
301.352
301.369
301.386
301.403
301.42
301.438
301.456
301.474
301.492
301.511
301.53
301.549
301.568
301.588
301.607
301.627
301.647
301.668
301.688
301.709
301.73
301.751
301.773
301.794
301.816
301.838
301.86
301.883
301.905
301.928
301.951
301.974
301.998
302.021
302.045
302.069
302.093
302.117
302.142
302.166
302.191
302.216
302.241
302.267
302.292
302.318
302.344
302.37
302.396
302.422
302.449
302.476
302.502
302.529
302.557
302.584
302.611
302.639
302.667
302.695
302.723
302.751
302.779
302.808
302.837
302.866
302.895
302.924
302.953
302.982
303.012
303.042
303.072
303.102
303.132
303.162
303.193
303.224
303.254
303.285
303.316
303.347
303.379
303.41
303.442
303.474
303.505
303.537
303.569
303.602
303.634
303.666
303.699
303.731
303.764
303.797
303.83
303.863
303.896
303.929
303.962
303.995
304.028
304.061
304.094
304.127
304.16
304.193
304.226
304.259
304.291
304.324
304.356
304.388
304.42
304.452
304.484
304.515
304.545
304.576
304.605
304.635
304.663
304.691
304.719
304.745
304.771
304.796
304.819
304.842
304.863
304.883
304.901
304.917
304.932
304.945
304.956
304.964
304.97
304.973
304.974
304.971
304.965
304.955
304.942
304.924
304.903
304.877
304.846
304.81
304.77
304.725
304.674
304.619
301.19
301.205
301.219
301.234
301.249
301.264
301.279
301.294
301.31
301.326
301.342
301.359
301.375
301.392
301.409
301.427
301.444
301.462
301.48
301.498
301.516
301.535
301.554
301.573
301.592
301.612
301.632
301.652
301.672
301.692
301.713
301.733
301.755
301.776
301.797
301.819
301.841
301.863
301.885
301.908
301.93
301.953
301.976
301.999
302.023
302.047
302.071
302.095
302.119
302.143
302.168
302.193
302.218
302.243
302.268
302.294
302.32
302.345
302.372
302.398
302.424
302.451
302.478
302.505
302.532
302.559
302.587
302.614
302.642
302.67
302.699
302.727
302.755
302.784
302.813
302.842
302.871
302.901
302.93
302.96
302.99
303.02
303.05
303.08
303.111
303.141
303.172
303.203
303.234
303.265
303.296
303.328
303.36
303.391
303.423
303.455
303.487
303.519
303.552
303.584
303.617
303.649
303.682
303.715
303.748
303.781
303.814
303.846
303.88
303.913
303.946
303.979
304.012
304.045
304.077
304.11
304.143
304.176
304.208
304.241
304.273
304.305
304.336
304.368
304.399
304.429
304.46
304.489
304.519
304.547
304.575
304.603
304.629
304.655
304.68
304.704
304.726
304.748
304.768
304.787
304.804
304.819
304.832
304.844
304.853
304.86
304.864
304.866
304.865
304.86
304.853
304.841
304.826
304.807
304.784
304.757
304.725
304.689
304.648
304.603
304.552
301.142
301.156
301.169
301.183
301.197
301.211
301.226
301.24
301.255
301.27
301.285
301.301
301.317
301.332
301.349
301.365
301.381
301.398
301.415
301.432
301.45
301.467
301.485
301.503
301.522
301.54
301.559
301.578
301.597
301.617
301.636
301.656
301.676
301.696
301.717
301.738
301.759
301.78
301.801
301.823
301.845
301.867
301.889
301.911
301.934
301.957
301.98
302.003
302.027
302.05
302.074
302.098
302.123
302.147
302.172
302.197
302.222
302.247
302.273
302.298
302.324
302.35
302.377
302.403
302.43
302.457
302.484
302.511
302.538
302.566
302.594
302.622
302.65
302.678
302.707
302.735
302.764
302.793
302.822
302.852
302.881
302.911
302.941
302.971
303.001
303.031
303.062
303.093
303.123
303.154
303.186
303.217
303.248
303.28
303.311
303.343
303.375
303.407
303.439
303.472
303.504
303.537
303.569
303.602
303.634
303.667
303.7
303.733
303.766
303.798
303.831
303.864
303.897
303.93
303.963
303.995
304.028
304.06
304.093
304.125
304.157
304.188
304.22
304.251
304.282
304.312
304.343
304.372
304.401
304.43
304.458
304.485
304.512
304.537
304.562
304.586
304.609
304.63
304.651
304.67
304.687
304.703
304.717
304.729
304.739
304.747
304.752
304.755
304.755
304.752
304.746
304.737
304.724
304.708
304.688
304.664
304.636
304.604
304.567
304.526
304.481
301.098
301.11
301.123
301.136
301.149
301.163
301.176
301.19
301.204
301.218
301.233
301.247
301.262
301.277
301.292
301.308
301.323
301.339
301.355
301.372
301.388
301.405
301.422
301.439
301.456
301.474
301.492
301.51
301.528
301.547
301.565
301.584
301.603
301.623
301.643
301.662
301.682
301.703
301.723
301.744
301.765
301.786
301.808
301.829
301.851
301.873
301.895
301.918
301.941
301.963
301.987
302.01
302.034
302.057
302.081
302.106
302.13
302.155
302.18
302.205
302.23
302.255
302.281
302.307
302.333
302.359
302.386
302.413
302.44
302.467
302.494
302.521
302.549
302.577
302.605
302.633
302.662
302.69
302.719
302.748
302.777
302.807
302.836
302.866
302.896
302.926
302.956
302.987
303.017
303.048
303.079
303.11
303.141
303.172
303.203
303.235
303.267
303.298
303.33
303.362
303.394
303.427
303.459
303.491
303.524
303.556
303.589
303.621
303.654
303.686
303.719
303.752
303.784
303.817
303.849
303.882
303.914
303.946
303.978
304.01
304.041
304.073
304.104
304.135
304.165
304.196
304.225
304.255
304.284
304.312
304.34
304.367
304.393
304.419
304.443
304.467
304.49
304.511
304.532
304.551
304.568
304.584
304.599
304.611
304.622
304.63
304.637
304.641
304.642
304.641
304.637
304.629
304.619
304.605
304.588
304.567
304.543
304.514
304.482
304.445
304.405
301.057
301.068
301.081
301.093
301.105
301.118
301.131
301.144
301.157
301.17
301.184
301.198
301.212
301.226
301.241
301.255
301.27
301.285
301.3
301.316
301.332
301.347
301.364
301.38
301.396
301.413
301.43
301.447
301.465
301.483
301.5
301.519
301.537
301.555
301.574
301.593
301.612
301.632
301.652
301.672
301.692
301.712
301.733
301.753
301.775
301.796
301.817
301.839
301.861
301.883
301.906
301.928
301.951
301.974
301.998
302.021
302.045
302.069
302.093
302.118
302.142
302.167
302.192
302.217
302.243
302.269
302.295
302.321
302.347
302.374
302.401
302.428
302.455
302.482
302.51
302.538
302.566
302.594
302.622
302.651
302.679
302.708
302.738
302.767
302.796
302.826
302.856
302.886
302.916
302.946
302.977
303.007
303.038
303.069
303.1
303.131
303.163
303.194
303.226
303.257
303.289
303.321
303.353
303.385
303.417
303.449
303.481
303.513
303.545
303.578
303.61
303.642
303.674
303.706
303.738
303.77
303.802
303.834
303.865
303.897
303.928
303.959
303.989
304.02
304.05
304.08
304.109
304.138
304.166
304.194
304.222
304.248
304.274
304.299
304.324
304.347
304.37
304.391
304.411
304.43
304.448
304.464
304.479
304.492
304.503
304.512
304.519
304.524
304.527
304.527
304.524
304.519
304.51
304.499
304.485
304.467
304.445
304.421
304.392
304.36
304.324
301.019
301.03
301.042
301.053
301.065
301.077
301.089
301.102
301.114
301.127
301.14
301.153
301.167
301.18
301.194
301.208
301.222
301.236
301.251
301.265
301.28
301.296
301.311
301.327
301.342
301.358
301.375
301.391
301.408
301.425
301.442
301.459
301.477
301.494
301.512
301.531
301.549
301.568
301.587
301.606
301.625
301.645
301.665
301.685
301.705
301.726
301.747
301.768
301.789
301.81
301.832
301.854
301.876
301.899
301.921
301.944
301.967
301.991
302.014
302.038
302.062
302.086
302.111
302.135
302.16
302.185
302.211
302.236
302.262
302.288
302.314
302.341
302.367
302.394
302.421
302.449
302.476
302.504
302.532
302.56
302.588
302.617
302.645
302.674
302.703
302.732
302.762
302.791
302.821
302.851
302.881
302.911
302.941
302.972
303.002
303.033
303.064
303.095
303.126
303.157
303.188
303.22
303.251
303.283
303.314
303.346
303.378
303.409
303.441
303.473
303.504
303.536
303.568
303.599
303.631
303.662
303.693
303.724
303.755
303.786
303.817
303.847
303.877
303.907
303.936
303.966
303.994
304.023
304.05
304.078
304.104
304.131
304.156
304.181
304.205
304.228
304.25
304.271
304.291
304.31
304.327
304.344
304.358
304.371
304.383
304.393
304.4
304.406
304.41
304.411
304.41
304.406
304.4
304.391
304.378
304.363
304.345
304.324
304.299
304.271
304.24
300.986
300.996
301.007
301.018
301.03
301.041
301.053
301.065
301.077
301.089
301.101
301.114
301.126
301.139
301.152
301.166
301.179
301.193
301.207
301.221
301.235
301.25
301.264
301.279
301.294
301.31
301.325
301.341
301.357
301.373
301.39
301.406
301.423
301.44
301.458
301.475
301.493
301.511
301.529
301.548
301.566
301.585
301.604
301.624
301.644
301.663
301.683
301.704
301.724
301.745
301.766
301.788
301.809
301.831
301.853
301.875
301.897
301.92
301.943
301.966
301.99
302.013
302.037
302.061
302.086
302.11
302.135
302.16
302.185
302.211
302.236
302.262
302.288
302.314
302.341
302.368
302.395
302.422
302.449
302.477
302.505
302.532
302.561
302.589
302.617
302.646
302.675
302.704
302.733
302.762
302.792
302.822
302.851
302.881
302.911
302.942
302.972
303.002
303.033
303.063
303.094
303.125
303.156
303.187
303.218
303.249
303.28
303.311
303.342
303.373
303.404
303.435
303.466
303.497
303.528
303.558
303.589
303.619
303.649
303.68
303.709
303.739
303.768
303.797
303.826
303.854
303.882
303.91
303.937
303.964
303.99
304.015
304.04
304.064
304.087
304.11
304.131
304.152
304.172
304.19
304.207
304.223
304.238
304.251
304.263
304.273
304.281
304.288
304.292
304.294
304.295
304.292
304.288
304.281
304.271
304.258
304.243
304.225
304.204
304.179
304.152
300.956
300.967
300.977
300.988
300.999
301.01
301.021
301.032
301.044
301.055
301.067
301.079
301.091
301.104
301.116
301.129
301.142
301.155
301.169
301.182
301.196
301.21
301.224
301.238
301.253
301.268
301.283
301.298
301.313
301.329
301.345
301.361
301.377
301.393
301.41
301.427
301.444
301.462
301.479
301.497
301.515
301.533
301.552
301.571
301.59
301.609
301.628
301.648
301.668
301.688
301.709
301.729
301.75
301.771
301.793
301.814
301.836
301.858
301.881
301.903
301.926
301.949
301.972
301.996
302.02
302.044
302.068
302.092
302.117
302.142
302.167
302.192
302.218
302.243
302.269
302.295
302.322
302.348
302.375
302.402
302.429
302.457
302.484
302.512
302.54
302.568
302.596
302.625
302.654
302.682
302.711
302.74
302.769
302.799
302.828
302.858
302.887
302.917
302.947
302.977
303.007
303.037
303.068
303.098
303.128
303.158
303.189
303.219
303.249
303.28
303.31
303.34
303.37
303.4
303.43
303.46
303.49
303.519
303.549
303.578
303.607
303.636
303.664
303.692
303.72
303.748
303.775
303.802
303.828
303.854
303.879
303.903
303.927
303.951
303.973
303.995
304.016
304.036
304.055
304.073
304.09
304.106
304.12
304.133
304.145
304.155
304.164
304.171
304.176
304.179
304.18
304.179
304.176
304.171
304.163
304.153
304.14
304.125
304.107
304.086
304.063
300.932
300.942
300.952
300.962
300.972
300.983
300.994
301.005
301.016
301.027
301.038
301.05
301.062
301.074
301.086
301.098
301.111
301.123
301.136
301.149
301.163
301.176
301.19
301.204
301.218
301.232
301.246
301.261
301.276
301.291
301.306
301.322
301.338
301.354
301.37
301.386
301.403
301.42
301.437
301.454
301.472
301.489
301.507
301.526
301.544
301.563
301.582
301.601
301.62
301.64
301.66
301.68
301.7
301.721
301.742
301.763
301.784
301.806
301.827
301.849
301.872
301.894
301.917
301.94
301.963
301.986
302.01
302.034
302.058
302.082
302.107
302.132
302.156
302.182
302.207
302.233
302.258
302.285
302.311
302.337
302.364
302.391
302.418
302.445
302.472
302.5
302.527
302.555
302.583
302.611
302.639
302.668
302.696
302.725
302.754
302.783
302.812
302.841
302.87
302.899
302.929
302.958
302.987
303.017
303.046
303.076
303.106
303.135
303.165
303.194
303.223
303.253
303.282
303.311
303.34
303.369
303.398
303.427
303.455
303.483
303.511
303.539
303.567
303.594
303.621
303.647
303.673
303.699
303.724
303.749
303.773
303.797
303.82
303.843
303.864
303.885
303.906
303.925
303.943
303.961
303.977
303.993
304.007
304.02
304.031
304.042
304.05
304.058
304.063
304.067
304.069
304.069
304.068
304.064
304.058
304.05
304.039
304.027
304.011
303.994
303.974
300.911
300.921
300.931
300.941
300.951
300.961
300.972
300.982
300.993
301.004
301.015
301.026
301.038
301.049
301.061
301.073
301.085
301.098
301.11
301.123
301.136
301.149
301.162
301.176
301.189
301.203
301.217
301.231
301.246
301.261
301.276
301.291
301.306
301.322
301.337
301.353
301.369
301.386
301.402
301.419
301.436
301.454
301.471
301.489
301.507
301.525
301.544
301.562
301.581
301.601
301.62
301.64
301.659
301.679
301.7
301.72
301.741
301.762
301.784
301.805
301.827
301.849
301.871
301.893
301.916
301.939
301.962
301.985
302.009
302.033
302.057
302.081
302.105
302.13
302.155
302.18
302.205
302.231
302.256
302.282
302.308
302.334
302.361
302.387
302.414
302.441
302.468
302.495
302.523
302.55
302.578
302.605
302.633
302.661
302.689
302.718
302.746
302.774
302.803
302.831
302.86
302.888
302.917
302.946
302.974
303.003
303.032
303.06
303.089
303.118
303.146
303.175
303.203
303.231
303.259
303.287
303.315
303.343
303.37
303.397
303.424
303.451
303.478
303.504
303.53
303.555
303.58
303.605
303.629
303.653
303.676
303.699
303.721
303.743
303.764
303.784
303.803
303.822
303.839
303.856
303.872
303.887
303.901
303.913
303.925
303.935
303.944
303.951
303.957
303.961
303.964
303.965
303.965
303.962
303.958
303.951
303.943
303.932
303.92
303.905
303.888
300.896
300.905
300.915
300.925
300.935
300.945
300.955
300.965
300.976
300.986
300.997
301.008
301.019
301.031
301.042
301.054
301.066
301.078
301.09
301.103
301.115
301.128
301.141
301.154
301.167
301.181
301.195
301.209
301.223
301.237
301.252
301.267
301.282
301.297
301.312
301.328
301.344
301.36
301.376
301.393
301.409
301.426
301.443
301.461
301.478
301.496
301.514
301.533
301.551
301.57
301.589
301.608
301.628
301.647
301.667
301.687
301.708
301.728
301.749
301.77
301.792
301.813
301.835
301.857
301.879
301.902
301.924
301.947
301.97
301.994
302.017
302.041
302.065
302.089
302.113
302.138
302.162
302.187
302.212
302.238
302.263
302.289
302.315
302.341
302.367
302.393
302.42
302.446
302.473
302.5
302.527
302.554
302.581
302.608
302.636
302.663
302.691
302.718
302.746
302.774
302.802
302.829
302.857
302.885
302.913
302.941
302.969
302.997
303.024
303.052
303.08
303.107
303.135
303.162
303.189
303.216
303.243
303.27
303.296
303.322
303.348
303.374
303.4
303.425
303.45
303.474
303.498
303.522
303.545
303.568
303.59
303.612
303.633
303.654
303.674
303.693
303.711
303.729
303.746
303.762
303.778
303.792
303.805
303.817
303.829
303.839
303.847
303.855
303.861
303.866
303.869
303.871
303.871
303.869
303.866
303.861
303.854
303.846
303.835
303.823
303.808
300.885
300.894
300.904
300.913
300.923
300.933
300.943
300.953
300.963
300.974
300.985
300.995
301.006
301.018
301.029
301.04
301.052
301.064
301.076
301.088
301.101
301.113
301.126
301.139
301.152
301.165
301.179
301.193
301.207
301.221
301.235
301.25
301.264
301.279
301.295
301.31
301.326
301.341
301.357
301.374
301.39
301.407
301.424
301.441
301.458
301.476
301.493
301.511
301.53
301.548
301.567
301.586
301.605
301.624
301.644
301.664
301.684
301.704
301.725
301.745
301.766
301.787
301.809
301.83
301.852
301.874
301.897
301.919
301.942
301.965
301.988
302.011
302.035
302.058
302.082
302.106
302.131
302.155
302.18
302.205
302.23
302.255
302.28
302.306
302.331
302.357
302.383
302.409
302.435
302.461
302.488
302.514
302.541
302.567
302.594
302.621
302.648
302.675
302.702
302.729
302.756
302.783
302.81
302.837
302.864
302.891
302.919
302.946
302.972
302.999
303.026
303.053
303.079
303.106
303.132
303.158
303.184
303.21
303.236
303.261
303.286
303.311
303.335
303.36
303.384
303.407
303.43
303.453
303.475
303.497
303.519
303.539
303.56
303.579
303.599
303.617
303.635
303.652
303.668
303.684
303.698
303.712
303.725
303.737
303.747
303.757
303.766
303.773
303.779
303.784
303.788
303.79
303.791
303.79
303.788
303.784
303.779
303.771
303.762
303.752
303.739
300.878
300.887
300.897
300.906
300.916
300.926
300.936
300.946
300.956
300.966
300.977
300.988
300.999
301.01
301.021
301.032
301.044
301.056
301.067
301.08
301.092
301.104
301.117
301.13
301.143
301.156
301.169
301.183
301.197
301.211
301.225
301.239
301.254
301.269
301.284
301.299
301.314
301.33
301.346
301.362
301.378
301.395
301.411
301.428
301.446
301.463
301.48
301.498
301.516
301.535
301.553
301.572
301.591
301.61
301.629
301.649
301.669
301.689
301.709
301.73
301.75
301.771
301.792
301.814
301.835
301.857
301.879
301.901
301.924
301.946
301.969
301.992
302.015
302.039
302.062
302.086
302.11
302.134
302.158
302.183
302.207
302.232
302.257
302.282
302.307
302.333
302.358
302.384
302.409
302.435
302.461
302.487
302.513
302.539
302.566
302.592
302.618
302.645
302.671
302.698
302.724
302.751
302.777
302.804
302.83
302.857
302.883
302.909
302.936
302.962
302.988
303.014
303.04
303.066
303.091
303.117
303.142
303.167
303.192
303.216
303.241
303.265
303.289
303.312
303.335
303.358
303.38
303.402
303.424
303.445
303.466
303.486
303.505
303.524
303.543
303.561
303.578
303.594
303.61
303.625
303.639
303.652
303.665
303.676
303.686
303.696
303.704
303.712
303.718
303.723
303.727
303.729
303.73
303.73
303.729
303.726
303.721
303.715
303.707
303.698
303.687
300.875
300.885
300.894
300.903
300.913
300.923
300.933
300.943
300.953
300.963
300.974
300.984
300.995
301.006
301.017
301.029
301.04
301.052
301.064
301.076
301.088
301.1
301.113
301.126
301.139
301.152
301.165
301.179
301.192
301.206
301.22
301.235
301.249
301.264
301.279
301.294
301.309
301.325
301.341
301.357
301.373
301.389
301.406
301.423
301.44
301.457
301.475
301.492
301.51
301.529
301.547
301.566
301.584
301.603
301.623
301.642
301.662
301.682
301.702
301.722
301.743
301.764
301.785
301.806
301.827
301.849
301.871
301.893
301.915
301.938
301.96
301.983
302.006
302.029
302.053
302.076
302.1
302.124
302.148
302.172
302.196
302.221
302.246
302.27
302.295
302.32
302.346
302.371
302.396
302.422
302.447
302.473
302.499
302.525
302.551
302.577
302.603
302.629
302.655
302.681
302.707
302.733
302.76
302.786
302.812
302.838
302.864
302.89
302.916
302.942
302.967
302.993
303.019
303.044
303.069
303.094
303.119
303.144
303.168
303.192
303.216
303.24
303.263
303.286
303.309
303.331
303.353
303.375
303.396
303.416
303.437
303.456
303.475
303.494
303.512
303.529
303.546
303.562
303.577
303.592
303.606
303.619
303.631
303.642
303.652
303.662
303.67
303.677
303.683
303.688
303.692
303.695
303.696
303.696
303.695
303.693
303.688
303.683
303.676
303.667
303.657
305.138
304.58
304.156
303.802
303.496
303.226
302.984
302.765
302.565
302.381
302.211
302.053
301.905
301.767
301.638
301.516
301.402
301.294
301.193
301.098
301.008
300.924
300.845
300.771
300.702
300.638
300.578
300.522
300.47
300.422
300.378
300.338
300.3
300.266
300.236
300.208
300.182
300.159
300.139
300.121
300.105
300.09
300.078
300.067
300.057
300.049
300.043
300.037
300.033
300.03
300.029
305.137
304.58
304.156
303.802
303.496
303.226
302.984
302.765
302.565
302.381
302.211
302.053
301.905
301.767
301.638
301.516
301.402
301.294
301.193
301.098
301.008
300.924
300.845
300.771
300.702
300.638
300.578
300.522
300.47
300.422
300.378
300.338
300.3
300.266
300.236
300.208
300.182
300.159
300.139
300.121
300.105
300.09
300.078
300.067
300.058
300.049
300.043
300.037
300.033
300.03
300.029
305.133
304.579
304.156
303.802
303.496
303.226
302.984
302.765
302.565
302.381
302.211
302.053
301.906
301.767
301.638
301.516
301.402
301.294
301.193
301.098
301.008
300.924
300.845
300.771
300.702
300.638
300.578
300.522
300.47
300.422
300.378
300.338
300.301
300.267
300.236
300.208
300.182
300.16
300.139
300.121
300.105
300.09
300.078
300.067
300.058
300.05
300.043
300.037
300.033
300.03
300.029
305.127
304.578
304.155
303.802
303.496
303.226
302.984
302.765
302.565
302.382
302.212
302.053
301.906
301.768
301.638
301.517
301.402
301.295
301.193
301.098
301.009
300.924
300.846
300.772
300.703
300.638
300.578
300.522
300.47
300.422
300.378
300.338
300.301
300.267
300.236
300.208
300.182
300.16
300.139
300.121
300.105
300.09
300.078
300.067
300.058
300.05
300.043
300.037
300.033
300.03
300.029
305.119
304.576
304.154
303.802
303.496
303.226
302.984
302.766
302.566
302.382
302.212
302.054
301.906
301.768
301.639
301.517
301.403
301.295
301.194
301.098
301.009
300.925
300.846
300.772
300.703
300.638
300.578
300.522
300.471
300.423
300.379
300.338
300.301
300.267
300.236
300.208
300.182
300.16
300.139
300.121
300.105
300.091
300.078
300.067
300.058
300.05
300.043
300.037
300.033
300.03
300.029
305.109
304.573
304.153
303.801
303.496
303.226
302.985
302.766
302.566
302.383
302.213
302.054
301.907
301.769
301.639
301.518
301.403
301.296
301.194
301.099
301.009
300.925
300.846
300.772
300.703
300.639
300.579
300.523
300.471
300.423
300.379
300.338
300.301
300.267
300.236
300.208
300.183
300.16
300.139
300.121
300.105
300.091
300.078
300.067
300.058
300.05
300.043
300.037
300.033
300.03
300.029
305.097
304.57
304.152
303.801
303.496
303.227
302.985
302.767
302.567
302.383
302.213
302.055
301.908
301.77
301.64
301.518
301.404
301.296
301.195
301.1
301.01
300.926
300.847
300.773
300.704
300.639
300.579
300.523
300.471
300.423
300.379
300.338
300.301
300.267
300.236
300.208
300.183
300.16
300.139
300.121
300.105
300.091
300.078
300.067
300.058
300.05
300.043
300.038
300.033
300.031
300.029
305.084
304.566
304.151
303.801
303.497
303.227
302.986
302.768
302.568
302.385
302.215
302.056
301.909
301.771
301.641
301.519
301.405
301.297
301.196
301.101
301.011
300.927
300.848
300.774
300.704
300.64
300.58
300.524
300.472
300.424
300.38
300.339
300.302
300.268
300.237
300.208
300.183
300.16
300.14
300.121
300.105
300.091
300.078
300.067
300.058
300.05
300.043
300.038
300.033
300.031
300.029
305.068
304.561
304.15
303.801
303.497
303.228
302.987
302.769
302.57
302.386
302.216
302.058
301.91
301.772
301.643
301.521
301.406
301.299
301.197
301.102
301.012
300.928
300.849
300.775
300.705
300.641
300.58
300.524
300.472
300.424
300.38
300.339
300.302
300.268
300.237
300.209
300.183
300.16
300.14
300.122
300.105
300.091
300.078
300.067
300.058
300.05
300.043
300.038
300.033
300.031
300.029
305.051
304.556
304.148
303.801
303.498
303.23
302.989
302.771
302.572
302.388
302.218
302.06
301.912
301.774
301.644
301.523
301.408
301.3
301.199
301.103
301.013
300.929
300.85
300.776
300.706
300.641
300.581
300.525
300.473
300.425
300.381
300.34
300.303
300.268
300.237
300.209
300.184
300.161
300.14
300.122
300.106
300.091
300.079
300.067
300.058
300.05
300.043
300.038
300.033
300.031
300.029
305.032
304.55
304.146
303.801
303.499
303.232
302.991
302.773
302.574
302.391
302.221
302.062
301.915
301.776
301.647
301.525
301.41
301.302
301.201
301.105
301.015
300.931
300.851
300.777
300.708
300.643
300.582
300.526
300.474
300.426
300.381
300.341
300.303
300.269
300.238
300.21
300.184
300.161
300.14
300.122
300.106
300.091
300.079
300.068
300.058
300.05
300.043
300.038
300.034
300.031
300.029
305.012
304.543
304.145
303.801
303.501
303.234
302.994
302.776
302.577
302.394
302.224
302.065
301.918
301.779
301.649
301.527
301.413
301.305
301.203
301.107
301.017
300.933
300.853
300.779
300.709
300.644
300.584
300.527
300.475
300.427
300.382
300.341
300.304
300.27
300.238
300.21
300.185
300.162
300.141
300.122
300.106
300.092
300.079
300.068
300.058
300.05
300.043
300.038
300.034
300.031
300.029
304.991
304.536
304.143
303.802
303.503
303.237
302.998
302.78
302.581
302.398
302.228
302.069
301.921
301.783
301.653
301.531
301.416
301.308
301.206
301.11
301.02
300.935
300.855
300.781
300.711
300.646
300.585
300.529
300.477
300.428
300.384
300.342
300.305
300.27
300.239
300.211
300.185
300.162
300.141
300.123
300.106
300.092
300.079
300.068
300.059
300.05
300.044
300.038
300.034
300.031
300.029
304.968
304.527
304.141
303.804
303.506
303.241
303.002
302.785
302.586
302.403
302.232
302.074
301.926
301.787
301.657
301.535
301.42
301.311
301.209
301.113
301.023
300.938
300.858
300.783
300.713
300.648
300.587
300.531
300.478
300.43
300.385
300.344
300.306
300.271
300.24
300.212
300.186
300.163
300.142
300.123
300.107
300.092
300.079
300.068
300.059
300.051
300.044
300.038
300.034
300.031
300.029
304.944
304.519
304.139
303.805
303.51
303.246
303.008
302.791
302.592
302.408
302.238
302.08
301.931
301.793
301.662
301.54
301.424
301.316
301.213
301.117
301.026
300.941
300.861
300.786
300.716
300.65
300.589
300.533
300.48
300.431
300.386
300.345
300.307
300.273
300.241
300.212
300.187
300.163
300.142
300.124
300.107
300.093
300.08
300.069
300.059
300.051
300.044
300.038
300.034
300.031
300.029
304.92
304.509
304.138
303.808
303.515
303.252
303.014
302.798
302.599
302.416
302.245
302.086
301.938
301.799
301.668
301.545
301.43
301.321
301.218
301.121
301.03
300.945
300.865
300.789
300.719
300.653
300.592
300.535
300.482
300.433
300.388
300.347
300.309
300.274
300.242
300.213
300.187
300.164
300.143
300.124
300.108
300.093
300.08
300.069
300.059
300.051
300.044
300.038
300.034
300.031
300.03
304.894
304.499
304.136
303.811
303.52
303.259
303.022
302.806
302.607
302.424
302.253
302.094
301.946
301.806
301.675
301.552
301.436
301.327
301.224
301.126
301.035
300.949
300.869
300.793
300.723
300.657
300.595
300.538
300.485
300.435
300.39
300.348
300.31
300.275
300.243
300.215
300.188
300.165
300.144
300.125
300.108
300.094
300.081
300.069
300.06
300.051
300.044
300.039
300.034
300.031
300.03
304.868
304.489
304.135
303.815
303.527
303.267
303.031
302.816
302.617
302.434
302.263
302.104
301.955
301.815
301.683
301.56
301.443
301.334
301.23
301.133
301.041
300.955
300.874
300.798
300.727
300.66
300.598
300.541
300.487
300.438
300.392
300.35
300.312
300.277
300.245
300.216
300.19
300.166
300.145
300.126
300.109
300.094
300.081
300.07
300.06
300.052
300.045
300.039
300.034
300.031
300.03
304.84
304.478
304.134
303.82
303.535
303.277
303.042
302.827
302.629
302.445
302.274
302.115
301.965
301.825
301.693
301.569
301.452
301.342
301.238
301.14
301.048
300.961
300.879
300.803
300.732
300.665
300.602
300.544
300.491
300.441
300.395
300.353
300.314
300.279
300.246
300.217
300.191
300.167
300.146
300.127
300.11
300.095
300.082
300.07
300.06
300.052
300.045
300.039
300.035
300.032
300.03
304.811
304.466
304.133
303.825
303.544
303.288
303.055
302.84
302.642
302.458
302.287
302.127
301.977
301.836
301.704
301.579
301.462
301.351
301.246
301.148
301.055
300.968
300.886
300.809
300.737
300.67
300.607
300.549
300.494
300.444
300.398
300.355
300.316
300.281
300.248
300.219
300.192
300.168
300.147
300.128
300.111
300.096
300.082
300.071
300.061
300.052
300.045
300.039
300.035
300.032
300.03
304.78
304.453
304.132
303.831
303.554
303.301
303.069
302.855
302.657
302.473
302.302
302.141
301.991
301.85
301.717
301.591
301.473
301.362
301.257
301.157
301.064
300.976
300.893
300.816
300.743
300.675
300.612
300.553
300.499
300.448
300.401
300.358
300.319
300.283
300.25
300.221
300.194
300.17
300.148
300.129
300.111
300.096
300.083
300.071
300.061
300.053
300.045
300.04
300.035
300.032
300.03
304.747
304.438
304.129
303.837
303.565
303.315
303.085
302.872
302.674
302.49
302.319
302.158
302.007
301.865
301.731
301.605
301.486
301.374
301.268
301.168
301.074
300.985
300.902
300.824
300.75
300.682
300.618
300.559
300.503
300.452
300.405
300.362
300.322
300.286
300.253
300.223
300.196
300.171
300.149
300.13
300.112
300.097
300.084
300.072
300.062
300.053
300.046
300.04
300.035
300.032
300.03
304.713
304.421
304.126
303.842
303.577
303.33
303.102
302.89
302.693
302.509
302.337
302.176
302.025
301.882
301.748
301.621
301.501
301.388
301.281
301.18
301.085
300.996
300.912
300.833
300.759
300.689
300.625
300.564
300.509
300.457
300.409
300.365
300.325
300.289
300.255
300.225
300.197
300.173
300.151
300.131
300.114
300.098
300.084
300.073
300.062
300.054
300.046
300.04
300.036
300.032
300.031
304.676
304.402
304.121
303.847
303.588
303.346
303.12
302.91
302.714
302.53
302.358
302.197
302.045
301.901
301.766
301.639
301.518
301.404
301.296
301.194
301.098
301.008
300.923
300.843
300.768
300.698
300.632
300.571
300.515
300.462
300.414
300.37
300.329
300.292
300.258
300.227
300.2
300.175
300.152
300.132
300.115
300.099
300.085
300.073
300.063
300.054
300.047
300.041
300.036
300.033
300.031
304.636
304.38
304.114
303.851
303.599
303.362
303.14
302.931
302.736
302.553
302.381
302.219
302.067
301.923
301.787
301.658
301.537
301.422
301.313
301.21
301.113
301.021
300.935
300.854
300.778
300.707
300.641
300.579
300.521
300.468
300.419
300.374
300.333
300.295
300.261
300.23
300.202
300.177
300.154
300.134
300.116
300.1
300.086
300.074
300.064
300.055
300.047
300.041
300.036
300.033
300.031
304.593
304.355
304.103
303.853
303.61
303.378
303.16
302.954
302.76
302.578
302.406
302.244
302.091
301.947
301.81
301.68
301.558
301.441
301.331
301.227
301.129
301.036
300.949
300.867
300.79
300.717
300.65
300.587
300.529
300.475
300.425
300.379
300.338
300.299
300.264
300.233
300.204
300.179
300.156
300.135
300.117
300.101
300.087
300.075
300.064
300.055
300.048
300.041
300.037
300.033
300.031
304.546
304.325
304.09
303.851
303.618
303.393
303.18
302.977
302.785
302.604
302.433
302.271
302.118
301.973
301.835
301.705
301.581
301.464
301.352
301.247
301.147
301.053
300.964
300.881
300.802
300.729
300.66
300.596
300.537
300.482
300.432
300.385
300.342
300.304
300.268
300.236
300.207
300.181
300.158
300.137
300.119
300.103
300.088
300.076
300.065
300.056
300.048
300.042
300.037
300.034
300.032
304.495
304.292
304.072
303.847
303.624
303.407
303.199
303
302.811
302.632
302.462
302.3
302.147
302.001
301.863
301.731
301.606
301.488
301.375
301.268
301.167
301.072
300.981
300.896
300.817
300.742
300.672
300.607
300.546
300.49
300.439
300.391
300.348
300.308
300.272
300.24
300.21
300.184
300.16
300.139
300.12
300.104
300.089
300.077
300.066
300.057
300.049
300.042
300.037
300.034
300.032
304.44
304.253
304.05
303.838
303.626
303.418
303.216
303.023
302.837
302.66
302.491
302.33
302.177
302.031
301.893
301.76
301.634
301.514
301.4
301.292
301.189
301.092
301
300.914
300.832
300.756
300.685
300.618
300.557
300.499
300.447
300.398
300.354
300.314
300.277
300.243
300.214
300.187
300.163
300.141
300.122
300.105
300.091
300.078
300.067
300.057
300.049
300.043
300.038
300.034
300.032
304.379
304.209
304.022
303.825
303.624
303.426
303.232
303.044
302.863
302.689
302.522
302.362
302.209
302.064
301.924
301.791
301.664
301.543
301.428
301.318
301.213
301.115
301.021
300.933
300.85
300.772
300.699
300.631
300.568
300.509
300.455
300.406
300.361
300.319
300.282
300.248
300.217
300.19
300.165
300.143
300.124
300.107
300.092
300.079
300.068
300.058
300.05
300.043
300.038
300.035
300.033
304.314
304.16
303.988
303.806
303.618
303.43
303.244
303.063
302.887
302.716
302.552
302.394
302.243
302.097
301.958
301.824
301.696
301.574
301.457
301.346
301.24
301.139
301.044
300.953
300.869
300.789
300.714
300.645
300.58
300.52
300.465
300.414
300.368
300.325
300.287
300.252
300.221
300.193
300.168
300.146
300.126
300.108
300.093
300.08
300.069
300.059
300.051
300.044
300.039
300.035
300.033
304.243
304.105
303.949
303.781
303.607
303.43
303.253
303.079
302.909
302.743
302.582
302.427
302.277
302.132
301.993
301.859
301.73
301.607
301.488
301.375
301.268
301.165
301.068
300.976
300.889
300.807
300.731
300.659
300.593
300.532
300.475
300.423
300.375
300.332
300.293
300.257
300.225
300.196
300.171
300.148
300.128
300.11
300.095
300.081
300.07
300.06
300.051
300.044
300.039
300.036
300.034
304.168
304.045
303.904
303.751
303.59
303.424
303.258
303.092
302.929
302.768
302.611
302.459
302.311
302.167
302.028
301.894
301.765
301.641
301.521
301.407
301.297
301.193
301.094
300.999
300.911
300.827
300.749
300.675
300.607
300.544
300.486
300.432
300.384
300.339
300.299
300.262
300.229
300.2
300.174
300.151
300.13
300.112
300.096
300.082
300.071
300.06
300.052
300.045
300.04
300.036
300.034
304.09
303.981
303.854
303.715
303.568
303.414
303.258
303.101
302.945
302.791
302.639
302.49
302.344
302.202
302.065
301.931
301.801
301.676
301.555
301.439
301.328
301.222
301.121
301.025
300.934
300.848
300.767
300.692
300.622
300.557
300.497
300.442
300.392
300.346
300.305
300.268
300.234
300.204
300.177
300.153
300.132
300.114
300.098
300.084
300.072
300.061
300.053
300.046
300.04
300.036
300.034
304.009
303.913
303.8
303.675
303.541
303.4
303.254
303.107
302.958
302.811
302.664
302.519
302.377
302.237
302.1
301.967
301.838
301.712
301.59
301.473
301.36
301.252
301.149
301.051
300.957
300.87
300.787
300.71
300.638
300.571
300.509
300.453
300.401
300.354
300.312
300.273
300.239
300.208
300.18
300.156
300.135
300.116
300.099
300.085
300.073
300.062
300.053
300.046
300.041
300.037
300.035
303.927
303.843
303.744
303.632
303.51
303.381
303.246
303.108
302.968
302.827
302.686
302.546
302.407
302.27
302.135
302.003
301.873
301.747
301.625
301.507
301.392
301.282
301.177
301.077
300.982
300.892
300.807
300.728
300.654
300.585
300.522
300.464
300.41
300.362
300.318
300.279
300.243
300.212
300.184
300.159
300.137
300.118
300.101
300.086
300.074
300.063
300.054
300.047
300.041
300.037
300.035
303.848
303.775
303.687
303.587
303.477
303.359
303.235
303.106
302.975
302.841
302.705
302.57
302.435
302.3
302.167
302.036
301.908
301.782
301.659
301.539
301.424
301.312
301.205
301.103
301.006
300.914
300.827
300.746
300.67
300.599
300.534
300.474
300.42
300.37
300.325
300.284
300.248
300.216
300.187
300.162
300.139
300.119
300.102
300.087
300.075
300.064
300.055
300.047
300.042
300.038
300.035
303.774
303.71
303.633
303.544
303.445
303.337
303.222
303.102
302.978
302.851
302.721
302.59
302.459
302.328
302.197
302.067
301.939
301.813
301.69
301.57
301.453
301.341
301.232
301.128
301.029
300.935
300.846
300.763
300.685
300.613
300.546
300.484
300.428
300.377
300.331
300.29
300.253
300.22
300.19
300.164
300.141
300.121
300.104
300.089
300.076
300.065
300.055
300.048
300.042
300.038
300.036
303.71
303.654
303.585
303.505
303.414
303.315
303.209
303.097
302.979
302.858
302.734
302.607
302.479
302.35
302.222
302.094
301.966
301.841
301.718
301.597
301.48
301.366
301.256
301.15
301.049
300.954
300.863
300.778
300.699
300.625
300.556
300.494
300.436
300.384
300.337
300.295
300.257
300.223
300.193
300.166
300.143
300.123
300.105
300.09
300.076
300.065
300.056
300.048
300.042
300.038
300.036
303.661
303.61
303.548
303.474
303.391
303.298
303.198
303.092
302.979
302.863
302.742
302.619
302.494
302.368
302.241
302.114
301.987
301.862
301.739
301.618
301.5
301.385
301.274
301.168
301.066
300.969
300.877
300.79
300.709
300.634
300.565
300.501
300.442
300.389
300.341
300.298
300.26
300.225
300.195
300.168
300.144
300.124
300.106
300.09
300.077
300.066
300.056
300.049
300.043
300.039
300.036
303.633
303.586
303.527
303.457
303.377
303.288
303.192
303.088
302.979
302.865
302.747
302.626
302.503
302.378
302.252
302.125
302
301.875
301.752
301.63
301.512
301.397
301.285
301.178
301.075
300.978
300.885
300.798
300.716
300.64
300.57
300.505
300.446
300.393
300.344
300.301
300.262
300.227
300.196
300.169
300.145
300.125
300.106
300.091
300.077
300.066
300.057
300.049
300.043
300.039
300.036
)
;

boundaryField
{
    inlet
    {
        type            fixedValue;
        value           uniform 300;
    }
    outlet
    {
        type            zeroGradient;
    }
    top
    {
        type            zeroGradient;
    }
    slip-bottom
    {
        type            zeroGradient;
    }
    bottom
    {
        type            zeroGradient;
    }
    interface
    {
        type            fixedGradient;
        gradient        nonuniform List<scalar> 
161
(
68.0333
68.0333
46.2297
46.2297
46.2297
46.2297
34.3074
34.3074
34.3074
34.3074
29.4792
29.4792
29.4792
28.6803
28.6803
28.6803
28.6803
26.0704
26.0704
26.0704
25.2006
25.2006
25.2006
24.6945
24.6945
24.6945
24.0414
24.0414
24.0414
23.452
23.452
23.452
22.9049
22.9049
22.9049
22.3647
22.3647
22.3647
21.8488
21.8488
21.8488
20.8065
20.8065
21.557
21.557
21.557
20.5145
20.5145
20.9987
20.9987
20.9987
19.9634
19.9634
19.9584
19.9584
19.9584
20.099
20.099
20.447
20.447
19.1838
19.1838
19.0735
19.0735
19.119
19.119
18.9763
18.9763
18.9763
18.799
18.799
18.6248
18.4408
18.4408
18.2133
18.2133
18.0072
18.0072
17.2407
17.2407
18.2037
18.2037
17.815
17.815
17.3728
16.6118
16.6118
17.4559
17.4559
17.099
16.1347
16.1347
16.9807
16.074
16.074
16.6516
16.6516
15.7202
16.306
16.306
15.4197
16.0232
15.1277
15.1277
15.184
15.8151
15.8151
14.7192
15.2457
14.3457
14.3457
14.358
14.5419
14.9163
14.9163
13.8045
13.849
14.0273
14.344
14.344
13.3078
13.3302
13.4805
13.4735
13.7654
12.8568
12.8568
12.7825
12.8422
12.7864
12.7171
12.6388
12.5547
12.4679
12.3797
12.2913
12.2041
12.119
12.0376
11.9612
11.8918
11.8312
11.7816
11.7449
11.7235
11.7208
11.7427
11.8012
11.9219
12.039
11.8043
11.8553
12.3122
12.6728
13.1675
13.7764
16.0949
14.1078
16.5502
18.9288
27.3407
)
;
    }
    defaultFaces
    {
        type            empty;
    }
}


// ************************************************************************* //
