/*--------------------------------*- C++ -*----------------------------------*\
| =========                 |                                                 |
| \\      /  F ield         | OpenFOAM: The Open Source CFD Toolbox           |
|  \\    /   O peration     | Version:  2106                                  |
|   \\  /    A nd           | Website:  www.openfoam.com                      |
|    \\/     M anipulation  |                                                 |
\*---------------------------------------------------------------------------*/
FoamFile
{
    version     2.0;
    format      ascii;
    arch        "LSB;label=32;scalar=64";
    class       volScalarField;
    location    "5.4";
    object      T;
}
// * * * * * * * * * * * * * * * * * * * * * * * * * * * * * * * * * * * * * //

dimensions      [0 0 0 1 0 0 0];

internalField   nonuniform List<scalar> 
12013
(
300.003
300.01
300.016
300.024
300.031
300.039
300.047
300.055
300.064
300.073
300.082
300.092
300.102
300.113
300.124
300.135
300.147
300.16
300.173
300.186
300.2
300.214
300.229
300.244
300.26
300.277
300.294
300.311
300.33
300.349
300.368
300.388
300.409
300.43
300.452
300.475
300.498
300.522
300.547
300.573
300.599
300.626
300.654
300.683
300.712
300.743
300.774
300.806
300.839
300.873
300.908
300.944
300.981
301.02
301.059
301.099
301.141
301.183
301.227
301.273
301.319
301.367
301.417
301.468
301.521
301.576
301.632
301.691
301.752
301.815
301.881
301.95
302.022
302.098
302.178
302.263
302.354
302.453
302.562
302.686
302.834
300.003
300.01
300.016
300.024
300.031
300.039
300.047
300.055
300.064
300.073
300.082
300.092
300.102
300.113
300.124
300.135
300.147
300.16
300.173
300.186
300.2
300.214
300.229
300.244
300.26
300.277
300.294
300.311
300.33
300.348
300.368
300.388
300.409
300.43
300.452
300.475
300.498
300.522
300.547
300.573
300.599
300.626
300.654
300.683
300.712
300.743
300.774
300.806
300.839
300.873
300.908
300.944
300.981
301.019
301.059
301.099
301.14
301.183
301.227
301.272
301.319
301.367
301.416
301.468
301.52
301.575
301.632
301.69
301.751
301.814
301.879
301.948
302.02
302.095
302.174
302.258
302.348
302.444
302.549
302.664
302.791
300.003
300.01
300.016
300.024
300.031
300.039
300.047
300.055
300.064
300.073
300.082
300.092
300.102
300.113
300.124
300.135
300.147
300.16
300.173
300.186
300.2
300.214
300.229
300.244
300.26
300.277
300.294
300.311
300.33
300.348
300.368
300.388
300.409
300.43
300.452
300.475
300.498
300.522
300.547
300.572
300.599
300.626
300.654
300.683
300.712
300.742
300.774
300.806
300.839
300.873
300.908
300.944
300.981
301.019
301.058
301.098
301.14
301.182
301.226
301.271
301.318
301.366
301.415
301.466
301.519
301.573
301.629
301.688
301.748
301.811
301.876
301.944
302.014
302.088
302.166
302.248
302.335
302.427
302.525
302.629
302.737
300.003
300.01
300.016
300.024
300.031
300.039
300.047
300.055
300.064
300.073
300.082
300.092
300.102
300.113
300.124
300.135
300.147
300.16
300.173
300.186
300.2
300.214
300.229
300.244
300.26
300.277
300.294
300.311
300.33
300.348
300.368
300.388
300.408
300.43
300.452
300.474
300.498
300.522
300.547
300.572
300.599
300.626
300.654
300.682
300.712
300.742
300.773
300.805
300.838
300.872
300.907
300.943
300.98
301.018
301.057
301.097
301.139
301.181
301.225
301.27
301.316
301.364
301.413
301.464
301.516
301.57
301.626
301.684
301.744
301.805
301.87
301.936
302.006
302.078
302.154
302.233
302.316
302.402
302.492
302.585
302.679
300.003
300.01
300.016
300.024
300.031
300.039
300.047
300.055
300.064
300.073
300.082
300.092
300.102
300.113
300.124
300.135
300.147
300.16
300.173
300.186
300.2
300.214
300.229
300.244
300.26
300.277
300.294
300.311
300.329
300.348
300.368
300.388
300.408
300.43
300.452
300.474
300.498
300.522
300.546
300.572
300.598
300.625
300.653
300.682
300.711
300.742
300.773
300.805
300.838
300.872
300.906
300.942
300.979
301.017
301.056
301.096
301.137
301.179
301.223
301.268
301.314
301.361
301.41
301.46
301.512
301.566
301.621
301.678
301.737
301.798
301.861
301.926
301.994
302.064
302.137
302.213
302.291
302.371
302.454
302.537
302.62
300.003
300.01
300.016
300.024
300.031
300.039
300.047
300.055
300.064
300.073
300.082
300.092
300.102
300.113
300.124
300.135
300.147
300.16
300.173
300.186
300.2
300.214
300.229
300.244
300.26
300.277
300.294
300.311
300.329
300.348
300.367
300.387
300.408
300.429
300.451
300.474
300.497
300.521
300.546
300.572
300.598
300.625
300.653
300.681
300.711
300.741
300.772
300.804
300.837
300.87
300.905
300.941
300.978
301.015
301.054
301.094
301.135
301.177
301.22
301.265
301.31
301.357
301.406
301.456
301.507
301.56
301.614
301.671
301.728
301.788
301.85
301.913
301.979
302.046
302.116
302.187
302.26
302.335
302.411
302.486
302.56
300.003
300.01
300.016
300.024
300.031
300.039
300.047
300.055
300.064
300.073
300.082
300.092
300.102
300.113
300.124
300.135
300.147
300.16
300.172
300.186
300.2
300.214
300.229
300.244
300.26
300.276
300.293
300.311
300.329
300.348
300.367
300.387
300.408
300.429
300.451
300.474
300.497
300.521
300.546
300.571
300.597
300.624
300.652
300.68
300.71
300.74
300.771
300.803
300.835
300.869
300.904
300.939
300.976
301.013
301.052
301.091
301.132
301.174
301.217
301.261
301.306
301.353
301.4
301.45
301.5
301.552
301.606
301.661
301.717
301.775
301.835
301.897
301.96
302.024
302.09
302.157
302.226
302.295
302.364
302.433
302.5
300.003
300.01
300.016
300.024
300.031
300.039
300.047
300.055
300.064
300.073
300.082
300.092
300.102
300.113
300.124
300.135
300.147
300.16
300.172
300.186
300.199
300.214
300.229
300.244
300.26
300.276
300.293
300.311
300.329
300.348
300.367
300.387
300.407
300.429
300.451
300.473
300.496
300.52
300.545
300.57
300.596
300.623
300.651
300.679
300.708
300.739
300.769
300.801
300.834
300.867
300.902
300.937
300.973
301.01
301.049
301.088
301.128
301.17
301.212
301.256
301.3
301.346
301.394
301.442
301.492
301.543
301.595
301.649
301.704
301.76
301.818
301.877
301.937
301.998
302.061
302.124
302.188
302.252
302.315
302.378
302.44
300.003
300.01
300.016
300.024
300.031
300.039
300.047
300.055
300.064
300.073
300.082
300.092
300.102
300.113
300.124
300.135
300.147
300.159
300.172
300.186
300.199
300.214
300.228
300.244
300.26
300.276
300.293
300.31
300.329
300.347
300.367
300.386
300.407
300.428
300.45
300.472
300.496
300.52
300.544
300.569
300.595
300.622
300.65
300.678
300.707
300.737
300.768
300.799
300.832
300.865
300.899
300.934
300.97
301.007
301.045
301.084
301.124
301.165
301.206
301.25
301.294
301.339
301.385
301.433
301.481
301.531
301.582
301.634
301.687
301.742
301.797
301.853
301.911
301.969
302.028
302.087
302.146
302.205
302.264
302.322
302.379
300.003
300.01
300.016
300.024
300.031
300.039
300.047
300.055
300.064
300.073
300.082
300.092
300.102
300.113
300.124
300.135
300.147
300.159
300.172
300.185
300.199
300.213
300.228
300.243
300.259
300.276
300.293
300.31
300.328
300.347
300.366
300.386
300.406
300.427
300.449
300.472
300.495
300.519
300.543
300.568
300.594
300.621
300.648
300.676
300.705
300.735
300.765
300.797
300.829
300.862
300.896
300.931
300.966
301.003
301.04
301.079
301.118
301.158
301.2
301.242
301.285
301.33
301.375
301.421
301.469
301.517
301.566
301.617
301.668
301.72
301.773
301.827
301.881
301.936
301.992
302.047
302.102
302.157
302.212
302.265
302.318
300.003
300.01
300.016
300.023
300.031
300.038
300.046
300.055
300.063
300.073
300.082
300.092
300.102
300.112
300.123
300.135
300.147
300.159
300.172
300.185
300.199
300.213
300.228
300.243
300.259
300.275
300.292
300.31
300.328
300.346
300.365
300.385
300.406
300.427
300.448
300.471
300.494
300.517
300.542
300.567
300.593
300.619
300.646
300.674
300.703
300.733
300.763
300.794
300.826
300.858
300.892
300.926
300.962
300.998
301.035
301.072
301.111
301.151
301.191
301.233
301.275
301.319
301.363
301.408
301.454
301.501
301.548
301.597
301.646
301.696
301.747
301.798
301.849
301.901
301.953
302.004
302.056
302.107
302.157
302.207
302.256
300.003
300.01
300.016
300.023
300.031
300.038
300.046
300.055
300.063
300.072
300.082
300.092
300.102
300.112
300.123
300.135
300.147
300.159
300.172
300.185
300.199
300.213
300.228
300.243
300.258
300.275
300.292
300.309
300.327
300.346
300.365
300.384
300.405
300.426
300.447
300.47
300.492
300.516
300.54
300.565
300.591
300.617
300.644
300.672
300.7
300.73
300.76
300.79
300.822
300.854
300.887
300.921
300.956
300.992
301.028
301.065
301.103
301.142
301.182
301.222
301.264
301.306
301.349
301.392
301.437
301.482
301.528
301.574
301.622
301.669
301.717
301.765
301.814
301.862
301.911
301.959
302.007
302.055
302.102
302.148
302.194
300.003
300.01
300.016
300.023
300.031
300.038
300.046
300.055
300.063
300.072
300.082
300.091
300.102
300.112
300.123
300.135
300.146
300.159
300.171
300.185
300.198
300.212
300.227
300.242
300.258
300.274
300.291
300.308
300.326
300.345
300.364
300.383
300.404
300.424
300.446
300.468
300.491
300.514
300.538
300.563
300.588
300.615
300.641
300.669
300.697
300.726
300.756
300.786
300.817
300.849
300.882
300.915
300.949
300.984
301.02
301.057
301.094
301.132
301.17
301.21
301.25
301.291
301.333
301.375
301.418
301.461
301.505
301.549
301.594
301.639
301.685
301.73
301.776
301.822
301.867
301.912
301.957
302.002
302.045
302.088
302.131
300.003
300.01
300.016
300.023
300.031
300.038
300.046
300.055
300.063
300.072
300.082
300.091
300.101
300.112
300.123
300.134
300.146
300.158
300.171
300.184
300.198
300.212
300.227
300.242
300.257
300.274
300.29
300.308
300.325
300.344
300.363
300.382
300.402
300.423
300.444
300.466
300.489
300.512
300.536
300.561
300.586
300.612
300.638
300.665
300.693
300.722
300.751
300.781
300.812
300.843
300.875
300.908
300.942
300.976
301.011
301.047
301.083
301.12
301.158
301.196
301.235
301.274
301.314
301.355
301.396
301.438
301.48
301.522
301.565
301.607
301.65
301.693
301.736
301.779
301.822
301.864
301.906
301.947
301.988
302.028
302.067
300.003
300.01
300.016
300.023
300.031
300.038
300.046
300.054
300.063
300.072
300.081
300.091
300.101
300.112
300.123
300.134
300.146
300.158
300.171
300.184
300.197
300.211
300.226
300.241
300.257
300.273
300.289
300.307
300.324
300.343
300.361
300.381
300.401
300.421
300.443
300.464
300.487
300.51
300.533
300.558
300.583
300.608
300.634
300.661
300.689
300.717
300.746
300.775
300.806
300.836
300.868
300.9
300.933
300.966
301
301.035
301.07
301.106
301.143
301.18
301.217
301.255
301.294
301.333
301.372
301.412
301.452
301.492
301.532
301.573
301.613
301.654
301.694
301.734
301.774
301.813
301.853
301.891
301.929
301.967
302.003
300.003
300.01
300.016
300.023
300.031
300.038
300.046
300.054
300.063
300.072
300.081
300.091
300.101
300.111
300.122
300.134
300.145
300.157
300.17
300.183
300.197
300.211
300.225
300.24
300.256
300.272
300.288
300.305
300.323
300.341
300.36
300.379
300.399
300.419
300.44
300.462
300.484
300.507
300.53
300.554
300.579
300.604
300.63
300.656
300.684
300.711
300.74
300.769
300.798
300.828
300.859
300.891
300.923
300.955
300.988
301.022
301.056
301.091
301.126
301.162
301.198
301.235
301.272
301.309
301.346
301.384
301.422
301.46
301.498
301.536
301.574
301.612
301.65
301.688
301.725
301.762
301.798
301.834
301.87
301.905
301.939
300.003
300.01
300.016
300.023
300.03
300.038
300.046
300.054
300.063
300.072
300.081
300.091
300.101
300.111
300.122
300.133
300.145
300.157
300.17
300.183
300.196
300.21
300.224
300.239
300.255
300.271
300.287
300.304
300.321
300.339
300.358
300.377
300.397
300.417
300.438
300.459
300.481
300.504
300.527
300.55
300.575
300.599
300.625
300.651
300.678
300.705
300.733
300.761
300.79
300.819
300.849
300.88
300.911
300.943
300.975
301.007
301.04
301.074
301.108
301.142
301.177
301.212
301.247
301.282
301.318
301.354
301.39
301.426
301.462
301.498
301.533
301.569
301.604
301.64
301.674
301.709
301.743
301.777
301.81
301.842
301.874
300.003
300.01
300.016
300.023
300.03
300.038
300.046
300.054
300.063
300.071
300.081
300.09
300.1
300.111
300.121
300.133
300.144
300.156
300.169
300.182
300.195
300.209
300.223
300.238
300.253
300.269
300.286
300.302
300.32
300.338
300.356
300.375
300.394
300.414
300.435
300.456
300.478
300.5
300.522
300.546
300.57
300.594
300.619
300.645
300.671
300.697
300.724
300.752
300.78
300.809
300.838
300.868
300.898
300.929
300.96
300.991
301.023
301.055
301.088
301.12
301.154
301.187
301.22
301.254
301.288
301.322
301.356
301.39
301.423
301.457
301.491
301.524
301.557
301.59
301.623
301.655
301.687
301.718
301.749
301.78
301.809
300.003
300.009
300.016
300.023
300.03
300.038
300.046
300.054
300.062
300.071
300.08
300.09
300.1
300.11
300.121
300.132
300.144
300.156
300.168
300.181
300.194
300.208
300.222
300.237
300.252
300.268
300.284
300.301
300.318
300.335
300.354
300.372
300.391
300.411
300.431
300.452
300.473
300.495
300.518
300.541
300.564
300.588
300.612
300.637
300.663
300.689
300.715
300.742
300.77
300.797
300.826
300.854
300.884
300.913
300.943
300.973
301.004
301.035
301.066
301.097
301.128
301.16
301.192
301.224
301.256
301.288
301.32
301.352
301.383
301.415
301.447
301.478
301.509
301.54
301.57
301.6
301.63
301.659
301.688
301.717
301.744
300.003
300.009
300.016
300.023
300.03
300.038
300.045
300.054
300.062
300.071
300.08
300.089
300.099
300.11
300.12
300.131
300.143
300.155
300.167
300.18
300.193
300.207
300.221
300.235
300.25
300.266
300.282
300.298
300.315
300.333
300.351
300.369
300.388
300.407
300.427
300.448
300.469
300.49
300.512
300.535
300.557
300.581
300.605
300.629
300.654
300.679
300.705
300.731
300.758
300.785
300.812
300.84
300.868
300.896
300.925
300.954
300.983
301.012
301.042
301.072
301.102
301.132
301.162
301.192
301.222
301.252
301.282
301.312
301.342
301.372
301.401
301.431
301.46
301.488
301.517
301.545
301.573
301.6
301.627
301.653
301.679
300.003
300.009
300.016
300.023
300.03
300.037
300.045
300.053
300.062
300.07
300.08
300.089
300.099
300.109
300.12
300.131
300.142
300.154
300.166
300.179
300.192
300.205
300.219
300.234
300.249
300.264
300.28
300.296
300.313
300.33
300.347
300.366
300.384
300.403
300.423
300.443
300.463
300.484
300.506
300.528
300.55
300.573
300.596
300.62
300.644
300.669
300.693
300.719
300.744
300.77
300.797
300.823
300.85
300.877
300.905
300.932
300.96
300.988
301.016
301.045
301.073
301.102
301.13
301.158
301.187
301.215
301.243
301.272
301.299
301.327
301.355
301.382
301.409
301.436
301.463
301.489
301.515
301.54
301.565
301.59
301.615
300.003
300.009
300.016
300.023
300.03
300.037
300.045
300.053
300.061
300.07
300.079
300.088
300.098
300.108
300.119
300.13
300.141
300.153
300.165
300.177
300.19
300.204
300.217
300.232
300.246
300.261
300.277
300.293
300.31
300.326
300.344
300.362
300.38
300.399
300.418
300.437
300.457
300.478
300.499
300.52
300.542
300.564
300.587
300.61
300.633
300.657
300.681
300.705
300.73
300.755
300.78
300.806
300.831
300.857
300.883
300.91
300.936
300.963
300.99
301.016
301.043
301.07
301.097
301.123
301.15
301.177
301.203
301.23
301.256
301.282
301.308
301.333
301.358
301.383
301.408
301.433
301.457
301.481
301.504
301.527
301.55
300.003
300.009
300.016
300.023
300.03
300.037
300.045
300.053
300.061
300.069
300.078
300.088
300.097
300.107
300.118
300.129
300.14
300.151
300.163
300.176
300.189
300.202
300.215
300.229
300.244
300.259
300.274
300.29
300.306
300.323
300.34
300.357
300.375
300.393
300.412
300.431
300.451
300.471
300.491
300.512
300.533
300.554
300.576
300.599
300.621
300.644
300.667
300.69
300.714
300.738
300.762
300.787
300.811
300.836
300.861
300.886
300.911
300.936
300.961
300.987
301.012
301.037
301.062
301.087
301.112
301.137
301.162
301.187
301.211
301.236
301.26
301.283
301.307
301.33
301.354
301.376
301.399
301.421
301.443
301.464
301.486
300.003
300.009
300.016
300.022
300.029
300.037
300.044
300.052
300.06
300.069
300.078
300.087
300.097
300.107
300.117
300.127
300.139
300.15
300.162
300.174
300.187
300.2
300.213
300.227
300.241
300.256
300.271
300.286
300.302
300.318
300.335
300.352
300.37
300.387
300.406
300.424
300.443
300.463
300.482
300.503
300.523
300.544
300.565
300.586
300.608
300.63
300.652
300.674
300.697
300.72
300.743
300.766
300.79
300.813
300.837
300.86
300.884
300.908
300.932
300.956
300.979
301.003
301.027
301.05
301.074
301.097
301.12
301.143
301.166
301.189
301.211
301.234
301.256
301.277
301.299
301.32
301.341
301.362
301.382
301.402
301.422
300.003
300.009
300.016
300.022
300.029
300.036
300.044
300.052
300.06
300.068
300.077
300.086
300.096
300.105
300.116
300.126
300.137
300.148
300.16
300.172
300.184
300.197
300.21
300.224
300.238
300.252
300.267
300.282
300.298
300.314
300.33
300.346
300.363
300.381
300.399
300.417
300.435
300.454
300.473
300.492
300.512
300.532
300.552
300.573
300.594
300.615
300.636
300.657
300.679
300.701
300.723
300.745
300.767
300.789
300.812
300.834
300.856
300.879
300.901
300.923
300.946
300.968
300.99
301.012
301.034
301.056
301.078
301.099
301.121
301.142
301.163
301.183
301.204
301.224
301.244
301.264
301.284
301.303
301.322
301.341
301.359
300.003
300.009
300.015
300.022
300.029
300.036
300.043
300.051
300.059
300.068
300.076
300.085
300.095
300.104
300.114
300.125
300.135
300.146
300.158
300.17
300.182
300.194
300.207
300.221
300.234
300.248
300.263
300.278
300.293
300.308
300.324
300.34
300.357
300.374
300.391
300.408
300.426
300.444
300.463
300.481
300.5
300.52
300.539
300.559
300.579
300.599
300.619
300.639
300.66
300.681
300.701
300.722
300.743
300.764
300.785
300.806
300.828
300.849
300.87
300.891
300.912
300.932
300.953
300.974
300.994
301.015
301.035
301.055
301.075
301.095
301.114
301.134
301.153
301.172
301.19
301.209
301.227
301.245
301.262
301.28
301.297
300.003
300.009
300.015
300.022
300.028
300.036
300.043
300.05
300.058
300.067
300.075
300.084
300.093
300.103
300.113
300.123
300.133
300.144
300.156
300.167
300.179
300.191
300.204
300.217
300.23
300.244
300.258
300.273
300.287
300.302
300.318
300.334
300.35
300.366
300.383
300.399
300.417
300.434
300.452
300.47
300.488
300.506
300.525
300.544
300.563
300.582
300.601
300.62
300.64
300.66
300.679
300.699
300.719
300.739
300.758
300.778
300.798
300.818
300.838
300.857
300.877
300.896
300.916
300.935
300.954
300.973
300.992
301.011
301.029
301.048
301.066
301.084
301.102
301.119
301.137
301.154
301.171
301.187
301.204
301.22
301.236
300.003
300.009
300.015
300.021
300.028
300.035
300.042
300.05
300.058
300.066
300.074
300.083
300.092
300.101
300.111
300.121
300.131
300.142
300.153
300.164
300.176
300.188
300.201
300.213
300.226
300.24
300.253
300.267
300.282
300.296
300.311
300.326
300.342
300.357
300.373
300.39
300.406
300.423
300.44
300.457
300.475
300.492
300.51
300.528
300.546
300.564
300.582
300.601
300.619
300.638
300.656
300.675
300.694
300.712
300.731
300.75
300.768
300.787
300.805
300.824
300.842
300.86
300.878
300.896
300.914
300.932
300.95
300.967
300.984
301.001
301.018
301.035
301.051
301.068
301.084
301.1
301.116
301.131
301.146
301.162
301.176
300.003
300.009
300.015
300.021
300.028
300.035
300.042
300.049
300.057
300.065
300.073
300.082
300.09
300.1
300.109
300.119
300.129
300.14
300.15
300.161
300.173
300.185
300.197
300.209
300.222
300.235
300.248
300.261
300.275
300.289
300.304
300.318
300.333
300.348
300.364
300.38
300.395
300.411
300.428
300.444
300.461
300.477
300.494
300.511
300.528
300.546
300.563
300.58
300.598
300.615
300.633
300.65
300.668
300.685
300.703
300.72
300.738
300.755
300.773
300.79
300.807
300.824
300.841
300.858
300.874
300.891
300.907
300.924
300.94
300.956
300.971
300.987
301.002
301.017
301.032
301.047
301.062
301.076
301.091
301.105
301.118
300.003
300.009
300.015
300.021
300.027
300.034
300.041
300.048
300.056
300.064
300.072
300.08
300.089
300.098
300.107
300.117
300.127
300.137
300.147
300.158
300.169
300.181
300.192
300.204
300.217
300.229
300.242
300.255
300.269
300.282
300.296
300.31
300.324
300.339
300.354
300.369
300.384
300.399
300.415
300.43
300.446
300.462
300.478
300.494
300.51
300.527
300.543
300.56
300.576
300.593
300.609
300.626
300.642
300.658
300.675
300.691
300.708
300.724
300.74
300.756
300.772
300.788
300.804
300.82
300.835
300.85
300.866
300.881
300.896
300.911
300.925
300.94
300.954
300.968
300.982
300.996
301.01
301.023
301.036
301.049
301.062
300.003
300.008
300.014
300.02
300.027
300.033
300.04
300.047
300.055
300.062
300.07
300.079
300.087
300.096
300.105
300.114
300.124
300.134
300.144
300.155
300.165
300.177
300.188
300.2
300.211
300.224
300.236
300.249
300.261
300.275
300.288
300.301
300.315
300.329
300.343
300.358
300.372
300.387
300.401
300.416
300.431
300.446
300.462
300.477
300.492
300.508
300.523
300.539
300.554
300.57
300.585
300.601
300.616
300.632
300.647
300.662
300.678
300.693
300.708
300.723
300.738
300.753
300.768
300.782
300.797
300.811
300.825
300.839
300.853
300.867
300.881
300.894
300.907
300.921
300.934
300.946
300.959
300.972
300.984
300.996
301.008
300.003
300.008
300.014
300.02
300.026
300.033
300.039
300.046
300.054
300.061
300.069
300.077
300.085
300.094
300.103
300.112
300.121
300.131
300.141
300.151
300.161
300.172
300.183
300.194
300.206
300.218
300.23
300.242
300.254
300.267
300.28
300.293
300.306
300.319
300.333
300.346
300.36
300.374
300.388
300.402
300.416
300.431
300.445
300.459
300.474
300.489
300.503
300.518
300.532
300.547
300.561
300.576
300.591
300.605
300.619
300.634
300.648
300.662
300.677
300.691
300.705
300.718
300.732
300.746
300.759
300.773
300.786
300.799
300.812
300.825
300.838
300.85
300.863
300.875
300.887
300.899
300.911
300.922
300.934
300.945
300.956
300.003
300.008
300.014
300.02
300.026
300.032
300.039
300.045
300.052
300.06
300.067
300.075
300.083
300.092
300.1
300.109
300.118
300.128
300.137
300.147
300.157
300.168
300.178
300.189
300.2
300.212
300.223
300.235
300.247
300.259
300.271
300.283
300.296
300.309
300.322
300.335
300.348
300.361
300.374
300.388
300.401
300.415
300.428
300.442
300.456
300.47
300.483
300.497
300.511
300.525
300.538
300.552
300.566
300.579
300.593
300.606
300.62
300.633
300.646
300.659
300.672
300.685
300.698
300.711
300.723
300.736
300.748
300.761
300.773
300.785
300.796
300.808
300.82
300.831
300.842
300.853
300.864
300.875
300.886
300.896
300.907
300.003
300.008
300.013
300.019
300.025
300.031
300.038
300.044
300.051
300.058
300.066
300.073
300.081
300.089
300.098
300.106
300.115
300.124
300.134
300.143
300.153
300.163
300.173
300.184
300.194
300.205
300.216
300.228
300.239
300.251
300.262
300.274
300.286
300.298
300.311
300.323
300.336
300.348
300.361
300.374
300.386
300.399
300.412
300.425
300.438
300.451
300.464
300.477
300.49
300.503
300.516
300.529
300.541
300.554
300.567
300.58
300.592
300.605
300.617
300.629
300.642
300.654
300.666
300.678
300.689
300.701
300.713
300.724
300.735
300.747
300.758
300.768
300.779
300.79
300.8
300.811
300.821
300.831
300.841
300.851
300.861
300.003
300.008
300.013
300.019
300.024
300.031
300.037
300.043
300.05
300.057
300.064
300.072
300.079
300.087
300.095
300.104
300.112
300.121
300.13
300.139
300.149
300.159
300.168
300.179
300.189
300.199
300.21
300.221
300.232
300.243
300.254
300.265
300.277
300.289
300.3
300.312
300.324
300.336
300.348
300.36
300.372
300.384
300.397
300.409
300.421
300.433
300.446
300.458
300.47
300.482
300.494
300.507
300.519
300.531
300.543
300.554
300.566
300.578
300.59
300.601
300.613
300.624
300.635
300.646
300.658
300.668
300.679
300.69
300.701
300.711
300.721
300.732
300.742
300.752
300.761
300.771
300.781
300.79
300.8
300.809
300.818
300.002
300.008
300.013
300.018
300.024
300.03
300.036
300.042
300.049
300.056
300.063
300.07
300.077
300.085
300.093
300.101
300.109
300.118
300.127
300.136
300.145
300.154
300.164
300.173
300.183
300.193
300.204
300.214
300.225
300.235
300.246
300.257
300.268
300.279
300.29
300.301
300.313
300.324
300.336
300.347
300.359
300.37
300.382
300.394
300.405
300.417
300.428
300.44
300.452
300.463
300.475
300.486
300.498
300.509
300.52
300.531
300.542
300.553
300.564
300.575
300.586
300.597
300.607
300.618
300.628
300.639
300.649
300.659
300.669
300.679
300.688
300.698
300.707
300.717
300.726
300.735
300.744
300.753
300.762
300.77
300.779
300.002
300.007
300.012
300.018
300.023
300.029
300.035
300.041
300.048
300.054
300.061
300.068
300.075
300.083
300.091
300.098
300.107
300.115
300.123
300.132
300.141
300.15
300.159
300.169
300.178
300.188
300.198
300.208
300.218
300.228
300.239
300.249
300.26
300.27
300.281
300.292
300.303
300.314
300.325
300.336
300.347
300.358
300.369
300.38
300.391
300.402
300.413
300.424
300.435
300.446
300.457
300.468
300.478
300.489
300.5
300.511
300.521
300.532
300.542
300.552
300.562
300.572
300.583
300.592
300.602
300.612
300.622
300.631
300.64
300.65
300.659
300.668
300.677
300.686
300.694
300.703
300.712
300.72
300.728
300.736
300.744
300.002
300.007
300.012
300.017
300.023
300.028
300.034
300.04
300.047
300.053
300.06
300.067
300.074
300.081
300.088
300.096
300.104
300.112
300.12
300.129
300.137
300.146
300.155
300.164
300.174
300.183
300.193
300.202
300.212
300.222
300.232
300.242
300.252
300.262
300.273
300.283
300.294
300.304
300.315
300.325
300.336
300.346
300.357
300.368
300.378
300.389
300.399
300.41
300.42
300.431
300.441
300.452
300.462
300.472
300.482
300.493
300.503
300.513
300.522
300.532
300.542
300.552
300.561
300.571
300.58
300.589
300.598
300.607
300.616
300.625
300.634
300.642
300.651
300.659
300.668
300.676
300.684
300.692
300.7
300.707
300.715
300.002
300.007
300.012
300.017
300.022
300.028
300.034
300.04
300.046
300.052
300.059
300.065
300.072
300.079
300.087
300.094
300.102
300.11
300.118
300.126
300.135
300.143
300.152
300.161
300.17
300.179
300.188
300.198
300.207
300.217
300.226
300.236
300.246
300.256
300.266
300.276
300.286
300.296
300.307
300.317
300.327
300.337
300.348
300.358
300.368
300.378
300.388
300.399
300.409
300.419
300.429
300.439
300.449
300.459
300.468
300.478
300.488
300.497
300.507
300.516
300.526
300.535
300.544
300.553
300.562
300.571
300.58
300.588
300.597
300.605
300.614
300.622
300.63
300.638
300.646
300.654
300.662
300.669
300.677
300.684
300.691
300.002
300.007
300.012
300.017
300.022
300.028
300.033
300.039
300.045
300.051
300.058
300.064
300.071
300.078
300.085
300.093
300.1
300.108
300.116
300.124
300.132
300.141
300.149
300.158
300.167
300.176
300.185
300.194
300.204
300.213
300.223
300.232
300.242
300.251
300.261
300.271
300.281
300.291
300.301
300.311
300.321
300.331
300.341
300.351
300.361
300.371
300.381
300.39
300.4
300.41
300.42
300.43
300.439
300.449
300.458
300.468
300.477
300.486
300.496
300.505
300.514
300.523
300.532
300.54
300.549
300.558
300.566
300.575
300.583
300.591
300.599
300.607
300.615
300.623
300.631
300.638
300.646
300.653
300.66
300.667
300.675
300.002
300.007
300.012
300.017
300.022
300.027
300.033
300.039
300.045
300.051
300.057
300.064
300.071
300.078
300.085
300.092
300.1
300.107
300.115
300.123
300.131
300.14
300.148
300.157
300.165
300.174
300.183
300.192
300.202
300.211
300.22
300.23
300.239
300.249
300.259
300.268
300.278
300.288
300.298
300.308
300.317
300.327
300.337
300.347
300.357
300.367
300.376
300.386
300.396
300.405
300.415
300.425
300.434
300.443
300.453
300.462
300.471
300.481
300.49
300.499
300.508
300.516
300.525
300.534
300.542
300.551
300.559
300.567
300.576
300.584
300.592
300.599
300.607
300.615
300.622
300.63
300.637
300.644
300.652
300.659
300.666
303.029
303.159
303.236
303.309
303.372
303.424
303.459
303.499
303.539
303.576
303.608
303.642
303.677
303.711
303.745
303.778
303.809
303.837
303.867
303.897
303.926
303.955
303.985
304.014
304.043
304.072
304.1
304.128
304.156
304.183
304.21
304.237
304.263
304.29
304.316
304.341
304.367
304.393
304.417
304.442
304.467
304.491
304.516
304.544
304.57
304.595
304.618
304.643
304.669
304.694
304.719
304.741
304.765
304.79
304.815
304.84
304.866
304.891
304.916
304.94
304.96
304.983
305.006
305.03
305.054
305.078
305.101
305.125
305.149
305.172
305.195
305.218
305.24
305.263
305.285
305.307
305.329
305.351
305.372
305.395
305.421
305.444
305.466
305.487
305.506
305.525
305.547
305.571
305.593
305.612
305.63
305.65
305.673
305.692
305.713
305.736
305.757
305.774
305.795
305.815
305.831
305.851
305.867
305.885
305.905
305.925
305.943
305.957
305.974
305.988
306.004
306.022
306.039
306.057
306.072
306.084
306.098
306.113
306.128
306.141
306.15
306.162
306.174
306.185
306.196
306.203
306.212
306.22
306.228
306.235
306.241
306.246
306.249
306.252
306.253
306.253
306.251
306.248
306.243
306.237
306.229
306.22
306.208
306.195
306.179
306.161
306.14
306.116
306.089
306.057
306.018
305.978
305.938
305.892
305.84
305.781
305.717
305.609
305.51
305.386
305.225
302.928
303.042
303.13
303.206
303.271
303.327
303.373
303.417
303.459
303.498
303.535
303.571
303.607
303.642
303.677
303.711
303.743
303.774
303.804
303.835
303.865
303.895
303.925
303.955
303.985
304.014
304.042
304.071
304.099
304.127
304.154
304.182
304.208
304.235
304.262
304.288
304.314
304.339
304.365
304.39
304.415
304.44
304.466
304.493
304.519
304.544
304.569
304.594
304.619
304.645
304.669
304.693
304.717
304.742
304.767
304.792
304.818
304.843
304.868
304.892
304.914
304.937
304.96
304.984
305.008
305.032
305.056
305.08
305.104
305.127
305.15
305.173
305.196
305.219
305.241
305.264
305.286
305.308
305.33
305.353
305.378
305.401
305.423
305.445
305.465
305.485
305.506
305.53
305.551
305.571
305.59
305.611
305.633
305.653
305.674
305.696
305.717
305.736
305.756
305.776
305.794
305.812
305.83
305.848
305.868
305.888
305.905
305.921
305.937
305.952
305.969
305.986
306.003
306.02
306.036
306.049
306.063
306.078
306.092
306.105
306.116
306.127
306.139
306.151
306.161
306.169
306.178
306.186
306.194
306.201
306.207
306.212
306.216
306.218
306.219
306.219
306.218
306.215
306.211
306.204
306.197
306.187
306.175
306.162
306.146
306.128
306.107
306.083
306.055
306.023
305.985
305.945
305.903
305.856
305.803
305.742
305.673
305.568
305.464
305.334
305.157
302.846
302.945
303.032
303.107
303.174
303.232
303.284
303.331
303.376
303.418
303.458
303.496
303.533
303.57
303.605
303.64
303.673
303.706
303.738
303.769
303.8
303.831
303.862
303.892
303.922
303.952
303.981
304.01
304.038
304.067
304.095
304.122
304.15
304.177
304.204
304.23
304.257
304.283
304.309
304.335
304.36
304.386
304.412
304.438
304.464
304.49
304.515
304.541
304.566
304.592
304.617
304.641
304.666
304.691
304.716
304.741
304.767
304.792
304.817
304.841
304.864
304.888
304.911
304.935
304.959
304.984
305.008
305.032
305.056
305.079
305.103
305.126
305.149
305.172
305.195
305.217
305.24
305.262
305.285
305.308
305.332
305.356
305.378
305.4
305.421
305.441
305.463
305.486
305.507
305.528
305.548
305.569
305.591
305.611
305.633
305.654
305.675
305.695
305.715
305.734
305.753
305.772
305.79
305.809
305.828
305.847
305.865
305.882
305.898
305.914
305.931
305.948
305.965
305.982
305.997
306.011
306.025
306.04
306.055
306.068
306.079
306.091
306.103
306.114
306.124
306.133
306.142
306.15
306.158
306.165
306.171
306.176
306.18
306.183
306.184
306.184
306.183
306.18
306.175
306.169
306.162
306.152
306.14
306.127
306.111
306.092
306.071
306.047
306.02
305.987
305.949
305.909
305.866
305.818
305.763
305.7
305.628
305.525
305.416
305.28
305.093
302.772
302.86
302.94
303.014
303.08
303.14
303.194
303.244
303.291
303.335
303.377
303.417
303.456
303.494
303.53
303.566
303.601
303.634
303.667
303.7
303.732
303.763
303.794
303.825
303.856
303.886
303.916
303.945
303.974
304.003
304.032
304.06
304.088
304.115
304.142
304.17
304.196
304.223
304.249
304.276
304.302
304.328
304.354
304.381
304.407
304.433
304.459
304.484
304.51
304.536
304.561
304.586
304.611
304.636
304.662
304.687
304.713
304.738
304.763
304.787
304.811
304.835
304.859
304.883
304.908
304.932
304.956
304.98
305.005
305.028
305.052
305.076
305.099
305.122
305.145
305.168
305.191
305.214
305.237
305.26
305.284
305.307
305.33
305.352
305.373
305.395
305.417
305.439
305.461
305.482
305.503
305.524
305.545
305.566
305.588
305.609
305.63
305.651
305.671
305.691
305.71
305.729
305.747
305.766
305.785
305.805
305.823
305.84
305.857
305.873
305.89
305.907
305.924
305.941
305.956
305.971
305.985
306
306.015
306.028
306.04
306.052
306.063
306.075
306.085
306.095
306.104
306.112
306.12
306.127
306.133
306.138
306.142
306.145
306.146
306.146
306.145
306.142
306.138
306.132
306.125
306.115
306.103
306.09
306.074
306.055
306.034
306.01
305.982
305.949
305.911
305.871
305.827
305.777
305.721
305.657
305.581
305.479
305.367
305.226
305.032
302.702
302.78
302.855
302.925
302.989
303.049
303.104
303.156
303.204
303.25
303.294
303.335
303.376
303.414
303.452
303.489
303.524
303.559
303.593
303.626
303.659
303.691
303.723
303.755
303.786
303.817
303.847
303.877
303.907
303.936
303.965
303.993
304.022
304.05
304.078
304.105
304.132
304.159
304.186
304.213
304.24
304.266
304.293
304.319
304.346
304.372
304.398
304.424
304.45
304.476
304.502
304.527
304.553
304.578
304.604
304.629
304.655
304.68
304.705
304.73
304.755
304.779
304.803
304.828
304.852
304.877
304.901
304.926
304.95
304.974
304.998
305.022
305.045
305.069
305.092
305.116
305.139
305.162
305.185
305.209
305.232
305.256
305.279
305.301
305.323
305.345
305.367
305.389
305.411
305.433
305.454
305.476
305.497
305.519
305.54
305.562
305.583
305.603
305.624
305.644
305.663
305.683
305.702
305.721
305.74
305.759
305.778
305.795
305.812
305.829
305.846
305.863
305.88
305.897
305.913
305.928
305.943
305.957
305.972
305.985
305.998
306.01
306.022
306.033
306.044
306.053
306.063
306.071
306.079
306.086
306.093
306.098
306.102
306.105
306.106
306.106
306.105
306.103
306.098
306.093
306.085
306.075
306.064
306.05
306.034
306.016
305.994
305.97
305.941
305.909
305.871
305.83
305.785
305.735
305.677
305.611
305.532
305.431
305.315
305.17
304.974
302.634
302.705
302.774
302.84
302.902
302.961
303.016
303.068
303.117
303.164
303.208
303.251
303.292
303.332
303.371
303.408
303.445
303.481
303.515
303.55
303.583
303.616
303.649
303.681
303.712
303.744
303.774
303.805
303.835
303.865
303.894
303.923
303.952
303.981
304.009
304.037
304.065
304.092
304.119
304.147
304.174
304.201
304.227
304.254
304.281
304.308
304.334
304.36
304.387
304.413
304.439
304.465
304.49
304.516
304.542
304.568
304.594
304.619
304.644
304.67
304.694
304.719
304.744
304.769
304.793
304.818
304.843
304.867
304.892
304.916
304.941
304.965
304.989
305.012
305.036
305.06
305.083
305.107
305.13
305.154
305.178
305.201
305.224
305.247
305.269
305.292
305.314
305.337
305.359
305.381
305.402
305.424
305.446
305.468
305.489
305.511
305.532
305.553
305.574
305.594
305.614
305.634
305.653
305.672
305.692
305.711
305.729
305.747
305.765
305.782
305.799
305.817
305.834
305.851
305.867
305.882
305.897
305.912
305.926
305.94
305.953
305.965
305.977
305.989
306
306.01
306.019
306.028
306.036
306.043
306.049
306.055
306.059
306.062
306.064
306.064
306.063
306.06
306.056
306.051
306.043
306.034
306.022
306.008
305.992
305.974
305.952
305.927
305.899
305.866
305.828
305.787
305.741
305.69
305.631
305.563
305.482
305.38
305.262
305.115
304.919
302.567
302.632
302.696
302.758
302.818
302.874
302.928
302.98
303.029
303.076
303.121
303.165
303.207
303.247
303.287
303.325
303.362
303.399
303.434
303.469
303.503
303.537
303.57
303.603
303.635
303.667
303.698
303.729
303.76
303.79
303.82
303.849
303.879
303.908
303.936
303.965
303.993
304.021
304.049
304.076
304.104
304.131
304.158
304.185
304.212
304.239
304.266
304.293
304.319
304.346
304.372
304.398
304.424
304.45
304.477
304.503
304.528
304.554
304.58
304.605
304.631
304.656
304.681
304.706
304.731
304.756
304.781
304.806
304.83
304.855
304.88
304.904
304.928
304.952
304.976
305
305.024
305.048
305.072
305.096
305.12
305.143
305.167
305.19
305.212
305.235
305.258
305.281
305.303
305.325
305.347
305.369
305.391
305.413
305.435
305.457
305.479
305.5
305.521
305.541
305.561
305.581
305.601
305.621
305.64
305.66
305.678
305.697
305.714
305.732
305.75
305.767
305.784
305.801
305.818
305.833
305.849
305.864
305.878
305.892
305.905
305.918
305.93
305.942
305.953
305.963
305.972
305.981
305.989
305.997
306.003
306.009
306.013
306.016
306.018
306.019
306.018
306.015
306.011
306.006
305.998
305.989
305.977
305.964
305.948
305.929
305.907
305.882
305.854
305.821
305.783
305.741
305.695
305.642
305.582
305.512
305.429
305.328
305.207
305.058
304.865
302.501
302.561
302.621
302.679
302.735
302.79
302.842
302.893
302.941
302.988
303.033
303.077
303.119
303.16
303.2
303.239
303.277
303.314
303.35
303.386
303.421
303.455
303.488
303.522
303.554
303.586
303.618
303.65
303.681
303.711
303.742
303.772
303.801
303.831
303.86
303.889
303.917
303.946
303.974
304.002
304.03
304.058
304.085
304.113
304.14
304.167
304.194
304.221
304.248
304.275
304.301
304.328
304.354
304.381
304.407
304.433
304.46
304.486
304.512
304.537
304.563
304.588
304.614
304.639
304.664
304.69
304.715
304.74
304.765
304.79
304.815
304.839
304.864
304.889
304.913
304.937
304.961
304.985
305.01
305.034
305.058
305.082
305.105
305.129
305.152
305.175
305.198
305.221
305.244
305.266
305.289
305.311
305.333
305.356
305.378
305.4
305.421
305.443
305.464
305.485
305.505
305.526
305.546
305.566
305.585
305.605
305.624
305.643
305.661
305.679
305.697
305.714
305.732
305.749
305.765
305.781
305.797
305.812
305.827
305.841
305.854
305.867
305.88
305.891
305.903
305.913
305.923
305.932
305.94
305.948
305.954
305.96
305.965
305.968
305.97
305.971
305.97
305.968
305.964
305.958
305.951
305.942
305.93
305.917
305.9
305.882
305.86
305.835
305.806
305.773
305.735
305.693
305.646
305.592
305.531
305.46
305.375
305.273
305.151
305.002
304.813
302.435
302.491
302.546
302.601
302.654
302.706
302.757
302.806
302.854
302.9
302.945
302.988
303.031
303.072
303.112
303.151
303.189
303.227
303.263
303.299
303.334
303.369
303.403
303.437
303.47
303.503
303.535
303.567
303.598
303.629
303.66
303.69
303.72
303.75
303.78
303.809
303.838
303.867
303.895
303.924
303.952
303.98
304.008
304.036
304.063
304.091
304.118
304.146
304.173
304.2
304.227
304.254
304.281
304.307
304.334
304.36
304.387
304.413
304.439
304.465
304.491
304.517
304.543
304.568
304.594
304.62
304.645
304.671
304.696
304.721
304.746
304.771
304.796
304.821
304.846
304.87
304.895
304.919
304.943
304.968
304.992
305.016
305.04
305.064
305.088
305.111
305.134
305.158
305.181
305.204
305.226
305.249
305.272
305.294
305.317
305.339
305.361
305.382
305.404
305.425
305.446
305.467
305.487
305.507
305.527
305.547
305.566
305.585
305.604
305.622
305.64
305.658
305.676
305.693
305.71
305.726
305.742
305.757
305.772
305.786
305.8
305.813
305.826
305.838
305.849
305.86
305.87
305.879
305.888
305.896
305.902
305.908
305.913
305.916
305.919
305.919
305.919
305.917
305.913
305.908
305.901
305.891
305.88
305.867
305.85
305.832
305.81
305.785
305.756
305.722
305.684
305.642
305.594
305.54
305.477
305.405
305.319
305.217
305.095
304.946
304.763
302.37
302.422
302.473
302.524
302.575
302.624
302.673
302.72
302.767
302.812
302.856
302.899
302.941
302.982
303.022
303.061
303.099
303.137
303.174
303.21
303.246
303.281
303.315
303.349
303.382
303.415
303.448
303.48
303.512
303.543
303.574
303.605
303.636
303.666
303.696
303.725
303.755
303.784
303.813
303.842
303.87
303.899
303.927
303.955
303.983
304.011
304.039
304.066
304.094
304.121
304.148
304.176
304.203
304.23
304.256
304.283
304.31
304.337
304.363
304.389
304.416
304.442
304.468
304.494
304.52
304.546
304.571
304.597
304.623
304.648
304.674
304.699
304.724
304.749
304.774
304.799
304.824
304.849
304.873
304.898
304.923
304.947
304.971
304.995
305.019
305.043
305.067
305.09
305.114
305.137
305.16
305.183
305.206
305.229
305.252
305.274
305.296
305.318
305.34
305.362
305.383
305.404
305.425
305.445
305.465
305.485
305.505
305.524
305.543
305.562
305.58
305.598
305.616
305.634
305.651
305.667
305.683
305.699
305.714
305.729
305.743
305.756
305.769
305.781
305.793
305.804
305.814
305.824
305.832
305.84
305.847
305.853
305.858
305.862
305.864
305.865
305.865
305.863
305.86
305.854
305.847
305.838
305.827
305.813
305.797
305.779
305.757
305.731
305.702
305.669
305.631
305.588
305.54
305.485
305.421
305.348
305.261
305.159
305.037
304.89
304.713
302.304
302.352
302.401
302.449
302.496
302.543
302.589
302.635
302.68
302.724
302.767
302.809
302.85
302.891
302.931
302.97
303.008
303.045
303.082
303.119
303.154
303.189
303.224
303.258
303.292
303.325
303.358
303.39
303.422
303.454
303.485
303.517
303.547
303.578
303.608
303.638
303.668
303.697
303.727
303.756
303.785
303.813
303.842
303.87
303.899
303.927
303.955
303.983
304.01
304.038
304.066
304.093
304.121
304.148
304.175
304.202
304.229
304.256
304.283
304.309
304.336
304.362
304.389
304.415
304.441
304.467
304.493
304.519
304.545
304.571
304.597
304.623
304.648
304.673
304.699
304.724
304.749
304.774
304.799
304.824
304.849
304.874
304.898
304.923
304.947
304.971
304.995
305.019
305.043
305.067
305.09
305.113
305.137
305.16
305.183
305.206
305.228
305.25
305.273
305.294
305.316
305.337
305.358
305.379
305.4
305.42
305.44
305.46
305.479
305.498
305.517
305.535
305.553
305.571
305.588
305.605
305.621
305.637
305.653
305.667
305.682
305.695
305.709
305.721
305.733
305.744
305.755
305.764
305.773
305.782
305.789
305.795
305.8
305.804
305.806
305.808
305.808
305.806
305.803
305.798
305.791
305.782
305.771
305.757
305.741
305.722
305.701
305.675
305.646
305.613
305.575
305.531
305.483
305.427
305.363
305.289
305.202
305.099
304.978
304.835
304.664
302.238
302.283
302.329
302.374
302.418
302.463
302.507
302.551
302.594
302.636
302.678
302.719
302.759
302.799
302.838
302.877
302.915
302.952
302.989
303.025
303.061
303.096
303.13
303.165
303.198
303.232
303.265
303.297
303.33
303.362
303.393
303.425
303.456
303.486
303.517
303.547
303.577
303.607
303.636
303.666
303.695
303.724
303.753
303.782
303.81
303.839
303.867
303.895
303.923
303.951
303.979
304.007
304.034
304.062
304.089
304.117
304.144
304.171
304.198
304.225
304.252
304.279
304.305
304.332
304.359
304.385
304.411
304.438
304.464
304.49
304.516
304.542
304.568
304.594
304.619
304.645
304.67
304.696
304.721
304.746
304.771
304.796
304.821
304.846
304.871
304.895
304.92
304.944
304.968
304.992
305.016
305.04
305.063
305.087
305.11
305.133
305.156
305.178
305.201
305.223
305.245
305.267
305.288
305.309
305.33
305.351
305.371
305.391
305.411
305.43
305.449
305.468
305.486
305.504
305.522
305.539
305.555
305.572
305.587
305.602
305.617
305.631
305.644
305.657
305.669
305.681
305.692
305.702
305.711
305.719
305.727
305.733
305.738
305.742
305.745
305.747
305.747
305.745
305.742
305.737
305.731
305.722
305.711
305.698
305.682
305.663
305.641
305.616
305.587
305.553
305.515
305.472
305.423
305.366
305.302
305.227
305.14
305.038
304.919
304.779
304.616
302.172
302.215
302.257
302.299
302.341
302.383
302.425
302.467
302.508
302.549
302.589
302.629
302.668
302.707
302.745
302.783
302.821
302.858
302.894
302.93
302.965
303
303.035
303.069
303.103
303.136
303.169
303.202
303.234
303.266
303.298
303.329
303.361
303.392
303.422
303.453
303.483
303.513
303.543
303.572
303.602
303.631
303.66
303.689
303.718
303.747
303.775
303.804
303.832
303.86
303.888
303.916
303.944
303.972
304
304.027
304.055
304.082
304.11
304.137
304.164
304.191
304.218
304.245
304.272
304.298
304.325
304.352
304.378
304.405
304.431
304.457
304.483
304.509
304.535
304.561
304.587
304.613
304.639
304.664
304.69
304.715
304.74
304.765
304.79
304.815
304.84
304.864
304.889
304.913
304.937
304.962
304.985
305.009
305.033
305.056
305.079
305.102
305.125
305.148
305.17
305.192
305.214
305.235
305.257
305.277
305.298
305.318
305.338
305.358
305.377
305.396
305.415
305.433
305.451
305.469
305.486
305.502
305.518
305.533
305.548
305.563
305.576
305.589
305.602
305.614
305.625
305.635
305.644
305.653
305.661
305.667
305.673
305.677
305.68
305.682
305.682
305.681
305.678
305.674
305.667
305.659
305.648
305.635
305.619
305.6
305.579
305.553
305.524
305.491
305.453
305.409
305.36
305.303
305.239
305.164
305.077
304.976
304.859
304.723
304.568
302.106
302.146
302.185
302.225
302.264
302.304
302.344
302.383
302.423
302.462
302.5
302.539
302.577
302.615
302.652
302.689
302.726
302.762
302.798
302.833
302.868
302.903
302.937
302.971
303.005
303.038
303.071
303.104
303.136
303.168
303.2
303.231
303.263
303.294
303.324
303.355
303.385
303.416
303.446
303.475
303.505
303.534
303.564
303.593
303.622
303.651
303.68
303.708
303.737
303.765
303.794
303.822
303.85
303.878
303.906
303.934
303.962
303.989
304.017
304.044
304.072
304.099
304.126
304.154
304.181
304.208
304.235
304.261
304.288
304.315
304.342
304.368
304.395
304.421
304.447
304.474
304.5
304.526
304.552
304.578
304.603
304.629
304.655
304.68
304.705
304.731
304.756
304.781
304.805
304.83
304.855
304.879
304.903
304.927
304.951
304.975
304.999
305.022
305.045
305.068
305.091
305.113
305.135
305.157
305.179
305.2
305.221
305.242
305.262
305.282
305.302
305.321
305.34
305.358
305.377
305.394
305.412
305.428
305.445
305.46
305.476
305.49
305.504
305.518
305.53
305.543
305.554
305.564
305.574
305.583
305.591
305.598
305.604
305.608
305.612
305.614
305.614
305.613
305.611
305.606
305.6
305.592
305.581
305.568
305.553
305.534
305.513
305.488
305.459
305.425
305.387
305.344
305.294
305.238
305.173
305.098
305.012
304.913
304.798
304.667
304.519
302.04
302.077
302.114
302.151
302.188
302.226
302.263
302.301
302.338
302.375
302.412
302.449
302.486
302.522
302.559
302.595
302.63
302.666
302.701
302.736
302.77
302.804
302.838
302.872
302.905
302.938
302.971
303.003
303.035
303.067
303.099
303.13
303.162
303.193
303.224
303.254
303.285
303.315
303.345
303.375
303.405
303.434
303.464
303.493
303.522
303.551
303.58
303.609
303.638
303.667
303.695
303.724
303.752
303.78
303.808
303.836
303.864
303.892
303.92
303.948
303.976
304.003
304.031
304.058
304.085
304.113
304.14
304.167
304.194
304.221
304.248
304.275
304.302
304.328
304.355
304.381
304.408
304.434
304.461
304.487
304.513
304.539
304.565
304.591
304.616
304.642
304.667
304.692
304.718
304.743
304.768
304.792
304.817
304.841
304.866
304.89
304.914
304.937
304.961
304.984
305.007
305.03
305.052
305.075
305.096
305.118
305.139
305.16
305.181
305.201
305.221
305.241
305.26
305.279
305.298
305.316
305.333
305.351
305.367
305.383
305.399
305.414
305.428
305.442
305.455
305.467
305.479
305.49
305.5
305.509
305.517
305.524
305.53
305.535
305.539
305.541
305.542
305.542
305.539
305.535
305.529
305.521
305.511
305.498
305.483
305.465
305.443
305.418
305.389
305.356
305.318
305.275
305.225
305.169
305.105
305.031
304.946
304.848
304.737
304.611
304.47
301.973
302.007
302.042
302.077
302.112
302.148
302.183
302.218
302.254
302.289
302.325
302.36
302.395
302.43
302.465
302.5
302.535
302.569
302.603
302.637
302.671
302.704
302.738
302.771
302.804
302.836
302.869
302.901
302.933
302.964
302.996
303.027
303.058
303.089
303.12
303.151
303.181
303.212
303.242
303.272
303.301
303.331
303.361
303.39
303.419
303.449
303.478
303.507
303.535
303.564
303.593
303.622
303.65
303.678
303.707
303.735
303.763
303.791
303.819
303.847
303.875
303.903
303.931
303.958
303.986
304.014
304.041
304.068
304.096
304.123
304.15
304.177
304.204
304.231
304.258
304.285
304.312
304.338
304.365
304.392
304.418
304.444
304.47
304.497
304.523
304.548
304.574
304.6
304.625
304.651
304.676
304.701
304.726
304.751
304.775
304.8
304.824
304.848
304.872
304.896
304.919
304.942
304.965
304.987
305.01
305.032
305.053
305.075
305.096
305.117
305.137
305.157
305.177
305.196
305.215
305.233
305.251
305.268
305.285
305.302
305.317
305.333
305.347
305.361
305.375
305.388
305.399
305.411
305.421
305.43
305.439
305.446
305.453
305.458
305.462
305.465
305.466
305.466
305.464
305.46
305.454
305.446
305.436
305.424
305.409
305.391
305.37
305.345
305.316
305.284
305.246
305.203
305.154
305.098
305.034
304.961
304.877
304.782
304.674
304.553
304.419
301.906
301.938
301.971
302.004
302.037
302.07
302.103
302.137
302.17
302.204
302.238
302.271
302.305
302.339
302.372
302.406
302.439
302.472
302.506
302.539
302.571
302.604
302.637
302.669
302.701
302.733
302.765
302.797
302.829
302.86
302.891
302.922
302.953
302.984
303.014
303.045
303.075
303.105
303.135
303.165
303.195
303.225
303.254
303.284
303.313
303.342
303.372
303.401
303.43
303.458
303.487
303.516
303.545
303.573
303.602
303.63
303.658
303.687
303.715
303.743
303.771
303.799
303.827
303.855
303.883
303.91
303.938
303.966
303.993
304.021
304.048
304.076
304.103
304.13
304.157
304.184
304.211
304.238
304.265
304.292
304.319
304.345
304.372
304.398
304.425
304.451
304.477
304.503
304.529
304.554
304.58
304.605
304.631
304.656
304.681
304.706
304.73
304.754
304.779
304.803
304.826
304.85
304.873
304.896
304.919
304.941
304.963
304.985
305.006
305.027
305.048
305.068
305.088
305.108
305.127
305.145
305.164
305.181
305.199
305.215
305.232
305.247
305.262
305.277
305.29
305.303
305.316
305.327
305.338
305.348
305.356
305.364
305.371
305.377
305.381
305.384
305.385
305.385
305.384
305.38
305.375
305.368
305.358
305.346
305.331
305.313
305.293
305.268
305.24
305.207
305.17
305.128
305.079
305.024
304.961
304.889
304.807
304.715
304.611
304.495
304.368
301.839
301.869
301.9
301.931
301.962
301.993
302.024
302.056
302.087
302.119
302.151
302.183
302.215
302.248
302.28
302.312
302.344
302.376
302.408
302.44
302.472
302.504
302.535
302.567
302.598
302.63
302.661
302.692
302.723
302.754
302.785
302.816
302.846
302.877
302.907
302.937
302.967
302.997
303.027
303.057
303.086
303.116
303.145
303.175
303.204
303.233
303.262
303.292
303.321
303.349
303.378
303.407
303.436
303.464
303.493
303.521
303.55
303.578
303.607
303.635
303.663
303.691
303.719
303.747
303.775
303.803
303.831
303.859
303.887
303.914
303.942
303.97
303.997
304.025
304.052
304.079
304.107
304.134
304.161
304.188
304.215
304.242
304.269
304.295
304.322
304.349
304.375
304.401
304.427
304.453
304.479
304.505
304.531
304.556
304.581
304.607
304.631
304.656
304.681
304.705
304.729
304.753
304.776
304.8
304.823
304.845
304.868
304.89
304.912
304.933
304.954
304.975
304.995
305.015
305.034
305.053
305.072
305.09
305.108
305.125
305.141
305.157
305.172
305.187
305.201
305.215
305.227
305.239
305.25
305.26
305.269
305.277
305.285
305.29
305.295
305.298
305.3
305.301
305.299
305.296
305.291
305.284
305.275
305.263
305.249
305.232
305.211
305.187
305.16
305.128
305.091
305.049
305.001
304.947
304.885
304.815
304.735
304.646
304.546
304.436
304.315
301.772
301.801
301.829
301.858
301.887
301.916
301.946
301.975
302.005
302.035
302.066
302.096
302.127
302.157
302.188
302.219
302.249
302.28
302.311
302.342
302.372
302.403
302.434
302.465
302.495
302.526
302.556
302.587
302.617
302.647
302.678
302.708
302.738
302.768
302.798
302.828
302.857
302.887
302.917
302.946
302.976
303.005
303.034
303.063
303.093
303.122
303.151
303.18
303.209
303.237
303.266
303.295
303.324
303.352
303.381
303.41
303.438
303.466
303.495
303.523
303.552
303.58
303.608
303.636
303.664
303.692
303.72
303.748
303.776
303.804
303.832
303.86
303.888
303.915
303.943
303.97
303.998
304.025
304.053
304.08
304.107
304.134
304.161
304.188
304.215
304.242
304.269
304.295
304.322
304.348
304.374
304.4
304.426
304.452
304.478
304.503
304.528
304.553
304.578
304.603
304.627
304.651
304.675
304.699
304.722
304.745
304.768
304.79
304.812
304.834
304.856
304.877
304.897
304.917
304.937
304.957
304.975
304.994
305.012
305.029
305.046
305.062
305.078
305.093
305.107
305.121
305.134
305.146
305.158
305.168
305.177
305.186
305.193
305.2
305.205
305.208
305.211
305.211
305.211
305.208
305.203
305.197
305.188
305.177
305.163
305.146
305.126
305.103
305.075
305.044
305.008
304.967
304.92
304.867
304.806
304.738
304.661
304.575
304.48
304.374
304.26
301.706
301.732
301.758
301.785
301.813
301.84
301.868
301.896
301.924
301.952
301.981
302.01
302.039
302.068
302.097
302.126
302.155
302.185
302.214
302.244
302.273
302.303
302.333
302.362
302.392
302.422
302.451
302.481
302.511
302.54
302.57
302.599
302.629
302.658
302.688
302.717
302.746
302.775
302.805
302.834
302.863
302.892
302.921
302.95
302.979
303.008
303.037
303.066
303.094
303.123
303.152
303.18
303.209
303.238
303.266
303.295
303.323
303.352
303.38
303.408
303.437
303.465
303.493
303.522
303.55
303.578
303.606
303.634
303.662
303.69
303.718
303.746
303.774
303.802
303.83
303.857
303.885
303.913
303.94
303.968
303.995
304.023
304.05
304.077
304.104
304.131
304.158
304.185
304.212
304.238
304.265
304.291
304.317
304.343
304.369
304.395
304.421
304.446
304.471
304.496
304.521
304.545
304.569
304.593
304.617
304.64
304.663
304.686
304.708
304.731
304.752
304.774
304.794
304.815
304.835
304.855
304.874
304.893
304.911
304.929
304.946
304.962
304.978
304.994
305.009
305.023
305.036
305.048
305.06
305.071
305.081
305.09
305.097
305.104
305.11
305.114
305.116
305.117
305.117
305.115
305.111
305.104
305.096
305.085
305.072
305.056
305.036
305.013
304.987
304.956
304.921
304.881
304.835
304.783
304.725
304.659
304.585
304.502
304.411
304.312
304.204
301.639
301.663
301.688
301.714
301.739
301.765
301.791
301.817
301.844
301.87
301.897
301.924
301.952
301.979
302.007
302.035
302.063
302.091
302.119
302.147
302.175
302.204
302.232
302.261
302.289
302.318
302.347
302.376
302.404
302.433
302.462
302.491
302.519
302.548
302.577
302.606
302.634
302.663
302.692
302.72
302.749
302.778
302.806
302.835
302.864
302.892
302.921
302.949
302.978
303.007
303.035
303.063
303.092
303.12
303.149
303.177
303.206
303.234
303.262
303.291
303.319
303.347
303.376
303.404
303.432
303.46
303.489
303.517
303.545
303.573
303.601
303.629
303.657
303.685
303.713
303.741
303.769
303.796
303.824
303.852
303.879
303.907
303.934
303.962
303.989
304.016
304.044
304.071
304.098
304.124
304.151
304.178
304.204
304.23
304.257
304.283
304.308
304.334
304.359
304.385
304.41
304.434
304.459
304.483
304.507
304.531
304.554
304.577
304.6
304.622
304.644
304.666
304.687
304.708
304.728
304.748
304.768
304.787
304.805
304.823
304.841
304.858
304.874
304.89
304.905
304.919
304.933
304.946
304.958
304.969
304.979
304.988
304.996
305.004
305.009
305.014
305.017
305.019
305.019
305.017
305.013
305.007
305
304.989
304.976
304.961
304.942
304.92
304.894
304.865
304.83
304.791
304.747
304.697
304.64
304.577
304.506
304.427
304.341
304.246
304.145
301.573
301.596
301.619
301.642
301.666
301.69
301.715
301.739
301.764
301.789
301.815
301.84
301.866
301.892
301.918
301.945
301.971
301.998
302.024
302.051
302.078
302.106
302.133
302.16
302.188
302.215
302.243
302.271
302.298
302.326
302.354
302.382
302.41
302.438
302.466
302.494
302.522
302.55
302.578
302.606
302.635
302.663
302.691
302.719
302.747
302.776
302.804
302.832
302.86
302.888
302.917
302.945
302.973
303.001
303.029
303.058
303.086
303.114
303.142
303.171
303.199
303.227
303.255
303.283
303.312
303.34
303.368
303.396
303.424
303.452
303.481
303.509
303.537
303.565
303.593
303.621
303.649
303.676
303.704
303.732
303.76
303.788
303.815
303.843
303.87
303.898
303.925
303.952
303.979
304.006
304.033
304.06
304.087
304.113
304.14
304.166
304.192
304.218
304.243
304.269
304.294
304.319
304.344
304.368
304.392
304.416
304.44
304.463
304.486
304.509
304.531
304.553
304.575
304.596
304.616
304.637
304.656
304.676
304.695
304.713
304.731
304.748
304.765
304.781
304.796
304.811
304.825
304.838
304.85
304.862
304.872
304.882
304.89
304.898
304.904
304.909
304.913
304.915
304.915
304.914
304.911
304.905
304.898
304.888
304.876
304.861
304.843
304.822
304.797
304.769
304.736
304.698
304.655
304.607
304.552
304.492
304.424
304.349
304.267
304.178
304.083
301.507
301.528
301.55
301.572
301.594
301.617
301.64
301.663
301.686
301.71
301.733
301.758
301.782
301.806
301.831
301.856
301.881
301.906
301.932
301.957
301.983
302.009
302.035
302.061
302.087
302.114
302.14
302.167
302.194
302.22
302.247
302.274
302.301
302.328
302.356
302.383
302.41
302.438
302.465
302.492
302.52
302.547
302.575
302.603
302.63
302.658
302.686
302.714
302.741
302.769
302.797
302.825
302.853
302.881
302.909
302.937
302.964
302.992
303.02
303.048
303.076
303.105
303.133
303.161
303.189
303.217
303.245
303.273
303.301
303.329
303.357
303.385
303.413
303.441
303.469
303.497
303.525
303.553
303.581
303.609
303.637
303.665
303.692
303.72
303.748
303.775
303.802
303.83
303.857
303.884
303.911
303.938
303.965
303.992
304.018
304.045
304.071
304.097
304.123
304.148
304.174
304.199
304.224
304.249
304.273
304.297
304.321
304.345
304.368
304.391
304.413
304.436
304.457
304.479
304.5
304.52
304.54
304.56
304.579
304.598
304.616
304.633
304.65
304.666
304.682
304.697
304.711
304.725
304.737
304.749
304.76
304.77
304.779
304.787
304.794
304.799
304.803
304.805
304.806
304.806
304.803
304.798
304.792
304.783
304.771
304.757
304.74
304.72
304.696
304.668
304.636
304.6
304.559
304.513
304.461
304.403
304.339
304.269
304.191
304.107
304.017
301.442
301.462
301.482
301.503
301.523
301.544
301.566
301.587
301.609
301.631
301.654
301.676
301.699
301.722
301.745
301.769
301.792
301.816
301.84
301.865
301.889
301.914
301.938
301.963
301.988
302.014
302.039
302.064
302.09
302.116
302.142
302.168
302.194
302.22
302.246
302.272
302.299
302.325
302.352
302.379
302.406
302.432
302.459
302.486
302.513
302.54
302.568
302.595
302.622
302.649
302.677
302.704
302.732
302.759
302.787
302.814
302.842
302.869
302.897
302.925
302.953
302.98
303.008
303.036
303.064
303.092
303.12
303.148
303.176
303.204
303.232
303.259
303.287
303.315
303.343
303.371
303.399
303.427
303.455
303.483
303.511
303.538
303.566
303.594
303.621
303.649
303.677
303.704
303.731
303.759
303.786
303.813
303.84
303.867
303.893
303.92
303.946
303.972
303.998
304.024
304.05
304.075
304.1
304.125
304.15
304.174
304.198
304.222
304.245
304.268
304.291
304.313
304.335
304.357
304.378
304.399
304.419
304.439
304.458
304.477
304.495
304.513
304.53
304.547
304.563
304.578
304.593
304.607
304.62
304.632
304.643
304.653
304.663
304.671
304.678
304.684
304.688
304.691
304.693
304.692
304.69
304.686
304.68
304.672
304.661
304.648
304.632
304.612
304.59
304.563
304.533
304.499
304.46
304.416
304.366
304.312
304.251
304.184
304.112
304.033
303.949
301.377
301.396
301.415
301.434
301.454
301.473
301.493
301.513
301.534
301.554
301.575
301.597
301.618
301.64
301.661
301.683
301.706
301.728
301.751
301.774
301.797
301.82
301.844
301.867
301.891
301.915
301.939
301.964
301.988
302.013
302.038
302.062
302.087
302.113
302.138
302.163
302.189
302.214
302.24
302.266
302.292
302.318
302.344
302.37
302.397
302.423
302.45
302.476
302.503
302.53
302.556
302.583
302.61
302.637
302.664
302.691
302.719
302.746
302.773
302.8
302.828
302.855
302.883
302.91
302.938
302.965
302.993
303.021
303.048
303.076
303.104
303.132
303.16
303.187
303.215
303.243
303.271
303.299
303.326
303.354
303.382
303.41
303.437
303.465
303.493
303.52
303.548
303.575
303.602
303.63
303.657
303.684
303.711
303.738
303.764
303.791
303.817
303.844
303.87
303.896
303.921
303.947
303.972
303.997
304.022
304.046
304.07
304.094
304.118
304.141
304.164
304.186
304.209
304.23
304.252
304.273
304.293
304.313
304.333
304.352
304.37
304.388
304.406
304.423
304.439
304.454
304.469
304.483
304.497
304.509
304.521
304.531
304.541
304.55
304.557
304.563
304.568
304.572
304.573
304.574
304.572
304.569
304.564
304.556
304.546
304.534
304.518
304.5
304.479
304.454
304.425
304.393
304.356
304.314
304.267
304.216
304.159
304.096
304.028
303.955
303.876
301.314
301.331
301.349
301.367
301.385
301.403
301.422
301.441
301.46
301.479
301.499
301.519
301.539
301.559
301.58
301.6
301.621
301.642
301.664
301.685
301.707
301.729
301.751
301.774
301.796
301.819
301.842
301.865
301.888
301.912
301.936
301.959
301.983
302.007
302.032
302.056
302.081
302.105
302.13
302.155
302.18
302.205
302.23
302.256
302.281
302.307
302.333
302.359
302.385
302.411
302.437
302.463
302.489
302.516
302.542
302.569
302.595
302.622
302.649
302.676
302.703
302.73
302.757
302.784
302.811
302.838
302.865
302.893
302.92
302.948
302.975
303.003
303.03
303.058
303.085
303.113
303.14
303.168
303.196
303.223
303.251
303.278
303.306
303.334
303.361
303.389
303.416
303.443
303.471
303.498
303.525
303.552
303.579
303.606
303.632
303.659
303.685
303.712
303.738
303.764
303.789
303.815
303.84
303.865
303.89
303.914
303.939
303.963
303.986
304.01
304.032
304.055
304.077
304.099
304.121
304.142
304.162
304.183
304.202
304.222
304.24
304.258
304.276
304.293
304.31
304.325
304.34
304.355
304.368
304.381
304.393
304.404
304.414
304.423
304.431
304.437
304.443
304.447
304.449
304.45
304.449
304.447
304.442
304.435
304.426
304.414
304.4
304.383
304.363
304.34
304.313
304.282
304.247
304.208
304.165
304.116
304.063
304.005
303.941
303.873
303.8
301.252
301.268
301.285
301.301
301.318
301.335
301.353
301.37
301.388
301.406
301.424
301.443
301.462
301.481
301.5
301.519
301.539
301.559
301.579
301.599
301.62
301.64
301.661
301.683
301.704
301.725
301.747
301.769
301.791
301.813
301.836
301.859
301.881
301.904
301.928
301.951
301.974
301.998
302.022
302.046
302.07
302.094
302.118
302.143
302.168
302.192
302.217
302.242
302.267
302.293
302.318
302.344
302.369
302.395
302.421
302.447
302.473
302.499
302.525
302.551
302.578
302.604
302.631
302.657
302.684
302.711
302.738
302.764
302.791
302.818
302.846
302.873
302.9
302.927
302.954
302.982
303.009
303.036
303.064
303.091
303.118
303.146
303.173
303.2
303.228
303.255
303.282
303.309
303.336
303.363
303.39
303.417
303.444
303.471
303.497
303.524
303.55
303.576
303.602
303.628
303.654
303.679
303.705
303.73
303.754
303.779
303.803
303.827
303.851
303.874
303.897
303.92
303.942
303.964
303.985
304.007
304.027
304.048
304.067
304.087
304.106
304.124
304.142
304.159
304.176
304.192
304.207
304.221
304.235
304.248
304.261
304.272
304.282
304.291
304.3
304.307
304.312
304.317
304.32
304.321
304.321
304.319
304.315
304.309
304.301
304.29
304.277
304.261
304.243
304.221
304.196
304.167
304.135
304.098
304.058
304.013
303.963
303.909
303.85
303.786
303.718
301.191
301.206
301.222
301.237
301.253
301.269
301.285
301.301
301.318
301.335
301.352
301.369
301.387
301.405
301.422
301.441
301.459
301.478
301.497
301.516
301.535
301.554
301.574
301.594
301.614
301.635
301.655
301.676
301.697
301.718
301.739
301.761
301.782
301.804
301.826
301.849
301.871
301.893
301.916
301.939
301.962
301.985
302.009
302.032
302.056
302.08
302.104
302.128
302.152
302.177
302.201
302.226
302.251
302.276
302.301
302.326
302.351
302.377
302.402
302.428
302.454
302.479
302.505
302.531
302.558
302.584
302.61
302.636
302.663
302.689
302.716
302.743
302.769
302.796
302.823
302.85
302.877
302.904
302.931
302.958
302.985
303.012
303.039
303.066
303.093
303.12
303.147
303.174
303.201
303.227
303.254
303.281
303.307
303.334
303.36
303.387
303.413
303.439
303.464
303.49
303.516
303.541
303.566
303.591
303.616
303.64
303.664
303.688
303.712
303.735
303.758
303.78
303.803
303.825
303.846
303.867
303.888
303.908
303.928
303.948
303.967
303.985
304.003
304.02
304.037
304.053
304.069
304.083
304.097
304.111
304.123
304.135
304.145
304.155
304.164
304.171
304.177
304.182
304.186
304.188
304.188
304.187
304.183
304.178
304.171
304.161
304.15
304.135
304.118
304.098
304.074
304.048
304.018
303.984
303.946
303.905
303.859
303.809
303.754
303.696
303.633
301.132
301.146
301.16
301.175
301.189
301.204
301.219
301.235
301.25
301.266
301.282
301.298
301.314
301.331
301.348
301.365
301.382
301.399
301.417
301.435
301.453
301.471
301.49
301.509
301.528
301.547
301.566
301.586
301.605
301.625
301.646
301.666
301.686
301.707
301.728
301.749
301.771
301.792
301.814
301.836
301.858
301.88
301.902
301.925
301.947
301.97
301.993
302.017
302.04
302.063
302.087
302.111
302.135
302.159
302.183
302.208
302.232
302.257
302.281
302.306
302.331
302.356
302.382
302.407
302.432
302.458
302.484
302.509
302.535
302.561
302.587
302.613
302.639
302.666
302.692
302.718
302.745
302.771
302.798
302.824
302.851
302.878
302.904
302.931
302.957
302.984
303.01
303.037
303.064
303.09
303.116
303.143
303.169
303.195
303.221
303.247
303.273
303.299
303.324
303.35
303.375
303.4
303.425
303.45
303.474
303.498
303.522
303.546
303.57
303.593
303.615
303.638
303.66
303.682
303.703
303.725
303.745
303.766
303.785
303.805
303.824
303.842
303.86
303.878
303.894
303.911
303.926
303.941
303.955
303.969
303.982
303.993
304.004
304.014
304.023
304.031
304.037
304.043
304.047
304.049
304.05
304.05
304.047
304.043
304.037
304.028
304.017
304.004
303.989
303.97
303.949
303.924
303.897
303.865
303.831
303.792
303.75
303.704
303.654
303.6
303.543
301.075
301.088
301.101
301.115
301.128
301.142
301.156
301.17
301.185
301.2
301.214
301.229
301.245
301.26
301.276
301.292
301.308
301.324
301.341
301.357
301.374
301.392
301.409
301.427
301.444
301.462
301.481
301.499
301.518
301.536
301.555
301.575
301.594
301.614
301.633
301.653
301.674
301.694
301.715
301.735
301.756
301.778
301.799
301.82
301.842
301.864
301.886
301.908
301.931
301.953
301.976
301.999
302.022
302.045
302.068
302.092
302.115
302.139
302.163
302.187
302.211
302.236
302.26
302.285
302.309
302.334
302.359
302.384
302.409
302.435
302.46
302.485
302.511
302.536
302.562
302.588
302.614
302.64
302.666
302.692
302.718
302.744
302.77
302.796
302.822
302.848
302.874
302.9
302.926
302.952
302.978
303.004
303.03
303.056
303.081
303.107
303.133
303.158
303.183
303.208
303.233
303.258
303.282
303.307
303.331
303.355
303.378
303.402
303.425
303.448
303.471
303.493
303.515
303.537
303.558
303.579
303.599
303.62
303.639
303.659
303.678
303.696
303.714
303.731
303.748
303.765
303.78
303.795
303.81
303.823
303.836
303.848
303.859
303.869
303.879
303.887
303.894
303.899
303.904
303.907
303.908
303.908
303.907
303.903
303.898
303.891
303.881
303.869
303.855
303.838
303.819
303.797
303.771
303.743
303.711
303.676
303.638
303.596
303.55
303.501
303.448
301.02
301.032
301.044
301.057
301.07
301.082
301.095
301.109
301.122
301.136
301.15
301.164
301.178
301.192
301.207
301.222
301.237
301.252
301.268
301.283
301.299
301.315
301.332
301.348
301.365
301.382
301.399
301.416
301.434
301.451
301.469
301.487
301.506
301.524
301.543
301.562
301.581
301.6
301.62
301.639
301.659
301.679
301.7
301.72
301.741
301.761
301.783
301.804
301.825
301.847
301.868
301.89
301.912
301.934
301.957
301.979
302.002
302.025
302.048
302.071
302.095
302.118
302.142
302.165
302.189
302.213
302.237
302.262
302.286
302.31
302.335
302.36
302.384
302.409
302.434
302.459
302.484
302.51
302.535
302.56
302.586
302.611
302.637
302.662
302.688
302.713
302.739
302.764
302.79
302.815
302.84
302.866
302.891
302.916
302.942
302.967
302.992
303.016
303.041
303.066
303.09
303.115
303.139
303.163
303.186
303.21
303.233
303.256
303.279
303.302
303.324
303.346
303.368
303.389
303.41
303.431
303.451
303.471
303.491
303.51
303.529
303.547
303.565
303.583
303.6
303.616
303.631
303.647
303.661
303.675
303.688
303.7
303.711
303.721
303.731
303.739
303.746
303.753
303.757
303.761
303.763
303.764
303.763
303.76
303.756
303.75
303.741
303.731
303.718
303.703
303.686
303.666
303.643
303.617
303.588
303.557
303.522
303.483
303.442
303.397
303.349
300.967
300.979
300.99
301.002
301.013
301.025
301.038
301.05
301.062
301.075
301.088
301.101
301.115
301.128
301.142
301.156
301.17
301.184
301.198
301.213
301.228
301.243
301.258
301.273
301.289
301.305
301.321
301.337
301.354
301.37
301.387
301.404
301.421
301.439
301.456
301.474
301.492
301.511
301.529
301.548
301.566
301.585
301.605
301.624
301.644
301.663
301.683
301.704
301.724
301.744
301.765
301.786
301.807
301.828
301.85
301.871
301.893
301.915
301.937
301.959
301.982
302.004
302.027
302.05
302.073
302.096
302.119
302.142
302.166
302.19
302.213
302.237
302.261
302.285
302.309
302.334
302.358
302.382
302.407
302.431
302.456
302.481
302.505
302.53
302.555
302.58
302.605
302.629
302.654
302.679
302.704
302.729
302.753
302.778
302.802
302.827
302.851
302.876
302.9
302.924
302.948
302.972
302.995
303.019
303.042
303.065
303.088
303.11
303.133
303.155
303.177
303.199
303.22
303.241
303.262
303.282
303.302
303.322
303.342
303.361
303.379
303.397
303.415
303.432
303.449
303.465
303.481
303.496
303.51
303.524
303.537
303.549
303.561
303.571
303.581
303.589
303.597
303.603
303.609
303.613
303.615
303.617
303.617
303.615
303.611
303.606
303.599
303.59
303.579
303.566
303.55
303.532
303.512
303.489
303.463
303.434
303.402
303.368
303.331
303.29
303.246
300.917
300.928
300.938
300.949
300.96
300.971
300.983
300.994
301.006
301.018
301.03
301.042
301.055
301.067
301.08
301.093
301.106
301.119
301.133
301.146
301.16
301.174
301.189
301.203
301.218
301.233
301.248
301.263
301.278
301.294
301.31
301.326
301.342
301.358
301.375
301.392
301.409
301.426
301.443
301.461
301.479
301.497
301.515
301.533
301.552
301.571
301.589
301.609
301.628
301.647
301.667
301.687
301.707
301.727
301.748
301.768
301.789
301.81
301.831
301.852
301.874
301.895
301.917
301.939
301.961
301.983
302.005
302.028
302.05
302.073
302.096
302.119
302.142
302.165
302.188
302.212
302.235
302.259
302.282
302.306
302.33
302.354
302.378
302.402
302.426
302.45
302.474
302.498
302.522
302.546
302.57
302.594
302.618
302.642
302.666
302.689
302.713
302.737
302.76
302.784
302.807
302.83
302.853
302.876
302.899
302.921
302.943
302.966
302.987
303.009
303.031
303.052
303.073
303.093
303.114
303.134
303.154
303.173
303.192
303.211
303.229
303.247
303.265
303.282
303.298
303.314
303.33
303.345
303.359
303.373
303.386
303.398
303.409
303.42
303.43
303.438
303.446
303.453
303.459
303.463
303.466
303.468
303.469
303.468
303.465
303.461
303.455
303.448
303.438
303.427
303.413
303.397
303.379
303.358
303.335
303.309
303.281
303.25
303.217
303.18
303.141
300.87
300.88
300.89
300.9
300.91
300.921
300.932
300.942
300.953
300.964
300.976
300.987
300.998
301.01
301.022
301.034
301.047
301.059
301.072
301.084
301.097
301.111
301.124
301.137
301.151
301.165
301.179
301.193
301.208
301.223
301.237
301.253
301.268
301.283
301.299
301.315
301.331
301.347
301.363
301.38
301.397
301.413
301.431
301.448
301.466
301.483
301.501
301.519
301.538
301.556
301.575
301.594
301.613
301.632
301.651
301.671
301.69
301.71
301.73
301.751
301.771
301.792
301.812
301.833
301.854
301.876
301.897
301.918
301.94
301.962
301.984
302.006
302.028
302.05
302.072
302.095
302.117
302.14
302.163
302.186
302.209
302.232
302.255
302.278
302.301
302.324
302.347
302.37
302.394
302.417
302.44
302.463
302.486
302.509
302.533
302.556
302.578
302.601
302.624
302.647
302.669
302.692
302.714
302.736
302.758
302.78
302.802
302.823
302.845
302.866
302.887
302.907
302.928
302.948
302.968
302.988
303.007
303.026
303.045
303.063
303.081
303.099
303.116
303.133
303.149
303.165
303.18
303.195
303.209
303.222
303.235
303.248
303.259
303.27
303.279
303.288
303.296
303.303
303.309
303.314
303.318
303.32
303.322
303.321
303.32
303.317
303.312
303.305
303.297
303.287
303.275
303.261
303.245
303.227
303.207
303.184
303.159
303.131
303.101
303.069
303.034
300.827
300.836
300.845
300.855
300.864
300.874
300.884
300.894
300.904
300.915
300.925
300.936
300.947
300.958
300.969
300.98
300.992
301.003
301.015
301.027
301.039
301.052
301.064
301.077
301.09
301.103
301.116
301.129
301.143
301.157
301.171
301.185
301.199
301.214
301.228
301.243
301.258
301.274
301.289
301.305
301.321
301.337
301.353
301.369
301.386
301.402
301.419
301.436
301.454
301.471
301.489
301.507
301.525
301.543
301.561
301.58
301.599
301.618
301.637
301.656
301.675
301.695
301.715
301.735
301.755
301.775
301.795
301.816
301.836
301.857
301.878
301.899
301.92
301.942
301.963
301.984
302.006
302.028
302.05
302.071
302.093
302.115
302.138
302.16
302.182
302.204
302.226
302.249
302.271
302.293
302.316
302.338
302.36
302.383
302.405
302.427
302.449
302.471
302.493
302.515
302.537
302.559
302.58
302.602
302.623
302.644
302.665
302.686
302.707
302.727
302.747
302.768
302.787
302.807
302.826
302.846
302.864
302.883
302.901
302.919
302.937
302.954
302.971
302.987
303.003
303.019
303.034
303.048
303.062
303.076
303.088
303.1
303.112
303.122
303.132
303.141
303.149
303.156
303.163
303.168
303.172
303.175
303.177
303.177
303.176
303.174
303.171
303.165
303.158
303.15
303.14
303.128
303.114
303.098
303.08
303.06
303.038
303.013
302.987
302.958
302.927
300.787
300.796
300.805
300.814
300.823
300.832
300.841
300.85
300.86
300.87
300.88
300.89
300.9
300.91
300.921
300.931
300.942
300.953
300.964
300.975
300.987
300.998
301.01
301.022
301.034
301.046
301.059
301.072
301.084
301.097
301.11
301.124
301.137
301.151
301.165
301.179
301.193
301.207
301.222
301.237
301.252
301.267
301.282
301.297
301.313
301.329
301.345
301.361
301.377
301.394
301.411
301.428
301.445
301.462
301.479
301.497
301.515
301.533
301.551
301.569
301.588
301.606
301.625
301.644
301.663
301.682
301.702
301.721
301.741
301.761
301.781
301.801
301.821
301.841
301.862
301.882
301.903
301.923
301.944
301.965
301.986
302.007
302.029
302.05
302.071
302.092
302.114
302.135
302.156
302.178
302.199
302.221
302.242
302.263
302.285
302.306
302.327
302.349
302.37
302.391
302.412
302.433
302.454
302.474
302.495
302.515
302.536
302.556
302.576
302.596
302.615
302.635
302.654
302.673
302.692
302.711
302.729
302.747
302.765
302.782
302.799
302.816
302.832
302.848
302.864
302.879
302.894
302.908
302.922
302.935
302.947
302.959
302.97
302.981
302.991
303
303.008
303.015
303.022
303.027
303.031
303.035
303.037
303.038
303.038
303.037
303.034
303.03
303.024
303.017
303.009
302.998
302.986
302.973
302.957
302.939
302.92
302.898
302.875
302.849
302.822
300.752
300.76
300.769
300.777
300.786
300.794
300.803
300.812
300.821
300.83
300.839
300.849
300.858
300.868
300.878
300.888
300.898
300.909
300.919
300.93
300.94
300.951
300.962
300.974
300.985
300.997
301.008
301.02
301.032
301.045
301.057
301.07
301.082
301.095
301.108
301.122
301.135
301.149
301.162
301.176
301.19
301.205
301.219
301.234
301.249
301.264
301.279
301.294
301.31
301.325
301.341
301.357
301.373
301.39
301.406
301.423
301.44
301.457
301.474
301.492
301.509
301.527
301.545
301.563
301.581
301.599
301.618
301.636
301.655
301.674
301.693
301.712
301.731
301.751
301.77
301.79
301.809
301.829
301.849
301.869
301.889
301.909
301.93
301.95
301.97
301.991
302.011
302.031
302.052
302.072
302.093
302.114
302.134
302.155
302.175
302.196
302.216
302.236
302.257
302.277
302.297
302.317
302.337
302.357
302.377
302.397
302.416
302.436
302.455
302.474
302.493
302.512
302.531
302.549
302.568
302.586
302.603
302.621
302.638
302.655
302.672
302.688
302.704
302.719
302.735
302.749
302.764
302.777
302.791
302.803
302.816
302.827
302.838
302.849
302.858
302.867
302.875
302.883
302.889
302.895
302.9
302.904
302.906
302.908
302.908
302.908
302.906
302.903
302.898
302.893
302.885
302.877
302.866
302.854
302.841
302.826
302.809
302.79
302.769
302.746
302.722
300.722
300.73
300.738
300.746
300.754
300.762
300.771
300.779
300.788
300.796
300.805
300.814
300.823
300.832
300.842
300.851
300.861
300.871
300.881
300.891
300.901
300.911
300.922
300.932
300.943
300.954
300.965
300.977
300.988
301
301.012
301.023
301.036
301.048
301.06
301.073
301.086
301.098
301.112
301.125
301.138
301.152
301.166
301.179
301.194
301.208
301.222
301.237
301.252
301.267
301.282
301.297
301.312
301.328
301.344
301.36
301.376
301.392
301.408
301.425
301.442
301.458
301.475
301.493
301.51
301.527
301.545
301.563
301.581
301.599
301.617
301.635
301.654
301.672
301.691
301.709
301.728
301.747
301.766
301.785
301.805
301.824
301.843
301.863
301.882
301.902
301.921
301.941
301.96
301.98
302
302.02
302.039
302.059
302.079
302.098
302.118
302.138
302.157
302.177
302.196
302.216
302.235
302.254
302.273
302.292
302.311
302.33
302.349
302.367
302.386
302.404
302.422
302.44
302.457
302.475
302.492
302.509
302.525
302.542
302.558
302.574
302.589
302.604
302.619
302.633
302.647
302.661
302.674
302.686
302.698
302.709
302.72
302.73
302.74
302.749
302.757
302.764
302.771
302.776
302.781
302.785
302.789
302.791
302.792
302.792
302.791
302.788
302.785
302.78
302.774
302.767
302.758
302.748
302.736
302.722
302.707
302.691
302.673
302.653
302.631
300.699
300.706
300.713
300.721
300.729
300.737
300.745
300.753
300.761
300.769
300.778
300.786
300.795
300.804
300.813
300.822
300.831
300.84
300.85
300.86
300.869
300.879
300.889
300.9
300.91
300.92
300.931
300.942
300.953
300.964
300.975
300.987
300.998
301.01
301.022
301.034
301.046
301.058
301.071
301.084
301.096
301.109
301.123
301.136
301.149
301.163
301.177
301.191
301.205
301.219
301.234
301.248
301.263
301.278
301.293
301.308
301.324
301.339
301.355
301.371
301.387
301.403
301.42
301.436
301.453
301.469
301.486
301.503
301.52
301.538
301.555
301.573
301.59
301.608
301.626
301.644
301.662
301.68
301.699
301.717
301.735
301.754
301.773
301.791
301.81
301.829
301.848
301.866
301.885
301.904
301.923
301.942
301.961
301.98
301.999
302.018
302.037
302.056
302.075
302.094
302.113
302.131
302.15
302.169
302.187
302.206
302.224
302.242
302.26
302.278
302.296
302.314
302.331
302.348
302.366
302.382
302.399
302.416
302.432
302.448
302.463
302.478
302.493
302.508
302.522
302.536
302.55
302.563
302.575
302.587
302.599
302.61
302.621
302.631
302.64
302.649
302.657
302.664
302.671
302.677
302.682
302.686
302.689
302.692
302.693
302.694
302.693
302.692
302.689
302.685
302.68
302.674
302.666
302.657
302.647
302.635
302.622
302.607
302.591
302.573
302.553
300.682
300.689
300.696
300.703
300.711
300.718
300.726
300.734
300.742
300.75
300.758
300.766
300.775
300.783
300.792
300.801
300.81
300.819
300.828
300.837
300.847
300.856
300.866
300.876
300.886
300.896
300.907
300.917
300.928
300.938
300.949
300.96
300.972
300.983
300.994
301.006
301.018
301.03
301.042
301.054
301.067
301.079
301.092
301.105
301.118
301.131
301.144
301.158
301.172
301.185
301.199
301.214
301.228
301.242
301.257
301.272
301.287
301.302
301.317
301.332
301.348
301.363
301.379
301.395
301.411
301.428
301.444
301.46
301.477
301.494
301.511
301.528
301.545
301.562
301.579
301.597
301.614
301.632
301.649
301.667
301.685
301.703
301.721
301.739
301.757
301.776
301.794
301.812
301.831
301.849
301.867
301.886
301.904
301.923
301.941
301.96
301.978
301.997
302.015
302.033
302.052
302.07
302.088
302.106
302.124
302.142
302.16
302.178
302.195
302.213
302.23
302.247
302.264
302.281
302.298
302.314
302.331
302.347
302.362
302.378
302.393
302.408
302.422
302.437
302.451
302.464
302.477
302.49
302.502
302.514
302.525
302.536
302.547
302.556
302.566
302.574
302.582
302.589
302.596
302.602
302.607
302.611
302.615
302.618
302.619
302.62
302.62
302.619
302.617
302.614
302.609
302.604
302.597
302.589
302.58
302.569
302.557
302.544
302.529
302.513
302.495
300.672
300.679
300.687
300.694
300.701
300.709
300.716
300.724
300.732
300.74
300.748
300.756
300.764
300.772
300.781
300.79
300.798
300.807
300.816
300.826
300.835
300.844
300.854
300.864
300.873
300.883
300.894
300.904
300.914
300.925
300.935
300.946
300.957
300.968
300.98
300.991
301.003
301.014
301.026
301.038
301.051
301.063
301.075
301.088
301.101
301.114
301.127
301.14
301.154
301.167
301.181
301.195
301.209
301.223
301.237
301.252
301.267
301.281
301.296
301.311
301.327
301.342
301.357
301.373
301.389
301.405
301.421
301.437
301.453
301.47
301.486
301.503
301.52
301.537
301.554
301.571
301.588
301.605
301.623
301.64
301.658
301.675
301.693
301.711
301.729
301.747
301.765
301.783
301.801
301.819
301.837
301.855
301.873
301.891
301.909
301.928
301.946
301.964
301.982
302
302.018
302.036
302.054
302.072
302.089
302.107
302.125
302.142
302.159
302.177
302.194
302.211
302.227
302.244
302.26
302.277
302.293
302.308
302.324
302.339
302.354
302.369
302.383
302.397
302.411
302.424
302.437
302.449
302.462
302.473
302.484
302.495
302.505
302.515
302.524
302.533
302.54
302.548
302.554
302.56
302.565
302.57
302.573
302.576
302.578
302.579
302.579
302.578
302.577
302.574
302.57
302.565
302.558
302.551
302.542
302.532
302.521
302.508
302.494
302.479
302.462
304.391
303.777
303.323
302.954
302.64
302.367
302.126
301.911
301.718
301.544
301.387
301.244
301.114
300.996
300.889
300.791
300.703
300.622
300.549
300.484
300.424
300.371
300.323
300.28
300.242
300.208
300.178
300.152
300.128
300.108
300.091
300.076
300.063
300.052
300.043
300.035
300.029
300.023
300.019
300.015
300.012
300.009
300.007
300.006
300.004
300.003
300.002
300.002
300.001
300.001
300.001
304.389
303.776
303.323
302.954
302.64
302.367
302.126
301.911
301.718
301.544
301.387
301.244
301.114
300.996
300.889
300.791
300.703
300.622
300.549
300.484
300.424
300.371
300.323
300.28
300.242
300.208
300.178
300.152
300.128
300.108
300.091
300.076
300.063
300.052
300.043
300.035
300.029
300.023
300.019
300.015
300.012
300.009
300.007
300.006
300.004
300.003
300.002
300.002
300.001
300.001
300.001
304.384
303.775
303.323
302.954
302.64
302.367
302.126
301.911
301.718
301.544
301.387
301.244
301.114
300.996
300.889
300.791
300.703
300.622
300.55
300.484
300.424
300.371
300.323
300.28
300.242
300.208
300.178
300.152
300.129
300.108
300.091
300.076
300.063
300.052
300.043
300.035
300.029
300.023
300.019
300.015
300.012
300.009
300.007
300.006
300.004
300.003
300.002
300.002
300.001
300.001
300.001
304.377
303.774
303.322
302.953
302.64
302.367
302.126
301.911
301.718
301.544
301.387
301.244
301.114
300.996
300.889
300.791
300.703
300.622
300.55
300.484
300.424
300.371
300.323
300.28
300.242
300.208
300.178
300.152
300.129
300.109
300.091
300.076
300.063
300.052
300.043
300.035
300.029
300.023
300.019
300.015
300.012
300.009
300.007
300.006
300.004
300.003
300.002
300.002
300.001
300.001
300.001
304.368
303.771
303.321
302.953
302.64
302.367
302.126
301.911
301.718
301.545
301.387
301.244
301.115
300.997
300.889
300.792
300.703
300.623
300.55
300.484
300.425
300.371
300.323
300.28
300.242
300.208
300.178
300.152
300.129
300.109
300.091
300.076
300.063
300.052
300.043
300.035
300.029
300.023
300.019
300.015
300.012
300.009
300.007
300.006
300.004
300.003
300.002
300.002
300.001
300.001
300.001
304.356
303.768
303.32
302.953
302.64
302.367
302.126
301.912
301.719
301.545
301.388
301.245
301.115
300.997
300.89
300.792
300.703
300.623
300.55
300.484
300.425
300.371
300.323
300.28
300.242
300.208
300.178
300.152
300.129
300.109
300.091
300.076
300.063
300.052
300.043
300.035
300.029
300.023
300.019
300.015
300.012
300.009
300.007
300.006
300.004
300.003
300.002
300.002
300.001
300.001
300.001
304.342
303.764
303.319
302.952
302.64
302.367
302.127
301.912
301.719
301.545
301.388
301.245
301.115
300.997
300.89
300.793
300.704
300.623
300.551
300.485
300.425
300.372
300.324
300.281
300.242
300.208
300.178
300.152
300.129
300.109
300.091
300.076
300.063
300.052
300.043
300.035
300.029
300.023
300.019
300.015
300.012
300.009
300.007
300.006
300.004
300.003
300.002
300.002
300.001
300.001
300.001
304.326
303.759
303.317
302.952
302.64
302.368
302.127
301.913
301.72
301.546
301.389
301.246
301.116
300.998
300.891
300.793
300.704
300.624
300.551
300.485
300.426
300.372
300.324
300.281
300.243
300.209
300.179
300.152
300.129
300.109
300.091
300.076
300.064
300.053
300.043
300.035
300.029
300.023
300.019
300.015
300.012
300.009
300.007
300.006
300.004
300.003
300.002
300.002
300.001
300.001
300.001
304.308
303.754
303.315
302.951
302.64
302.368
302.128
301.914
301.721
301.547
301.39
301.247
301.117
300.999
300.892
300.794
300.705
300.625
300.552
300.486
300.426
300.372
300.324
300.281
300.243
300.209
300.179
300.152
300.129
300.109
300.092
300.077
300.064
300.053
300.043
300.035
300.029
300.023
300.019
300.015
300.012
300.009
300.007
300.006
300.004
300.003
300.002
300.002
300.001
300.001
300.001
304.287
303.747
303.312
302.95
302.64
302.369
302.129
301.915
301.722
301.548
301.391
301.248
301.118
301
300.893
300.795
300.706
300.625
300.552
300.486
300.427
300.373
300.325
300.282
300.243
300.209
300.179
300.153
300.13
300.109
300.092
300.077
300.064
300.053
300.043
300.036
300.029
300.023
300.019
300.015
300.012
300.009
300.007
300.006
300.004
300.003
300.002
300.002
300.001
300.001
300.001
304.265
303.739
303.31
302.95
302.641
302.37
302.13
301.916
301.724
301.55
301.392
301.249
301.119
301.001
300.894
300.796
300.707
300.626
300.553
300.487
300.427
300.374
300.325
300.282
300.244
300.21
300.18
300.153
300.13
300.11
300.092
300.077
300.064
300.053
300.044
300.036
300.029
300.023
300.019
300.015
300.012
300.009
300.007
300.006
300.004
300.003
300.003
300.002
300.001
300.001
300.001
304.24
303.73
303.307
302.949
302.641
302.371
302.132
301.918
301.725
301.552
301.394
301.251
301.121
301.003
300.895
300.797
300.708
300.628
300.554
300.488
300.428
300.374
300.326
300.283
300.244
300.21
300.18
300.153
300.13
300.11
300.092
300.077
300.064
300.053
300.044
300.036
300.029
300.024
300.019
300.015
300.012
300.009
300.007
300.006
300.004
300.003
300.003
300.002
300.001
300.001
300.001
304.214
303.72
303.303
302.949
302.642
302.373
302.134
301.92
301.728
301.554
301.396
301.253
301.123
301.005
300.897
300.799
300.71
300.629
300.556
300.489
300.429
300.375
300.327
300.284
300.245
300.211
300.181
300.154
300.131
300.11
300.093
300.077
300.064
300.053
300.044
300.036
300.029
300.024
300.019
300.015
300.012
300.009
300.007
300.006
300.004
300.003
300.003
300.002
300.001
300.001
300.001
304.185
303.708
303.299
302.948
302.643
302.375
302.136
301.923
301.73
301.556
301.399
301.256
301.125
301.007
300.899
300.801
300.712
300.631
300.557
300.491
300.431
300.376
300.328
300.285
300.246
300.211
300.181
300.154
300.131
300.111
300.093
300.078
300.065
300.053
300.044
300.036
300.029
300.024
300.019
300.015
300.012
300.01
300.007
300.006
300.004
300.003
300.003
300.002
300.001
300.001
300.001
304.155
303.696
303.294
302.947
302.644
302.377
302.139
301.926
301.733
301.559
301.402
301.258
301.128
301.009
300.901
300.803
300.714
300.632
300.559
300.492
300.432
300.378
300.329
300.285
300.247
300.212
300.182
300.155
300.131
300.111
300.093
300.078
300.065
300.054
300.044
300.036
300.029
300.024
300.019
300.015
300.012
300.01
300.007
300.006
300.004
300.003
300.003
300.002
300.001
300.001
300.001
304.122
303.681
303.289
302.946
302.646
302.379
302.142
301.929
301.737
301.563
301.405
301.262
301.131
301.012
300.904
300.806
300.716
300.635
300.561
300.494
300.433
300.379
300.33
300.287
300.248
300.213
300.183
300.156
300.132
300.112
300.094
300.078
300.065
300.054
300.044
300.036
300.03
300.024
300.019
300.015
300.012
300.01
300.008
300.006
300.004
300.003
300.003
300.002
300.001
300.001
300.001
304.087
303.665
303.282
302.945
302.647
302.382
302.146
301.933
301.741
301.567
301.409
301.265
301.135
301.016
300.907
300.808
300.719
300.637
300.563
300.496
300.435
300.381
300.332
300.288
300.249
300.214
300.183
300.156
300.133
300.112
300.094
300.079
300.066
300.054
300.045
300.037
300.03
300.024
300.019
300.015
300.012
300.01
300.008
300.006
300.005
300.003
300.003
300.002
300.001
300.001
300.001
304.05
303.646
303.275
302.943
302.648
302.385
302.15
301.937
301.745
301.572
301.414
301.27
301.139
301.019
300.911
300.812
300.722
300.64
300.565
300.498
300.437
300.382
300.333
300.289
300.25
300.215
300.184
300.157
300.133
300.113
300.095
300.079
300.066
300.055
300.045
300.037
300.03
300.024
300.019
300.016
300.012
300.01
300.008
300.006
300.005
300.003
300.003
300.002
300.001
300.001
300.001
304.01
303.626
303.266
302.94
302.649
302.388
302.154
301.942
301.751
301.577
301.419
301.275
301.143
301.024
300.915
300.815
300.725
300.643
300.568
300.5
300.439
300.384
300.335
300.291
300.251
300.216
300.185
300.158
300.134
300.113
300.095
300.08
300.066
300.055
300.045
300.037
300.03
300.024
300.02
300.016
300.012
300.01
300.008
300.006
300.005
300.003
300.003
300.002
300.002
300.001
300.001
303.967
303.602
303.255
302.937
302.65
302.391
302.158
301.947
301.756
301.582
301.424
301.28
301.148
301.028
300.919
300.819
300.729
300.646
300.571
300.503
300.442
300.386
300.337
300.292
300.253
300.217
300.186
300.159
300.135
300.114
300.096
300.08
300.067
300.055
300.045
300.037
300.03
300.025
300.02
300.016
300.013
300.01
300.008
300.006
300.005
300.004
300.003
300.002
300.002
300.001
300.001
303.922
303.576
303.241
302.932
302.65
302.394
302.163
301.953
301.762
301.588
301.43
301.286
301.154
301.034
300.924
300.824
300.733
300.65
300.574
300.506
300.444
300.389
300.339
300.294
300.254
300.219
300.187
300.16
300.136
300.115
300.096
300.081
300.067
300.056
300.046
300.038
300.031
300.025
300.02
300.016
300.013
300.01
300.008
300.006
300.005
300.004
300.003
300.002
300.002
300.001
300.001
303.873
303.546
303.225
302.925
302.648
302.396
302.167
301.958
301.768
301.595
301.437
301.292
301.16
301.039
300.929
300.829
300.737
300.654
300.578
300.509
300.447
300.391
300.341
300.296
300.256
300.22
300.189
300.161
300.137
300.115
300.097
300.081
300.068
300.056
300.046
300.038
300.031
300.025
300.02
300.016
300.013
300.01
300.008
300.006
300.005
300.004
300.003
300.002
300.002
300.001
300.001
303.82
303.512
303.206
302.915
302.646
302.398
302.171
301.964
301.775
301.602
301.444
301.299
301.167
301.046
300.935
300.834
300.742
300.658
300.582
300.513
300.45
300.394
300.343
300.298
300.258
300.222
300.19
300.162
300.138
300.116
300.098
300.082
300.068
300.056
300.046
300.038
300.031
300.025
300.02
300.016
300.013
300.01
300.008
300.006
300.005
300.004
300.003
300.002
300.002
300.001
300.001
303.764
303.475
303.183
302.903
302.641
302.398
302.174
301.969
301.781
301.609
301.451
301.306
301.174
301.053
300.942
300.84
300.747
300.663
300.586
300.517
300.454
300.397
300.346
300.3
300.26
300.223
300.191
300.163
300.139
300.117
300.099
300.082
300.069
300.057
300.047
300.038
300.031
300.025
300.02
300.016
300.013
300.01
300.008
300.006
300.005
300.004
300.003
300.002
300.002
300.001
300.001
303.704
303.433
303.156
302.888
302.633
302.396
302.176
301.974
301.787
301.616
301.459
301.314
301.181
301.06
300.948
300.846
300.753
300.668
300.591
300.521
300.457
300.4
300.349
300.303
300.262
300.225
300.193
300.165
300.14
300.118
300.099
300.083
300.069
300.057
300.047
300.039
300.032
300.026
300.021
300.016
300.013
300.01
300.008
300.006
300.005
300.004
300.003
300.002
300.002
300.001
300.001
303.639
303.386
303.125
302.869
302.623
302.392
302.177
301.978
301.793
301.623
301.466
301.322
301.189
301.067
300.956
300.853
300.759
300.674
300.596
300.525
300.461
300.404
300.352
300.305
300.264
300.227
300.195
300.166
300.141
300.119
300.1
300.084
300.07
300.058
300.048
300.039
300.032
300.026
300.021
300.017
300.013
300.01
300.008
300.006
300.005
300.004
300.003
300.002
300.002
300.001
300.001
303.569
303.334
303.089
302.845
302.61
302.386
302.176
301.98
301.798
301.63
301.474
301.33
301.197
301.075
300.963
300.86
300.766
300.68
300.602
300.53
300.466
300.407
300.355
300.308
300.266
300.229
300.196
300.168
300.142
300.12
300.101
300.085
300.07
300.058
300.048
300.039
300.032
300.026
300.021
300.017
300.013
300.011
300.008
300.006
300.005
300.004
300.003
300.002
300.002
300.001
300.001
303.495
303.277
303.047
302.817
302.592
302.377
302.173
301.981
301.802
301.636
301.481
301.338
301.206
301.084
300.971
300.868
300.773
300.686
300.607
300.535
300.47
300.411
300.359
300.311
300.269
300.231
300.198
300.169
300.143
300.121
300.102
300.085
300.071
300.059
300.048
300.04
300.032
300.026
300.021
300.017
300.013
300.011
300.008
300.006
300.005
300.004
300.003
300.002
300.002
300.001
300.001
303.416
303.214
303.001
302.784
302.57
302.364
302.166
301.98
301.805
301.641
301.488
301.346
301.214
301.092
300.979
300.876
300.78
300.693
300.613
300.541
300.475
300.416
300.362
300.314
300.272
300.234
300.2
300.171
300.145
300.122
300.103
300.086
300.072
300.059
300.049
300.04
300.033
300.026
300.021
300.017
300.014
300.011
300.008
300.007
300.005
300.004
300.003
300.002
300.002
300.001
300.001
303.332
303.147
302.949
302.746
302.544
302.347
302.157
301.976
301.805
301.644
301.494
301.353
301.222
301.1
300.988
300.884
300.788
300.7
300.62
300.547
300.48
300.42
300.366
300.318
300.274
300.236
300.202
300.172
300.146
300.124
300.104
300.087
300.072
300.06
300.049
300.04
300.033
300.027
300.021
300.017
300.014
300.011
300.008
300.007
300.005
300.004
300.003
300.002
300.002
300.001
300.001
303.243
303.074
302.892
302.703
302.513
302.326
302.144
301.97
301.804
301.646
301.498
301.359
301.229
301.108
300.996
300.892
300.795
300.707
300.626
300.552
300.485
300.425
300.37
300.321
300.277
300.239
300.204
300.174
300.148
300.125
300.105
300.088
300.073
300.06
300.05
300.041
300.033
300.027
300.022
300.017
300.014
300.011
300.009
300.007
300.005
300.004
300.003
300.002
300.002
300.001
300.001
303.15
302.996
302.829
302.655
302.477
302.301
302.128
301.961
301.8
301.647
301.502
301.365
301.236
301.116
301.004
300.9
300.803
300.714
300.633
300.559
300.491
300.43
300.374
300.325
300.28
300.241
300.206
300.176
300.149
300.126
300.106
300.088
300.074
300.061
300.05
300.041
300.033
300.027
300.022
300.018
300.014
300.011
300.009
300.007
300.005
300.004
300.003
300.002
300.002
300.001
300.001
303.054
302.915
302.763
302.602
302.437
302.272
302.108
301.948
301.793
301.645
301.503
301.369
301.242
301.123
301.011
300.907
300.811
300.722
300.64
300.565
300.496
300.434
300.379
300.328
300.284
300.244
300.209
300.178
300.151
300.127
300.107
300.089
300.074
300.061
300.051
300.041
300.034
300.027
300.022
300.018
300.014
300.011
300.009
300.007
300.005
300.004
300.003
300.002
300.002
300.001
300.001
302.956
302.831
302.692
302.545
302.393
302.239
302.084
301.933
301.784
301.641
301.503
301.372
301.247
301.129
301.019
300.915
300.818
300.729
300.647
300.571
300.502
300.439
300.383
300.332
300.287
300.247
300.211
300.18
300.152
300.128
300.108
300.09
300.075
300.062
300.051
300.042
300.034
300.028
300.022
300.018
300.014
300.011
300.009
300.007
300.005
300.004
300.003
300.002
300.002
300.001
300.001
302.857
302.745
302.62
302.486
302.346
302.202
302.058
301.914
301.773
301.635
301.502
301.374
301.251
301.135
301.025
300.922
300.826
300.736
300.653
300.577
300.508
300.444
300.387
300.336
300.29
300.249
300.213
300.182
300.154
300.13
300.109
300.091
300.076
300.063
300.051
300.042
300.034
300.028
300.022
300.018
300.014
300.011
300.009
300.007
300.005
300.004
300.003
300.002
300.002
300.001
300.001
302.76
302.659
302.547
302.425
302.297
302.164
302.029
301.894
301.759
301.627
301.499
301.374
301.254
301.14
301.031
300.928
300.832
300.743
300.66
300.583
300.513
300.449
300.392
300.34
300.293
300.252
300.215
300.183
300.155
300.131
300.11
300.092
300.076
300.063
300.052
300.042
300.035
300.028
300.023
300.018
300.014
300.011
300.009
300.007
300.005
300.004
300.003
300.002
300.002
300.001
300.001
302.667
302.577
302.476
302.366
302.248
302.126
302
301.872
301.745
301.618
301.494
301.373
301.256
301.143
301.036
300.934
300.839
300.749
300.666
300.589
300.518
300.454
300.396
300.343
300.296
300.255
300.218
300.185
300.157
300.132
300.111
300.093
300.077
300.064
300.052
300.043
300.035
300.028
300.023
300.018
300.014
300.011
300.009
300.007
300.005
300.004
300.003
300.002
300.002
300.001
300.001
302.582
302.502
302.411
302.31
302.202
302.089
301.971
301.851
301.73
301.609
301.489
301.371
301.257
301.146
301.04
300.94
300.844
300.755
300.671
300.594
300.523
300.458
300.4
300.347
300.299
300.257
300.22
300.187
300.158
300.133
300.112
300.093
300.077
300.064
300.053
300.043
300.035
300.028
300.023
300.018
300.015
300.011
300.009
300.007
300.005
300.004
300.003
300.002
300.002
300.001
300.001
302.51
302.437
302.354
302.262
302.162
302.056
301.946
301.832
301.716
301.6
301.484
301.369
301.257
301.149
301.044
300.944
300.849
300.76
300.676
300.599
300.527
300.462
300.403
300.349
300.302
300.259
300.221
300.188
300.159
300.134
300.112
300.094
300.078
300.064
300.053
300.043
300.035
300.028
300.023
300.018
300.015
300.012
300.009
300.007
300.005
300.004
300.003
300.002
300.002
300.001
300.001
302.455
302.388
302.311
302.225
302.131
302.031
301.926
301.817
301.705
301.593
301.48
301.368
301.258
301.15
301.047
300.947
300.853
300.764
300.68
300.602
300.531
300.465
300.406
300.352
300.304
300.261
300.223
300.189
300.16
300.135
300.113
300.094
300.078
300.065
300.053
300.043
300.035
300.029
300.023
300.018
300.015
300.012
300.009
300.007
300.005
300.004
300.003
300.002
300.002
300.001
300.001
302.424
302.36
302.286
302.204
302.113
302.017
301.915
301.808
301.699
301.589
301.478
301.367
301.258
301.152
301.048
300.949
300.855
300.766
300.682
300.604
300.533
300.467
300.407
300.353
300.305
300.262
300.224
300.19
300.161
300.135
300.113
300.095
300.078
300.065
300.053
300.044
300.035
300.029
300.023
300.018
300.015
300.012
300.009
300.007
300.005
300.004
300.003
300.002
300.002
300.001
300.001
)
;

boundaryField
{
    inlet
    {
        type            fixedValue;
        value           uniform 300;
    }
    outlet
    {
        type            zeroGradient;
    }
    top
    {
        type            zeroGradient;
    }
    slip-bottom
    {
        type            zeroGradient;
    }
    bottom
    {
        type            zeroGradient;
    }
    interface
    {
        type            fixedGradient;
        gradient        nonuniform List<scalar> 
161
(
68.0938
68.0938
46.2447
46.2447
46.2447
46.2447
34.2926
34.2926
34.2926
34.2926
29.4468
29.4468
29.4468
28.6419
28.6419
28.6419
28.6419
26.0192
26.0192
26.0192
25.142
25.142
25.142
24.6294
24.6294
24.6294
23.9689
23.9689
23.9689
23.3723
23.3723
23.3723
22.8179
22.8179
22.8179
22.2706
22.2706
22.2706
21.748
21.748
21.748
20.7019
20.7019
21.4429
21.4429
21.4429
20.3996
20.3996
20.8724
20.8724
20.8724
19.8403
19.8403
19.8287
19.8287
19.8287
19.9607
19.9607
20.2929
20.2929
19.0487
19.0487
18.9349
18.9349
18.9739
18.9739
18.8286
18.8286
18.8286
18.6502
18.6502
18.4767
18.2951
18.2951
18.0736
18.0736
17.8729
17.8729
17.1578
17.1578
18.042
18.042
17.6755
17.6755
17.2627
16.5794
16.5794
17.3259
17.3259
17.0015
16.1615
16.1615
16.8851
16.1159
16.1159
16.5927
16.5927
15.8243
16.2946
16.2946
15.5866
16.0553
15.3651
15.3651
15.41
15.8787
15.8787
15.0698
15.4436
14.8169
14.8169
14.8319
14.9654
15.2094
15.2094
14.4896
14.5262
14.6478
14.835
14.835
14.2317
14.2546
14.3489
14.3484
14.4856
14.0476
14.0476
14.0213
14.0575
14.0357
14.0069
13.9735
13.9374
13.9001
13.8625
13.8255
13.79
13.7568
13.727
13.7021
13.6837
13.6737
13.6742
13.6871
13.7148
13.7613
13.8328
13.9436
14.1254
14.287
13.936
14.012
14.6065
15.0368
15.6111
16.3067
18.9665
16.6138
19.3972
22.0807
31.6357
)
;
    }
    defaultFaces
    {
        type            empty;
    }
}


// ************************************************************************* //
