/*--------------------------------*- C++ -*----------------------------------*\
| =========                 |                                                 |
| \\      /  F ield         | OpenFOAM: The Open Source CFD Toolbox           |
|  \\    /   O peration     | Version:  2106                                  |
|   \\  /    A nd           | Website:  www.openfoam.com                      |
|    \\/     M anipulation  |                                                 |
\*---------------------------------------------------------------------------*/
FoamFile
{
    version     2.0;
    format      ascii;
    arch        "LSB;label=32;scalar=64";
    class       volScalarField;
    location    "0.4";
    object      T;
}
// * * * * * * * * * * * * * * * * * * * * * * * * * * * * * * * * * * * * * //

dimensions      [0 0 0 1 0 0 0];

internalField   nonuniform List<scalar> 
12013
(
300
300
300
300
300
300
300
300
300
300
300
300
300
300
300.001
300.001
300.001
300.001
300.002
300.002
300.003
300.004
300.005
300.006
300.007
300.008
300.01
300.012
300.014
300.016
300.019
300.022
300.026
300.03
300.034
300.039
300.045
300.051
300.058
300.065
300.073
300.082
300.092
300.102
300.113
300.126
300.139
300.153
300.168
300.184
300.201
300.22
300.239
300.26
300.282
300.306
300.331
300.357
300.385
300.414
300.445
300.477
300.511
300.547
300.585
300.625
300.667
300.711
300.758
300.807
300.859
300.914
300.972
301.034
301.101
301.172
301.25
301.335
301.43
301.54
301.673
300
300
300
300
300
300
300
300
300
300
300
300
300
300
300.001
300.001
300.001
300.001
300.002
300.002
300.003
300.004
300.005
300.006
300.007
300.008
300.01
300.012
300.014
300.016
300.019
300.022
300.026
300.03
300.034
300.039
300.045
300.051
300.058
300.065
300.073
300.082
300.092
300.102
300.113
300.125
300.139
300.153
300.168
300.184
300.201
300.22
300.239
300.26
300.282
300.306
300.33
300.357
300.384
300.413
300.444
300.477
300.511
300.547
300.584
300.624
300.666
300.71
300.756
300.805
300.857
300.912
300.97
301.031
301.097
301.168
301.244
301.327
301.418
301.519
301.632
300
300
300
300
300
300
300
300
300
300
300
300
300
300
300.001
300.001
300.001
300.001
300.002
300.002
300.003
300.004
300.005
300.006
300.007
300.008
300.01
300.012
300.014
300.016
300.019
300.022
300.026
300.03
300.034
300.039
300.045
300.051
300.058
300.065
300.073
300.082
300.091
300.102
300.113
300.125
300.138
300.152
300.168
300.184
300.201
300.219
300.239
300.26
300.282
300.305
300.33
300.356
300.383
300.413
300.443
300.475
300.509
300.545
300.583
300.622
300.664
300.707
300.754
300.802
300.853
300.907
300.964
301.025
301.089
301.158
301.231
301.31
301.394
301.484
301.579
300
300
300
300
300
300
300
300
300
300
300
300
300
300
300.001
300.001
300.001
300.001
300.002
300.002
300.003
300.004
300.005
300.006
300.007
300.008
300.01
300.012
300.014
300.016
300.019
300.022
300.026
300.03
300.034
300.039
300.045
300.051
300.057
300.065
300.073
300.082
300.091
300.102
300.113
300.125
300.138
300.152
300.167
300.183
300.2
300.219
300.238
300.259
300.281
300.304
300.329
300.355
300.382
300.411
300.441
300.474
300.507
300.543
300.58
300.619
300.66
300.703
300.749
300.797
300.847
300.9
300.956
301.014
301.077
301.142
301.212
301.285
301.362
301.441
301.522
300
300
300
300
300
300
300
300
300
300
300
300
300
300
300.001
300.001
300.001
300.001
300.002
300.002
300.003
300.004
300.005
300.006
300.007
300.008
300.01
300.012
300.014
300.016
300.019
300.022
300.026
300.03
300.034
300.039
300.045
300.051
300.057
300.065
300.073
300.081
300.091
300.101
300.113
300.125
300.138
300.152
300.167
300.183
300.2
300.218
300.237
300.258
300.28
300.303
300.327
300.353
300.38
300.409
300.439
300.471
300.504
300.539
300.576
300.615
300.655
300.698
300.742
300.789
300.838
300.889
300.943
301
301.059
301.121
301.186
301.254
301.323
301.393
301.463
300
300
300
300
300
300
300
300
300
300
300
300
300
300
300.001
300.001
300.001
300.001
300.002
300.002
300.003
300.004
300.005
300.006
300.007
300.008
300.01
300.012
300.014
300.016
300.019
300.022
300.026
300.03
300.034
300.039
300.044
300.05
300.057
300.064
300.072
300.081
300.091
300.101
300.112
300.124
300.137
300.151
300.166
300.182
300.199
300.217
300.236
300.256
300.278
300.301
300.325
300.351
300.377
300.406
300.436
300.467
300.5
300.534
300.571
300.608
300.648
300.69
300.733
300.779
300.826
300.876
300.928
300.982
301.038
301.096
301.156
301.217
301.28
301.342
301.404
300
300
300
300
300
300
300
300
300
300
300
300
300
300
300.001
300.001
300.001
300.001
300.002
300.002
300.003
300.004
300.005
300.006
300.007
300.008
300.01
300.012
300.014
300.016
300.019
300.022
300.025
300.029
300.034
300.039
300.044
300.05
300.057
300.064
300.072
300.081
300.09
300.1
300.111
300.123
300.136
300.15
300.165
300.18
300.197
300.215
300.234
300.254
300.276
300.298
300.322
300.347
300.374
300.402
300.431
300.462
300.494
300.528
300.564
300.601
300.639
300.68
300.722
300.766
300.811
300.859
300.908
300.959
301.011
301.065
301.121
301.177
301.233
301.289
301.344
300
300
300
300
300
300
300
300
300
300
300
300
300
300
300.001
300.001
300.001
300.001
300.002
300.002
300.003
300.004
300.004
300.005
300.007
300.008
300.01
300.011
300.014
300.016
300.019
300.022
300.025
300.029
300.034
300.038
300.044
300.05
300.056
300.064
300.071
300.08
300.089
300.099
300.11
300.122
300.135
300.149
300.163
300.179
300.195
300.213
300.232
300.252
300.273
300.295
300.319
300.343
300.369
300.397
300.426
300.456
300.487
300.52
300.555
300.591
300.628
300.667
300.708
300.75
300.793
300.838
300.885
300.932
300.981
301.031
301.082
301.133
301.183
301.234
301.283
300
300
300
300
300
300
300
300
300
300
300
300
300
300
300.001
300.001
300.001
300.001
300.002
300.002
300.003
300.004
300.004
300.005
300.007
300.008
300.01
300.011
300.013
300.016
300.019
300.022
300.025
300.029
300.033
300.038
300.043
300.049
300.056
300.063
300.071
300.079
300.088
300.098
300.109
300.121
300.133
300.147
300.161
300.177
300.193
300.21
300.229
300.249
300.269
300.291
300.314
300.338
300.364
300.391
300.419
300.448
300.479
300.511
300.544
300.579
300.615
300.652
300.691
300.731
300.772
300.814
300.858
300.902
300.948
300.993
301.039
301.086
301.131
301.177
301.221
300
300
300
300
300
300
300
300
300
300
300
300
300
300
300.001
300.001
300.001
300.001
300.002
300.002
300.003
300.004
300.004
300.005
300.007
300.008
300.009
300.011
300.013
300.016
300.018
300.021
300.025
300.029
300.033
300.038
300.043
300.049
300.055
300.062
300.07
300.078
300.087
300.097
300.108
300.119
300.132
300.145
300.159
300.174
300.19
300.207
300.225
300.245
300.265
300.286
300.309
300.332
300.357
300.383
300.41
300.439
300.468
300.499
300.531
300.564
300.599
300.634
300.671
300.709
300.748
300.787
300.828
300.869
300.91
300.952
300.994
301.036
301.078
301.119
301.159
300
300
300
300
300
300
300
300
300
300
300
300
300
300
300.001
300.001
300.001
300.001
300.002
300.002
300.003
300.004
300.004
300.005
300.006
300.008
300.009
300.011
300.013
300.016
300.018
300.021
300.025
300.028
300.033
300.037
300.042
300.048
300.054
300.061
300.069
300.077
300.086
300.096
300.106
300.118
300.13
300.143
300.156
300.171
300.187
300.204
300.221
300.24
300.26
300.28
300.302
300.325
300.349
300.374
300.4
300.428
300.456
300.486
300.516
300.548
300.581
300.614
300.649
300.684
300.72
300.757
300.795
300.832
300.871
300.909
300.947
300.985
301.022
301.059
301.095
300
300
300
300
300
300
300
300
300
300
300
300
300
300
300.001
300.001
300.001
300.001
300.002
300.002
300.003
300.003
300.004
300.005
300.006
300.008
300.009
300.011
300.013
300.015
300.018
300.021
300.024
300.028
300.032
300.037
300.042
300.047
300.054
300.06
300.068
300.076
300.085
300.094
300.104
300.115
300.127
300.14
300.153
300.168
300.183
300.199
300.216
300.234
300.253
300.274
300.295
300.317
300.34
300.364
300.389
300.415
300.442
300.47
300.499
300.529
300.56
300.591
300.624
300.657
300.69
300.724
300.759
300.793
300.828
300.863
300.897
300.932
300.966
300.999
301.032
300
300
300
300
300
300
300
300
300
300
300
300
300
300
300.001
300.001
300.001
300.001
300.002
300.002
300.003
300.003
300.004
300.005
300.006
300.008
300.009
300.011
300.013
300.015
300.018
300.02
300.024
300.027
300.031
300.036
300.041
300.046
300.052
300.059
300.066
300.074
300.083
300.092
300.102
300.113
300.124
300.136
300.149
300.163
300.178
300.194
300.21
300.228
300.246
300.266
300.286
300.307
300.329
300.352
300.376
300.401
300.426
300.453
300.48
300.508
300.537
300.566
300.596
300.626
300.657
300.689
300.72
300.752
300.783
300.815
300.846
300.877
300.908
300.938
300.967
300
300
300
300
300
300
300
300
300
300
300
300
300
300
300.001
300.001
300.001
300.001
300.002
300.002
300.003
300.003
300.004
300.005
300.006
300.007
300.009
300.011
300.012
300.015
300.017
300.02
300.023
300.027
300.031
300.035
300.04
300.045
300.051
300.058
300.065
300.072
300.081
300.09
300.099
300.11
300.121
300.133
300.145
300.159
300.173
300.188
300.204
300.22
300.238
300.256
300.276
300.296
300.317
300.338
300.361
300.384
300.408
300.433
300.459
300.485
300.511
300.538
300.566
300.594
300.622
300.651
300.68
300.708
300.737
300.765
300.794
300.822
300.849
300.876
300.903
300
300
300
300
300
300
300
300
300
300
300
300
300
300
300.001
300.001
300.001
300.001
300.002
300.002
300.003
300.003
300.004
300.005
300.006
300.007
300.009
300.01
300.012
300.014
300.017
300.019
300.023
300.026
300.03
300.034
300.039
300.044
300.05
300.056
300.063
300.07
300.078
300.087
300.096
300.106
300.117
300.128
300.14
300.153
300.167
300.181
300.196
300.212
300.229
300.246
300.264
300.283
300.303
300.323
300.344
300.366
300.389
300.412
300.435
300.459
300.484
300.509
300.534
300.56
300.585
300.611
300.637
300.663
300.689
300.715
300.74
300.765
300.79
300.814
300.838
300
300
300
300
300
300
300
300
300
300
300
300
300
300
300.001
300.001
300.001
300.001
300.002
300.002
300.003
300.003
300.004
300.005
300.006
300.007
300.008
300.01
300.012
300.014
300.016
300.019
300.022
300.025
300.029
300.033
300.038
300.043
300.048
300.054
300.061
300.068
300.075
300.084
300.092
300.102
300.112
300.123
300.135
300.147
300.16
300.173
300.187
300.202
300.218
300.235
300.252
300.269
300.288
300.307
300.326
300.347
300.367
300.388
300.41
300.432
300.455
300.477
300.5
300.523
300.547
300.57
300.593
300.617
300.64
300.663
300.686
300.708
300.73
300.752
300.773
300
300
300
300
300
300
300
300
300
300
300
300
300
300
300.001
300.001
300.001
300.001
300.002
300.002
300.002
300.003
300.004
300.005
300.006
300.007
300.008
300.01
300.011
300.013
300.016
300.018
300.021
300.024
300.028
300.032
300.036
300.041
300.046
300.052
300.058
300.065
300.072
300.08
300.088
300.097
300.107
300.117
300.128
300.14
300.152
300.165
300.178
300.192
300.207
300.222
300.238
300.254
300.271
300.289
300.307
300.325
300.344
300.364
300.383
300.403
300.424
300.444
300.465
300.486
300.507
300.528
300.548
300.569
300.59
300.61
300.631
300.651
300.67
300.69
300.709
300
300
300
300
300
300
300
300
300
300
300
300
300
300
300
300.001
300.001
300.001
300.001
300.002
300.002
300.003
300.004
300.004
300.005
300.006
300.008
300.009
300.011
300.013
300.015
300.017
300.02
300.023
300.027
300.03
300.035
300.039
300.044
300.049
300.055
300.062
300.069
300.076
300.084
300.092
300.101
300.111
300.121
300.132
300.143
300.155
300.168
300.181
300.194
300.208
300.223
300.238
300.253
300.269
300.286
300.303
300.32
300.337
300.355
300.373
300.392
300.41
300.428
300.447
300.466
300.484
300.503
300.521
300.54
300.558
300.576
300.593
300.611
300.628
300.645
300
300
300
300
300
300
300
300
300
300
300
300
300
300
300
300.001
300.001
300.001
300.001
300.002
300.002
300.003
300.003
300.004
300.005
300.006
300.007
300.009
300.01
300.012
300.014
300.017
300.019
300.022
300.025
300.029
300.033
300.037
300.042
300.047
300.052
300.058
300.065
300.072
300.079
300.087
300.095
300.104
300.114
300.124
300.134
300.145
300.156
300.168
300.181
300.193
300.207
300.22
300.235
300.249
300.264
300.279
300.295
300.31
300.326
300.342
300.359
300.375
300.391
300.408
300.424
300.441
300.457
300.473
300.489
300.505
300.521
300.537
300.552
300.567
300.582
300
300
300
300
300
300
300
300
300
300
300
300
300
300
300
300.001
300.001
300.001
300.001
300.002
300.002
300.003
300.003
300.004
300.005
300.006
300.007
300.008
300.01
300.012
300.013
300.016
300.018
300.021
300.024
300.027
300.031
300.035
300.039
300.044
300.049
300.054
300.06
300.067
300.074
300.081
300.089
300.097
300.105
300.114
300.124
300.134
300.144
300.155
300.166
300.178
300.19
300.202
300.215
300.228
300.241
300.255
300.268
300.282
300.296
300.311
300.325
300.339
300.354
300.368
300.383
300.397
300.411
300.426
300.44
300.454
300.467
300.481
300.494
300.508
300.52
300
300
300
300
300
300
300
300
300
300
300
300
300
300
300
300.001
300.001
300.001
300.001
300.002
300.002
300.002
300.003
300.004
300.005
300.005
300.007
300.008
300.009
300.011
300.013
300.015
300.017
300.019
300.022
300.025
300.029
300.032
300.036
300.041
300.045
300.05
300.056
300.062
300.068
300.074
300.081
300.089
300.097
300.105
300.113
300.122
300.132
300.141
300.151
300.162
300.172
300.183
300.195
300.206
300.218
300.23
300.242
300.254
300.266
300.279
300.291
300.304
300.316
300.329
300.341
300.354
300.366
300.379
300.391
300.403
300.415
300.427
300.438
300.45
300.461
300
300
300
300
300
300
300
300
300
300
300
300
300
300
300
300
300.001
300.001
300.001
300.001
300.002
300.002
300.003
300.003
300.004
300.005
300.006
300.007
300.008
300.01
300.012
300.013
300.015
300.018
300.02
300.023
300.026
300.03
300.033
300.037
300.041
300.046
300.051
300.056
300.062
300.068
300.074
300.081
300.088
300.095
300.103
300.11
300.119
300.127
300.136
300.145
300.155
300.164
300.174
300.184
300.194
300.205
300.215
300.226
300.236
300.247
300.258
300.269
300.28
300.29
300.301
300.312
300.322
300.333
300.343
300.354
300.364
300.374
300.384
300.394
300.403
300
300
300
300
300
300
300
300
300
300
300
300
300
300
300
300
300.001
300.001
300.001
300.001
300.002
300.002
300.003
300.003
300.004
300.005
300.005
300.007
300.008
300.009
300.011
300.012
300.014
300.016
300.018
300.021
300.024
300.027
300.03
300.034
300.037
300.041
300.046
300.051
300.055
300.061
300.066
300.072
300.078
300.085
300.091
300.098
300.106
300.113
300.121
300.129
300.137
300.145
300.153
300.162
300.171
300.18
300.189
300.198
300.207
300.216
300.225
300.234
300.244
300.253
300.262
300.271
300.28
300.289
300.298
300.307
300.315
300.324
300.332
300.341
300.349
300
300
300
300
300
300
300
300
300
300
300
300
300
300
300
300
300
300.001
300.001
300.001
300.001
300.002
300.002
300.003
300.003
300.004
300.005
300.006
300.007
300.008
300.009
300.011
300.013
300.014
300.016
300.019
300.021
300.024
300.027
300.03
300.033
300.037
300.041
300.045
300.049
300.054
300.058
300.064
300.069
300.074
300.08
300.086
300.092
300.099
300.105
300.112
300.119
300.126
300.133
300.141
300.148
300.155
300.163
300.171
300.178
300.186
300.194
300.202
300.209
300.217
300.225
300.232
300.24
300.247
300.255
300.262
300.269
300.276
300.283
300.29
300.297
300
300
300
300
300
300
300
300
300
300
300
300
300
300
300
300
300
300.001
300.001
300.001
300.001
300.002
300.002
300.002
300.003
300.004
300.004
300.005
300.006
300.007
300.008
300.01
300.011
300.013
300.014
300.016
300.019
300.021
300.023
300.026
300.029
300.032
300.035
300.039
300.043
300.047
300.051
300.055
300.06
300.064
300.069
300.074
300.079
300.085
300.09
300.096
300.102
300.108
300.114
300.12
300.126
300.132
300.139
300.145
300.151
300.158
300.164
300.17
300.177
300.183
300.189
300.196
300.202
300.208
300.214
300.22
300.226
300.232
300.238
300.244
300.249
300
300
300
300
300
300
300
300
300
300
300
300
300
300
300
300
300
300
300.001
300.001
300.001
300.001
300.002
300.002
300.003
300.003
300.004
300.004
300.005
300.006
300.007
300.008
300.01
300.011
300.012
300.014
300.016
300.018
300.02
300.022
300.025
300.027
300.03
300.033
300.036
300.04
300.043
300.047
300.05
300.054
300.058
300.063
300.067
300.071
300.076
300.081
300.085
300.09
300.095
300.1
300.105
300.11
300.116
300.121
300.126
300.131
300.136
300.141
300.147
300.152
300.157
300.162
300.167
300.172
300.177
300.182
300.187
300.192
300.196
300.201
300.205
300
300
300
300
300
300
300
300
300
300
300
300
300
300
300
300
300
300
300
300.001
300.001
300.001
300.001
300.002
300.002
300.003
300.003
300.004
300.004
300.005
300.006
300.007
300.008
300.009
300.011
300.012
300.013
300.015
300.017
300.019
300.021
300.023
300.025
300.028
300.03
300.033
300.036
300.039
300.042
300.045
300.048
300.052
300.055
300.059
300.063
300.066
300.07
300.074
300.078
300.082
300.086
300.09
300.094
300.098
300.103
300.107
300.111
300.115
300.119
300.123
300.127
300.131
300.135
300.139
300.143
300.147
300.151
300.155
300.159
300.162
300.166
300
300
300
300
300
300
300
300
300
300
300
300
300
300
300
300
300
300
300
300.001
300.001
300.001
300.001
300.001
300.002
300.002
300.003
300.003
300.004
300.004
300.005
300.006
300.007
300.008
300.009
300.01
300.011
300.012
300.014
300.015
300.017
300.019
300.021
300.023
300.025
300.027
300.029
300.031
300.034
300.036
300.039
300.042
300.045
300.047
300.05
300.053
300.056
300.059
300.063
300.066
300.069
300.072
300.075
300.078
300.082
300.085
300.088
300.091
300.095
300.098
300.101
300.104
300.107
300.11
300.113
300.116
300.119
300.122
300.125
300.128
300.131
300
300
300
300
300
300
300
300
300
300
300
300
300
300
300
300
300
300
300
300
300
300.001
300.001
300.001
300.001
300.002
300.002
300.002
300.003
300.003
300.004
300.005
300.005
300.006
300.007
300.008
300.009
300.01
300.011
300.012
300.013
300.015
300.016
300.018
300.019
300.021
300.023
300.025
300.027
300.029
300.031
300.033
300.035
300.037
300.039
300.042
300.044
300.046
300.049
300.051
300.054
300.056
300.058
300.061
300.063
300.066
300.068
300.071
300.073
300.076
300.078
300.08
300.083
300.085
300.088
300.09
300.092
300.094
300.097
300.099
300.101
300
300
300
300
300
300
300
300
300
300
300
300
300
300
300
300
300
300
300
300
300
300
300.001
300.001
300.001
300.001
300.002
300.002
300.002
300.003
300.003
300.004
300.004
300.005
300.005
300.006
300.007
300.008
300.008
300.009
300.01
300.011
300.013
300.014
300.015
300.016
300.018
300.019
300.02
300.022
300.023
300.025
300.027
300.028
300.03
300.032
300.033
300.035
300.037
300.039
300.04
300.042
300.044
300.046
300.048
300.05
300.051
300.053
300.055
300.057
300.059
300.06
300.062
300.064
300.066
300.067
300.069
300.071
300.072
300.074
300.075
300
300
300
300
300
300
300
300
300
300
300
300
300
300
300
300
300
300
300
300
300
300
300
300
300.001
300.001
300.001
300.001
300.002
300.002
300.002
300.003
300.003
300.003
300.004
300.004
300.005
300.006
300.006
300.007
300.008
300.008
300.009
300.01
300.011
300.012
300.013
300.014
300.015
300.016
300.017
300.018
300.02
300.021
300.022
300.023
300.024
300.026
300.027
300.028
300.03
300.031
300.032
300.033
300.035
300.036
300.037
300.039
300.04
300.041
300.043
300.044
300.045
300.046
300.048
300.049
300.05
300.051
300.052
300.054
300.055
300
300
300
300
300
300
300
300
300
300
300
300
300
300
300
300
300
300
300
300
300
300
300
300
300
300
300.001
300.001
300.001
300.001
300.001
300.002
300.002
300.002
300.003
300.003
300.003
300.004
300.004
300.005
300.005
300.006
300.007
300.007
300.008
300.008
300.009
300.01
300.011
300.011
300.012
300.013
300.014
300.015
300.015
300.016
300.017
300.018
300.019
300.02
300.021
300.022
300.023
300.023
300.024
300.025
300.026
300.027
300.028
300.029
300.03
300.031
300.032
300.032
300.033
300.034
300.035
300.036
300.037
300.037
300.038
300
300
300
300
300
300
300
300
300
300
300
300
300
300
300
300
300
300
300
300
300
300
300
300
300
300
300
300
300.001
300.001
300.001
300.001
300.001
300.001
300.002
300.002
300.002
300.003
300.003
300.003
300.004
300.004
300.004
300.005
300.005
300.006
300.006
300.007
300.007
300.008
300.008
300.009
300.009
300.01
300.01
300.011
300.012
300.012
300.013
300.013
300.014
300.015
300.015
300.016
300.016
300.017
300.018
300.018
300.019
300.019
300.02
300.021
300.021
300.022
300.022
300.023
300.023
300.024
300.024
300.025
300.026
300
300
300
300
300
300
300
300
300
300
300
300
300
300
300
300
300
300
300
300
300
300
300
300
300
300
300
300
300
300
300
300.001
300.001
300.001
300.001
300.001
300.001
300.001
300.002
300.002
300.002
300.002
300.003
300.003
300.003
300.004
300.004
300.004
300.004
300.005
300.005
300.005
300.006
300.006
300.007
300.007
300.007
300.008
300.008
300.008
300.009
300.009
300.01
300.01
300.01
300.011
300.011
300.012
300.012
300.012
300.013
300.013
300.013
300.014
300.014
300.015
300.015
300.015
300.016
300.016
300.016
300
300
300
300
300
300
300
300
300
300
300
300
300
300
300
300
300
300
300
300
300
300
300
300
300
300
300
300
300
300
300
300
300
300
300
300
300.001
300.001
300.001
300.001
300.001
300.001
300.001
300.002
300.002
300.002
300.002
300.002
300.003
300.003
300.003
300.003
300.003
300.004
300.004
300.004
300.004
300.004
300.005
300.005
300.005
300.005
300.006
300.006
300.006
300.006
300.007
300.007
300.007
300.007
300.008
300.008
300.008
300.008
300.008
300.009
300.009
300.009
300.009
300.009
300.01
300
300
300
300
300
300
300
300
300
300
300
300
300
300
300
300
300
300
300
300
300
300
300
300
300
300
300
300
300
300
300
300
300
300
300
300
300
300
300
300
300
300
300.001
300.001
300.001
300.001
300.001
300.001
300.001
300.001
300.001
300.002
300.002
300.002
300.002
300.002
300.002
300.002
300.002
300.003
300.003
300.003
300.003
300.003
300.003
300.003
300.004
300.004
300.004
300.004
300.004
300.004
300.004
300.004
300.005
300.005
300.005
300.005
300.005
300.005
300.005
300
300
300
300
300
300
300
300
300
300
300
300
300
300
300
300
300
299.999
299.999
299.999
299.999
299.999
299.999
299.999
299.999
299.999
299.999
300
300
300
300
300
300
300
300
300
300
300
300
300
300
300
300
300
300
300
300
300
300
300
300
300.001
300.001
300.001
300.001
300.001
300.001
300.001
300.001
300.001
300.001
300.001
300.001
300.001
300.001
300.002
300.002
300.002
300.002
300.002
300.002
300.002
300.002
300.002
300.002
300.002
300.002
300.002
300.002
300.003
300.003
300
300
300
300
300
300
300
300
300
300
300
300
300
300
300
299.999
299.999
299.999
299.999
299.999
299.999
299.999
299.999
299.999
299.999
299.999
299.999
299.999
299.999
299.999
299.999
299.999
299.999
299.999
299.999
299.999
300
300
300
300
300
300
300
300
300
300
300
300
300
300
300
300
300
300
300
300
300
300
300
300
300
300
300
300
300
300
300
300.001
300.001
300.001
300.001
300.001
300.001
300.001
300.001
300.001
300.001
300.001
300.001
300.001
300.001
300
300
300
300
300
300
300
300
300
300
300
300
300
300
299.999
299.999
299.999
299.999
299.999
299.999
299.999
299.999
299.999
299.999
299.999
299.999
299.999
299.999
299.999
299.999
299.999
299.999
299.999
299.999
299.999
299.999
299.999
299.999
299.999
299.999
299.999
299.999
299.999
299.999
299.999
299.999
299.999
300
300
300
300
300
300
300
300
300
300
300
300
300
300
300
300
300
300
300
300
300
300
300
300
300
300
300
300
300
300
300
300
300
300
300
300
300
300
300
300
300
300
300
300
300
300
300
299.999
299.999
299.999
299.999
299.999
299.999
299.999
299.999
299.999
299.999
299.999
299.999
299.999
299.999
299.999
299.999
299.999
299.999
299.999
299.999
299.999
299.999
299.999
299.999
299.999
299.999
299.999
299.999
299.999
299.999
299.999
299.999
299.999
299.999
299.999
299.999
299.999
299.999
299.999
299.999
299.999
299.999
299.999
299.999
299.999
299.999
299.999
299.999
299.999
299.999
299.999
299.999
299.999
299.999
300
300
300
300
300
300
300
300
300
300
300
300
300
300
300
300
300
300
300
300
300
300
300
300
300
300
300
299.999
299.999
299.999
299.999
299.999
299.999
299.999
299.999
299.999
299.999
299.999
299.999
299.999
299.999
299.999
299.999
299.999
299.999
299.999
299.999
299.999
299.999
299.999
299.999
299.999
299.999
299.999
299.999
299.999
299.999
299.999
299.999
299.999
299.999
299.999
299.999
299.999
299.999
299.999
299.999
299.999
299.999
299.999
299.999
299.999
299.999
299.999
299.999
299.999
299.999
299.999
299.999
299.999
299.999
299.999
299.999
299.999
299.999
299.999
299.999
299.999
299.999
299.999
299.999
299.999
299.999
299.999
299.999
301.851
301.967
302.034
302.096
302.149
302.191
302.218
302.249
302.279
302.307
302.33
302.355
302.38
302.404
302.427
302.449
302.47
302.487
302.506
302.525
302.542
302.56
302.578
302.594
302.611
302.627
302.642
302.657
302.671
302.685
302.698
302.711
302.723
302.736
302.748
302.759
302.77
302.78
302.791
302.801
302.81
302.819
302.829
302.838
302.847
302.856
302.864
302.872
302.88
302.887
302.894
302.9
302.907
302.914
302.92
302.926
302.932
302.938
302.943
302.948
302.953
302.957
302.961
302.966
302.97
302.974
302.978
302.981
302.984
302.988
302.991
302.993
302.996
302.999
303.001
303.003
303.005
303.007
303.009
303.01
303.012
303.014
303.015
303.016
303.017
303.018
303.019
303.02
303.02
303.021
303.021
303.022
303.022
303.023
303.023
303.023
303.023
303.023
303.023
303.023
303.023
303.023
303.023
303.023
303.023
303.022
303.022
303.022
303.022
303.021
303.021
303.021
303.021
303.021
303.02
303.02
303.02
303.02
303.02
303.02
303.02
303.02
303.02
303.02
303.019
303.019
303.019
303.018
303.018
303.017
303.016
303.015
303.014
303.012
303.01
303.008
303.005
303.002
302.998
302.994
302.989
302.984
302.978
302.972
302.964
302.955
302.945
302.934
302.92
302.904
302.883
302.86
302.836
302.807
302.773
302.731
302.683
302.594
302.506
302.387
302.217
301.754
301.854
301.931
301.995
302.05
302.095
302.131
302.165
302.197
302.227
302.254
302.28
302.306
302.33
302.354
302.376
302.398
302.417
302.437
302.456
302.474
302.492
302.51
302.527
302.543
302.559
302.575
302.59
302.604
302.618
302.632
302.645
302.658
302.67
302.682
302.693
302.704
302.715
302.725
302.736
302.745
302.755
302.764
302.773
302.782
302.791
302.799
302.807
302.815
302.822
302.829
302.836
302.842
302.849
302.855
302.861
302.867
302.873
302.878
302.883
302.888
302.892
302.897
302.901
302.905
302.909
302.913
302.916
302.919
302.923
302.926
302.928
302.931
302.934
302.936
302.938
302.94
302.942
302.944
302.945
302.947
302.948
302.95
302.951
302.952
302.953
302.953
302.954
302.955
302.956
302.956
302.957
302.957
302.957
302.958
302.958
302.958
302.958
302.958
302.958
302.958
302.958
302.958
302.958
302.957
302.957
302.957
302.957
302.956
302.956
302.956
302.956
302.956
302.955
302.955
302.955
302.955
302.955
302.955
302.955
302.955
302.955
302.955
302.954
302.954
302.954
302.954
302.953
302.953
302.952
302.951
302.95
302.948
302.947
302.945
302.942
302.94
302.937
302.933
302.929
302.925
302.92
302.914
302.907
302.9
302.891
302.881
302.87
302.856
302.84
302.819
302.797
302.772
302.743
302.708
302.665
302.613
302.528
302.436
302.311
302.126
301.674
301.76
301.834
301.898
301.953
302.001
302.042
302.079
302.113
302.144
302.173
302.201
302.228
302.253
302.277
302.3
302.322
302.343
302.363
302.383
302.402
302.42
302.438
302.455
302.472
302.488
302.504
302.519
302.534
302.548
302.562
302.575
302.588
302.601
302.613
302.624
302.635
302.646
302.657
302.667
302.677
302.686
302.696
302.705
302.714
302.723
302.731
302.739
302.746
302.754
302.761
302.768
302.774
302.781
302.787
302.793
302.799
302.805
302.81
302.815
302.819
302.824
302.828
302.832
302.836
302.84
302.844
302.847
302.851
302.854
302.857
302.86
302.862
302.865
302.867
302.869
302.871
302.873
302.875
302.876
302.878
302.879
302.881
302.882
302.883
302.884
302.885
302.885
302.886
302.887
302.887
302.888
302.888
302.888
302.889
302.889
302.889
302.889
302.889
302.889
302.889
302.889
302.889
302.889
302.888
302.888
302.888
302.888
302.887
302.887
302.887
302.887
302.887
302.886
302.886
302.886
302.886
302.886
302.886
302.886
302.886
302.886
302.886
302.885
302.885
302.885
302.885
302.884
302.884
302.883
302.882
302.881
302.879
302.878
302.876
302.874
302.871
302.868
302.865
302.861
302.856
302.851
302.846
302.839
302.832
302.823
302.813
302.802
302.788
302.772
302.752
302.73
302.705
302.675
302.639
302.596
302.541
302.458
302.363
302.234
302.039
301.601
301.677
301.745
301.806
301.86
301.909
301.952
301.99
302.026
302.059
302.09
302.119
302.146
302.172
302.197
302.221
302.244
302.265
302.286
302.306
302.326
302.344
302.362
302.38
302.397
302.414
302.43
302.445
302.46
302.474
302.488
302.502
302.515
302.527
302.54
302.551
302.563
302.574
302.584
302.595
302.604
302.614
302.624
302.633
302.642
302.65
302.659
302.667
302.674
302.682
302.689
302.696
302.702
302.709
302.715
302.721
302.727
302.732
302.738
302.743
302.747
302.752
302.756
302.76
302.764
302.768
302.772
302.775
302.778
302.781
302.784
302.787
302.79
302.792
302.794
302.797
302.798
302.8
302.802
302.804
302.805
302.807
302.808
302.809
302.81
302.811
302.812
302.812
302.813
302.814
302.814
302.815
302.815
302.815
302.816
302.816
302.816
302.816
302.816
302.816
302.816
302.816
302.816
302.816
302.816
302.815
302.815
302.815
302.815
302.814
302.814
302.814
302.814
302.814
302.814
302.813
302.813
302.813
302.813
302.813
302.813
302.813
302.813
302.813
302.812
302.812
302.812
302.811
302.811
302.81
302.809
302.808
302.807
302.805
302.803
302.801
302.799
302.796
302.792
302.789
302.784
302.779
302.774
302.767
302.76
302.752
302.742
302.73
302.717
302.701
302.681
302.659
302.634
302.604
302.567
302.523
302.466
302.385
302.287
302.154
301.956
301.532
301.598
301.661
301.718
301.77
301.818
301.861
301.901
301.938
301.972
302.004
302.034
302.062
302.089
302.114
302.139
302.162
302.184
302.205
302.226
302.246
302.265
302.283
302.301
302.319
302.335
302.352
302.367
302.382
302.397
302.411
302.425
302.438
302.45
302.463
302.475
302.486
302.497
302.508
302.518
302.528
302.538
302.548
302.557
302.566
302.574
302.583
302.591
302.598
302.606
302.613
302.62
302.626
302.633
302.639
302.645
302.651
302.656
302.661
302.666
302.671
302.676
302.68
302.684
302.688
302.692
302.695
302.699
302.702
302.705
302.708
302.711
302.713
302.716
302.718
302.72
302.722
302.724
302.725
302.727
302.729
302.73
302.731
302.732
302.733
302.734
302.735
302.736
302.736
302.737
302.737
302.738
302.738
302.739
302.739
302.739
302.739
302.739
302.739
302.739
302.739
302.739
302.739
302.739
302.739
302.739
302.738
302.738
302.738
302.738
302.738
302.737
302.737
302.737
302.737
302.737
302.737
302.737
302.736
302.736
302.736
302.736
302.736
302.736
302.736
302.735
302.735
302.735
302.734
302.733
302.733
302.731
302.73
302.729
302.727
302.725
302.722
302.72
302.716
302.713
302.708
302.704
302.698
302.692
302.685
302.676
302.666
302.655
302.642
302.626
302.606
302.584
302.559
302.529
302.492
302.446
302.388
302.308
302.208
302.074
301.875
301.465
301.524
301.58
301.633
301.683
301.729
301.772
301.812
301.849
301.883
301.916
301.946
301.975
302.002
302.028
302.053
302.077
302.1
302.121
302.142
302.163
302.182
302.201
302.219
302.236
302.253
302.27
302.286
302.301
302.316
302.33
302.344
302.357
302.37
302.382
302.394
302.406
302.417
302.428
302.438
302.448
302.458
302.468
302.477
302.486
302.494
302.503
302.511
302.518
302.526
302.533
302.54
302.546
302.553
302.559
302.565
302.571
302.576
302.581
302.586
302.591
302.595
302.6
302.604
302.608
302.611
302.615
302.618
302.622
302.625
302.628
302.63
302.633
302.635
302.637
302.639
302.641
302.643
302.645
302.646
302.648
302.649
302.651
302.652
302.653
302.653
302.654
302.655
302.656
302.656
302.657
302.657
302.658
302.658
302.658
302.658
302.659
302.659
302.659
302.659
302.659
302.659
302.658
302.658
302.658
302.658
302.658
302.658
302.657
302.657
302.657
302.657
302.657
302.656
302.656
302.656
302.656
302.656
302.656
302.656
302.656
302.655
302.655
302.655
302.655
302.655
302.654
302.654
302.653
302.653
302.652
302.651
302.65
302.648
302.646
302.644
302.642
302.639
302.636
302.633
302.628
302.624
302.618
302.612
302.605
302.597
302.587
302.576
302.563
302.547
302.528
302.506
302.48
302.45
302.413
302.367
302.307
302.228
302.127
301.992
301.797
301.398
301.451
301.502
301.551
301.598
301.642
301.683
301.722
301.759
301.793
301.826
301.857
301.886
301.913
301.94
301.965
301.989
302.012
302.034
302.055
302.076
302.096
302.115
302.133
302.151
302.168
302.184
302.2
302.216
302.231
302.245
302.259
302.272
302.285
302.298
302.31
302.322
302.333
302.344
302.354
302.364
302.374
302.384
302.393
302.402
302.411
302.419
302.427
302.435
302.442
302.449
302.456
302.463
302.469
302.475
302.481
302.487
302.492
302.497
302.502
302.507
302.511
302.516
302.52
302.524
302.527
302.531
302.534
302.537
302.54
302.543
302.546
302.548
302.551
302.553
302.555
302.557
302.559
302.56
302.562
302.563
302.565
302.566
302.567
302.568
302.569
302.57
302.57
302.571
302.571
302.572
302.572
302.573
302.573
302.573
302.574
302.574
302.574
302.574
302.574
302.574
302.574
302.574
302.573
302.573
302.573
302.573
302.573
302.573
302.572
302.572
302.572
302.572
302.572
302.571
302.571
302.571
302.571
302.571
302.571
302.571
302.571
302.571
302.57
302.57
302.57
302.57
302.569
302.569
302.568
302.567
302.566
302.565
302.564
302.562
302.56
302.558
302.555
302.552
302.548
302.544
302.54
302.535
302.529
302.522
302.513
302.504
302.493
302.48
302.464
302.445
302.423
302.398
302.367
302.33
302.283
302.223
302.144
302.044
301.909
301.72
301.331
301.379
301.426
301.471
301.514
301.556
301.596
301.633
301.669
301.703
301.735
301.766
301.795
301.822
301.849
301.874
301.898
301.922
301.944
301.965
301.986
302.006
302.025
302.044
302.061
302.079
302.095
302.111
302.127
302.142
302.156
302.17
302.184
302.197
302.21
302.222
302.234
302.245
302.256
302.266
302.277
302.287
302.296
302.305
302.314
302.323
302.331
302.339
302.347
302.354
302.361
302.368
302.375
302.381
302.387
302.393
302.399
302.404
302.409
302.414
302.419
302.423
302.427
302.431
302.435
302.439
302.442
302.446
302.449
302.452
302.455
302.457
302.46
302.462
302.464
302.466
302.468
302.47
302.471
302.473
302.474
302.476
302.477
302.478
302.479
302.48
302.481
302.481
302.482
302.483
302.483
302.483
302.484
302.484
302.484
302.485
302.485
302.485
302.485
302.485
302.485
302.485
302.485
302.485
302.484
302.484
302.484
302.484
302.484
302.483
302.483
302.483
302.483
302.483
302.483
302.482
302.482
302.482
302.482
302.482
302.482
302.482
302.482
302.482
302.481
302.481
302.481
302.48
302.48
302.479
302.478
302.477
302.476
302.475
302.473
302.471
302.469
302.467
302.464
302.46
302.456
302.452
302.447
302.441
302.434
302.426
302.417
302.406
302.393
302.377
302.359
302.337
302.312
302.281
302.243
302.196
302.136
302.058
301.958
301.825
301.645
301.265
301.308
301.35
301.392
301.432
301.471
301.509
301.545
301.579
301.612
301.644
301.674
301.702
301.73
301.756
301.781
301.806
301.829
301.851
301.873
301.893
301.913
301.933
301.951
301.969
301.986
302.003
302.019
302.035
302.05
302.064
302.078
302.092
302.105
302.118
302.13
302.142
302.153
302.164
302.175
302.185
302.195
302.204
302.214
302.223
302.231
302.239
302.247
302.255
302.262
302.27
302.276
302.283
302.289
302.295
302.301
302.307
302.312
302.317
302.322
302.327
302.331
302.335
302.339
302.343
302.347
302.35
302.353
302.356
302.359
302.362
302.365
302.367
302.369
302.371
302.373
302.375
302.377
302.379
302.38
302.381
302.383
302.384
302.385
302.386
302.387
302.388
302.388
302.389
302.389
302.39
302.39
302.391
302.391
302.391
302.391
302.392
302.392
302.392
302.392
302.392
302.392
302.392
302.391
302.391
302.391
302.391
302.391
302.391
302.39
302.39
302.39
302.39
302.39
302.39
302.39
302.389
302.389
302.389
302.389
302.389
302.389
302.389
302.389
302.388
302.388
302.388
302.387
302.387
302.386
302.385
302.385
302.383
302.382
302.381
302.379
302.377
302.374
302.371
302.368
302.364
302.36
302.355
302.349
302.342
302.335
302.326
302.315
302.302
302.287
302.268
302.247
302.221
302.191
302.153
302.106
302.046
301.969
301.87
301.741
301.571
301.198
301.237
301.276
301.314
301.351
301.388
301.423
301.457
301.49
301.521
301.552
301.581
301.609
301.636
301.662
301.687
301.711
301.734
301.756
301.777
301.798
301.818
301.837
301.856
301.873
301.891
301.908
301.924
301.939
301.954
301.969
301.983
301.997
302.01
302.022
302.035
302.046
302.058
302.069
302.079
302.09
302.099
302.109
302.118
302.127
302.136
302.144
302.152
302.159
302.167
302.174
302.181
302.187
302.193
302.199
302.205
302.211
302.216
302.221
302.226
302.23
302.235
302.239
302.243
302.247
302.25
302.253
302.257
302.26
302.263
302.265
302.268
302.27
302.272
302.275
302.277
302.278
302.28
302.282
302.283
302.284
302.286
302.287
302.288
302.289
302.29
302.29
302.291
302.292
302.292
302.293
302.293
302.294
302.294
302.294
302.294
302.294
302.294
302.295
302.295
302.295
302.294
302.294
302.294
302.294
302.294
302.294
302.294
302.294
302.293
302.293
302.293
302.293
302.293
302.293
302.292
302.292
302.292
302.292
302.292
302.292
302.292
302.292
302.291
302.291
302.291
302.291
302.29
302.29
302.289
302.288
302.288
302.286
302.285
302.284
302.282
302.28
302.278
302.275
302.272
302.268
302.264
302.259
302.253
302.247
302.239
302.23
302.22
302.207
302.192
302.174
302.153
302.127
302.097
302.059
302.012
301.953
301.877
301.781
301.656
301.496
301.131
301.167
301.202
301.237
301.271
301.305
301.337
301.369
301.4
301.43
301.459
301.488
301.515
301.541
301.566
301.591
301.614
301.637
301.659
301.68
301.7
301.72
301.739
301.757
301.775
301.792
301.809
301.825
301.841
301.856
301.87
301.884
301.898
301.911
301.923
301.936
301.947
301.959
301.97
301.98
301.991
302
302.01
302.019
302.028
302.036
302.045
302.052
302.06
302.067
302.074
302.081
302.088
302.094
302.1
302.105
302.111
302.116
302.121
302.126
302.13
302.135
302.139
302.142
302.146
302.15
302.153
302.156
302.159
302.162
302.165
302.167
302.169
302.172
302.174
302.176
302.177
302.179
302.181
302.182
302.183
302.185
302.186
302.187
302.188
302.189
302.189
302.19
302.191
302.191
302.192
302.192
302.192
302.193
302.193
302.193
302.193
302.193
302.193
302.193
302.193
302.193
302.193
302.193
302.193
302.193
302.193
302.193
302.192
302.192
302.192
302.192
302.192
302.192
302.191
302.191
302.191
302.191
302.191
302.191
302.191
302.191
302.19
302.19
302.19
302.19
302.19
302.189
302.189
302.188
302.187
302.187
302.186
302.184
302.183
302.181
302.179
302.177
302.174
302.171
302.168
302.164
302.159
302.154
302.147
302.14
302.131
302.121
302.108
302.094
302.076
302.055
302.03
301.999
301.962
301.915
301.857
301.783
301.69
301.571
301.422
301.064
301.096
301.128
301.16
301.191
301.222
301.253
301.283
301.312
301.34
301.367
301.394
301.42
301.445
301.47
301.493
301.516
301.538
301.56
301.581
301.601
301.62
301.639
301.657
301.675
301.692
301.708
301.724
301.739
301.754
301.769
301.782
301.796
301.809
301.821
301.834
301.845
301.857
301.867
301.878
301.888
301.898
301.907
301.916
301.925
301.934
301.942
301.95
301.957
301.964
301.971
301.978
301.984
301.99
301.996
302.002
302.007
302.012
302.017
302.022
302.026
302.031
302.035
302.038
302.042
302.046
302.049
302.052
302.055
302.058
302.06
302.063
302.065
302.067
302.069
302.071
302.073
302.074
302.076
302.077
302.079
302.08
302.081
302.082
302.083
302.084
302.084
302.085
302.086
302.086
302.086
302.087
302.087
302.088
302.088
302.088
302.088
302.088
302.088
302.088
302.088
302.088
302.088
302.088
302.088
302.088
302.088
302.087
302.087
302.087
302.087
302.087
302.087
302.087
302.086
302.086
302.086
302.086
302.086
302.086
302.086
302.086
302.085
302.085
302.085
302.085
302.085
302.084
302.084
302.083
302.082
302.082
302.081
302.08
302.078
302.077
302.075
302.073
302.07
302.067
302.064
302.06
302.055
302.05
302.044
302.037
302.028
302.018
302.006
301.991
301.974
301.954
301.929
301.899
301.862
301.816
301.759
301.687
301.597
301.485
301.347
300.996
301.026
301.055
301.084
301.112
301.141
301.169
301.196
301.223
301.25
301.276
301.301
301.326
301.35
301.373
301.396
301.418
301.439
301.46
301.48
301.5
301.518
301.537
301.555
301.572
301.589
301.605
301.62
301.635
301.65
301.664
301.678
301.691
301.704
301.717
301.729
301.74
301.751
301.762
301.772
301.783
301.792
301.802
301.811
301.819
301.828
301.836
301.843
301.851
301.858
301.865
301.871
301.877
301.884
301.889
301.895
301.9
301.905
301.91
301.915
301.919
301.923
301.927
301.931
301.934
301.938
301.941
301.944
301.947
301.95
301.952
301.954
301.957
301.959
301.961
301.963
301.964
301.966
301.967
301.969
301.97
301.971
301.972
301.973
301.974
301.975
301.976
301.976
301.977
301.977
301.978
301.978
301.978
301.979
301.979
301.979
301.979
301.979
301.979
301.979
301.979
301.979
301.979
301.979
301.979
301.979
301.979
301.979
301.979
301.978
301.978
301.978
301.978
301.978
301.978
301.978
301.977
301.977
301.977
301.977
301.977
301.977
301.977
301.977
301.976
301.976
301.976
301.975
301.975
301.975
301.974
301.973
301.972
301.971
301.97
301.968
301.967
301.965
301.962
301.959
301.956
301.952
301.948
301.943
301.937
301.93
301.922
301.912
301.9
301.886
301.869
301.849
301.824
301.795
301.759
301.714
301.658
301.589
301.503
301.398
301.271
300.929
300.955
300.982
301.008
301.034
301.06
301.086
301.111
301.136
301.161
301.185
301.208
301.231
301.254
301.276
301.298
301.319
301.339
301.359
301.379
301.397
301.416
301.434
301.451
301.468
301.484
301.5
301.515
301.53
301.544
301.558
301.571
301.584
301.597
301.609
301.621
301.632
301.643
301.654
301.664
301.674
301.684
301.693
301.702
301.71
301.718
301.726
301.734
301.741
301.748
301.755
301.761
301.768
301.774
301.779
301.785
301.79
301.795
301.799
301.804
301.808
301.812
301.816
301.82
301.823
301.827
301.83
301.833
301.836
301.838
301.841
301.843
301.845
301.847
301.849
301.851
301.853
301.854
301.856
301.857
301.858
301.859
301.86
301.861
301.862
301.863
301.863
301.864
301.865
301.865
301.866
301.866
301.866
301.866
301.867
301.867
301.867
301.867
301.867
301.867
301.867
301.867
301.867
301.867
301.867
301.867
301.867
301.867
301.866
301.866
301.866
301.866
301.866
301.866
301.866
301.865
301.865
301.865
301.865
301.865
301.865
301.865
301.865
301.864
301.864
301.864
301.864
301.863
301.863
301.862
301.862
301.861
301.86
301.859
301.858
301.857
301.855
301.853
301.851
301.848
301.845
301.841
301.837
301.832
301.827
301.82
301.812
301.802
301.791
301.777
301.761
301.741
301.717
301.688
301.653
301.609
301.556
301.49
301.409
301.311
301.195
300.861
300.885
300.909
300.933
300.956
300.98
301.003
301.026
301.049
301.072
301.094
301.116
301.138
301.159
301.18
301.2
301.22
301.239
301.258
301.277
301.295
301.312
301.329
301.346
301.362
301.378
301.393
301.408
301.422
301.436
301.45
301.463
301.476
301.488
301.5
301.511
301.523
301.533
301.544
301.554
301.563
301.573
301.582
301.59
301.599
301.607
301.615
301.622
301.629
301.636
301.643
301.649
301.655
301.661
301.666
301.672
301.677
301.681
301.686
301.69
301.695
301.699
301.702
301.706
301.709
301.713
301.716
301.719
301.721
301.724
301.726
301.728
301.731
301.733
301.734
301.736
301.738
301.739
301.741
301.742
301.743
301.744
301.745
301.746
301.747
301.748
301.748
301.749
301.749
301.75
301.75
301.751
301.751
301.751
301.751
301.752
301.752
301.752
301.752
301.752
301.752
301.752
301.752
301.752
301.752
301.752
301.751
301.751
301.751
301.751
301.751
301.751
301.751
301.751
301.75
301.75
301.75
301.75
301.75
301.75
301.75
301.75
301.749
301.749
301.749
301.749
301.749
301.748
301.748
301.747
301.747
301.746
301.745
301.744
301.743
301.742
301.74
301.738
301.736
301.734
301.731
301.727
301.723
301.719
301.713
301.707
301.699
301.69
301.679
301.665
301.649
301.63
301.607
301.579
301.545
301.503
301.452
301.39
301.314
301.223
301.117
300.794
300.815
300.837
300.858
300.879
300.901
300.922
300.943
300.964
300.985
301.005
301.025
301.045
301.065
301.084
301.103
301.122
301.14
301.158
301.175
301.192
301.209
301.225
301.241
301.257
301.272
301.286
301.3
301.314
301.328
301.341
301.353
301.366
301.378
301.389
301.4
301.411
301.422
301.432
301.441
301.451
301.46
301.469
301.477
301.485
301.493
301.501
301.508
301.515
301.522
301.528
301.534
301.54
301.546
301.551
301.556
301.561
301.566
301.57
301.575
301.579
301.582
301.586
301.59
301.593
301.596
301.599
301.602
301.604
301.607
301.609
301.611
301.613
301.615
301.617
301.619
301.62
301.622
301.623
301.624
301.625
301.627
301.627
301.628
301.629
301.63
301.63
301.631
301.632
301.632
301.632
301.633
301.633
301.633
301.634
301.634
301.634
301.634
301.634
301.634
301.634
301.634
301.634
301.634
301.634
301.634
301.634
301.633
301.633
301.633
301.633
301.633
301.633
301.633
301.633
301.632
301.632
301.632
301.632
301.632
301.632
301.632
301.632
301.631
301.631
301.631
301.631
301.63
301.63
301.63
301.629
301.628
301.628
301.627
301.626
301.624
301.623
301.621
301.619
301.617
301.614
301.611
301.607
301.603
301.597
301.591
301.584
301.575
301.564
301.551
301.536
301.518
301.495
301.468
301.436
301.396
301.347
301.289
301.218
301.135
301.04
300.727
300.746
300.765
300.784
300.804
300.823
300.842
300.861
300.88
300.899
300.917
300.936
300.954
300.972
300.99
301.007
301.024
301.041
301.058
301.074
301.09
301.106
301.121
301.136
301.151
301.165
301.179
301.193
301.206
301.219
301.231
301.243
301.255
301.267
301.278
301.288
301.299
301.309
301.319
301.328
301.337
301.346
301.354
301.362
301.37
301.378
301.385
301.392
301.399
301.405
301.412
301.418
301.423
301.429
301.434
301.439
301.444
301.448
301.453
301.457
301.461
301.464
301.468
301.471
301.475
301.478
301.48
301.483
301.486
301.488
301.49
301.492
301.494
301.496
301.498
301.499
301.501
301.502
301.504
301.505
301.506
301.507
301.508
301.509
301.509
301.51
301.511
301.511
301.512
301.512
301.512
301.513
301.513
301.513
301.514
301.514
301.514
301.514
301.514
301.514
301.514
301.514
301.514
301.514
301.514
301.514
301.514
301.513
301.513
301.513
301.513
301.513
301.513
301.513
301.513
301.513
301.512
301.512
301.512
301.512
301.512
301.512
301.512
301.512
301.511
301.511
301.511
301.511
301.51
301.51
301.509
301.509
301.508
301.507
301.506
301.505
301.504
301.502
301.5
301.498
301.495
301.492
301.489
301.484
301.479
301.473
301.466
301.458
301.448
301.435
301.421
301.403
301.382
301.356
301.325
301.287
301.242
301.187
301.123
301.047
300.961
300.661
300.678
300.695
300.712
300.729
300.746
300.763
300.78
300.797
300.814
300.831
300.848
300.864
300.881
300.897
300.913
300.929
300.944
300.96
300.975
300.99
301.004
301.019
301.032
301.046
301.06
301.073
301.085
301.098
301.11
301.122
301.133
301.144
301.155
301.166
301.176
301.186
301.196
301.205
301.214
301.223
301.231
301.239
301.247
301.255
301.262
301.269
301.276
301.282
301.288
301.294
301.3
301.306
301.311
301.316
301.321
301.325
301.33
301.334
301.338
301.342
301.345
301.349
301.352
301.355
301.358
301.36
301.363
301.365
301.368
301.37
301.372
301.374
301.376
301.377
301.379
301.38
301.381
301.383
301.384
301.385
301.386
301.387
301.387
301.388
301.389
301.389
301.39
301.39
301.391
301.391
301.391
301.392
301.392
301.392
301.392
301.392
301.392
301.393
301.393
301.393
301.393
301.393
301.392
301.392
301.392
301.392
301.392
301.392
301.392
301.392
301.392
301.392
301.391
301.391
301.391
301.391
301.391
301.391
301.391
301.391
301.391
301.39
301.39
301.39
301.39
301.39
301.389
301.389
301.389
301.388
301.388
301.387
301.386
301.385
301.384
301.383
301.381
301.38
301.378
301.375
301.372
301.369
301.365
301.36
301.355
301.348
301.34
301.33
301.318
301.305
301.288
301.268
301.243
301.214
301.179
301.136
301.086
301.027
300.959
300.883
300.597
300.611
300.626
300.641
300.656
300.671
300.687
300.702
300.717
300.732
300.747
300.762
300.777
300.792
300.806
300.821
300.835
300.849
300.863
300.877
300.891
300.904
300.917
300.93
300.943
300.955
300.968
300.979
300.991
301.002
301.013
301.024
301.035
301.045
301.055
301.065
301.074
301.083
301.092
301.101
301.109
301.117
301.125
301.132
301.139
301.146
301.153
301.159
301.165
301.171
301.177
301.183
301.188
301.193
301.198
301.202
301.207
301.211
301.215
301.218
301.222
301.225
301.229
301.232
301.235
301.237
301.24
301.242
301.245
301.247
301.249
301.251
301.253
301.254
301.256
301.257
301.259
301.26
301.261
301.262
301.263
301.264
301.265
301.266
301.266
301.267
301.268
301.268
301.268
301.269
301.269
301.269
301.27
301.27
301.27
301.27
301.27
301.27
301.271
301.271
301.271
301.271
301.27
301.27
301.27
301.27
301.27
301.27
301.27
301.27
301.27
301.27
301.27
301.27
301.269
301.269
301.269
301.269
301.269
301.269
301.269
301.269
301.269
301.268
301.268
301.268
301.268
301.268
301.267
301.267
301.266
301.266
301.265
301.265
301.264
301.263
301.262
301.26
301.259
301.257
301.254
301.252
301.249
301.245
301.24
301.235
301.229
301.221
301.212
301.201
301.188
301.172
301.153
301.13
301.103
301.071
301.032
300.986
300.933
300.872
300.804
300.533
300.546
300.559
300.572
300.586
300.599
300.612
300.626
300.639
300.652
300.666
300.679
300.692
300.705
300.718
300.731
300.744
300.757
300.77
300.782
300.795
300.807
300.819
300.83
300.842
300.853
300.865
300.876
300.886
300.897
300.907
300.917
300.927
300.936
300.946
300.955
300.963
300.972
300.98
300.988
300.996
301.004
301.011
301.018
301.025
301.031
301.037
301.044
301.049
301.055
301.06
301.066
301.07
301.075
301.08
301.084
301.088
301.092
301.096
301.1
301.103
301.106
301.109
301.112
301.115
301.118
301.12
301.122
301.124
301.127
301.128
301.13
301.132
301.134
301.135
301.136
301.138
301.139
301.14
301.141
301.142
301.143
301.143
301.144
301.145
301.145
301.146
301.146
301.147
301.147
301.147
301.148
301.148
301.148
301.148
301.148
301.149
301.149
301.149
301.149
301.149
301.149
301.149
301.149
301.149
301.149
301.148
301.148
301.148
301.148
301.148
301.148
301.148
301.148
301.148
301.148
301.148
301.147
301.147
301.147
301.147
301.147
301.147
301.147
301.147
301.146
301.146
301.146
301.146
301.145
301.145
301.145
301.144
301.143
301.143
301.142
301.141
301.139
301.138
301.136
301.134
301.131
301.129
301.125
301.121
301.116
301.11
301.103
301.094
301.084
301.072
301.057
301.04
301.019
300.994
300.964
300.928
300.887
300.84
300.786
300.727
300.472
300.483
300.494
300.506
300.517
300.529
300.54
300.552
300.564
300.575
300.587
300.599
300.611
300.622
300.634
300.645
300.657
300.668
300.679
300.69
300.702
300.712
300.723
300.734
300.744
300.755
300.765
300.775
300.784
300.794
300.803
300.813
300.822
300.83
300.839
300.847
300.855
300.863
300.871
300.878
300.885
300.892
300.899
300.906
300.912
300.918
300.924
300.93
300.935
300.94
300.945
300.95
300.955
300.959
300.964
300.968
300.972
300.975
300.979
300.982
300.985
300.988
300.991
300.994
300.997
300.999
301.001
301.003
301.006
301.007
301.009
301.011
301.013
301.014
301.015
301.017
301.018
301.019
301.02
301.021
301.022
301.023
301.023
301.024
301.025
301.025
301.026
301.026
301.026
301.027
301.027
301.027
301.028
301.028
301.028
301.028
301.028
301.028
301.028
301.028
301.028
301.028
301.028
301.028
301.028
301.028
301.028
301.028
301.028
301.028
301.028
301.028
301.027
301.027
301.027
301.027
301.027
301.027
301.027
301.027
301.027
301.027
301.026
301.026
301.026
301.026
301.026
301.026
301.025
301.025
301.025
301.024
301.024
301.023
301.023
301.022
301.021
301.02
301.018
301.017
301.015
301.012
301.01
301.006
301.003
300.998
300.993
300.986
300.978
300.969
300.957
300.944
300.928
300.909
300.886
300.859
300.827
300.791
300.749
300.702
300.65
300.413
300.422
300.432
300.442
300.452
300.462
300.472
300.482
300.492
300.502
300.512
300.522
300.533
300.543
300.553
300.563
300.573
300.583
300.593
300.603
300.612
300.622
300.632
300.641
300.65
300.66
300.669
300.678
300.686
300.695
300.703
300.712
300.72
300.728
300.735
300.743
300.75
300.758
300.765
300.771
300.778
300.784
300.791
300.797
300.802
300.808
300.813
300.819
300.824
300.829
300.833
300.838
300.842
300.846
300.85
300.854
300.857
300.861
300.864
300.867
300.87
300.873
300.876
300.878
300.881
300.883
300.885
300.887
300.889
300.891
300.892
300.894
300.895
300.897
300.898
300.899
300.9
300.901
300.902
300.903
300.904
300.905
300.905
300.906
300.907
300.907
300.908
300.908
300.908
300.909
300.909
300.909
300.909
300.91
300.91
300.91
300.91
300.91
300.91
300.91
300.91
300.91
300.91
300.91
300.91
300.91
300.91
300.91
300.91
300.91
300.909
300.909
300.909
300.909
300.909
300.909
300.909
300.909
300.909
300.909
300.909
300.909
300.908
300.908
300.908
300.908
300.908
300.908
300.907
300.907
300.907
300.906
300.906
300.905
300.905
300.904
300.903
300.902
300.901
300.899
300.898
300.896
300.893
300.89
300.887
300.883
300.878
300.872
300.864
300.856
300.846
300.833
300.819
300.801
300.781
300.757
300.729
300.697
300.66
300.619
300.575
300.357
300.365
300.373
300.381
300.39
300.398
300.407
300.415
300.424
300.433
300.441
300.45
300.459
300.468
300.476
300.485
300.494
300.502
300.511
300.519
300.528
300.536
300.545
300.553
300.561
300.569
300.577
300.585
300.593
300.6
300.608
300.615
300.623
300.63
300.637
300.643
300.65
300.656
300.663
300.669
300.675
300.681
300.686
300.692
300.697
300.702
300.707
300.712
300.716
300.721
300.725
300.729
300.733
300.737
300.74
300.744
300.747
300.75
300.753
300.756
300.759
300.761
300.764
300.766
300.768
300.771
300.772
300.774
300.776
300.778
300.779
300.781
300.782
300.783
300.784
300.786
300.787
300.787
300.788
300.789
300.79
300.791
300.791
300.792
300.792
300.793
300.793
300.793
300.794
300.794
300.794
300.795
300.795
300.795
300.795
300.795
300.795
300.795
300.795
300.795
300.795
300.795
300.795
300.795
300.795
300.795
300.795
300.795
300.795
300.795
300.795
300.795
300.795
300.795
300.795
300.794
300.794
300.794
300.794
300.794
300.794
300.794
300.794
300.794
300.794
300.794
300.793
300.793
300.793
300.793
300.792
300.792
300.792
300.791
300.791
300.79
300.789
300.788
300.787
300.786
300.784
300.782
300.78
300.778
300.774
300.771
300.766
300.761
300.754
300.747
300.737
300.726
300.713
300.698
300.68
300.659
300.634
300.607
300.575
300.54
300.502
300.304
300.311
300.318
300.325
300.332
300.339
300.346
300.353
300.36
300.368
300.375
300.382
300.39
300.397
300.405
300.412
300.419
300.427
300.434
300.441
300.449
300.456
300.463
300.47
300.477
300.484
300.491
300.498
300.505
300.511
300.518
300.524
300.531
300.537
300.543
300.549
300.555
300.561
300.566
300.572
300.577
300.582
300.587
300.592
300.597
300.601
300.606
300.61
300.614
300.618
300.622
300.625
300.629
300.632
300.636
300.639
300.642
300.645
300.647
300.65
300.652
300.655
300.657
300.659
300.661
300.663
300.665
300.666
300.668
300.669
300.671
300.672
300.673
300.674
300.676
300.677
300.677
300.678
300.679
300.68
300.68
300.681
300.682
300.682
300.683
300.683
300.683
300.684
300.684
300.684
300.684
300.685
300.685
300.685
300.685
300.685
300.685
300.685
300.685
300.685
300.685
300.685
300.685
300.685
300.685
300.685
300.685
300.685
300.685
300.685
300.685
300.685
300.685
300.685
300.685
300.685
300.685
300.684
300.684
300.684
300.684
300.684
300.684
300.684
300.684
300.684
300.684
300.683
300.683
300.683
300.683
300.682
300.682
300.682
300.681
300.681
300.68
300.679
300.678
300.677
300.676
300.674
300.672
300.67
300.667
300.664
300.66
300.655
300.649
300.642
300.634
300.624
300.613
300.599
300.584
300.566
300.545
300.521
300.494
300.465
300.433
300.255
300.26
300.266
300.272
300.278
300.284
300.29
300.296
300.302
300.308
300.314
300.32
300.326
300.332
300.338
300.345
300.351
300.357
300.363
300.369
300.375
300.381
300.388
300.394
300.4
300.406
300.411
300.417
300.423
300.429
300.434
300.44
300.445
300.451
300.456
300.461
300.466
300.471
300.476
300.481
300.485
300.49
300.494
300.498
300.503
300.507
300.51
300.514
300.518
300.521
300.525
300.528
300.531
300.534
300.537
300.54
300.542
300.545
300.547
300.55
300.552
300.554
300.556
300.558
300.56
300.561
300.563
300.564
300.566
300.567
300.568
300.569
300.571
300.572
300.573
300.573
300.574
300.575
300.576
300.576
300.577
300.577
300.578
300.578
300.579
300.579
300.58
300.58
300.58
300.58
300.581
300.581
300.581
300.581
300.581
300.581
300.581
300.581
300.581
300.581
300.581
300.581
300.581
300.581
300.581
300.581
300.581
300.581
300.581
300.581
300.581
300.581
300.581
300.581
300.581
300.581
300.581
300.581
300.58
300.58
300.58
300.58
300.58
300.58
300.58
300.58
300.58
300.58
300.579
300.579
300.579
300.579
300.579
300.578
300.578
300.577
300.577
300.576
300.575
300.574
300.573
300.571
300.57
300.568
300.565
300.562
300.559
300.555
300.55
300.544
300.537
300.528
300.518
300.507
300.493
300.478
300.46
300.44
300.418
300.393
300.367
300.21
300.214
300.219
300.224
300.229
300.233
300.238
300.243
300.248
300.253
300.258
300.263
300.268
300.273
300.278
300.283
300.288
300.293
300.298
300.303
300.309
300.314
300.319
300.324
300.329
300.334
300.339
300.343
300.348
300.353
300.358
300.362
300.367
300.372
300.376
300.38
300.385
300.389
300.393
300.397
300.401
300.405
300.409
300.412
300.416
300.419
300.423
300.426
300.429
300.432
300.435
300.438
300.44
300.443
300.446
300.448
300.45
300.453
300.455
300.457
300.459
300.46
300.462
300.464
300.465
300.467
300.468
300.47
300.471
300.472
300.473
300.474
300.475
300.476
300.477
300.477
300.478
300.479
300.479
300.48
300.481
300.481
300.481
300.482
300.482
300.483
300.483
300.483
300.483
300.484
300.484
300.484
300.484
300.484
300.484
300.484
300.484
300.484
300.484
300.484
300.484
300.484
300.484
300.484
300.484
300.484
300.484
300.484
300.484
300.484
300.484
300.484
300.484
300.484
300.484
300.484
300.484
300.484
300.484
300.484
300.484
300.484
300.483
300.483
300.483
300.483
300.483
300.483
300.483
300.483
300.482
300.482
300.482
300.482
300.481
300.481
300.48
300.48
300.479
300.478
300.477
300.476
300.474
300.473
300.471
300.468
300.465
300.461
300.457
300.452
300.446
300.439
300.431
300.421
300.41
300.397
300.382
300.366
300.347
300.327
300.306
300.169
300.173
300.177
300.181
300.184
300.188
300.192
300.196
300.2
300.204
300.208
300.212
300.216
300.22
300.224
300.228
300.232
300.236
300.24
300.245
300.249
300.253
300.257
300.261
300.265
300.269
300.273
300.277
300.281
300.285
300.289
300.293
300.296
300.3
300.304
300.308
300.311
300.315
300.318
300.321
300.325
300.328
300.331
300.334
300.337
300.34
300.343
300.346
300.348
300.351
300.353
300.356
300.358
300.36
300.362
300.364
300.366
300.368
300.37
300.372
300.373
300.375
300.377
300.378
300.379
300.381
300.382
300.383
300.384
300.385
300.386
300.387
300.388
300.388
300.389
300.39
300.39
300.391
300.391
300.392
300.392
300.393
300.393
300.394
300.394
300.394
300.394
300.395
300.395
300.395
300.395
300.395
300.395
300.395
300.396
300.396
300.396
300.396
300.396
300.396
300.396
300.396
300.396
300.396
300.396
300.396
300.396
300.396
300.396
300.396
300.396
300.395
300.395
300.395
300.395
300.395
300.395
300.395
300.395
300.395
300.395
300.395
300.395
300.395
300.395
300.395
300.395
300.394
300.394
300.394
300.394
300.394
300.394
300.393
300.393
300.393
300.392
300.392
300.391
300.39
300.39
300.389
300.387
300.386
300.384
300.382
300.379
300.376
300.373
300.369
300.364
300.358
300.351
300.343
300.334
300.323
300.311
300.298
300.283
300.267
300.25
300.134
300.137
300.14
300.142
300.145
300.148
300.151
300.154
300.158
300.161
300.164
300.167
300.17
300.173
300.176
300.18
300.183
300.186
300.189
300.193
300.196
300.199
300.202
300.206
300.209
300.212
300.215
300.219
300.222
300.225
300.228
300.231
300.234
300.237
300.24
300.243
300.246
300.249
300.252
300.254
300.257
300.26
300.262
300.265
300.267
300.27
300.272
300.274
300.276
300.279
300.281
300.283
300.284
300.286
300.288
300.29
300.291
300.293
300.295
300.296
300.297
300.299
300.3
300.301
300.302
300.303
300.304
300.305
300.306
300.307
300.308
300.309
300.309
300.31
300.31
300.311
300.312
300.312
300.313
300.313
300.313
300.314
300.314
300.314
300.315
300.315
300.315
300.315
300.315
300.315
300.316
300.316
300.316
300.316
300.316
300.316
300.316
300.316
300.316
300.316
300.316
300.316
300.316
300.316
300.316
300.316
300.316
300.316
300.316
300.316
300.316
300.316
300.316
300.316
300.316
300.316
300.316
300.316
300.316
300.316
300.316
300.315
300.315
300.315
300.315
300.315
300.315
300.315
300.315
300.315
300.315
300.315
300.314
300.314
300.314
300.314
300.313
300.313
300.312
300.312
300.311
300.31
300.309
300.308
300.306
300.305
300.303
300.3
300.297
300.294
300.29
300.285
300.279
300.273
300.266
300.257
300.248
300.237
300.226
300.213
300.199
300.103
300.105
300.107
300.11
300.112
300.114
300.116
300.119
300.121
300.123
300.126
300.128
300.131
300.133
300.136
300.138
300.141
300.143
300.146
300.148
300.151
300.153
300.156
300.158
300.161
300.163
300.166
300.168
300.171
300.173
300.176
300.178
300.18
300.183
300.185
300.187
300.19
300.192
300.194
300.196
300.198
300.201
300.203
300.205
300.207
300.208
300.21
300.212
300.214
300.216
300.217
300.219
300.22
300.222
300.223
300.225
300.226
300.227
300.229
300.23
300.231
300.232
300.233
300.234
300.235
300.236
300.237
300.237
300.238
300.239
300.239
300.24
300.241
300.241
300.242
300.242
300.243
300.243
300.243
300.244
300.244
300.244
300.244
300.245
300.245
300.245
300.245
300.245
300.246
300.246
300.246
300.246
300.246
300.246
300.246
300.246
300.246
300.246
300.246
300.246
300.246
300.246
300.246
300.246
300.246
300.246
300.246
300.246
300.246
300.246
300.246
300.246
300.246
300.246
300.246
300.246
300.246
300.246
300.246
300.246
300.246
300.246
300.246
300.246
300.246
300.246
300.245
300.245
300.245
300.245
300.245
300.245
300.245
300.245
300.244
300.244
300.244
300.244
300.243
300.243
300.242
300.241
300.241
300.24
300.238
300.237
300.235
300.233
300.231
300.228
300.225
300.221
300.217
300.212
300.206
300.2
300.192
300.184
300.175
300.166
300.155
300.077
300.079
300.08
300.082
300.084
300.085
300.087
300.089
300.09
300.092
300.094
300.096
300.098
300.099
300.101
300.103
300.105
300.107
300.109
300.111
300.112
300.114
300.116
300.118
300.12
300.122
300.124
300.126
300.128
300.129
300.131
300.133
300.135
300.137
300.139
300.14
300.142
300.144
300.146
300.147
300.149
300.15
300.152
300.154
300.155
300.157
300.158
300.159
300.161
300.162
300.163
300.165
300.166
300.167
300.168
300.169
300.17
300.171
300.172
300.173
300.174
300.175
300.176
300.177
300.177
300.178
300.179
300.179
300.18
300.18
300.181
300.181
300.182
300.182
300.183
300.183
300.183
300.184
300.184
300.184
300.185
300.185
300.185
300.185
300.185
300.186
300.186
300.186
300.186
300.186
300.186
300.186
300.186
300.186
300.186
300.186
300.186
300.186
300.186
300.187
300.187
300.187
300.187
300.187
300.186
300.186
300.186
300.186
300.186
300.186
300.186
300.186
300.186
300.186
300.186
300.186
300.186
300.186
300.186
300.186
300.186
300.186
300.186
300.186
300.186
300.186
300.186
300.186
300.186
300.186
300.186
300.185
300.185
300.185
300.185
300.185
300.185
300.184
300.184
300.184
300.183
300.183
300.182
300.181
300.18
300.179
300.178
300.176
300.175
300.173
300.17
300.167
300.164
300.16
300.156
300.151
300.145
300.139
300.133
300.125
300.118
300.056
300.057
300.058
300.059
300.06
300.062
300.063
300.064
300.065
300.067
300.068
300.069
300.071
300.072
300.073
300.075
300.076
300.077
300.079
300.08
300.081
300.083
300.084
300.085
300.087
300.088
300.09
300.091
300.092
300.094
300.095
300.096
300.098
300.099
300.1
300.102
300.103
300.104
300.106
300.107
300.108
300.109
300.11
300.112
300.113
300.114
300.115
300.116
300.117
300.118
300.119
300.12
300.121
300.122
300.123
300.124
300.124
300.125
300.126
300.127
300.127
300.128
300.128
300.129
300.13
300.13
300.131
300.131
300.132
300.132
300.132
300.133
300.133
300.134
300.134
300.134
300.134
300.135
300.135
300.135
300.135
300.135
300.136
300.136
300.136
300.136
300.136
300.136
300.136
300.136
300.137
300.137
300.137
300.137
300.137
300.137
300.137
300.137
300.137
300.137
300.137
300.137
300.137
300.137
300.137
300.137
300.137
300.137
300.137
300.137
300.137
300.137
300.137
300.137
300.137
300.137
300.137
300.137
300.137
300.137
300.136
300.136
300.136
300.136
300.136
300.136
300.136
300.136
300.136
300.136
300.136
300.136
300.136
300.136
300.136
300.136
300.135
300.135
300.135
300.135
300.134
300.134
300.133
300.133
300.132
300.131
300.13
300.129
300.128
300.126
300.124
300.122
300.12
300.117
300.114
300.11
300.106
300.102
300.097
300.092
300.086
300.039
300.04
300.041
300.041
300.042
300.043
300.044
300.045
300.046
300.047
300.047
300.048
300.049
300.05
300.051
300.052
300.053
300.054
300.055
300.056
300.057
300.058
300.059
300.06
300.061
300.062
300.063
300.064
300.065
300.065
300.066
300.067
300.068
300.069
300.07
300.071
300.072
300.073
300.074
300.075
300.076
300.077
300.077
300.078
300.079
300.08
300.081
300.081
300.082
300.083
300.084
300.084
300.085
300.086
300.086
300.087
300.087
300.088
300.089
300.089
300.09
300.09
300.091
300.091
300.091
300.092
300.092
300.093
300.093
300.093
300.094
300.094
300.094
300.094
300.095
300.095
300.095
300.095
300.095
300.096
300.096
300.096
300.096
300.096
300.096
300.096
300.096
300.096
300.096
300.097
300.097
300.097
300.097
300.097
300.097
300.097
300.097
300.097
300.097
300.097
300.097
300.097
300.097
300.097
300.097
300.097
300.097
300.097
300.097
300.097
300.097
300.097
300.097
300.097
300.097
300.097
300.097
300.097
300.097
300.097
300.097
300.097
300.097
300.096
300.096
300.096
300.096
300.096
300.096
300.096
300.096
300.096
300.096
300.096
300.096
300.096
300.096
300.096
300.095
300.095
300.095
300.095
300.094
300.094
300.093
300.093
300.092
300.091
300.09
300.089
300.088
300.086
300.085
300.083
300.08
300.078
300.075
300.072
300.068
300.065
300.061
300.026
300.027
300.027
300.028
300.028
300.029
300.029
300.03
300.031
300.031
300.032
300.032
300.033
300.034
300.034
300.035
300.035
300.036
300.037
300.037
300.038
300.039
300.039
300.04
300.041
300.041
300.042
300.043
300.043
300.044
300.045
300.045
300.046
300.047
300.047
300.048
300.048
300.049
300.05
300.05
300.051
300.051
300.052
300.053
300.053
300.054
300.054
300.055
300.055
300.056
300.056
300.057
300.057
300.058
300.058
300.059
300.059
300.059
300.06
300.06
300.061
300.061
300.061
300.062
300.062
300.062
300.062
300.063
300.063
300.063
300.063
300.064
300.064
300.064
300.064
300.064
300.064
300.065
300.065
300.065
300.065
300.065
300.065
300.065
300.065
300.065
300.065
300.065
300.065
300.066
300.066
300.066
300.066
300.066
300.066
300.066
300.066
300.066
300.066
300.066
300.066
300.066
300.066
300.066
300.066
300.066
300.066
300.066
300.066
300.066
300.066
300.066
300.066
300.066
300.066
300.066
300.066
300.066
300.066
300.066
300.066
300.066
300.066
300.066
300.066
300.065
300.065
300.065
300.065
300.065
300.065
300.065
300.065
300.065
300.065
300.065
300.065
300.065
300.065
300.065
300.064
300.064
300.064
300.064
300.063
300.063
300.062
300.062
300.061
300.06
300.059
300.058
300.057
300.056
300.054
300.053
300.051
300.049
300.046
300.044
300.041
300.017
300.017
300.017
300.018
300.018
300.018
300.019
300.019
300.019
300.02
300.02
300.021
300.021
300.021
300.022
300.022
300.023
300.023
300.023
300.024
300.024
300.025
300.025
300.025
300.026
300.026
300.027
300.027
300.028
300.028
300.028
300.029
300.029
300.03
300.03
300.031
300.031
300.031
300.032
300.032
300.033
300.033
300.033
300.034
300.034
300.035
300.035
300.035
300.036
300.036
300.036
300.037
300.037
300.037
300.037
300.038
300.038
300.038
300.039
300.039
300.039
300.039
300.04
300.04
300.04
300.04
300.04
300.041
300.041
300.041
300.041
300.041
300.041
300.041
300.041
300.042
300.042
300.042
300.042
300.042
300.042
300.042
300.042
300.042
300.042
300.042
300.042
300.042
300.042
300.042
300.042
300.043
300.043
300.043
300.043
300.043
300.043
300.043
300.043
300.043
300.043
300.043
300.043
300.043
300.043
300.043
300.043
300.043
300.043
300.043
300.043
300.043
300.043
300.043
300.043
300.043
300.043
300.043
300.043
300.043
300.043
300.042
300.042
300.042
300.042
300.042
300.042
300.042
300.042
300.042
300.042
300.042
300.042
300.042
300.042
300.042
300.042
300.042
300.042
300.042
300.042
300.042
300.041
300.041
300.041
300.041
300.04
300.04
300.04
300.039
300.038
300.038
300.037
300.036
300.035
300.034
300.033
300.031
300.03
300.028
300.027
300.01
300.01
300.01
300.011
300.011
300.011
300.011
300.011
300.012
300.012
300.012
300.012
300.013
300.013
300.013
300.013
300.014
300.014
300.014
300.014
300.015
300.015
300.015
300.015
300.016
300.016
300.016
300.016
300.017
300.017
300.017
300.017
300.018
300.018
300.018
300.019
300.019
300.019
300.019
300.02
300.02
300.02
300.02
300.021
300.021
300.021
300.021
300.021
300.022
300.022
300.022
300.022
300.022
300.023
300.023
300.023
300.023
300.023
300.024
300.024
300.024
300.024
300.024
300.024
300.024
300.025
300.025
300.025
300.025
300.025
300.025
300.025
300.025
300.025
300.025
300.025
300.026
300.026
300.026
300.026
300.026
300.026
300.026
300.026
300.026
300.026
300.026
300.026
300.026
300.026
300.026
300.026
300.026
300.026
300.026
300.026
300.026
300.026
300.026
300.026
300.026
300.026
300.026
300.026
300.026
300.026
300.026
300.026
300.026
300.026
300.026
300.026
300.026
300.026
300.026
300.026
300.026
300.026
300.026
300.026
300.026
300.026
300.026
300.026
300.026
300.026
300.026
300.026
300.026
300.026
300.026
300.026
300.026
300.026
300.026
300.026
300.026
300.026
300.026
300.026
300.026
300.026
300.025
300.025
300.025
300.025
300.025
300.025
300.024
300.024
300.024
300.023
300.023
300.022
300.021
300.021
300.02
300.019
300.018
300.017
300.016
300.005
300.006
300.006
300.006
300.006
300.006
300.006
300.006
300.006
300.007
300.007
300.007
300.007
300.007
300.007
300.007
300.008
300.008
300.008
300.008
300.008
300.008
300.008
300.009
300.009
300.009
300.009
300.009
300.009
300.01
300.01
300.01
300.01
300.01
300.01
300.01
300.011
300.011
300.011
300.011
300.011
300.011
300.011
300.012
300.012
300.012
300.012
300.012
300.012
300.012
300.013
300.013
300.013
300.013
300.013
300.013
300.013
300.013
300.013
300.014
300.014
300.014
300.014
300.014
300.014
300.014
300.014
300.014
300.014
300.014
300.014
300.014
300.015
300.015
300.015
300.015
300.015
300.015
300.015
300.015
300.015
300.015
300.015
300.015
300.015
300.015
300.015
300.015
300.015
300.015
300.015
300.015
300.015
300.015
300.015
300.015
300.015
300.015
300.015
300.015
300.015
300.015
300.015
300.015
300.015
300.015
300.015
300.015
300.015
300.015
300.015
300.015
300.015
300.015
300.015
300.015
300.015
300.015
300.015
300.015
300.015
300.015
300.015
300.015
300.015
300.015
300.015
300.015
300.015
300.015
300.015
300.015
300.015
300.015
300.015
300.015
300.015
300.015
300.015
300.015
300.015
300.015
300.015
300.015
300.014
300.014
300.014
300.014
300.014
300.014
300.013
300.013
300.013
300.013
300.012
300.012
300.011
300.011
300.01
300.01
300.009
300.003
300.003
300.003
300.003
300.003
300.003
300.003
300.003
300.003
300.003
300.003
300.003
300.003
300.004
300.004
300.004
300.004
300.004
300.004
300.004
300.004
300.004
300.004
300.004
300.004
300.005
300.005
300.005
300.005
300.005
300.005
300.005
300.005
300.005
300.005
300.005
300.005
300.006
300.006
300.006
300.006
300.006
300.006
300.006
300.006
300.006
300.006
300.006
300.006
300.006
300.007
300.007
300.007
300.007
300.007
300.007
300.007
300.007
300.007
300.007
300.007
300.007
300.007
300.007
300.007
300.007
300.007
300.007
300.008
300.008
300.008
300.008
300.008
300.008
300.008
300.008
300.008
300.008
300.008
300.008
300.008
300.008
300.008
300.008
300.008
300.008
300.008
300.008
300.008
300.008
300.008
300.008
300.008
300.008
300.008
300.008
300.008
300.008
300.008
300.008
300.008
300.008
300.008
300.008
300.008
300.008
300.008
300.008
300.008
300.008
300.008
300.008
300.008
300.008
300.008
300.008
300.008
300.008
300.008
300.008
300.008
300.008
300.008
300.008
300.008
300.008
300.008
300.008
300.008
300.008
300.008
300.008
300.008
300.008
300.008
300.008
300.008
300.008
300.008
300.008
300.008
300.008
300.008
300.008
300.008
300.008
300.008
300.007
300.007
300.007
300.007
300.007
300.007
300.007
300.006
300.006
300.006
300.006
300.005
300.005
300.005
300.001
300.001
300.001
300.001
300.001
300.001
300.001
300.001
300.001
300.001
300.001
300.001
300.001
300.001
300.001
300.002
300.002
300.002
300.002
300.002
300.002
300.002
300.002
300.002
300.002
300.002
300.002
300.002
300.002
300.002
300.002
300.002
300.002
300.002
300.002
300.002
300.002
300.002
300.003
300.003
300.003
300.003
300.003
300.003
300.003
300.003
300.003
300.003
300.003
300.003
300.003
300.003
300.003
300.003
300.003
300.003
300.003
300.003
300.003
300.003
300.003
300.003
300.003
300.003
300.003
300.003
300.003
300.003
300.004
300.004
300.004
300.004
300.004
300.004
300.004
300.004
300.004
300.004
300.004
300.004
300.004
300.004
300.004
300.004
300.004
300.004
300.004
300.004
300.004
300.004
300.004
300.004
300.004
300.004
300.004
300.004
300.004
300.004
300.004
300.004
300.004
300.004
300.004
300.004
300.004
300.004
300.004
300.004
300.004
300.004
300.004
300.004
300.004
300.004
300.004
300.004
300.004
300.004
300.004
300.004
300.004
300.004
300.004
300.004
300.004
300.004
300.004
300.004
300.004
300.004
300.004
300.004
300.004
300.004
300.004
300.004
300.004
300.004
300.004
300.004
300.004
300.004
300.004
300.004
300.004
300.004
300.004
300.003
300.003
300.003
300.003
300.003
300.003
300.003
300.003
300.003
300.003
300.003
300.002
300.002
300.002
300
300
300
300
300
300
300
300
300
300
300
300
300
300
300
300
300
300
300
300
300
300
300
300
300.001
300.001
300.001
300.001
300.001
300.001
300.001
300.001
300.001
300.001
300.001
300.001
300.001
300.001
300.001
300.001
300.001
300.001
300.001
300.001
300.001
300.001
300.001
300.001
300.001
300.001
300.001
300.001
300.001
300.001
300.001
300.001
300.001
300.001
300.001
300.001
300.001
300.001
300.001
300.001
300.001
300.001
300.001
300.001
300.001
300.001
300.001
300.001
300.001
300.001
300.001
300.001
300.001
300.001
300.001
300.001
300.001
300.001
300.001
300.001
300.001
300.001
300.001
300.001
300.001
300.001
300.001
300.001
300.001
300.001
300.001
300.001
300.001
300.001
300.001
300.001
300.001
300.001
300.001
300.001
300.001
300.001
300.001
300.001
300.001
300.001
300.001
300.001
300.001
300.001
300.001
300.001
300.001
300.001
300.001
300.001
300.001
300.001
300.001
300.001
300.001
300.001
300.001
300.001
300.001
300.001
300.001
300.001
300.001
300.001
300.001
300.001
300.001
300.001
300.001
300.001
300.001
300.001
300.001
300.001
300.001
300.001
300.001
300.001
300.001
300.001
300.001
300.001
300.001
300.001
300.001
300.001
300.001
300.001
300.001
300.001
300.001
300
300
300
300
300
300
300
300
300
300
300
300
300
300
300
300
300
300
300
300
300
300
300
300
300
300
300
300
300
300
300
300
300
300
300
300
300
300
300
300
300
300
300
300
300
300
300
300
300
300
300
300
300
300
300
300
300
300
300
300
300
300
300
300
300
300
300
300
300
300
300
300
300
300
300
300
300
300
300
300
300
300
300
300
300
300
300
300
300
300
300
300
300
300
300
300
300
300
300
300
300
300
300
300
300
300
300
300
300
300
300
300
300
300
300
300
300
300
300
300
300
300
300
300
300
300
300
300
300
300
300
300
300
300
300
300
300
300
300
300
300
300
300
300
300
300
300
300
300
300
300
300
300
300
300
300
300
300
300
300
300
299.999
299.999
299.999
299.999
299.999
299.999
299.999
299.999
299.999
299.999
299.999
299.999
299.999
299.999
299.999
299.999
299.999
299.999
299.999
299.999
299.999
300
300
300
300
300
300
300
300
300
300
300
300
300
300
300
300
300
300
300
300
300
300
300
300
300
300
300
300
300
300
300
300
300
300
300
300
300
300
300
300
300
300
300
300
300
300
300
300
300
300
300
300
300
300
300
300
300
300
300
300
300
300
300
300
300
300
300
300
300
300
300
300
300
300
300
300
300
300
300
300
300
300
300
300
300
300
300
300
300
300
300
300
300
300
300
300
300
300
300
300
300
300
300
300
300
300
300
300
300
300
300
300
300
300
300
300
300
300
300
300
300
300
300
300
300
300
300
300
300
300
300
300
300
300
300
300
300
300
300
300
301.241
300.704
300.405
300.228
300.124
300.065
300.033
300.016
300.007
300.003
300.001
300
300
300
300
300
300
300
300
300
300
300
300
300
300
300
300
300
300
300
300
300
300
300
300
300
300
300
300
300
300
300
300
300
300
300
300
300
300
300
300
301.238
300.703
300.404
300.228
300.124
300.065
300.033
300.016
300.007
300.003
300.001
300
300
300
300
300
300
300
300
300
300
300
300
300
300
300
300
300
300
300
300
300
300
300
300
300
300
300
300
300
300
300
300
300
300
300
300
300
300
300
300
301.232
300.702
300.404
300.228
300.124
300.065
300.033
300.016
300.007
300.003
300.001
300
300
300
300
300
300
300
300
300
300
300
300
300
300
300
300
300
300
300
300
300
300
300
300
300
300
300
300
300
300
300
300
300
300
300
300
300
300
300
300
301.223
300.7
300.404
300.227
300.124
300.065
300.033
300.016
300.007
300.003
300.001
300
300
300
300
300
300
300
300
300
300
300
300
300
300
300
300
300
300
300
300
300
300
300
300
300
300
300
300
300
300
300
300
300
300
300
300
300
300
300
300
301.21
300.697
300.403
300.227
300.124
300.065
300.033
300.016
300.007
300.003
300.001
300
300
300
300
300
300
300
300
300
300
300
300
300
300
300
300
300
300
300
300
300
300
300
300
300
300
300
300
300
300
300
300
300
300
300
300
300
300
300
300
301.193
300.693
300.401
300.227
300.124
300.065
300.033
300.016
300.007
300.003
300.001
300
300
300
300
300
300
300
300
300
300
300
300
300
300
300
300
300
300
300
300
300
300
300
300
300
300
300
300
300
300
300
300
300
300
300
300
300
300
300
300
301.173
300.688
300.399
300.226
300.123
300.065
300.033
300.016
300.007
300.003
300.001
300
300
300
300
300
300
300
300
300
300
300
300
300
300
300
300
300
300
300
300
300
300
300
300
300
300
300
300
300
300
300
300
300
300
300
300
300
300
300
300
301.149
300.68
300.396
300.225
300.123
300.065
300.033
300.016
300.007
300.003
300.001
300
300
300
300
300
300
300
300
300
300
300
300
300
300
300
300
300
300
300
300
300
300
300
300
300
300
300
300
300
300
300
300
300
300
300
300
300
300
300
300
301.121
300.671
300.393
300.223
300.122
300.064
300.032
300.016
300.007
300.003
300.001
300
300
300
300
300
300
300
300
300
300
300
300
300
300
300
300
300
300
300
300
300
300
300
300
300
300
300
300
300
300
300
300
300
300
300
300
300
300
300
300
301.089
300.66
300.388
300.221
300.121
300.064
300.032
300.016
300.007
300.003
300.001
300
300
300
300
300
300
300
300
300
300
300
300
300
300
300
300
300
300
300
300
300
300
300
300
300
300
300
300
300
300
300
300
300
300
300
300
300
300
300
300
301.053
300.646
300.382
300.218
300.12
300.063
300.032
300.016
300.007
300.003
300.001
300
300
300
300
300
300
300
300
300
300
300
300
300
300
300
300
300
300
300
300
300
300
300
300
300
300
300
300
300
300
300
300
300
300
300
300
300
300
300
300
301.013
300.63
300.375
300.215
300.119
300.063
300.032
300.015
300.007
300.003
300.001
300
300
300
300
300
300
300
300
300
300
300
300
300
300
300
300
300
300
300
300
300
300
300
300
300
300
300
300
300
300
300
300
300
300
300
300
300
300
300
300
300.97
300.611
300.367
300.211
300.117
300.062
300.031
300.015
300.007
300.003
300.001
300
300
300
300
300
300
300
300
300
300
300
300
300
300
300
300
300
300
300
300
300
300
300
300
300
300
300
300
300
300
300
300
300
300
300
300
300
300
300
300
300.924
300.59
300.356
300.206
300.114
300.061
300.031
300.015
300.007
300.003
300.001
300
300
300
300
300
300
300
300
300
300
300
300
300
300
300
300
300
300
300
300
300
300
300
300
300
300
300
300
300
300
300
300
300
300
300
300
300
300
300
300
300.875
300.566
300.345
300.201
300.112
300.059
300.03
300.015
300.007
300.003
300.001
300
300
300
300
300
300
300
300
300
300
300
300
300
300
300
300
300
300
300
300
300
300
300
300
300
300
300
300
300
300
300
300
300
300
300
300
300
300
300
300
300.822
300.539
300.331
300.194
300.108
300.058
300.029
300.014
300.007
300.003
300.001
300
300
300
300
300
300
300
300
300
300
300
300
300
300
300
300
300
300
300
300
300
300
300
300
300
300
300
300
300
300
300
300
300
300
300
300
300
300
300
300
300.768
300.51
300.316
300.186
300.105
300.056
300.029
300.014
300.006
300.003
300.001
300
300
300
300
300
300
300
300
300
300
300
300
300
300
300
300
300
300
300
300
300
300
300
300
300
300
300
300
300
300
300
300
300
300
300
300
300
300
300
300
300.711
300.478
300.3
300.178
300.1
300.054
300.028
300.013
300.006
300.003
300.001
300
300
300
300
300
300
300
300
300
300
300
300
300
300
300
300
300
300
300
300
300
300
300
300
300
300
300
300
300
300
300
300
300
300
300
300
300
300
300
300
300.653
300.445
300.282
300.168
300.095
300.051
300.026
300.013
300.006
300.003
300.001
300
300
300
300
300
300
300
300
300
300
300
300
300
300
300
300
300
300
300
300
300
300
300
300
300
300
300
300
300
300
300
300
300
300
300
300
300
300
300
300
300.594
300.41
300.262
300.158
300.09
300.049
300.025
300.012
300.006
300.002
300.001
300
300
300
300
300
300
300
300
300
300
300
300
300
300
300
300
300
300
300
300
300
300
300
300
300
300
300
300
300
300
300
300
300
300
300
300
300
300
300
300
300.535
300.373
300.241
300.146
300.084
300.046
300.024
300.012
300.005
300.002
300.001
300
300
300
300
300
300
300
300
300
300
300
300
300
300
300
300
300
300
300
300
300
300
300
300
300
300
300
300
300
300
300
300
300
300
300
300
300
300
300
300
300.476
300.336
300.219
300.134
300.077
300.042
300.022
300.011
300.005
300.002
300.001
300
300
300
300
300
300
300
300
300
300
300
300
300
300
300
300
300
300
300
300
300
300
300
300
300
300
300
300
300
300
300
300
300
300
300
300
300
300
300
300
300.418
300.298
300.196
300.121
300.07
300.039
300.02
300.01
300.005
300.002
300.001
300
300
300
300
300
300
300
300
300
300
300
300
300
300
300
300
300
300
300
300
300
300
300
300
300
300
300
300
300
300
300
300
300
300
300
300
300
300
300
300
300.362
300.26
300.173
300.108
300.063
300.035
300.018
300.009
300.004
300.002
300.001
300
300
300
300
300
300
300
300
300
300
300
300
300
300
300
300
300
300
300
300
300
300
300
300
300
300
300
300
300
300
300
300
300
300
300
300
300
300
300
300
300.309
300.224
300.151
300.095
300.056
300.031
300.016
300.008
300.004
300.002
300.001
300
300
300
300
300
300
300
300
300
300
300
300
300
300
300
300
300
300
300
300
300
300
300
300
300
300
300
300
300
300
300
300
300
300
300
300
300
300
300
300
300.258
300.189
300.128
300.081
300.048
300.027
300.014
300.007
300.003
300.001
300
300
300
300
300
300
300
300
300
300
300
300
300
300
300
300
300
300
300
300
300
300
300
300
300
300
300
300
300
300
300
300
300
300
300
300
300
300
300
300
300
300.212
300.156
300.107
300.068
300.041
300.023
300.012
300.006
300.003
300.001
300
300
300
300
300
300
300
300
300
300
300
300
300
300
300
300
300
300
300
300
300
300
300
300
300
300
300
300
300
300
300
300
300
300
300
300
300
300
300
300
300
300.17
300.126
300.087
300.056
300.034
300.019
300.01
300.005
300.002
300.001
300
300
300
300
300
300
300
300
300
300
300
300
300
300
300
300
300
300
300
300
300
300
300
300
300
300
300
300
300
300
300
300
300
300
300
300
300
300
300
300
300
300.133
300.099
300.069
300.045
300.027
300.016
300.008
300.004
300.002
300.001
300
300
300
300
300
300
300
300
300
300
300
300
300
300
300
300
300
300
300
300
300
300
300
300
300
300
300
300
300
300
300
300
300
300
300
300
300
300
300
300
300
300.101
300.076
300.053
300.035
300.021
300.012
300.007
300.003
300.001
300
300
300
300
300
300
300
300
300
300
300
300
300
300
300
300
300
300
300
300
300
300
300
300
300
300
300
300
300
300
300
300
300
300
300
300
300
300
300
300
300
300
300.074
300.056
300.04
300.026
300.016
300.009
300.005
300.002
300.001
300
300
300
300
300
300
300
300
300
300
300
300
300
300
300
300
300
300
300
300
300
300
300
300
300
300
300
300
300
300
300
300
300
300
300
300
300
300
300
300
300
300
300.053
300.04
300.029
300.019
300.012
300.007
300.004
300.002
300.001
300
300
300
300
300
300
300
300
300
300
300
300
300
300
300
300
300
300
300
300
300
300
300
300
300
300
300
300
300
300
300
300
300
300
300
300
300
300
300
300
300
300
300.036
300.027
300.02
300.013
300.008
300.005
300.002
300.001
300
300
300
300
300
299.999
299.999
299.999
299.999
299.999
299.999
299.999
299.999
299.999
299.999
299.999
299.999
299.999
299.999
299.999
299.999
299.999
299.999
299.999
299.999
299.999
299.999
299.999
299.999
299.999
299.999
299.999
299.999
299.999
299.999
299.999
299.999
299.999
299.999
299.999
299.999
299.999
299.999
300.023
300.018
300.013
300.008
300.005
300.003
300.001
300.001
300
300
300
299.999
299.999
299.999
299.999
299.999
299.999
299.999
299.999
299.999
299.999
299.999
299.999
299.999
299.999
299.999
299.999
299.999
299.999
299.999
299.999
299.999
299.999
299.999
299.999
299.999
299.999
299.999
299.999
299.999
299.999
299.999
299.999
299.999
299.999
299.999
299.999
299.999
299.999
299.999
299.999
300.014
300.011
300.008
300.005
300.003
300.002
300.001
300
300
300
299.999
299.999
299.999
299.999
299.999
299.999
299.999
299.999
299.999
299.999
299.999
299.999
299.999
299.999
299.999
299.999
299.999
299.999
299.999
299.999
299.999
299.999
299.999
299.999
299.999
299.999
299.999
299.999
299.999
299.999
299.999
299.999
299.999
299.999
299.999
299.999
299.999
299.999
299.999
299.999
299.999
300.008
300.006
300.004
300.003
300.002
300.001
300
300
300
299.999
299.999
299.999
299.999
299.999
299.999
299.999
299.999
299.999
299.999
299.999
299.999
299.999
299.999
299.999
299.999
299.999
299.999
299.999
299.999
299.999
299.999
299.999
299.999
299.999
299.999
299.999
299.999
299.999
299.999
299.999
299.999
299.999
299.999
299.999
299.999
299.999
299.999
299.999
299.999
299.999
299.999
300.004
300.003
300.002
300.001
300.001
300
300
300
299.999
299.999
299.999
299.999
299.999
299.999
299.999
299.999
299.999
299.999
299.999
299.999
299.999
299.999
299.999
299.999
299.999
299.999
299.999
299.999
299.999
299.999
299.999
299.999
299.999
299.999
299.999
299.999
299.999
299.999
299.999
299.999
299.999
299.999
299.999
299.999
299.999
299.999
299.999
299.999
299.999
299.999
299.999
300.002
300.001
300.001
300
300
300
300
299.999
299.999
299.999
299.999
299.999
299.999
299.999
299.999
299.999
299.999
299.999
299.999
299.999
299.999
299.999
299.999
299.999
299.999
299.999
299.999
299.999
299.999
299.999
299.999
299.999
299.999
299.999
299.999
299.999
299.999
299.999
299.999
299.999
299.999
299.999
299.999
299.999
299.999
299.999
299.999
299.999
299.999
299.999
299.999
300
300
300
300
300
299.999
299.999
299.999
299.999
299.999
299.999
299.999
299.999
299.999
299.999
299.999
299.999
299.999
299.999
299.999
299.999
299.999
299.999
299.999
299.999
299.999
299.999
299.999
299.999
299.999
299.999
299.999
299.999
299.999
299.999
299.999
299.999
299.999
299.999
299.999
299.999
299.999
299.999
299.999
299.999
299.999
299.999
299.999
299.999
299.999
299.999
300
300
300
299.999
299.999
299.999
299.999
299.999
299.999
299.999
299.999
299.999
299.999
299.999
299.999
299.999
299.999
299.999
299.999
299.999
299.999
299.999
299.999
299.999
299.999
299.999
299.999
299.999
299.999
299.999
299.999
299.999
299.999
299.999
299.999
299.999
299.999
299.999
299.999
299.999
299.999
299.999
299.999
299.999
299.999
299.999
299.999
299.999
299.999
299.999
299.999
300
299.999
299.999
299.999
299.999
299.999
299.999
299.999
299.999
299.999
299.999
299.999
299.999
299.999
299.999
299.999
299.999
299.999
299.999
299.999
299.999
299.999
299.999
299.999
299.999
299.999
299.999
299.999
299.999
299.999
299.999
299.999
299.999
299.999
299.999
299.999
299.999
299.999
299.999
299.999
299.999
299.999
299.999
299.999
299.999
299.999
299.999
299.999
299.999
299.999
299.999
)
;

boundaryField
{
    inlet
    {
        type            fixedValue;
        value           uniform 300;
    }
    outlet
    {
        type            zeroGradient;
    }
    top
    {
        type            zeroGradient;
    }
    slip-bottom
    {
        type            zeroGradient;
    }
    bottom
    {
        type            zeroGradient;
    }
    interface
    {
        type            fixedGradient;
        gradient        nonuniform List<scalar> 
161
(
64.9354
64.9354
45.3459
45.3459
45.3459
45.3459
35.146
35.146
35.146
35.146
31.4869
31.4869
31.4869
30.9052
30.9052
30.9052
30.9052
29.1909
29.1909
29.1909
28.6732
28.6732
28.6732
28.421
28.421
28.421
28.0928
28.0928
28.0928
27.8308
27.8308
27.8308
27.6192
27.6192
27.6192
27.4345
27.4345
27.4345
27.28
27.28
27.28
26.9651
26.9651
27.2906
27.2906
27.2906
27.024
27.024
27.2267
27.2267
27.2267
27.0151
27.0151
27.0865
27.0865
27.0865
27.1919
27.1919
27.3086
27.3086
27.1077
27.1077
27.1459
27.1459
27.2135
27.2135
27.2459
27.2459
27.2459
27.2715
27.2715
27.2888
27.3023
27.3023
27.3147
27.3147
27.3287
27.3287
27.3091
27.3091
27.3935
27.3935
27.3863
27.3863
27.3738
27.3598
27.3598
27.3961
27.3961
27.3919
27.3801
27.3801
27.4019
27.3981
27.3981
27.4072
27.4072
27.4061
27.406
27.406
27.4057
27.3976
27.3981
27.3981
27.3901
27.376
27.376
27.3791
27.3674
27.3704
27.3704
27.3656
27.3611
27.358
27.358
27.3646
27.3653
27.3662
27.3676
27.3676
27.3743
27.377
27.3786
27.3799
27.3742
27.3868
27.3868
27.3865
27.382
27.3768
27.3692
27.3588
27.3455
27.3289
27.3091
27.2859
27.2594
27.2297
27.1972
27.1623
27.1257
27.0883
27.051
27.0145
26.9795
26.948
26.9238
26.9159
26.9442
26.9571
26.6556
26.6016
26.8394
27.0038
27.2792
27.6575
29.6604
27.5995
29.838
32.268
42.5682
)
;
    }
    defaultFaces
    {
        type            empty;
    }
}


// ************************************************************************* //
