/*--------------------------------*- C++ -*----------------------------------*\
| =========                 |                                                 |
| \\      /  F ield         | OpenFOAM: The Open Source CFD Toolbox           |
|  \\    /   O peration     | Version:  2106                                  |
|   \\  /    A nd           | Website:  www.openfoam.com                      |
|    \\/     M anipulation  |                                                 |
\*---------------------------------------------------------------------------*/
FoamFile
{
    version     2.0;
    format      ascii;
    arch        "LSB;label=32;scalar=64";
    class       volScalarField;
    location    "3.8";
    object      T;
}
// * * * * * * * * * * * * * * * * * * * * * * * * * * * * * * * * * * * * * //

dimensions      [0 0 0 1 0 0 0];

internalField   nonuniform List<scalar> 
12013
(
300.003
300.008
300.014
300.02
300.026
300.032
300.039
300.046
300.054
300.062
300.07
300.078
300.087
300.097
300.107
300.117
300.128
300.139
300.151
300.163
300.176
300.189
300.203
300.218
300.233
300.249
300.265
300.282
300.3
300.318
300.337
300.356
300.377
300.398
300.419
300.442
300.465
300.489
300.514
300.539
300.566
300.593
300.621
300.65
300.679
300.71
300.741
300.774
300.807
300.842
300.877
300.914
300.951
300.99
301.029
301.07
301.112
301.156
301.2
301.246
301.293
301.342
301.392
301.444
301.497
301.553
301.61
301.669
301.73
301.794
301.86
301.929
302.002
302.078
302.158
302.243
302.335
302.434
302.543
302.666
302.814
300.003
300.008
300.014
300.02
300.026
300.032
300.039
300.046
300.054
300.062
300.07
300.078
300.087
300.097
300.107
300.117
300.128
300.139
300.151
300.163
300.176
300.189
300.203
300.218
300.233
300.249
300.265
300.282
300.3
300.318
300.337
300.356
300.377
300.398
300.419
300.442
300.465
300.489
300.514
300.539
300.565
300.593
300.621
300.649
300.679
300.71
300.741
300.774
300.807
300.842
300.877
300.913
300.951
300.99
301.029
301.07
301.112
301.155
301.2
301.246
301.293
301.341
301.391
301.443
301.497
301.552
301.609
301.668
301.729
301.792
301.858
301.927
301.999
302.075
302.154
302.239
302.328
302.425
302.53
302.645
302.771
300.003
300.008
300.014
300.02
300.026
300.032
300.039
300.046
300.054
300.062
300.07
300.078
300.087
300.097
300.107
300.117
300.128
300.139
300.151
300.163
300.176
300.189
300.203
300.218
300.233
300.249
300.265
300.282
300.299
300.318
300.337
300.356
300.376
300.397
300.419
300.442
300.465
300.489
300.513
300.539
300.565
300.592
300.62
300.649
300.679
300.71
300.741
300.774
300.807
300.841
300.877
300.913
300.95
300.989
301.029
301.069
301.111
301.154
301.199
301.245
301.292
301.34
301.39
301.442
301.495
301.55
301.607
301.665
301.726
301.789
301.855
301.923
301.994
302.068
302.146
302.229
302.316
302.408
302.506
302.609
302.717
300.003
300.008
300.014
300.02
300.026
300.032
300.039
300.046
300.054
300.061
300.07
300.078
300.087
300.097
300.107
300.117
300.128
300.139
300.151
300.163
300.176
300.189
300.203
300.218
300.233
300.249
300.265
300.282
300.299
300.318
300.336
300.356
300.376
300.397
300.419
300.441
300.465
300.489
300.513
300.539
300.565
300.592
300.62
300.649
300.679
300.709
300.741
300.773
300.806
300.841
300.876
300.912
300.95
300.988
301.028
301.068
301.11
301.153
301.197
301.243
301.29
301.338
301.388
301.439
301.492
301.547
301.603
301.661
301.721
301.784
301.849
301.916
301.985
302.058
302.134
302.213
302.296
302.383
302.473
302.566
302.659
300.003
300.008
300.014
300.02
300.026
300.032
300.039
300.046
300.054
300.061
300.07
300.078
300.087
300.097
300.107
300.117
300.128
300.139
300.151
300.163
300.176
300.189
300.203
300.218
300.233
300.248
300.265
300.282
300.299
300.317
300.336
300.356
300.376
300.397
300.419
300.441
300.464
300.488
300.513
300.538
300.565
300.592
300.62
300.648
300.678
300.709
300.74
300.772
300.806
300.84
300.875
300.911
300.949
300.987
301.026
301.067
301.108
301.151
301.195
301.241
301.287
301.335
301.385
301.436
301.488
301.542
301.598
301.655
301.715
301.776
301.84
301.905
301.973
302.044
302.117
302.193
302.271
302.352
302.434
302.517
302.6
300.003
300.008
300.014
300.02
300.026
300.032
300.039
300.046
300.054
300.061
300.07
300.078
300.087
300.097
300.107
300.117
300.128
300.139
300.151
300.163
300.176
300.189
300.203
300.218
300.233
300.248
300.265
300.281
300.299
300.317
300.336
300.356
300.376
300.397
300.418
300.441
300.464
300.488
300.512
300.538
300.564
300.591
300.619
300.648
300.677
300.708
300.739
300.771
300.805
300.839
300.874
300.91
300.947
300.985
301.024
301.065
301.106
301.149
301.193
301.238
301.284
301.332
301.381
301.431
301.483
301.536
301.591
301.648
301.706
301.766
301.828
301.892
301.958
302.026
302.095
302.167
302.241
302.315
302.391
302.466
302.541
300.003
300.008
300.014
300.02
300.026
300.032
300.039
300.046
300.054
300.061
300.07
300.078
300.087
300.097
300.106
300.117
300.128
300.139
300.151
300.163
300.176
300.189
300.203
300.217
300.232
300.248
300.264
300.281
300.299
300.317
300.336
300.355
300.376
300.396
300.418
300.44
300.463
300.487
300.512
300.537
300.563
300.59
300.618
300.647
300.676
300.707
300.738
300.77
300.803
300.837
300.872
300.908
300.945
300.983
301.022
301.062
301.103
301.145
301.189
301.234
301.279
301.326
301.375
301.425
301.476
301.528
301.582
301.638
301.695
301.753
301.813
301.875
301.938
302.003
302.07
302.137
302.206
302.275
302.344
302.413
302.48
300.003
300.008
300.014
300.02
300.026
300.032
300.039
300.046
300.054
300.061
300.07
300.078
300.087
300.097
300.106
300.117
300.127
300.139
300.15
300.163
300.175
300.189
300.203
300.217
300.232
300.248
300.264
300.281
300.298
300.317
300.335
300.355
300.375
300.396
300.417
300.44
300.463
300.487
300.511
300.536
300.562
300.589
300.617
300.646
300.675
300.705
300.736
300.768
300.801
300.835
300.87
300.906
300.942
300.98
301.019
301.058
301.099
301.141
301.184
301.228
301.274
301.32
301.368
301.417
301.467
301.518
301.571
301.625
301.681
301.737
301.795
301.855
301.915
301.977
302.04
302.103
302.167
302.231
302.295
302.358
302.42
300.003
300.008
300.014
300.02
300.026
300.032
300.039
300.046
300.054
300.061
300.069
300.078
300.087
300.096
300.106
300.117
300.127
300.139
300.15
300.163
300.175
300.189
300.202
300.217
300.232
300.248
300.264
300.281
300.298
300.316
300.335
300.354
300.374
300.395
300.417
300.439
300.462
300.486
300.51
300.535
300.561
300.588
300.616
300.644
300.673
300.703
300.734
300.766
300.799
300.832
300.867
300.902
300.939
300.976
301.015
301.054
301.094
301.136
301.178
301.222
301.266
301.312
301.359
301.407
301.456
301.506
301.558
301.61
301.664
301.719
301.774
301.831
301.889
301.947
302.006
302.066
302.125
302.185
302.244
302.302
302.359
300.003
300.008
300.014
300.02
300.026
300.032
300.039
300.046
300.053
300.061
300.069
300.078
300.087
300.096
300.106
300.116
300.127
300.138
300.15
300.162
300.175
300.188
300.202
300.217
300.232
300.247
300.263
300.28
300.298
300.316
300.334
300.354
300.374
300.394
300.416
300.438
300.461
300.485
300.509
300.534
300.56
300.587
300.614
300.642
300.671
300.701
300.732
300.764
300.796
300.829
300.864
300.899
300.935
300.972
301.01
301.049
301.088
301.129
301.171
301.214
301.258
301.302
301.348
301.395
301.443
301.492
301.542
301.592
301.644
301.697
301.75
301.804
301.859
301.914
301.97
302.025
302.081
302.136
302.19
302.244
302.297
300.003
300.008
300.014
300.02
300.026
300.032
300.039
300.046
300.053
300.061
300.069
300.078
300.087
300.096
300.106
300.116
300.127
300.138
300.15
300.162
300.175
300.188
300.202
300.216
300.231
300.247
300.263
300.28
300.297
300.315
300.334
300.353
300.373
300.393
300.415
300.437
300.46
300.483
300.507
300.532
300.558
300.585
300.612
300.64
300.669
300.698
300.729
300.76
300.792
300.825
300.859
300.894
300.93
300.966
301.004
301.042
301.081
301.121
301.162
301.204
301.247
301.291
301.336
301.381
301.428
301.475
301.523
301.572
301.622
301.672
301.723
301.774
301.826
301.878
301.93
301.982
302.034
302.085
302.136
302.185
302.234
300.003
300.008
300.014
300.019
300.026
300.032
300.039
300.046
300.053
300.061
300.069
300.078
300.087
300.096
300.106
300.116
300.127
300.138
300.15
300.162
300.174
300.188
300.201
300.216
300.231
300.246
300.262
300.279
300.296
300.314
300.333
300.352
300.372
300.392
300.414
300.435
300.458
300.481
300.506
300.53
300.556
300.582
300.609
300.637
300.666
300.695
300.725
300.756
300.788
300.821
300.854
300.889
300.924
300.96
300.996
301.034
301.073
301.112
301.152
301.193
301.235
301.277
301.321
301.365
301.41
301.456
301.502
301.549
301.596
301.644
301.693
301.741
301.79
301.839
301.888
301.936
301.985
302.032
302.079
302.126
302.171
300.003
300.008
300.014
300.019
300.026
300.032
300.039
300.046
300.053
300.061
300.069
300.078
300.086
300.096
300.105
300.116
300.126
300.137
300.149
300.161
300.174
300.187
300.201
300.215
300.23
300.245
300.261
300.278
300.295
300.313
300.332
300.351
300.37
300.391
300.412
300.434
300.456
300.479
300.503
300.528
300.553
300.579
300.606
300.634
300.662
300.691
300.721
300.752
300.783
300.815
300.848
300.882
300.917
300.952
300.988
301.025
301.062
301.101
301.14
301.18
301.221
301.262
301.304
301.347
301.39
301.434
301.478
301.523
301.568
301.614
301.659
301.705
301.751
301.797
301.843
301.888
301.933
301.978
302.022
302.065
302.107
300.003
300.008
300.014
300.019
300.026
300.032
300.039
300.046
300.053
300.061
300.069
300.077
300.086
300.095
300.105
300.115
300.126
300.137
300.149
300.161
300.173
300.186
300.2
300.214
300.229
300.244
300.26
300.277
300.294
300.312
300.33
300.349
300.369
300.389
300.41
300.432
300.454
300.477
300.501
300.525
300.55
300.576
300.603
300.63
300.658
300.687
300.716
300.746
300.777
300.809
300.841
300.874
300.908
300.943
300.978
301.014
301.051
301.088
301.126
301.165
301.204
301.244
301.285
301.326
301.367
301.409
301.452
301.494
301.537
301.58
301.624
301.667
301.71
301.753
301.796
301.839
301.881
301.922
301.963
302.003
302.043
300.003
300.008
300.014
300.019
300.025
300.032
300.039
300.046
300.053
300.061
300.069
300.077
300.086
300.095
300.105
300.115
300.126
300.137
300.148
300.16
300.173
300.186
300.199
300.214
300.228
300.243
300.259
300.276
300.293
300.31
300.329
300.347
300.367
300.387
300.408
300.429
300.451
300.474
300.498
300.522
300.547
300.572
300.598
300.625
300.653
300.681
300.71
300.74
300.77
300.801
300.833
300.865
300.898
300.932
300.967
301.002
301.037
301.074
301.111
301.148
301.186
301.224
301.263
301.303
301.342
301.382
301.423
301.463
301.504
301.545
301.585
301.626
301.667
301.707
301.747
301.787
301.826
301.865
301.903
301.94
301.977
300.003
300.008
300.013
300.019
300.025
300.032
300.038
300.045
300.053
300.06
300.068
300.077
300.086
300.095
300.104
300.114
300.125
300.136
300.148
300.159
300.172
300.185
300.198
300.212
300.227
300.242
300.258
300.274
300.291
300.309
300.327
300.345
300.365
300.385
300.405
300.426
300.448
300.471
300.494
300.518
300.542
300.567
300.593
300.62
300.647
300.675
300.703
300.732
300.762
300.792
300.823
300.855
300.887
300.92
300.954
300.988
301.022
301.057
301.093
301.129
301.165
301.202
301.24
301.277
301.315
301.353
301.391
301.43
301.468
301.507
301.545
301.583
301.621
301.659
301.696
301.733
301.77
301.806
301.842
301.877
301.911
300.003
300.008
300.013
300.019
300.025
300.032
300.038
300.045
300.052
300.06
300.068
300.076
300.085
300.094
300.104
300.114
300.124
300.135
300.147
300.159
300.171
300.184
300.197
300.211
300.226
300.241
300.256
300.273
300.289
300.307
300.325
300.343
300.362
300.382
300.402
300.423
300.445
300.467
300.49
300.513
300.537
300.562
300.587
300.613
300.64
300.667
300.695
300.724
300.753
300.782
300.812
300.843
300.875
300.906
300.939
300.972
301.005
301.039
301.073
301.108
301.143
301.178
301.213
301.249
301.285
301.321
301.358
301.394
301.43
301.466
301.502
301.538
301.574
301.609
301.644
301.679
301.713
301.747
301.78
301.813
301.845
300.003
300.008
300.013
300.019
300.025
300.031
300.038
300.045
300.052
300.06
300.068
300.076
300.085
300.094
300.103
300.113
300.124
300.135
300.146
300.158
300.17
300.183
300.196
300.21
300.224
300.239
300.255
300.271
300.287
300.304
300.322
300.34
300.359
300.379
300.399
300.419
300.441
300.462
300.485
300.508
300.532
300.556
300.581
300.606
300.632
300.659
300.686
300.714
300.742
300.771
300.8
300.83
300.86
300.891
300.922
300.954
300.986
301.019
301.051
301.084
301.118
301.151
301.185
301.219
301.253
301.287
301.321
301.356
301.39
301.424
301.457
301.491
301.524
301.557
301.59
301.623
301.654
301.686
301.717
301.748
301.777
300.003
300.008
300.013
300.019
300.025
300.031
300.038
300.045
300.052
300.059
300.067
300.076
300.084
300.093
300.103
300.113
300.123
300.134
300.145
300.157
300.169
300.181
300.195
300.208
300.222
300.237
300.252
300.268
300.285
300.302
300.319
300.337
300.356
300.375
300.394
300.415
300.436
300.457
300.479
300.502
300.525
300.549
300.573
300.598
300.623
300.649
300.675
300.702
300.73
300.758
300.786
300.815
300.844
300.874
300.904
300.934
300.965
300.996
301.027
301.059
301.091
301.123
301.155
301.187
301.219
301.251
301.283
301.315
301.347
301.379
301.411
301.442
301.474
301.504
301.535
301.565
301.595
301.624
301.653
301.682
301.71
300.003
300.008
300.013
300.019
300.025
300.031
300.038
300.044
300.051
300.059
300.067
300.075
300.084
300.092
300.102
300.112
300.122
300.133
300.144
300.155
300.167
300.18
300.193
300.206
300.22
300.235
300.25
300.266
300.282
300.298
300.316
300.333
300.352
300.37
300.39
300.41
300.43
300.451
300.473
300.495
300.517
300.541
300.564
300.588
300.613
300.638
300.664
300.69
300.716
300.743
300.771
300.798
300.827
300.855
300.884
300.913
300.942
300.972
301.002
301.032
301.062
301.092
301.122
301.153
301.183
301.213
301.243
301.273
301.303
301.333
301.363
301.392
301.421
301.45
301.479
301.507
301.535
301.562
301.589
301.616
301.642
300.003
300.008
300.013
300.019
300.025
300.031
300.037
300.044
300.051
300.058
300.066
300.074
300.083
300.092
300.101
300.111
300.121
300.131
300.142
300.154
300.166
300.178
300.191
300.204
300.218
300.232
300.247
300.262
300.278
300.295
300.312
300.329
300.347
300.365
300.384
300.404
300.424
300.444
300.465
300.487
300.509
300.531
300.554
300.578
300.602
300.626
300.651
300.676
300.701
300.727
300.754
300.78
300.807
300.834
300.862
300.89
300.918
300.946
300.974
301.002
301.031
301.059
301.088
301.116
301.145
301.173
301.202
301.23
301.258
301.286
301.313
301.341
301.368
301.395
301.421
301.448
301.473
301.499
301.524
301.549
301.573
300.002
300.008
300.013
300.019
300.024
300.03
300.037
300.044
300.051
300.058
300.066
300.074
300.082
300.091
300.1
300.109
300.119
300.13
300.141
300.152
300.164
300.176
300.189
300.202
300.215
300.229
300.244
300.259
300.274
300.291
300.307
300.324
300.342
300.36
300.378
300.397
300.417
300.437
300.457
300.478
300.499
300.521
300.543
300.566
300.589
300.612
300.636
300.66
300.685
300.71
300.735
300.76
300.786
300.812
300.838
300.864
300.891
300.918
300.944
300.971
300.998
301.025
301.051
301.078
301.105
301.132
301.158
301.184
301.211
301.237
301.262
301.288
301.313
301.338
301.363
301.387
301.412
301.435
301.459
301.482
301.504
300.002
300.008
300.013
300.018
300.024
300.03
300.036
300.043
300.05
300.057
300.065
300.073
300.081
300.09
300.099
300.108
300.118
300.128
300.139
300.15
300.161
300.173
300.186
300.199
300.212
300.226
300.24
300.255
300.27
300.286
300.302
300.319
300.336
300.353
300.371
300.39
300.409
300.428
300.448
300.468
300.489
300.51
300.531
300.553
300.575
300.598
300.62
300.644
300.667
300.691
300.715
300.739
300.763
300.788
300.813
300.838
300.863
300.888
300.913
300.938
300.963
300.988
301.014
301.039
301.064
301.088
301.113
301.138
301.162
301.186
301.211
301.234
301.258
301.281
301.304
301.327
301.349
301.371
301.393
301.414
301.436
300.002
300.007
300.013
300.018
300.024
300.03
300.036
300.042
300.049
300.056
300.064
300.072
300.08
300.088
300.097
300.107
300.116
300.126
300.137
300.148
300.159
300.171
300.183
300.196
300.209
300.222
300.236
300.25
300.265
300.281
300.296
300.312
300.329
300.346
300.363
300.381
300.4
300.418
300.438
300.457
300.477
300.497
300.518
300.539
300.56
300.581
300.603
300.625
300.648
300.67
300.693
300.716
300.739
300.762
300.786
300.809
300.833
300.856
300.88
300.903
300.927
300.951
300.974
300.998
301.021
301.044
301.067
301.09
301.113
301.135
301.158
301.18
301.202
301.223
301.245
301.266
301.286
301.307
301.327
301.347
301.367
300.002
300.007
300.012
300.018
300.023
300.029
300.035
300.042
300.049
300.056
300.063
300.071
300.079
300.087
300.096
300.105
300.114
300.124
300.134
300.145
300.156
300.168
300.18
300.192
300.205
300.218
300.231
300.245
300.26
300.275
300.29
300.305
300.322
300.338
300.355
300.372
300.39
300.408
300.426
300.445
300.464
300.483
300.503
300.523
300.543
300.564
300.584
300.605
300.627
300.648
300.67
300.691
300.713
300.735
300.757
300.779
300.801
300.823
300.845
300.867
300.889
300.911
300.933
300.955
300.977
300.999
301.02
301.041
301.062
301.083
301.104
301.124
301.145
301.165
301.185
301.204
301.223
301.242
301.261
301.28
301.298
300.002
300.007
300.012
300.018
300.023
300.029
300.035
300.041
300.048
300.055
300.062
300.069
300.077
300.085
300.094
300.103
300.112
300.122
300.132
300.142
300.153
300.164
300.176
300.188
300.2
300.213
300.226
300.24
300.254
300.268
300.283
300.298
300.313
300.329
300.345
300.362
300.379
300.396
300.414
300.432
300.45
300.468
300.487
300.506
300.525
300.545
300.564
300.584
300.604
300.624
300.645
300.665
300.686
300.706
300.727
300.748
300.768
300.789
300.81
300.83
300.851
300.871
300.892
300.912
300.932
300.952
300.972
300.992
301.011
301.031
301.05
301.069
301.088
301.106
301.124
301.143
301.16
301.178
301.195
301.212
301.229
300.002
300.007
300.012
300.017
300.023
300.028
300.034
300.04
300.047
300.054
300.061
300.068
300.076
300.084
300.092
300.101
300.11
300.119
300.129
300.139
300.149
300.16
300.172
300.183
300.195
300.208
300.22
300.233
300.247
300.261
300.275
300.289
300.304
300.32
300.335
300.351
300.367
300.384
300.4
300.417
300.435
300.452
300.47
300.488
300.506
300.525
300.543
300.562
300.581
300.6
300.619
300.638
300.657
300.676
300.696
300.715
300.734
300.753
300.773
300.792
300.811
300.83
300.849
300.868
300.886
300.905
300.923
300.942
300.96
300.978
300.995
301.013
301.03
301.047
301.064
301.081
301.097
301.114
301.13
301.145
301.161
300.002
300.007
300.012
300.017
300.022
300.028
300.033
300.039
300.046
300.052
300.059
300.066
300.074
300.082
300.09
300.098
300.107
300.116
300.126
300.135
300.146
300.156
300.167
300.178
300.19
300.202
300.214
300.227
300.24
300.253
300.266
300.28
300.295
300.309
300.324
300.339
300.354
300.37
300.386
300.402
300.419
300.435
300.452
300.469
300.486
300.503
300.521
300.538
300.556
300.574
300.592
300.609
300.627
300.645
300.663
300.681
300.699
300.717
300.735
300.753
300.77
300.788
300.805
300.823
300.84
300.857
300.874
300.891
300.908
300.924
300.941
300.957
300.973
300.989
301.004
301.02
301.035
301.05
301.065
301.079
301.094
300.002
300.007
300.011
300.016
300.022
300.027
300.033
300.038
300.045
300.051
300.058
300.065
300.072
300.08
300.087
300.096
300.104
300.113
300.122
300.132
300.141
300.151
300.162
300.173
300.184
300.195
300.207
300.219
300.232
300.244
300.257
300.27
300.284
300.298
300.312
300.326
300.341
300.356
300.371
300.386
300.402
300.417
300.433
300.449
300.465
300.481
300.497
300.514
300.53
300.547
300.564
300.58
300.597
300.613
300.63
300.647
300.663
300.68
300.696
300.713
300.729
300.746
300.762
300.778
300.794
300.809
300.825
300.841
300.856
300.871
300.886
300.901
300.916
300.93
300.945
300.959
300.973
300.987
301
301.014
301.027
300.002
300.007
300.011
300.016
300.021
300.026
300.032
300.037
300.043
300.05
300.056
300.063
300.07
300.077
300.085
300.093
300.101
300.109
300.118
300.127
300.137
300.146
300.157
300.167
300.177
300.188
300.2
300.211
300.223
300.235
300.247
300.26
300.273
300.286
300.299
300.313
300.327
300.341
300.355
300.369
300.384
300.398
300.413
300.428
300.443
300.458
300.473
300.489
300.504
300.519
300.535
300.55
300.566
300.581
300.596
300.612
300.627
300.642
300.658
300.673
300.688
300.703
300.718
300.732
300.747
300.762
300.776
300.79
300.804
300.818
300.832
300.846
300.859
300.873
300.886
300.899
300.912
300.924
300.937
300.949
300.961
300.002
300.006
300.011
300.015
300.02
300.025
300.031
300.036
300.042
300.048
300.054
300.061
300.068
300.075
300.082
300.09
300.097
300.106
300.114
300.123
300.132
300.141
300.151
300.161
300.171
300.181
300.192
300.203
300.214
300.225
300.237
300.249
300.261
300.273
300.286
300.299
300.312
300.325
300.338
300.351
300.365
300.379
300.392
300.406
300.42
300.434
300.449
300.463
300.477
300.491
300.505
300.52
300.534
300.548
300.562
300.577
300.591
300.605
300.619
300.633
300.647
300.66
300.674
300.687
300.701
300.714
300.727
300.74
300.753
300.766
300.779
300.791
300.804
300.816
300.828
300.84
300.852
300.863
300.875
300.886
300.897
300.002
300.006
300.01
300.015
300.02
300.025
300.03
300.035
300.04
300.046
300.052
300.059
300.065
300.072
300.079
300.086
300.094
300.102
300.11
300.118
300.127
300.135
300.145
300.154
300.164
300.173
300.183
300.194
300.204
300.215
300.226
300.237
300.249
300.26
300.272
300.284
300.296
300.308
300.321
300.333
300.346
300.359
300.372
300.384
300.397
300.41
300.423
300.437
300.45
300.463
300.476
300.489
300.502
300.515
300.528
300.541
300.554
300.567
300.58
300.593
300.606
300.618
300.631
300.643
300.655
300.668
300.68
300.692
300.703
300.715
300.727
300.738
300.749
300.76
300.771
300.782
300.793
300.804
300.814
300.824
300.834
300.002
300.006
300.01
300.014
300.019
300.024
300.029
300.034
300.039
300.045
300.05
300.056
300.063
300.069
300.076
300.083
300.09
300.097
300.105
300.113
300.121
300.129
300.138
300.147
300.156
300.165
300.175
300.185
300.195
300.205
300.215
300.226
300.236
300.247
300.258
300.269
300.28
300.292
300.303
300.315
300.327
300.339
300.35
300.362
300.374
300.386
300.398
300.41
300.422
300.435
300.447
300.459
300.471
300.483
300.495
300.507
300.519
300.53
300.542
300.554
300.565
300.577
300.588
300.6
300.611
300.622
300.633
300.644
300.655
300.665
300.676
300.686
300.696
300.707
300.717
300.726
300.736
300.746
300.755
300.765
300.774
300.002
300.006
300.01
300.014
300.018
300.023
300.027
300.032
300.037
300.043
300.048
300.054
300.06
300.066
300.072
300.079
300.086
300.093
300.1
300.108
300.115
300.123
300.132
300.14
300.148
300.157
300.166
300.175
300.185
300.194
300.204
300.214
300.224
300.234
300.244
300.254
300.265
300.275
300.286
300.297
300.308
300.318
300.329
300.34
300.351
300.362
300.374
300.385
300.396
300.407
300.418
300.429
300.44
300.451
300.462
300.473
300.484
300.494
300.505
300.516
300.526
300.537
300.547
300.558
300.568
300.578
300.588
300.598
300.608
300.617
300.627
300.636
300.646
300.655
300.664
300.673
300.682
300.691
300.699
300.708
300.716
300.002
300.005
300.009
300.013
300.017
300.022
300.026
300.031
300.036
300.041
300.046
300.051
300.057
300.063
300.069
300.075
300.082
300.089
300.095
300.103
300.11
300.117
300.125
300.133
300.141
300.149
300.157
300.166
300.175
300.184
300.193
300.202
300.211
300.22
300.23
300.239
300.249
300.259
300.269
300.279
300.289
300.299
300.309
300.319
300.329
300.339
300.349
300.36
300.37
300.38
300.39
300.4
300.41
300.42
300.43
300.44
300.45
300.46
300.47
300.48
300.489
300.499
300.508
300.518
300.527
300.536
300.545
300.554
300.563
300.572
300.581
300.589
300.598
300.606
300.614
300.622
300.631
300.638
300.646
300.654
300.662
300.002
300.005
300.009
300.013
300.017
300.021
300.025
300.029
300.034
300.039
300.044
300.049
300.054
300.06
300.066
300.072
300.078
300.084
300.091
300.097
300.104
300.111
300.118
300.126
300.133
300.141
300.149
300.157
300.165
300.173
300.182
300.19
300.199
300.208
300.216
300.225
300.234
300.243
300.252
300.262
300.271
300.28
300.289
300.299
300.308
300.317
300.327
300.336
300.345
300.355
300.364
300.373
300.382
300.392
300.401
300.41
300.419
300.428
300.437
300.445
300.454
300.463
300.472
300.48
300.489
300.497
300.505
300.513
300.521
300.529
300.537
300.545
300.553
300.561
300.568
300.576
300.583
300.59
300.597
300.604
300.611
300.002
300.005
300.008
300.012
300.016
300.02
300.024
300.028
300.033
300.037
300.042
300.047
300.052
300.057
300.063
300.068
300.074
300.08
300.086
300.093
300.099
300.106
300.112
300.119
300.126
300.134
300.141
300.148
300.156
300.164
300.172
300.179
300.187
300.196
300.204
300.212
300.22
300.229
300.237
300.246
300.254
300.263
300.271
300.28
300.288
300.297
300.306
300.314
300.323
300.331
300.34
300.348
300.357
300.365
300.373
300.382
300.39
300.398
300.406
300.414
300.422
300.43
300.438
300.446
300.454
300.461
300.469
300.476
300.484
300.491
300.498
300.505
300.512
300.519
300.526
300.533
300.54
300.546
300.553
300.559
300.565
300.002
300.005
300.008
300.012
300.015
300.019
300.023
300.027
300.031
300.036
300.04
300.045
300.05
300.055
300.06
300.065
300.071
300.076
300.082
300.088
300.094
300.1
300.107
300.113
300.12
300.127
300.134
300.141
300.148
300.155
300.162
300.17
300.177
300.185
300.192
300.2
300.208
300.216
300.224
300.231
300.239
300.247
300.255
300.263
300.271
300.279
300.287
300.295
300.303
300.311
300.318
300.326
300.334
300.342
300.35
300.357
300.365
300.372
300.38
300.387
300.395
300.402
300.409
300.416
300.423
300.43
300.437
300.444
300.451
300.458
300.464
300.471
300.477
300.484
300.49
300.496
300.502
300.508
300.514
300.52
300.526
300.002
300.005
300.008
300.011
300.015
300.018
300.022
300.026
300.03
300.034
300.038
300.043
300.048
300.052
300.057
300.062
300.068
300.073
300.079
300.084
300.09
300.096
300.102
300.108
300.115
300.121
300.128
300.134
300.141
300.148
300.155
300.162
300.169
300.176
300.183
300.19
300.198
300.205
300.212
300.22
300.227
300.234
300.242
300.249
300.257
300.264
300.271
300.279
300.286
300.294
300.301
300.308
300.315
300.323
300.33
300.337
300.344
300.351
300.358
300.365
300.372
300.378
300.385
300.392
300.398
300.405
300.411
300.418
300.424
300.43
300.436
300.442
300.448
300.454
300.46
300.466
300.471
300.477
300.482
300.488
300.493
300.001
300.004
300.008
300.011
300.014
300.018
300.021
300.025
300.029
300.033
300.037
300.042
300.046
300.051
300.056
300.06
300.066
300.071
300.076
300.082
300.087
300.093
300.099
300.105
300.111
300.117
300.123
300.129
300.136
300.142
300.149
300.156
300.162
300.169
300.176
300.183
300.19
300.197
300.204
300.211
300.218
300.225
300.232
300.239
300.246
300.253
300.26
300.267
300.274
300.281
300.288
300.295
300.302
300.309
300.315
300.322
300.329
300.335
300.342
300.348
300.355
300.361
300.368
300.374
300.38
300.386
300.392
300.398
300.404
300.41
300.416
300.422
300.427
300.433
300.438
300.444
300.449
300.454
300.459
300.465
300.47
300.001
300.004
300.007
300.011
300.014
300.017
300.021
300.025
300.029
300.032
300.037
300.041
300.045
300.05
300.055
300.059
300.064
300.069
300.075
300.08
300.085
300.091
300.097
300.103
300.108
300.114
300.121
300.127
300.133
300.139
300.146
300.152
300.159
300.166
300.172
300.179
300.186
300.192
300.199
300.206
300.213
300.22
300.227
300.233
300.24
300.247
300.254
300.261
300.267
300.274
300.281
300.288
300.294
300.301
300.307
300.314
300.32
300.327
300.333
300.339
300.346
300.352
300.358
300.364
300.37
300.376
300.382
300.388
300.393
300.399
300.405
300.41
300.416
300.421
300.426
300.432
300.437
300.442
300.447
300.452
300.457
303.009
303.137
303.215
303.287
303.35
303.402
303.436
303.476
303.516
303.553
303.584
303.618
303.653
303.686
303.72
303.753
303.783
303.811
303.84
303.869
303.898
303.927
303.956
303.985
304.013
304.042
304.069
304.096
304.123
304.15
304.176
304.202
304.228
304.253
304.279
304.303
304.328
304.352
304.376
304.4
304.424
304.447
304.471
304.497
304.522
304.546
304.568
304.591
304.616
304.639
304.662
304.683
304.705
304.728
304.751
304.775
304.798
304.821
304.844
304.865
304.884
304.904
304.925
304.946
304.968
304.989
305.01
305.031
305.051
305.071
305.091
305.111
305.13
305.149
305.167
305.186
305.204
305.222
305.239
305.258
305.28
305.298
305.315
305.332
305.347
305.362
305.379
305.397
305.414
305.429
305.442
305.457
305.474
305.488
305.503
305.52
305.534
305.547
305.562
305.575
305.587
305.6
305.611
305.623
305.636
305.65
305.661
305.67
305.681
305.69
305.7
305.711
305.721
305.732
305.741
305.747
305.756
305.764
305.772
305.779
305.784
305.789
305.795
305.8
305.805
305.808
305.811
305.813
305.815
305.816
305.816
305.815
305.813
305.811
305.807
305.802
305.795
305.788
305.779
305.768
305.756
305.743
305.727
305.71
305.691
305.67
305.646
305.62
305.591
305.556
305.515
305.473
305.431
305.383
305.329
305.268
305.202
305.089
304.987
304.857
304.686
302.908
303.021
303.109
303.184
303.249
303.305
303.351
303.394
303.436
303.475
303.511
303.547
303.583
303.618
303.652
303.685
303.717
303.747
303.777
303.808
303.837
303.867
303.897
303.926
303.955
303.983
304.011
304.039
304.067
304.093
304.12
304.147
304.173
304.199
304.224
304.25
304.275
304.299
304.324
304.348
304.372
304.396
304.421
304.446
304.471
304.495
304.518
304.542
304.566
304.589
304.612
304.634
304.657
304.68
304.703
304.727
304.75
304.773
304.796
304.817
304.837
304.858
304.879
304.9
304.922
304.943
304.964
304.985
305.006
305.026
305.046
305.066
305.085
305.104
305.123
305.142
305.16
305.179
305.197
305.216
305.236
305.255
305.272
305.289
305.305
305.32
305.337
305.355
305.371
305.386
305.401
305.416
305.432
305.447
305.463
305.478
305.493
305.507
305.521
305.534
305.547
305.56
305.571
305.584
305.596
305.61
305.621
305.631
305.642
305.651
305.661
305.672
305.682
305.692
305.701
305.709
305.717
305.725
305.733
305.74
305.745
305.751
305.757
305.762
305.766
305.77
305.773
305.775
305.777
305.778
305.778
305.777
305.776
305.773
305.769
305.764
305.757
305.75
305.741
305.73
305.718
305.705
305.69
305.673
305.653
305.632
305.608
305.582
305.552
305.517
305.477
305.434
305.391
305.342
305.287
305.224
305.153
305.044
304.936
304.8
304.613
302.826
302.925
303.011
303.086
303.152
303.21
303.262
303.309
303.353
303.395
303.434
303.472
303.509
303.545
303.581
303.615
303.648
303.68
303.711
303.742
303.773
303.803
303.833
303.863
303.892
303.921
303.95
303.978
304.006
304.034
304.061
304.088
304.114
304.141
304.167
304.192
304.218
304.243
304.268
304.293
304.317
304.342
304.367
304.392
304.417
304.441
304.465
304.489
304.513
304.537
304.56
304.583
304.606
304.629
304.652
304.676
304.699
304.722
304.745
304.767
304.787
304.809
304.83
304.851
304.873
304.894
304.915
304.936
304.957
304.978
304.998
305.018
305.037
305.057
305.076
305.095
305.114
305.132
305.151
305.17
305.189
305.208
305.226
305.243
305.259
305.275
305.292
305.31
305.326
305.342
305.357
305.372
305.388
305.403
305.419
305.434
305.449
305.463
305.477
305.491
305.504
305.516
305.529
305.541
305.554
305.567
305.578
305.589
305.599
305.609
305.62
305.63
305.641
305.651
305.66
305.668
305.676
305.684
305.692
305.699
305.705
305.71
305.716
305.721
305.726
305.729
305.732
305.735
305.736
305.738
305.738
305.737
305.735
305.732
305.729
305.723
305.717
305.71
305.701
305.69
305.678
305.665
305.65
305.632
305.613
305.592
305.568
305.541
305.511
305.476
305.436
305.393
305.348
305.298
305.242
305.177
305.102
304.996
304.883
304.741
304.543
302.752
302.839
302.92
302.993
303.059
303.118
303.172
303.222
303.269
303.312
303.354
303.394
303.432
303.47
303.506
303.541
303.575
303.608
303.641
303.673
303.704
303.735
303.766
303.796
303.826
303.856
303.885
303.914
303.942
303.97
303.998
304.025
304.052
304.079
304.106
304.132
304.158
304.183
304.209
304.234
304.259
304.284
304.309
304.334
304.359
304.384
304.408
304.432
304.457
304.481
304.504
304.528
304.551
304.574
304.598
304.621
304.645
304.668
304.691
304.713
304.734
304.756
304.777
304.799
304.82
304.842
304.863
304.885
304.906
304.926
304.947
304.967
304.987
305.006
305.026
305.045
305.064
305.083
305.102
305.121
305.14
305.159
305.177
305.194
305.211
305.227
305.244
305.261
305.278
305.294
305.309
305.325
305.341
305.356
305.372
305.387
305.402
305.417
305.431
305.445
305.458
305.471
305.483
305.496
305.509
305.521
305.533
305.544
305.555
305.565
305.575
305.586
305.596
305.606
305.615
305.624
305.632
305.64
305.648
305.655
305.661
305.667
305.673
305.678
305.682
305.686
305.689
305.691
305.693
305.694
305.695
305.694
305.692
305.689
305.686
305.681
305.674
305.667
305.658
305.648
305.636
305.622
305.607
305.59
305.57
305.549
305.524
305.497
305.467
305.432
305.392
305.349
305.303
305.252
305.195
305.128
305.05
304.945
304.828
304.681
304.477
302.682
302.76
302.835
302.904
302.969
303.028
303.083
303.134
303.182
303.228
303.271
303.312
303.352
303.391
303.428
303.464
303.499
303.534
303.567
303.6
303.632
303.664
303.695
303.726
303.757
303.787
303.817
303.846
303.875
303.903
303.931
303.959
303.987
304.014
304.041
304.067
304.094
304.12
304.146
304.171
304.197
304.222
304.248
304.273
304.298
304.323
304.348
304.372
304.397
304.421
304.445
304.469
304.492
304.516
304.54
304.563
304.587
304.61
304.633
304.655
304.677
304.699
304.721
304.743
304.765
304.787
304.808
304.83
304.851
304.872
304.892
304.913
304.933
304.953
304.972
304.992
305.011
305.03
305.049
305.068
305.087
305.106
305.124
305.142
305.159
305.176
305.193
305.21
305.227
305.243
305.259
305.275
305.291
305.307
305.322
305.338
305.353
305.367
305.381
305.395
305.409
305.422
305.435
305.447
305.46
305.473
305.485
305.496
305.507
305.517
305.528
305.538
305.549
305.559
305.568
305.577
305.585
305.593
305.601
305.608
305.614
305.62
305.626
305.631
305.636
305.64
305.643
305.645
305.647
305.648
305.649
305.648
305.646
305.644
305.64
305.635
305.629
305.621
305.613
305.602
305.59
305.577
305.561
305.544
305.525
305.503
305.479
305.451
305.421
305.385
305.346
305.302
305.256
305.204
305.145
305.076
304.995
304.891
304.77
304.62
304.413
302.614
302.685
302.754
302.819
302.881
302.94
302.995
303.046
303.095
303.141
303.186
303.228
303.269
303.309
303.347
303.384
303.42
303.455
303.49
303.523
303.556
303.589
303.621
303.652
303.683
303.714
303.744
303.774
303.803
303.832
303.861
303.889
303.917
303.945
303.972
303.999
304.026
304.053
304.079
304.105
304.131
304.157
304.182
304.208
304.233
304.259
304.284
304.309
304.333
304.358
304.382
304.406
304.43
304.454
304.478
304.502
304.525
304.549
304.572
304.595
304.617
304.639
304.662
304.684
304.706
304.728
304.749
304.771
304.792
304.813
304.834
304.855
304.875
304.895
304.915
304.935
304.954
304.974
304.993
305.012
305.031
305.05
305.069
305.087
305.104
305.121
305.139
305.156
305.173
305.189
305.205
305.221
305.238
305.253
305.269
305.285
305.3
305.314
305.329
305.343
305.356
305.37
305.383
305.396
305.409
305.421
305.433
305.445
305.456
305.467
305.477
305.488
305.498
305.508
305.518
305.527
305.535
305.543
305.551
305.558
305.565
305.571
305.577
305.582
305.587
305.591
305.594
305.596
305.598
305.6
305.6
305.599
305.598
305.595
305.591
305.587
305.58
305.573
305.564
305.554
305.542
305.528
305.513
305.496
305.476
305.454
305.43
305.402
305.371
305.336
305.296
305.253
305.205
305.152
305.092
305.022
304.938
304.834
304.711
304.558
304.352
302.547
302.612
302.676
302.738
302.797
302.853
302.907
302.958
303.007
303.054
303.099
303.142
303.184
303.224
303.263
303.301
303.338
303.374
303.409
303.443
303.477
303.51
303.543
303.575
303.606
303.637
303.668
303.698
303.728
303.758
303.787
303.816
303.844
303.872
303.9
303.927
303.955
303.982
304.008
304.035
304.061
304.087
304.113
304.139
304.165
304.19
304.216
304.241
304.266
304.291
304.315
304.34
304.364
304.388
304.412
304.436
304.46
304.484
304.507
304.53
304.553
304.576
304.598
304.621
304.643
304.665
304.687
304.709
304.73
304.752
304.773
304.793
304.814
304.834
304.855
304.875
304.894
304.914
304.933
304.953
304.972
304.991
305.01
305.028
305.046
305.063
305.081
305.098
305.115
305.132
305.148
305.164
305.181
305.197
305.212
305.228
305.243
305.258
305.273
305.287
305.301
305.314
305.328
305.341
305.354
305.366
305.379
305.39
305.402
305.413
305.424
305.434
305.445
305.455
305.464
305.473
305.482
305.49
305.498
305.506
305.512
305.518
305.524
305.53
305.534
305.538
305.542
305.544
305.546
305.548
305.548
305.547
305.546
305.543
305.54
305.535
305.529
305.522
305.513
305.503
305.491
305.477
305.462
305.444
305.425
305.403
305.378
305.351
305.319
305.284
305.244
305.2
305.152
305.098
305.036
304.965
304.879
304.775
304.65
304.496
304.293
302.481
302.541
302.6
302.658
302.714
302.768
302.821
302.871
302.92
302.966
303.011
303.054
303.096
303.137
303.177
303.215
303.253
303.289
303.325
303.36
303.394
303.428
303.461
303.494
303.526
303.557
303.588
303.619
303.649
303.679
303.709
303.738
303.767
303.795
303.824
303.852
303.879
303.907
303.934
303.961
303.987
304.014
304.04
304.067
304.093
304.118
304.144
304.169
304.195
304.22
304.245
304.27
304.294
304.319
304.343
304.367
304.391
304.415
304.439
304.462
304.485
304.508
304.531
304.554
304.576
304.598
304.621
304.643
304.664
304.686
304.707
304.728
304.749
304.77
304.79
304.811
304.831
304.85
304.87
304.89
304.909
304.928
304.947
304.965
304.983
305.001
305.019
305.036
305.054
305.071
305.087
305.104
305.12
305.136
305.152
305.168
305.183
305.198
305.213
305.228
305.242
305.256
305.269
305.282
305.295
305.308
305.32
305.332
305.344
305.355
305.366
305.377
305.388
305.398
305.407
305.417
305.425
305.434
305.442
305.449
305.456
305.463
305.468
305.474
305.479
305.483
305.486
305.489
305.491
305.492
305.493
305.492
305.491
305.488
305.485
305.48
305.474
305.467
305.458
305.448
305.436
305.423
305.407
305.39
305.37
305.348
305.324
305.296
305.264
305.229
305.189
305.145
305.096
305.041
304.978
304.905
304.818
304.713
304.588
304.433
304.236
302.415
302.47
302.526
302.58
302.633
302.685
302.735
302.784
302.832
302.878
302.922
302.966
303.008
303.048
303.088
303.127
303.165
303.202
303.238
303.273
303.308
303.342
303.376
303.409
303.441
303.473
303.505
303.536
303.567
303.597
303.627
303.657
303.686
303.715
303.744
303.772
303.8
303.828
303.855
303.883
303.91
303.937
303.963
303.99
304.016
304.042
304.068
304.094
304.12
304.145
304.17
304.195
304.22
304.245
304.27
304.294
304.318
304.342
304.366
304.39
304.413
304.437
304.46
304.483
304.505
304.528
304.55
304.572
304.594
304.616
304.638
304.659
304.68
304.701
304.722
304.742
304.763
304.783
304.803
304.823
304.842
304.861
304.88
304.899
304.917
304.936
304.953
304.971
304.989
305.006
305.023
305.039
305.056
305.072
305.088
305.104
305.12
305.135
305.15
305.165
305.179
305.193
305.207
305.22
305.233
305.246
305.259
305.271
305.283
305.294
305.305
305.316
305.327
305.337
305.347
305.356
305.365
305.374
305.382
305.389
305.396
305.403
305.409
305.414
305.419
305.424
305.427
305.43
305.432
305.434
305.434
305.434
305.432
305.43
305.426
305.422
305.416
305.409
305.4
305.39
305.378
305.365
305.349
305.332
305.312
305.29
305.266
305.238
305.206
305.17
305.13
305.086
305.036
304.98
304.916
304.842
304.755
304.649
304.524
304.37
304.179
302.349
302.4
302.452
302.503
302.553
302.603
302.651
302.698
302.744
302.789
302.833
302.876
302.918
302.958
302.998
303.037
303.075
303.112
303.148
303.184
303.219
303.254
303.288
303.321
303.354
303.386
303.418
303.45
303.481
303.511
303.542
303.572
303.601
303.631
303.66
303.688
303.717
303.745
303.773
303.8
303.828
303.855
303.882
303.909
303.935
303.962
303.988
304.014
304.04
304.066
304.091
304.117
304.142
304.167
304.192
304.217
304.241
304.265
304.29
304.314
304.337
304.361
304.384
304.407
304.43
304.453
304.476
304.498
304.521
304.543
304.564
304.586
304.607
304.629
304.65
304.67
304.691
304.711
304.731
304.751
304.771
304.791
304.81
304.829
304.847
304.866
304.884
304.902
304.919
304.937
304.954
304.971
304.988
305.004
305.02
305.036
305.052
305.068
305.083
305.098
305.112
305.126
305.14
305.154
305.167
305.18
305.193
305.205
305.217
305.229
305.24
305.252
305.262
305.273
305.283
305.292
305.301
305.31
305.318
305.326
305.333
305.34
305.346
305.351
305.356
305.361
305.364
305.367
305.37
305.371
305.372
305.371
305.37
305.368
305.365
305.36
305.354
305.347
305.339
305.328
305.317
305.303
305.288
305.271
305.251
305.229
305.204
305.176
305.144
305.109
305.069
305.024
304.974
304.917
304.852
304.777
304.689
304.584
304.458
304.307
304.124
302.282
302.331
302.379
302.427
302.474
302.521
302.567
302.613
302.657
302.701
302.744
302.786
302.827
302.867
302.906
302.945
302.983
303.02
303.057
303.092
303.128
303.162
303.196
303.23
303.263
303.296
303.328
303.36
303.391
303.422
303.453
303.483
303.513
303.542
303.572
303.601
303.629
303.658
303.686
303.714
303.742
303.769
303.797
303.824
303.851
303.878
303.904
303.93
303.957
303.983
304.008
304.034
304.06
304.085
304.11
304.135
304.16
304.184
304.209
304.233
304.257
304.281
304.304
304.328
304.351
304.374
304.397
304.42
304.442
304.465
304.487
304.509
304.53
304.552
304.573
304.594
304.615
304.635
304.656
304.676
304.696
304.716
304.735
304.754
304.773
304.792
304.81
304.828
304.846
304.864
304.881
304.898
304.915
304.932
304.948
304.965
304.981
304.996
305.011
305.027
305.041
305.056
305.07
305.084
305.097
305.11
305.123
305.136
305.148
305.16
305.172
305.183
305.194
305.204
305.214
305.224
305.233
305.242
305.251
305.258
305.266
305.272
305.279
305.284
305.29
305.294
305.298
305.301
305.303
305.305
305.306
305.305
305.304
305.302
305.299
305.294
305.289
305.282
305.273
305.263
305.252
305.238
305.223
305.206
305.186
305.164
305.139
305.111
305.079
305.043
305.003
304.958
304.908
304.85
304.785
304.709
304.62
304.516
304.392
304.244
304.068
302.216
302.261
302.306
302.351
302.396
302.44
302.484
302.528
302.57
302.613
302.654
302.695
302.735
302.775
302.814
302.852
302.889
302.926
302.963
302.998
303.034
303.068
303.102
303.136
303.169
303.202
303.234
303.266
303.298
303.329
303.36
303.391
303.421
303.451
303.48
303.509
303.538
303.567
303.596
303.624
303.652
303.68
303.707
303.735
303.762
303.789
303.816
303.843
303.869
303.895
303.921
303.947
303.973
303.999
304.024
304.049
304.074
304.099
304.124
304.148
304.172
304.196
304.22
304.244
304.268
304.291
304.314
304.337
304.36
304.382
304.405
304.427
304.449
304.471
304.492
304.513
304.534
304.555
304.576
304.596
304.616
304.636
304.656
304.675
304.694
304.713
304.732
304.75
304.768
304.786
304.804
304.821
304.838
304.855
304.872
304.888
304.905
304.92
304.936
304.951
304.966
304.981
304.995
305.009
305.023
305.036
305.049
305.062
305.075
305.087
305.099
305.11
305.121
305.132
305.142
305.152
305.161
305.17
305.179
305.187
305.194
305.201
305.208
305.213
305.219
305.223
305.227
305.23
305.233
305.234
305.235
305.235
305.234
305.232
305.229
305.225
305.219
305.212
305.204
305.194
305.183
305.169
305.154
305.137
305.117
305.095
305.07
305.042
305.01
304.974
304.934
304.889
304.838
304.78
304.715
304.638
304.55
304.446
304.324
304.18
304.012
302.149
302.191
302.233
302.276
302.318
302.36
302.401
302.443
302.484
302.525
302.565
302.604
302.644
302.682
302.72
302.758
302.795
302.831
302.867
302.903
302.938
302.972
303.006
303.04
303.073
303.106
303.138
303.17
303.202
303.233
303.264
303.295
303.325
303.355
303.385
303.414
303.444
303.473
303.501
303.53
303.558
303.586
303.614
303.642
303.669
303.696
303.724
303.75
303.777
303.804
303.83
303.856
303.882
303.908
303.933
303.959
303.984
304.009
304.034
304.059
304.083
304.108
304.132
304.156
304.18
304.203
304.227
304.25
304.273
304.296
304.318
304.341
304.363
304.385
304.407
304.428
304.449
304.47
304.491
304.512
304.532
304.552
304.572
304.592
304.611
304.63
304.649
304.668
304.686
304.704
304.722
304.74
304.757
304.774
304.791
304.808
304.824
304.84
304.856
304.871
304.886
304.901
304.916
304.93
304.944
304.958
304.971
304.984
304.997
305.009
305.021
305.033
305.044
305.055
305.065
305.075
305.085
305.094
305.103
305.111
305.118
305.125
305.132
305.138
305.143
305.148
305.152
305.155
305.158
305.16
305.161
305.161
305.16
305.158
305.155
305.151
305.145
305.139
305.13
305.121
305.109
305.096
305.081
305.064
305.044
305.022
304.997
304.969
304.938
304.902
304.862
304.816
304.765
304.707
304.641
304.565
304.477
304.374
304.255
304.115
303.955
302.082
302.121
302.161
302.2
302.24
302.28
302.319
302.359
302.398
302.437
302.475
302.513
302.551
302.589
302.626
302.663
302.699
302.735
302.77
302.805
302.84
302.874
302.908
302.941
302.974
303.007
303.039
303.071
303.103
303.134
303.165
303.196
303.226
303.256
303.286
303.316
303.345
303.375
303.403
303.432
303.461
303.489
303.517
303.545
303.572
303.6
303.627
303.654
303.681
303.708
303.734
303.761
303.787
303.813
303.839
303.864
303.89
303.915
303.94
303.965
303.99
304.015
304.039
304.063
304.087
304.111
304.135
304.158
304.181
304.204
304.227
304.25
304.272
304.294
304.316
304.338
304.36
304.381
304.402
304.423
304.444
304.464
304.484
304.504
304.524
304.543
304.562
304.581
304.599
304.618
304.636
304.654
304.671
304.689
304.706
304.722
304.739
304.755
304.771
304.787
304.802
304.817
304.832
304.847
304.861
304.875
304.888
304.901
304.914
304.927
304.939
304.951
304.962
304.973
304.984
304.994
305.004
305.013
305.022
305.03
305.038
305.045
305.052
305.058
305.064
305.068
305.073
305.076
305.079
305.081
305.082
305.082
305.081
305.08
305.077
305.073
305.067
305.061
305.053
305.043
305.032
305.019
305.004
304.987
304.967
304.945
304.921
304.892
304.861
304.825
304.785
304.74
304.689
304.631
304.565
304.489
304.402
304.301
304.184
304.05
303.898
302.014
302.051
302.088
302.125
302.162
302.2
302.237
302.274
302.312
302.349
302.386
302.423
302.459
302.495
302.531
302.567
302.602
302.637
302.672
302.706
302.74
302.774
302.807
302.84
302.873
302.906
302.938
302.97
303.001
303.032
303.063
303.094
303.124
303.155
303.185
303.214
303.244
303.273
303.302
303.331
303.359
303.388
303.416
303.444
303.472
303.499
303.527
303.554
303.581
303.608
303.634
303.661
303.687
303.714
303.74
303.765
303.791
303.817
303.842
303.867
303.892
303.917
303.942
303.966
303.99
304.014
304.038
304.062
304.085
304.109
304.132
304.154
304.177
304.2
304.222
304.244
304.265
304.287
304.308
304.329
304.35
304.371
304.391
304.411
304.431
304.451
304.47
304.489
304.508
304.526
304.545
304.563
304.58
304.598
304.615
304.632
304.649
304.666
304.682
304.698
304.713
304.728
304.743
304.758
304.773
304.787
304.8
304.814
304.827
304.84
304.852
304.864
304.876
304.887
304.898
304.908
304.918
304.927
304.936
304.945
304.953
304.96
304.967
304.974
304.979
304.984
304.989
304.992
304.995
304.997
304.998
304.999
304.998
304.996
304.994
304.99
304.985
304.978
304.97
304.961
304.95
304.937
304.922
304.905
304.886
304.864
304.839
304.811
304.78
304.744
304.704
304.659
304.608
304.551
304.485
304.41
304.324
304.225
304.112
303.983
303.839
301.945
301.98
302.015
302.05
302.085
302.12
302.155
302.191
302.226
302.261
302.297
302.332
302.367
302.402
302.436
302.471
302.505
302.539
302.573
302.607
302.64
302.673
302.706
302.738
302.771
302.803
302.834
302.866
302.897
302.928
302.959
302.989
303.02
303.05
303.08
303.109
303.139
303.168
303.197
303.226
303.254
303.283
303.311
303.339
303.367
303.395
303.422
303.45
303.477
303.504
303.531
303.557
303.584
303.61
303.636
303.662
303.688
303.714
303.739
303.765
303.79
303.815
303.84
303.864
303.889
303.913
303.937
303.961
303.985
304.008
304.031
304.054
304.077
304.1
304.122
304.144
304.166
304.188
304.21
304.231
304.252
304.273
304.293
304.314
304.334
304.353
304.373
304.392
304.411
304.43
304.449
304.467
304.485
304.503
304.52
304.537
304.554
304.571
304.587
304.603
304.619
304.635
304.65
304.665
304.679
304.694
304.708
304.721
304.735
304.748
304.76
304.772
304.784
304.796
304.807
304.817
304.827
304.837
304.846
304.855
304.863
304.871
304.878
304.884
304.89
304.895
304.9
304.903
304.906
304.909
304.91
304.911
304.91
304.909
304.906
304.902
304.897
304.891
304.883
304.874
304.863
304.851
304.836
304.819
304.8
304.778
304.754
304.726
304.695
304.659
304.62
304.575
304.524
304.467
304.402
304.328
304.243
304.147
304.038
303.915
303.778
301.877
301.909
301.941
301.974
302.007
302.04
302.074
302.107
302.141
302.174
302.208
302.241
302.275
302.308
302.341
302.375
302.408
302.441
302.473
302.506
302.538
302.571
302.603
302.635
302.666
302.698
302.729
302.76
302.791
302.822
302.852
302.882
302.913
302.942
302.972
303.002
303.031
303.06
303.089
303.118
303.146
303.175
303.203
303.231
303.259
303.287
303.314
303.341
303.369
303.396
303.423
303.45
303.476
303.503
303.529
303.555
303.581
303.607
303.632
303.658
303.683
303.708
303.733
303.758
303.783
303.807
303.831
303.855
303.879
303.903
303.926
303.949
303.972
303.995
304.018
304.04
304.062
304.084
304.106
304.128
304.149
304.17
304.191
304.211
304.231
304.251
304.271
304.291
304.31
304.329
304.347
304.366
304.384
304.402
304.42
304.437
304.454
304.471
304.488
304.504
304.52
304.536
304.551
304.566
304.581
304.596
304.61
304.624
304.637
304.65
304.663
304.676
304.688
304.699
304.71
304.721
304.731
304.741
304.751
304.76
304.768
304.776
304.783
304.79
304.796
304.801
304.806
304.809
304.813
304.815
304.817
304.817
304.817
304.816
304.813
304.81
304.805
304.799
304.791
304.782
304.772
304.759
304.745
304.728
304.709
304.688
304.664
304.636
304.605
304.57
304.531
304.486
304.436
304.38
304.316
304.243
304.16
304.067
303.962
303.845
303.715
301.807
301.837
301.868
301.899
301.93
301.961
301.992
302.024
302.055
302.087
302.119
302.151
302.183
302.214
302.246
302.278
302.31
302.342
302.373
302.405
302.437
302.468
302.499
302.53
302.561
302.592
302.623
302.653
302.683
302.714
302.744
302.773
302.803
302.833
302.862
302.891
302.92
302.949
302.978
303.007
303.035
303.063
303.091
303.119
303.147
303.175
303.202
303.23
303.257
303.284
303.311
303.338
303.365
303.391
303.417
303.444
303.47
303.495
303.521
303.547
303.572
303.597
303.622
303.647
303.672
303.697
303.721
303.745
303.769
303.793
303.817
303.84
303.863
303.886
303.909
303.931
303.954
303.976
303.998
304.019
304.041
304.062
304.083
304.104
304.124
304.144
304.164
304.184
304.203
304.222
304.241
304.26
304.278
304.296
304.314
304.332
304.349
304.366
304.383
304.399
304.416
304.432
304.447
304.463
304.478
304.492
304.507
304.521
304.534
304.548
304.561
304.573
304.586
304.598
304.609
304.62
304.63
304.64
304.65
304.659
304.668
304.676
304.683
304.69
304.696
304.701
304.706
304.71
304.714
304.716
304.718
304.719
304.719
304.718
304.715
304.712
304.708
304.702
304.694
304.686
304.675
304.663
304.649
304.633
304.614
304.593
304.569
304.542
304.511
304.476
304.437
304.394
304.344
304.289
304.226
304.155
304.075
303.985
303.884
303.772
303.65
301.738
301.766
301.794
301.823
301.852
301.881
301.911
301.94
301.97
302
302.03
302.061
302.091
302.121
302.152
302.182
302.213
302.243
302.273
302.304
302.334
302.364
302.395
302.425
302.455
302.485
302.515
302.545
302.574
302.604
302.633
302.663
302.692
302.721
302.75
302.779
302.808
302.836
302.865
302.893
302.921
302.949
302.977
303.005
303.033
303.06
303.088
303.115
303.142
303.169
303.196
303.223
303.249
303.276
303.302
303.328
303.354
303.38
303.406
303.432
303.457
303.482
303.507
303.532
303.557
303.582
303.606
303.63
303.655
303.678
303.702
303.726
303.749
303.772
303.795
303.818
303.84
303.862
303.884
303.906
303.928
303.949
303.97
303.991
304.012
304.032
304.052
304.072
304.091
304.111
304.13
304.149
304.167
304.185
304.203
304.221
304.239
304.256
304.273
304.29
304.306
304.322
304.338
304.353
304.369
304.384
304.398
304.412
304.426
304.44
304.453
304.466
304.478
304.49
304.502
304.513
304.524
304.534
304.544
304.553
304.562
304.57
304.578
304.584
304.591
304.597
304.602
304.606
304.609
304.612
304.614
304.615
304.615
304.614
304.612
304.609
304.605
304.599
304.592
304.584
304.573
304.561
304.548
304.532
304.513
304.492
304.469
304.442
304.412
304.378
304.34
304.297
304.248
304.194
304.132
304.063
303.986
303.899
303.803
303.697
303.582
301.668
301.694
301.721
301.748
301.775
301.802
301.83
301.858
301.886
301.914
301.942
301.971
302
302.028
302.057
302.086
302.115
302.144
302.173
302.203
302.232
302.261
302.29
302.319
302.348
302.377
302.406
302.435
302.464
302.493
302.522
302.551
302.579
302.608
302.636
302.665
302.693
302.721
302.749
302.777
302.805
302.833
302.86
302.888
302.915
302.942
302.97
302.997
303.024
303.051
303.077
303.104
303.13
303.157
303.183
303.209
303.235
303.261
303.287
303.312
303.338
303.363
303.388
303.413
303.438
303.463
303.487
303.511
303.536
303.56
303.583
303.607
303.63
303.653
303.676
303.699
303.722
303.744
303.766
303.788
303.81
303.831
303.852
303.873
303.894
303.915
303.935
303.955
303.974
303.994
304.013
304.032
304.051
304.069
304.087
304.105
304.123
304.14
304.157
304.174
304.191
304.207
304.223
304.239
304.254
304.269
304.284
304.299
304.313
304.326
304.34
304.353
304.366
304.378
304.39
304.401
304.412
304.422
304.432
304.442
304.45
304.459
304.467
304.474
304.48
304.486
304.491
304.496
304.5
304.502
304.505
304.506
304.506
304.505
304.504
304.501
304.497
304.491
304.484
304.476
304.466
304.455
304.441
304.425
304.407
304.387
304.364
304.338
304.308
304.275
304.237
304.195
304.148
304.095
304.035
303.968
303.894
303.811
303.72
303.619
303.511
301.597
301.622
301.647
301.672
301.697
301.723
301.749
301.775
301.801
301.828
301.855
301.882
301.909
301.936
301.963
301.991
302.018
302.046
302.074
302.102
302.13
302.157
302.185
302.213
302.241
302.27
302.298
302.326
302.354
302.382
302.41
302.438
302.465
302.493
302.521
302.549
302.576
302.604
302.632
302.659
302.686
302.714
302.741
302.768
302.795
302.822
302.849
302.876
302.903
302.929
302.956
302.982
303.008
303.035
303.061
303.087
303.113
303.138
303.164
303.189
303.215
303.24
303.265
303.29
303.315
303.339
303.364
303.388
303.412
303.436
303.46
303.484
303.507
303.53
303.553
303.576
303.599
303.621
303.643
303.665
303.687
303.708
303.73
303.751
303.772
303.792
303.812
303.833
303.852
303.872
303.891
303.91
303.929
303.948
303.966
303.984
304.002
304.019
304.037
304.054
304.07
304.087
304.103
304.119
304.134
304.15
304.165
304.179
304.194
304.207
304.221
304.234
304.247
304.259
304.271
304.283
304.294
304.305
304.315
304.324
304.333
304.342
304.35
304.357
304.364
304.37
304.375
304.38
304.384
304.387
304.389
304.391
304.391
304.391
304.389
304.387
304.383
304.378
304.371
304.363
304.354
304.342
304.329
304.314
304.296
304.276
304.254
304.228
304.199
304.167
304.13
304.089
304.043
303.991
303.934
303.87
303.798
303.72
303.633
303.538
303.437
301.527
301.55
301.573
301.597
301.62
301.644
301.668
301.693
301.718
301.742
301.768
301.793
301.818
301.844
301.87
301.896
301.922
301.948
301.975
302.001
302.028
302.054
302.081
302.108
302.135
302.162
302.189
302.216
302.243
302.27
302.297
302.324
302.351
302.378
302.405
302.432
302.459
302.486
302.513
302.54
302.566
302.593
302.62
302.647
302.673
302.7
302.726
302.753
302.779
302.805
302.832
302.858
302.884
302.91
302.935
302.961
302.987
303.012
303.038
303.063
303.088
303.113
303.138
303.163
303.188
303.212
303.237
303.261
303.285
303.309
303.332
303.356
303.379
303.403
303.426
303.448
303.471
303.493
303.516
303.538
303.559
303.581
303.602
303.623
303.644
303.665
303.685
303.705
303.725
303.745
303.764
303.783
303.802
303.821
303.839
303.857
303.875
303.893
303.91
303.927
303.944
303.961
303.977
303.993
304.009
304.024
304.039
304.054
304.069
304.083
304.096
304.11
304.123
304.135
304.148
304.159
304.171
304.181
304.192
304.201
304.211
304.219
304.227
304.235
304.242
304.248
304.254
304.259
304.263
304.266
304.268
304.27
304.271
304.271
304.269
304.267
304.263
304.258
304.252
304.245
304.235
304.224
304.212
304.197
304.18
304.16
304.138
304.113
304.085
304.054
304.018
303.978
303.934
303.884
303.829
303.767
303.699
303.624
303.543
303.454
303.358
301.457
301.478
301.499
301.521
301.543
301.566
301.588
301.611
301.634
301.658
301.681
301.705
301.729
301.753
301.777
301.802
301.826
301.851
301.876
301.901
301.927
301.952
301.977
302.003
302.029
302.054
302.08
302.106
302.132
302.158
302.184
302.21
302.236
302.262
302.288
302.314
302.341
302.367
302.393
302.419
302.445
302.471
302.498
302.524
302.55
302.576
302.602
302.628
302.653
302.679
302.705
302.731
302.756
302.782
302.807
302.833
302.858
302.883
302.908
302.933
302.958
302.983
303.008
303.033
303.057
303.081
303.106
303.13
303.154
303.177
303.201
303.224
303.248
303.271
303.294
303.316
303.339
303.361
303.383
303.405
303.427
303.449
303.47
303.491
303.512
303.532
303.553
303.573
303.593
303.613
303.632
303.651
303.67
303.689
303.707
303.725
303.743
303.761
303.779
303.796
303.813
303.829
303.846
303.862
303.878
303.893
303.909
303.924
303.938
303.952
303.966
303.98
303.993
304.006
304.018
304.03
304.041
304.052
304.063
304.073
304.082
304.091
304.099
304.107
304.114
304.12
304.126
304.131
304.135
304.139
304.142
304.143
304.144
304.144
304.143
304.141
304.138
304.133
304.127
304.12
304.111
304.101
304.088
304.074
304.058
304.039
304.018
303.993
303.966
303.936
303.901
303.863
303.82
303.772
303.72
303.661
303.596
303.526
303.449
303.365
303.276
301.386
301.406
301.426
301.446
301.467
301.488
301.509
301.53
301.552
301.573
301.595
301.618
301.64
301.663
301.686
301.709
301.732
301.755
301.779
301.802
301.826
301.85
301.874
301.899
301.923
301.947
301.972
301.997
302.021
302.046
302.071
302.096
302.121
302.146
302.172
302.197
302.222
302.247
302.273
302.298
302.323
302.349
302.374
302.4
302.425
302.45
302.476
302.501
302.526
302.551
302.577
302.602
302.627
302.652
302.677
302.702
302.727
302.752
302.777
302.801
302.826
302.85
302.875
302.899
302.923
302.947
302.971
302.995
303.019
303.042
303.066
303.089
303.112
303.135
303.158
303.18
303.203
303.225
303.247
303.269
303.291
303.312
303.333
303.354
303.375
303.395
303.416
303.436
303.456
303.475
303.495
303.514
303.533
303.552
303.57
303.588
303.606
303.624
303.642
303.659
303.676
303.693
303.709
303.725
303.741
303.757
303.772
303.787
303.802
303.816
303.83
303.844
303.857
303.87
303.883
303.895
303.906
303.917
303.928
303.938
303.948
303.957
303.965
303.973
303.98
303.987
303.993
303.998
304.002
304.006
304.009
304.011
304.012
304.012
304.012
304.01
304.007
304.003
303.997
303.99
303.982
303.972
303.96
303.946
303.93
303.912
303.891
303.868
303.842
303.813
303.78
303.743
303.702
303.656
303.606
303.551
303.49
303.423
303.351
303.273
303.189
301.316
301.334
301.353
301.372
301.391
301.41
301.43
301.45
301.47
301.49
301.511
301.531
301.552
301.573
301.595
301.616
301.638
301.66
301.682
301.704
301.727
301.749
301.772
301.795
301.818
301.841
301.865
301.888
301.912
301.935
301.959
301.983
302.007
302.031
302.055
302.079
302.104
302.128
302.152
302.177
302.201
302.226
302.25
302.275
302.299
302.324
302.349
302.373
302.398
302.422
302.447
302.472
302.496
302.521
302.545
302.57
302.594
302.618
302.643
302.667
302.691
302.715
302.739
302.763
302.787
302.81
302.834
302.857
302.881
302.904
302.927
302.95
302.973
302.996
303.018
303.041
303.063
303.085
303.107
303.128
303.15
303.171
303.192
303.213
303.234
303.254
303.274
303.294
303.314
303.334
303.353
303.372
303.391
303.41
303.428
303.446
303.464
303.482
303.5
303.517
303.534
303.551
303.567
303.583
303.599
303.615
303.631
303.646
303.66
303.675
303.689
303.703
303.716
303.729
303.742
303.754
303.766
303.777
303.787
303.798
303.807
303.817
303.825
303.833
303.841
303.847
303.853
303.859
303.864
303.867
303.871
303.873
303.874
303.875
303.874
303.873
303.87
303.866
303.861
303.854
303.846
303.837
303.825
303.812
303.797
303.78
303.76
303.738
303.713
303.684
303.653
303.618
303.579
303.536
303.488
303.436
303.378
303.316
303.248
303.176
303.098
301.246
301.263
301.28
301.298
301.315
301.333
301.352
301.37
301.389
301.408
301.427
301.446
301.465
301.485
301.505
301.525
301.546
301.566
301.587
301.608
301.629
301.65
301.671
301.693
301.715
301.737
301.759
301.781
301.803
301.826
301.848
301.871
301.894
301.917
301.94
301.963
301.986
302.009
302.032
302.056
302.079
302.103
302.126
302.15
302.174
302.198
302.221
302.245
302.269
302.293
302.317
302.34
302.364
302.388
302.412
302.436
302.459
302.483
302.507
302.53
302.554
302.578
302.601
302.625
302.648
302.671
302.694
302.717
302.74
302.763
302.786
302.808
302.831
302.853
302.875
302.898
302.919
302.941
302.963
302.984
303.005
303.026
303.047
303.068
303.088
303.108
303.129
303.148
303.168
303.187
303.207
303.226
303.244
303.263
303.281
303.3
303.317
303.335
303.353
303.37
303.387
303.404
303.42
303.437
303.453
303.468
303.484
303.499
303.514
303.528
303.542
303.556
303.57
303.583
303.595
303.608
303.619
303.631
303.642
303.652
303.662
303.671
303.68
303.688
303.695
303.702
303.709
303.714
303.719
303.723
303.726
303.729
303.731
303.731
303.731
303.73
303.727
303.724
303.719
303.713
303.705
303.696
303.686
303.673
303.659
303.642
303.623
303.602
303.578
303.552
303.522
303.488
303.452
303.411
303.366
303.317
303.263
303.205
303.142
303.074
303.002
301.177
301.192
301.208
301.224
301.241
301.257
301.274
301.291
301.309
301.326
301.344
301.362
301.38
301.398
301.417
301.436
301.454
301.474
301.493
301.512
301.532
301.552
301.572
301.592
301.613
301.633
301.654
301.675
301.696
301.717
301.738
301.76
301.781
301.803
301.825
301.847
301.869
301.891
301.913
301.936
301.958
301.981
302.003
302.026
302.048
302.071
302.094
302.117
302.14
302.163
302.186
302.209
302.232
302.255
302.278
302.301
302.324
302.347
302.37
302.393
302.416
302.439
302.462
302.485
302.507
302.53
302.553
302.575
302.598
302.62
302.642
302.664
302.686
302.708
302.73
302.752
302.773
302.794
302.816
302.837
302.858
302.878
302.899
302.919
302.939
302.959
302.979
302.999
303.018
303.037
303.056
303.075
303.094
303.112
303.13
303.149
303.166
303.184
303.201
303.219
303.235
303.252
303.269
303.285
303.301
303.317
303.332
303.347
303.362
303.377
303.391
303.405
303.418
303.431
303.444
303.456
303.468
303.479
303.49
303.501
303.511
303.52
303.529
303.537
303.545
303.552
303.558
303.564
303.569
303.573
303.577
303.58
303.581
303.582
303.582
303.582
303.58
303.576
303.572
303.566
303.559
303.551
303.541
303.529
303.515
303.5
303.482
303.462
303.439
303.414
303.386
303.354
303.32
303.282
303.24
303.194
303.144
303.09
303.031
302.969
302.902
301.108
301.122
301.137
301.152
301.167
301.182
301.198
301.214
301.23
301.246
301.262
301.279
301.296
301.313
301.33
301.347
301.365
301.383
301.401
301.419
301.437
301.456
301.474
301.493
301.512
301.532
301.551
301.571
301.59
301.61
301.63
301.65
301.671
301.691
301.712
301.733
301.753
301.774
301.795
301.817
301.838
301.859
301.881
301.902
301.924
301.946
301.968
301.989
302.011
302.033
302.055
302.078
302.1
302.122
302.144
302.166
302.188
302.211
302.233
302.255
302.277
302.299
302.321
302.344
302.366
302.388
302.41
302.431
302.453
302.475
302.497
302.518
302.54
302.561
302.582
302.604
302.625
302.645
302.666
302.687
302.707
302.727
302.748
302.768
302.787
302.807
302.827
302.846
302.865
302.884
302.903
302.921
302.94
302.958
302.976
302.994
303.011
303.029
303.046
303.063
303.08
303.097
303.113
303.129
303.145
303.161
303.176
303.191
303.206
303.22
303.235
303.248
303.262
303.275
303.288
303.3
303.312
303.323
303.334
303.345
303.355
303.364
303.373
303.381
303.389
303.396
303.403
303.409
303.414
303.419
303.422
303.425
303.427
303.429
303.429
303.428
303.427
303.424
303.42
303.415
303.408
303.4
303.391
303.38
303.367
303.352
303.336
303.317
303.296
303.272
303.245
303.216
303.184
303.148
303.109
303.066
303.02
302.97
302.916
302.858
302.797
301.04
301.053
301.067
301.081
301.095
301.109
301.123
301.138
301.152
301.167
301.182
301.198
301.213
301.229
301.245
301.261
301.277
301.294
301.31
301.327
301.344
301.361
301.379
301.396
301.414
301.432
301.45
301.468
301.487
301.505
301.524
301.543
301.562
301.581
301.601
301.62
301.64
301.66
301.679
301.699
301.719
301.74
301.76
301.78
301.801
301.822
301.842
301.863
301.884
301.905
301.926
301.947
301.968
301.989
302.011
302.032
302.053
302.074
302.096
302.117
302.138
302.16
302.181
302.202
302.224
302.245
302.266
302.287
302.308
302.329
302.35
302.371
302.392
302.413
302.433
302.454
302.474
302.495
302.515
302.535
302.555
302.575
302.594
302.614
302.633
302.652
302.672
302.69
302.709
302.728
302.746
302.764
302.783
302.801
302.818
302.836
302.853
302.87
302.888
302.904
302.921
302.937
302.954
302.97
302.985
303.001
303.016
303.031
303.046
303.06
303.074
303.088
303.102
303.115
303.127
303.14
303.151
303.163
303.174
303.184
303.194
303.204
303.213
303.221
303.229
303.236
303.243
303.249
303.254
303.259
303.263
303.266
303.269
303.27
303.271
303.27
303.269
303.267
303.263
303.259
303.253
303.245
303.237
303.226
303.214
303.201
303.185
303.168
303.148
303.126
303.101
303.074
303.044
303.011
302.975
302.935
302.893
302.846
302.797
302.744
302.687
300.973
300.986
300.998
301.011
301.023
301.036
301.05
301.063
301.076
301.09
301.104
301.118
301.132
301.147
301.162
301.176
301.191
301.207
301.222
301.238
301.253
301.269
301.285
301.302
301.318
301.335
301.352
301.369
301.386
301.403
301.42
301.438
301.456
301.474
301.492
301.51
301.528
301.547
301.566
301.584
301.603
301.622
301.641
301.661
301.68
301.699
301.719
301.739
301.758
301.778
301.798
301.818
301.838
301.858
301.879
301.899
301.919
301.939
301.96
301.98
302
302.021
302.041
302.062
302.082
302.102
302.123
302.143
302.163
302.184
302.204
302.224
302.244
302.264
302.284
302.304
302.324
302.343
302.363
302.382
302.402
302.421
302.44
302.459
302.478
302.496
302.515
302.533
302.552
302.57
302.588
302.606
302.624
302.641
302.659
302.676
302.693
302.71
302.727
302.743
302.76
302.776
302.792
302.808
302.823
302.838
302.854
302.868
302.883
302.897
302.911
302.925
302.938
302.951
302.964
302.976
302.988
302.999
303.01
303.02
303.03
303.04
303.049
303.057
303.065
303.073
303.079
303.086
303.091
303.096
303.1
303.103
303.106
303.108
303.109
303.109
303.108
303.106
303.103
303.099
303.093
303.087
303.079
303.069
303.058
303.046
303.031
303.015
302.997
302.976
302.953
302.928
302.9
302.87
302.837
302.801
302.762
302.719
302.674
302.626
302.574
300.908
300.919
300.931
300.942
300.954
300.966
300.978
300.99
301.003
301.015
301.028
301.041
301.054
301.067
301.081
301.094
301.108
301.122
301.136
301.151
301.165
301.18
301.195
301.21
301.225
301.24
301.256
301.272
301.287
301.303
301.32
301.336
301.352
301.369
301.386
301.403
301.42
301.437
301.455
301.472
301.49
301.508
301.525
301.543
301.562
301.58
301.598
301.617
301.635
301.654
301.673
301.692
301.711
301.73
301.749
301.768
301.787
301.806
301.825
301.845
301.864
301.884
301.903
301.922
301.942
301.961
301.981
302
302.019
302.039
302.058
302.077
302.097
302.116
302.135
302.154
302.173
302.192
302.211
302.23
302.248
302.267
302.285
302.304
302.322
302.34
302.358
302.376
302.394
302.411
302.429
302.446
302.464
302.481
302.498
302.515
302.531
302.548
302.564
302.58
302.597
302.612
302.628
302.644
302.659
302.674
302.689
302.704
302.718
302.732
302.746
302.759
302.772
302.785
302.798
302.81
302.821
302.833
302.843
302.854
302.864
302.873
302.882
302.891
302.899
302.906
302.913
302.919
302.925
302.93
302.934
302.937
302.94
302.942
302.944
302.944
302.943
302.942
302.939
302.936
302.931
302.925
302.918
302.909
302.899
302.888
302.874
302.859
302.843
302.824
302.803
302.78
302.754
302.727
302.696
302.663
302.628
302.589
302.548
302.504
302.457
300.844
300.855
300.865
300.876
300.886
300.897
300.908
300.919
300.931
300.942
300.954
300.966
300.978
300.99
301.002
301.015
301.028
301.04
301.053
301.067
301.08
301.093
301.107
301.121
301.135
301.149
301.163
301.178
301.192
301.207
301.222
301.237
301.252
301.268
301.283
301.299
301.315
301.331
301.347
301.363
301.38
301.396
301.413
301.43
301.447
301.464
301.481
301.498
301.515
301.533
301.55
301.568
301.586
301.604
301.622
301.64
301.658
301.676
301.694
301.712
301.731
301.749
301.767
301.786
301.804
301.822
301.841
301.859
301.878
301.896
301.915
301.933
301.951
301.97
301.988
302.006
302.024
302.042
302.06
302.078
302.096
302.114
302.132
302.149
302.167
302.184
302.202
302.219
302.236
302.253
302.27
302.287
302.304
302.321
302.337
302.354
302.37
302.386
302.402
302.418
302.433
302.449
302.464
302.479
302.494
302.509
302.524
302.538
302.552
302.566
302.579
302.593
302.606
302.618
302.63
302.642
302.654
302.665
302.676
302.686
302.696
302.705
302.714
302.723
302.731
302.738
302.745
302.751
302.757
302.762
302.766
302.77
302.773
302.775
302.777
302.777
302.777
302.776
302.774
302.771
302.767
302.762
302.755
302.747
302.738
302.728
302.716
302.702
302.687
302.67
302.651
302.63
302.607
302.581
302.554
302.524
302.492
302.457
302.419
302.38
302.337
300.783
300.792
300.802
300.812
300.821
300.831
300.841
300.852
300.862
300.872
300.883
300.894
300.905
300.916
300.927
300.939
300.95
300.962
300.974
300.986
300.998
301.01
301.023
301.036
301.048
301.061
301.074
301.088
301.101
301.115
301.128
301.142
301.156
301.171
301.185
301.199
301.214
301.229
301.244
301.259
301.274
301.289
301.305
301.32
301.336
301.352
301.368
301.384
301.4
301.416
301.432
301.449
301.465
301.482
301.499
301.516
301.532
301.549
301.567
301.584
301.601
301.618
301.635
301.653
301.67
301.687
301.705
301.722
301.739
301.757
301.774
301.792
301.809
301.826
301.844
301.861
301.878
301.895
301.913
301.93
301.947
301.964
301.981
301.998
302.015
302.031
302.048
302.065
302.081
302.098
302.114
302.13
302.146
302.162
302.178
302.194
302.21
302.226
302.241
302.257
302.272
302.287
302.302
302.316
302.331
302.345
302.36
302.374
302.387
302.401
302.414
302.427
302.439
302.452
302.464
302.475
302.487
302.498
302.508
302.518
302.528
302.537
302.546
302.555
302.563
302.57
302.577
302.583
302.589
302.594
302.598
302.602
302.606
302.608
302.61
302.611
302.611
302.61
302.609
302.606
302.603
302.598
302.592
302.585
302.577
302.568
302.557
302.545
302.531
302.516
302.498
302.479
302.459
302.436
302.411
302.384
302.355
302.323
302.29
302.254
302.216
300.725
300.733
300.742
300.75
300.759
300.768
300.777
300.787
300.796
300.806
300.815
300.825
300.835
300.845
300.856
300.866
300.877
300.887
300.898
300.909
300.92
300.931
300.943
300.954
300.966
300.978
300.99
301.002
301.014
301.027
301.039
301.052
301.065
301.078
301.091
301.104
301.118
301.131
301.145
301.159
301.173
301.187
301.201
301.216
301.23
301.245
301.259
301.274
301.289
301.304
301.319
301.335
301.35
301.366
301.381
301.397
301.412
301.428
301.444
301.46
301.476
301.492
301.508
301.525
301.541
301.557
301.573
301.59
301.606
301.622
301.639
301.655
301.671
301.688
301.704
301.721
301.737
301.753
301.77
301.786
301.802
301.818
301.834
301.85
301.866
301.882
301.898
301.914
301.93
301.946
301.961
301.977
301.993
302.008
302.023
302.039
302.054
302.069
302.084
302.099
302.113
302.128
302.142
302.157
302.171
302.185
302.198
302.212
302.225
302.238
302.251
302.264
302.276
302.288
302.3
302.311
302.322
302.333
302.343
302.353
302.363
302.372
302.381
302.389
302.397
302.404
302.411
302.417
302.423
302.428
302.433
302.437
302.44
302.443
302.445
302.446
302.446
302.446
302.445
302.443
302.44
302.436
302.431
302.425
302.418
302.41
302.4
302.389
302.377
302.363
302.347
302.33
302.312
302.291
302.269
302.245
302.219
302.19
302.16
302.128
302.094
300.669
300.677
300.685
300.693
300.701
300.709
300.717
300.726
300.734
300.743
300.752
300.761
300.77
300.779
300.788
300.798
300.807
300.817
300.827
300.837
300.847
300.857
300.868
300.878
300.889
300.9
300.911
300.922
300.933
300.944
300.956
300.967
300.979
300.991
301.003
301.015
301.028
301.04
301.053
301.065
301.078
301.091
301.104
301.117
301.131
301.144
301.158
301.171
301.185
301.199
301.213
301.227
301.241
301.256
301.27
301.284
301.299
301.314
301.328
301.343
301.358
301.373
301.388
301.403
301.418
301.433
301.449
301.464
301.479
301.495
301.51
301.525
301.541
301.556
301.571
301.587
301.602
301.618
301.633
301.648
301.664
301.679
301.694
301.709
301.725
301.74
301.755
301.77
301.785
301.8
301.815
301.83
301.845
301.86
301.874
301.889
301.904
301.918
301.932
301.947
301.961
301.975
301.989
302.002
302.016
302.029
302.043
302.056
302.069
302.081
302.094
302.106
302.118
302.129
302.141
302.152
302.162
302.173
302.183
302.193
302.202
302.211
302.219
302.227
302.235
302.242
302.249
302.255
302.261
302.266
302.271
302.275
302.279
302.281
302.284
302.285
302.286
302.286
302.285
302.284
302.281
302.278
302.274
302.269
302.263
302.255
302.247
302.237
302.226
302.214
302.2
302.185
302.168
302.15
302.13
302.108
302.085
302.06
302.033
302.004
301.974
300.618
300.625
300.632
300.639
300.647
300.654
300.662
300.669
300.677
300.685
300.693
300.701
300.709
300.718
300.726
300.735
300.743
300.752
300.761
300.77
300.78
300.789
300.798
300.808
300.818
300.828
300.838
300.848
300.858
300.868
300.879
300.889
300.9
300.911
300.922
300.933
300.944
300.956
300.967
300.979
300.99
301.002
301.014
301.026
301.039
301.051
301.063
301.076
301.089
301.101
301.114
301.127
301.14
301.154
301.167
301.18
301.194
301.207
301.221
301.235
301.248
301.262
301.276
301.29
301.304
301.318
301.333
301.347
301.361
301.375
301.39
301.404
301.418
301.433
301.447
301.462
301.476
301.491
301.505
301.52
301.534
301.548
301.563
301.577
301.592
301.606
301.62
301.635
301.649
301.663
301.678
301.692
301.706
301.72
301.734
301.748
301.762
301.776
301.789
301.803
301.817
301.83
301.843
301.856
301.87
301.882
301.895
301.908
301.92
301.932
301.944
301.956
301.967
301.978
301.989
302
302.01
302.021
302.03
302.04
302.049
302.057
302.066
302.074
302.081
302.088
302.095
302.101
302.107
302.112
302.117
302.121
302.125
302.128
302.13
302.132
302.133
302.133
302.133
302.132
302.13
302.127
302.124
302.119
302.114
302.108
302.1
302.092
302.082
302.071
302.059
302.046
302.031
302.015
301.997
301.978
301.957
301.935
301.911
301.885
301.858
300.572
300.578
300.585
300.591
300.598
300.605
300.611
300.618
300.625
300.633
300.64
300.647
300.655
300.662
300.67
300.678
300.686
300.694
300.702
300.71
300.719
300.727
300.736
300.745
300.754
300.763
300.772
300.781
300.79
300.8
300.809
300.819
300.829
300.839
300.849
300.859
300.869
300.88
300.89
300.901
300.912
300.922
300.933
300.944
300.956
300.967
300.978
300.99
301.002
301.013
301.025
301.037
301.049
301.061
301.074
301.086
301.099
301.111
301.124
301.136
301.149
301.162
301.175
301.188
301.201
301.214
301.227
301.241
301.254
301.267
301.281
301.294
301.307
301.321
301.334
301.348
301.362
301.375
301.389
301.402
301.416
301.43
301.443
301.457
301.47
301.484
301.498
301.511
301.525
301.538
301.552
301.565
301.579
301.592
301.605
301.619
301.632
301.645
301.658
301.671
301.684
301.697
301.71
301.722
301.735
301.747
301.759
301.771
301.783
301.795
301.806
301.817
301.828
301.839
301.85
301.86
301.87
301.88
301.889
301.898
301.907
301.915
301.924
301.931
301.939
301.946
301.952
301.958
301.964
301.969
301.974
301.978
301.982
301.985
301.987
301.989
301.991
301.991
301.991
301.991
301.989
301.987
301.984
301.981
301.976
301.97
301.964
301.957
301.948
301.938
301.928
301.916
301.903
301.888
301.873
301.856
301.837
301.817
301.796
301.773
301.749
300.531
300.537
300.543
300.549
300.555
300.562
300.568
300.574
300.581
300.587
300.594
300.601
300.608
300.615
300.622
300.629
300.636
300.643
300.651
300.659
300.666
300.674
300.682
300.69
300.698
300.706
300.715
300.723
300.732
300.74
300.749
300.758
300.767
300.776
300.785
300.795
300.804
300.814
300.823
300.833
300.843
300.853
300.863
300.873
300.884
300.894
300.905
300.915
300.926
300.937
300.948
300.959
300.97
300.981
300.993
301.004
301.016
301.027
301.039
301.051
301.063
301.075
301.087
301.099
301.111
301.123
301.136
301.148
301.16
301.173
301.185
301.198
301.21
301.223
301.236
301.249
301.261
301.274
301.287
301.3
301.313
301.325
301.338
301.351
301.364
301.377
301.39
301.403
301.416
301.428
301.441
301.454
301.467
301.48
301.492
301.505
301.518
301.53
301.543
301.555
301.567
301.58
301.592
301.604
301.616
301.627
301.639
301.651
301.662
301.673
301.684
301.695
301.705
301.716
301.726
301.736
301.745
301.755
301.764
301.773
301.781
301.789
301.797
301.805
301.812
301.818
301.825
301.831
301.836
301.842
301.846
301.85
301.854
301.857
301.86
301.862
301.864
301.865
301.865
301.865
301.864
301.862
301.86
301.857
301.853
301.848
301.842
301.836
301.828
301.82
301.811
301.8
301.788
301.776
301.762
301.747
301.73
301.712
301.693
301.673
301.651
300.499
300.504
300.509
300.515
300.521
300.526
300.532
300.538
300.544
300.55
300.556
300.563
300.569
300.575
300.582
300.589
300.595
300.602
300.609
300.616
300.623
300.631
300.638
300.645
300.653
300.66
300.668
300.676
300.684
300.692
300.7
300.708
300.717
300.725
300.734
300.742
300.751
300.76
300.769
300.778
300.787
300.797
300.806
300.816
300.825
300.835
300.845
300.855
300.865
300.875
300.885
300.895
300.906
300.916
300.927
300.937
300.948
300.959
300.97
300.981
300.992
301.003
301.015
301.026
301.037
301.049
301.06
301.072
301.084
301.095
301.107
301.119
301.131
301.143
301.155
301.167
301.179
301.191
301.203
301.215
301.228
301.24
301.252
301.264
301.277
301.289
301.301
301.313
301.326
301.338
301.35
301.362
301.375
301.387
301.399
301.411
301.423
301.435
301.447
301.459
301.471
301.482
301.494
301.506
301.517
301.528
301.539
301.55
301.561
301.572
301.583
301.593
301.603
301.613
301.623
301.632
301.642
301.651
301.659
301.668
301.676
301.684
301.692
301.699
301.706
301.712
301.719
301.725
301.73
301.735
301.74
301.744
301.748
301.751
301.754
301.756
301.758
301.759
301.76
301.76
301.759
301.758
301.756
301.753
301.75
301.746
301.741
301.735
301.728
301.721
301.712
301.703
301.693
301.681
301.669
301.655
301.64
301.624
301.607
301.589
301.569
300.475
300.48
300.485
300.49
300.495
300.501
300.506
300.512
300.518
300.523
300.529
300.535
300.541
300.547
300.553
300.559
300.566
300.572
300.579
300.585
300.592
300.599
300.606
300.613
300.62
300.627
300.634
300.642
300.649
300.657
300.664
300.672
300.68
300.688
300.696
300.704
300.713
300.721
300.73
300.738
300.747
300.756
300.764
300.773
300.782
300.792
300.801
300.81
300.82
300.829
300.839
300.849
300.859
300.869
300.879
300.889
300.899
300.909
300.92
300.93
300.941
300.951
300.962
300.973
300.984
300.995
301.006
301.017
301.028
301.039
301.05
301.062
301.073
301.084
301.096
301.107
301.119
301.13
301.142
301.154
301.166
301.177
301.189
301.201
301.213
301.224
301.236
301.248
301.26
301.272
301.283
301.295
301.307
301.319
301.33
301.342
301.354
301.365
301.377
301.388
301.4
301.411
301.422
301.433
301.444
301.455
301.466
301.477
301.487
301.498
301.508
301.518
301.528
301.537
301.547
301.556
301.565
301.574
301.582
301.59
301.598
301.606
301.613
301.621
301.627
301.634
301.64
301.646
301.651
301.656
301.661
301.665
301.669
301.672
301.675
301.677
301.679
301.681
301.681
301.682
301.681
301.68
301.679
301.676
301.673
301.67
301.665
301.66
301.654
301.647
301.639
301.631
301.621
301.611
301.599
301.587
301.573
301.558
301.543
301.526
301.508
300.461
300.466
300.471
300.476
300.482
300.487
300.492
300.498
300.503
300.509
300.514
300.52
300.526
300.532
300.537
300.544
300.55
300.556
300.562
300.569
300.575
300.582
300.588
300.595
300.602
300.609
300.616
300.623
300.63
300.638
300.645
300.653
300.66
300.668
300.676
300.684
300.692
300.7
300.708
300.716
300.725
300.733
300.742
300.75
300.759
300.768
300.777
300.786
300.795
300.805
300.814
300.823
300.833
300.843
300.852
300.862
300.872
300.882
300.892
300.902
300.912
300.923
300.933
300.944
300.954
300.965
300.976
300.986
300.997
301.008
301.019
301.03
301.041
301.052
301.063
301.075
301.086
301.097
301.109
301.12
301.131
301.143
301.154
301.166
301.177
301.189
301.2
301.212
301.224
301.235
301.247
301.258
301.27
301.281
301.293
301.304
301.316
301.327
301.338
301.349
301.361
301.372
301.383
301.393
301.404
301.415
301.425
301.436
301.446
301.456
301.466
301.476
301.486
301.495
301.504
301.513
301.522
301.531
301.539
301.547
301.555
301.563
301.57
301.577
301.584
301.59
301.596
301.602
301.607
301.612
301.617
301.621
301.625
301.628
301.631
301.633
301.635
301.637
301.638
301.638
301.638
301.637
301.636
301.634
301.631
301.627
301.623
301.618
301.613
301.606
301.599
301.591
301.582
301.572
301.561
301.549
301.536
301.522
301.507
301.491
301.473
303.793
303.153
302.691
302.32
302.011
301.747
301.518
301.318
301.144
300.99
300.855
300.736
300.632
300.54
300.46
300.39
300.329
300.276
300.23
300.191
300.158
300.129
300.105
300.085
300.069
300.055
300.043
300.034
300.027
300.021
300.016
300.012
300.009
300.007
300.005
300.004
300.003
300.002
300.001
300.001
300
300
300
300
300
300
300
300
300
300
300
303.791
303.152
302.69
302.32
302.011
301.747
301.518
301.318
301.144
300.99
300.855
300.736
300.632
300.54
300.46
300.39
300.329
300.276
300.231
300.191
300.158
300.129
300.105
300.085
300.069
300.055
300.043
300.034
300.027
300.021
300.016
300.012
300.009
300.007
300.005
300.004
300.003
300.002
300.001
300.001
300
300
300
300
300
300
300
300
300
300
300
303.786
303.151
302.69
302.32
302.011
301.747
301.518
301.319
301.144
300.99
300.855
300.736
300.632
300.541
300.46
300.39
300.329
300.276
300.231
300.191
300.158
300.129
300.105
300.085
300.069
300.055
300.043
300.034
300.027
300.021
300.016
300.012
300.009
300.007
300.005
300.004
300.003
300.002
300.001
300.001
300
300
300
300
300
300
300
300
300
300
300
303.778
303.15
302.689
302.32
302.011
301.747
301.518
301.319
301.144
300.99
300.855
300.737
300.632
300.541
300.46
300.39
300.329
300.276
300.231
300.191
300.158
300.13
300.106
300.085
300.069
300.055
300.043
300.034
300.027
300.021
300.016
300.012
300.009
300.007
300.005
300.004
300.003
300.002
300.001
300.001
300
300
300
300
300
300
300
300
300
300
300
303.768
303.147
302.688
302.319
302.011
301.747
301.518
301.319
301.144
300.991
300.856
300.737
300.632
300.541
300.461
300.39
300.329
300.276
300.231
300.192
300.158
300.13
300.106
300.085
300.069
300.055
300.044
300.034
300.027
300.021
300.016
300.012
300.009
300.007
300.005
300.004
300.003
300.002
300.001
300.001
300
300
300
300
300
300
300
300
300
300
300
303.755
303.143
302.687
302.319
302.01
301.747
301.518
301.319
301.144
300.991
300.856
300.737
300.633
300.541
300.461
300.391
300.33
300.277
300.231
300.192
300.158
300.13
300.106
300.086
300.069
300.055
300.044
300.034
300.027
300.021
300.016
300.012
300.009
300.007
300.005
300.004
300.003
300.002
300.001
300.001
300
300
300
300
300
300
300
300
300
300
300
303.739
303.139
302.685
302.318
302.01
301.747
301.518
301.319
301.144
300.991
300.856
300.737
300.633
300.541
300.461
300.391
300.33
300.277
300.231
300.192
300.158
300.13
300.106
300.086
300.069
300.055
300.044
300.034
300.027
300.021
300.016
300.012
300.009
300.007
300.005
300.004
300.003
300.002
300.001
300.001
300
300
300
300
300
300
300
300
300
300
300
303.721
303.133
302.683
302.317
302.01
301.747
301.518
301.319
301.145
300.991
300.856
300.738
300.633
300.542
300.461
300.391
300.33
300.277
300.231
300.192
300.158
300.13
300.106
300.086
300.069
300.055
300.044
300.034
300.027
300.021
300.016
300.012
300.009
300.007
300.005
300.004
300.003
300.002
300.001
300.001
300
300
300
300
300
300
300
300
300
300
300
303.7
303.126
302.68
302.316
302.009
301.747
301.519
301.32
301.145
300.992
300.857
300.738
300.634
300.542
300.462
300.392
300.33
300.277
300.232
300.192
300.159
300.13
300.106
300.086
300.069
300.055
300.044
300.034
300.027
300.021
300.016
300.012
300.009
300.007
300.005
300.004
300.003
300.002
300.001
300.001
300
300
300
300
300
300
300
300
300
300
300
303.676
303.118
302.676
302.314
302.009
301.747
301.519
301.32
301.146
300.992
300.858
300.739
300.634
300.543
300.462
300.392
300.331
300.278
300.232
300.193
300.159
300.13
300.106
300.086
300.069
300.055
300.044
300.035
300.027
300.021
300.016
300.012
300.009
300.007
300.005
300.004
300.003
300.002
300.001
300.001
300
300
300
300
300
300
300
300
300
300
300
303.65
303.108
302.672
302.313
302.008
301.746
301.519
301.321
301.146
300.993
300.858
300.739
300.635
300.543
300.463
300.392
300.331
300.278
300.232
300.193
300.159
300.131
300.106
300.086
300.069
300.055
300.044
300.035
300.027
300.021
300.016
300.012
300.009
300.007
300.005
300.004
300.003
300.002
300.001
300.001
300
300
300
300
300
300
300
300
300
300
300
303.621
303.097
302.667
302.31
302.007
301.746
301.52
301.321
301.147
300.994
300.859
300.74
300.636
300.544
300.463
300.393
300.332
300.279
300.233
300.193
300.159
300.131
300.107
300.086
300.07
300.056
300.044
300.035
300.027
300.021
300.016
300.012
300.009
300.007
300.005
300.004
300.003
300.002
300.001
300.001
300
300
300
300
300
300
300
300
300
300
300
303.589
303.083
302.661
302.308
302.006
301.746
301.52
301.322
301.148
300.995
300.86
300.741
300.636
300.545
300.464
300.394
300.332
300.279
300.233
300.194
300.16
300.131
300.107
300.087
300.07
300.056
300.044
300.035
300.027
300.021
300.016
300.012
300.009
300.007
300.005
300.004
300.003
300.002
300.001
300.001
300
300
300
300
300
300
300
300
300
300
300
303.553
303.067
302.654
302.304
302.005
301.746
301.52
301.322
301.149
300.996
300.861
300.742
300.637
300.545
300.465
300.394
300.333
300.28
300.234
300.194
300.16
300.131
300.107
300.087
300.07
300.056
300.044
300.035
300.027
300.021
300.016
300.012
300.009
300.007
300.005
300.004
300.003
300.002
300.001
300.001
300
300
300
300
300
300
300
300
300
300
300
303.515
303.049
302.645
302.3
302.003
301.745
301.52
301.323
301.149
300.996
300.862
300.743
300.638
300.546
300.466
300.395
300.334
300.28
300.234
300.194
300.161
300.132
300.108
300.087
300.07
300.056
300.044
300.035
300.027
300.021
300.016
300.012
300.009
300.007
300.005
300.004
300.003
300.002
300.001
300.001
300
300
300
300
300
300
300
300
300
300
300
303.474
303.028
302.634
302.294
302
301.744
301.52
301.323
301.15
300.997
300.863
300.744
300.639
300.547
300.466
300.396
300.334
300.281
300.235
300.195
300.161
300.132
300.108
300.087
300.07
300.056
300.045
300.035
300.028
300.021
300.016
300.013
300.009
300.007
300.005
300.004
300.003
300.002
300.001
300.001
300
300
300
300
300
300
300
300
300
300
300
303.429
303.004
302.622
302.288
301.997
301.743
301.52
301.323
301.151
300.998
300.863
300.745
300.64
300.548
300.467
300.397
300.335
300.281
300.235
300.195
300.161
300.133
300.108
300.088
300.071
300.056
300.045
300.035
300.028
300.021
300.016
300.013
300.009
300.007
300.005
300.004
300.003
300.002
300.001
300.001
300
300
300
300
300
300
300
300
300
300
300
303.381
302.977
302.606
302.279
301.992
301.74
301.519
301.323
301.151
300.999
300.864
300.746
300.641
300.549
300.468
300.397
300.336
300.282
300.236
300.196
300.162
300.133
300.109
300.088
300.071
300.057
300.045
300.035
300.028
300.022
300.017
300.013
300.01
300.007
300.005
300.004
300.003
300.002
300.001
300.001
300
300
300
300
300
300
300
300
300
300
300
303.329
302.946
302.588
302.269
301.986
301.737
301.517
301.323
301.151
300.999
300.865
300.746
300.642
300.55
300.469
300.398
300.336
300.283
300.236
300.196
300.162
300.133
300.109
300.088
300.071
300.057
300.045
300.036
300.028
300.022
300.017
300.013
300.01
300.007
300.005
300.004
300.003
300.002
300.001
300.001
300
300
300
300
300
300
300
300
300
300
300
303.273
302.91
302.567
302.256
301.979
301.733
301.515
301.322
301.151
300.999
300.865
300.747
300.642
300.55
300.47
300.399
300.337
300.283
300.237
300.197
300.163
300.134
300.109
300.089
300.071
300.057
300.045
300.036
300.028
300.022
300.017
300.013
300.01
300.007
300.005
300.004
300.003
300.002
300.001
300.001
300
300
300
300
300
300
300
300
300
300
300
303.213
302.871
302.542
302.24
301.969
301.727
301.511
301.32
301.15
300.999
300.866
300.747
300.643
300.551
300.47
300.399
300.337
300.284
300.237
300.197
300.163
300.134
300.109
300.089
300.072
300.057
300.045
300.036
300.028
300.022
300.017
300.013
300.01
300.007
300.005
300.004
300.003
300.002
300.001
300.001
300
300
300
300
300
300
300
300
300
300
300
303.149
302.827
302.513
302.221
301.957
301.719
301.506
301.317
301.148
300.998
300.865
300.747
300.643
300.551
300.471
300.4
300.338
300.284
300.238
300.198
300.164
300.134
300.11
300.089
300.072
300.057
300.046
300.036
300.028
300.022
300.017
300.013
300.01
300.007
300.005
300.004
300.003
300.002
300.001
300.001
300
300
300
300
300
300
300
300
300
300
300
303.08
302.778
302.479
302.199
301.942
301.709
301.5
301.313
301.146
300.997
300.865
300.747
300.643
300.552
300.471
300.4
300.338
300.285
300.238
300.198
300.164
300.135
300.11
300.089
300.072
300.058
300.046
300.036
300.028
300.022
300.017
300.013
300.01
300.007
300.005
300.004
300.003
300.002
300.001
300.001
300
300
300
300
300
300
300
300
300
300
300
303.007
302.724
302.441
302.172
301.923
301.697
301.491
301.307
301.142
300.995
300.863
300.746
300.643
300.551
300.471
300.4
300.339
300.285
300.238
300.198
300.164
300.135
300.11
300.089
300.072
300.058
300.046
300.036
300.028
300.022
300.017
300.013
300.01
300.007
300.005
300.004
300.003
300.002
300.001
300.001
300
300
300
300
300
300
300
300
300
300
300
302.928
302.664
302.398
302.141
301.902
301.681
301.481
301.3
301.137
300.991
300.861
300.745
300.642
300.551
300.471
300.4
300.339
300.285
300.238
300.198
300.164
300.135
300.11
300.09
300.072
300.058
300.046
300.036
300.028
300.022
300.017
300.013
300.01
300.007
300.005
300.004
300.003
300.002
300.001
300.001
300
300
300
300
300
300
300
300
300
300
300
302.845
302.599
302.349
302.106
301.876
301.663
301.468
301.29
301.13
300.987
300.858
300.743
300.641
300.55
300.47
300.4
300.338
300.285
300.238
300.198
300.164
300.135
300.11
300.09
300.072
300.058
300.046
300.036
300.028
300.022
300.017
300.013
300.01
300.007
300.005
300.004
300.003
300.002
300.001
300.001
300
300
300
300
300
300
300
300
300
300
300
302.756
302.529
302.295
302.065
301.846
301.641
301.451
301.279
301.122
300.98
300.853
300.74
300.638
300.548
300.469
300.399
300.338
300.285
300.238
300.198
300.164
300.135
300.11
300.09
300.072
300.058
300.046
300.036
300.029
300.022
300.017
300.013
300.01
300.007
300.005
300.004
300.003
300.002
300.001
300.001
300
300
300
300
300
300
300
300
300
300
300
302.663
302.453
302.235
302.019
301.811
301.614
301.432
301.264
301.111
300.973
300.848
300.736
300.635
300.546
300.467
300.398
300.337
300.284
300.238
300.198
300.164
300.135
300.11
300.09
300.072
300.058
300.046
300.036
300.029
300.022
300.017
300.013
300.01
300.007
300.005
300.004
300.003
300.002
300.001
300.001
300
300
300
300
300
300
300
300
300
300
300
302.564
302.371
302.17
301.968
301.771
301.584
301.409
301.247
301.098
300.963
300.841
300.73
300.631
300.543
300.465
300.396
300.336
300.283
300.237
300.198
300.164
300.135
300.11
300.089
300.072
300.058
300.046
300.036
300.028
300.022
300.017
300.013
300.01
300.007
300.005
300.004
300.003
300.002
300.001
300.001
300
300
300
300
300
300
300
300
300
300
300
302.461
302.285
302.099
301.911
301.727
301.55
301.383
301.227
301.083
300.951
300.832
300.724
300.626
300.54
300.462
300.394
300.334
300.282
300.236
300.197
300.163
300.134
300.11
300.089
300.072
300.058
300.046
300.036
300.028
300.022
300.017
300.013
300.01
300.007
300.005
300.004
300.003
300.002
300.001
300.001
300
300
300
300
300
300
300
300
300
300
300
302.355
302.194
302.023
301.849
301.677
301.511
301.352
301.203
301.065
300.937
300.821
300.715
300.62
300.535
300.459
300.391
300.332
300.28
300.235
300.196
300.162
300.134
300.109
300.089
300.072
300.057
300.046
300.036
300.028
300.022
300.017
300.013
300.01
300.007
300.005
300.004
300.003
300.002
300.001
300.001
300
300
300
300
300
300
300
300
300
300
300
302.244
302.098
301.943
301.783
301.624
301.468
301.318
301.176
301.044
300.921
300.808
300.706
300.613
300.529
300.454
300.388
300.329
300.278
300.233
300.195
300.161
300.133
300.109
300.088
300.071
300.057
300.046
300.036
300.028
300.022
300.017
300.013
300.01
300.007
300.005
300.004
300.003
300.002
300.001
300.001
300
300
300
300
300
300
300
300
300
300
300
302.132
302
301.859
301.713
301.566
301.421
301.28
301.146
301.02
300.903
300.794
300.695
300.604
300.522
300.449
300.384
300.326
300.276
300.231
300.193
300.16
300.132
300.108
300.088
300.071
300.057
300.045
300.036
300.028
300.022
300.017
300.013
300.01
300.007
300.005
300.004
300.003
300.002
300.001
300.001
300
300
300
300
300
300
300
300
300
300
300
302.019
301.9
301.773
301.64
301.505
301.371
301.24
301.114
300.994
300.882
300.778
300.682
300.594
300.515
300.443
300.379
300.323
300.273
300.229
300.191
300.159
300.131
300.107
300.087
300.07
300.056
300.045
300.036
300.028
300.022
300.017
300.013
300.01
300.007
300.005
300.004
300.003
300.002
300.001
300.001
300
300
300
300
300
300
300
300
300
300
300
301.907
301.801
301.686
301.566
301.442
301.319
301.197
301.079
300.967
300.86
300.761
300.668
300.584
300.506
300.437
300.374
300.319
300.27
300.227
300.189
300.157
300.13
300.106
300.086
300.07
300.056
300.045
300.035
300.028
300.022
300.017
300.013
300.01
300.007
300.005
300.004
300.003
300.002
300.001
300.001
300
300
300
300
300
300
300
300
300
300
300
301.798
301.704
301.601
301.492
301.379
301.266
301.154
301.044
300.938
300.837
300.742
300.654
300.572
300.497
300.43
300.369
300.314
300.266
300.224
300.187
300.156
300.128
300.105
300.086
300.069
300.056
300.044
300.035
300.027
300.021
300.017
300.013
300.01
300.007
300.005
300.004
300.003
300.002
300.001
300.001
300
300
300
300
300
300
300
300
300
300
300
301.696
301.611
301.519
301.421
301.319
301.215
301.111
301.009
300.909
300.814
300.724
300.639
300.56
300.488
300.422
300.363
300.31
300.263
300.221
300.185
300.154
300.127
300.104
300.085
300.069
300.055
300.044
300.035
300.027
300.021
300.016
300.013
300.009
300.007
300.005
300.004
300.003
300.002
300.001
300.001
300
300
300
300
300
300
300
300
300
300
300
301.604
301.528
301.445
301.356
301.263
301.167
301.071
300.975
300.882
300.792
300.706
300.625
300.549
300.479
300.416
300.358
300.306
300.259
300.219
300.183
300.152
300.126
300.103
300.084
300.068
300.054
300.043
300.034
300.027
300.021
300.016
300.012
300.009
300.007
300.005
300.004
300.003
300.002
300.001
300.001
300
300
300
300
300
300
300
300
300
300
300
301.526
301.457
301.382
301.3
301.214
301.126
301.036
300.947
300.858
300.773
300.69
300.613
300.539
300.472
300.409
300.353
300.302
300.256
300.216
300.181
300.151
300.125
300.102
300.083
300.067
300.054
300.043
300.034
300.027
300.021
300.016
300.012
300.009
300.007
300.005
300.004
300.003
300.002
300.001
300.001
300
300
300
300
300
300
300
300
300
300
300
301.468
301.404
301.334
301.258
301.178
301.095
301.01
300.925
300.84
300.758
300.679
300.603
300.532
300.466
300.405
300.349
300.299
300.254
300.214
300.18
300.15
300.124
300.101
300.083
300.067
300.054
300.043
300.034
300.027
300.021
300.016
300.012
300.009
300.007
300.005
300.004
300.003
300.002
300.001
300.001
300
300
300
300
300
300
300
300
300
300
300
301.436
301.375
301.308
301.235
301.157
301.077
300.995
300.912
300.83
300.75
300.672
300.597
300.527
300.462
300.402
300.347
300.297
300.253
300.213
300.179
300.149
300.123
300.101
300.082
300.067
300.053
300.043
300.034
300.026
300.021
300.016
300.012
300.009
300.007
300.005
300.004
300.003
300.002
300.001
300.001
300
300
300
300
300
300
300
300
300
300
300
)
;

boundaryField
{
    inlet
    {
        type            fixedValue;
        value           uniform 300;
    }
    outlet
    {
        type            zeroGradient;
    }
    top
    {
        type            zeroGradient;
    }
    slip-bottom
    {
        type            zeroGradient;
    }
    bottom
    {
        type            zeroGradient;
    }
    interface
    {
        type            fixedGradient;
        gradient        nonuniform List<scalar> 
161
(
67.8394
67.8394
46.0684
46.0684
46.0684
46.0684
34.1678
34.1678
34.1678
34.1678
29.3518
29.3518
29.3518
28.5445
28.5445
28.5445
28.5445
25.9459
25.9459
25.9459
25.0734
25.0734
25.0734
24.5622
24.5622
24.5622
23.9067
23.9067
23.9067
23.316
23.316
23.316
22.7692
22.7692
22.7692
22.2324
22.2324
22.2324
21.7222
21.7222
21.7222
20.72
20.72
21.4189
21.4189
21.4189
20.4305
20.4305
20.8683
20.8683
20.8683
19.9049
19.9049
19.8937
19.8937
19.8937
20.016
20.016
20.312
20.312
19.1857
19.1857
19.0869
19.0869
19.1272
19.1272
19.0032
19.0032
19.0032
18.8521
18.8521
18.7068
18.5571
18.5571
18.3774
18.3774
18.2177
18.2177
17.6476
17.6476
18.372
18.372
18.0831
18.0831
17.7597
17.2433
17.2433
17.8262
17.8262
17.5847
16.9679
16.9679
17.5115
16.9626
16.9626
17.312
17.312
16.7762
17.1101
17.1101
16.6282
16.9494
16.4912
16.4912
16.5255
16.8331
16.8331
16.3109
16.5469
16.1604
16.1604
16.1737
16.2595
16.4023
16.4023
15.9844
16.01
16.0838
16.1818
16.1818
15.8693
15.8867
15.9387
15.9393
15.9846
15.8201
15.8201
15.8159
15.8327
15.8256
15.8152
15.8021
15.7878
15.7722
15.757
15.7413
15.7273
15.714
15.7043
15.6974
15.6969
15.7024
15.7181
15.7436
15.7836
15.8393
15.92
16.0373
16.227
16.3892
15.9943
16.0651
16.678
17.1078
17.6829
18.3804
21.1132
18.638
21.5089
24.2884
34.414
)
;
    }
    defaultFaces
    {
        type            empty;
    }
}


// ************************************************************************* //
