/*--------------------------------*- C++ -*----------------------------------*\
| =========                 |                                                 |
| \\      /  F ield         | OpenFOAM: The Open Source CFD Toolbox           |
|  \\    /   O peration     | Version:  2106                                  |
|   \\  /    A nd           | Website:  www.openfoam.com                      |
|    \\/     M anipulation  |                                                 |
\*---------------------------------------------------------------------------*/
FoamFile
{
    version     2.0;
    format      ascii;
    arch        "LSB;label=32;scalar=64";
    class       volScalarField;
    location    "0.39";
    object      T;
}
// * * * * * * * * * * * * * * * * * * * * * * * * * * * * * * * * * * * * * //

dimensions      [0 0 0 1 0 0 0];

internalField   nonuniform List<scalar> 
12013
(
300
300
300
300
300
300
300
300
300
300
300
300
300
300
300.001
300.001
300.001
300.001
300.002
300.002
300.003
300.003
300.004
300.005
300.006
300.008
300.009
300.011
300.013
300.015
300.018
300.021
300.024
300.028
300.033
300.037
300.043
300.049
300.055
300.062
300.07
300.079
300.088
300.098
300.109
300.121
300.134
300.148
300.163
300.179
300.195
300.214
300.233
300.253
300.275
300.298
300.323
300.349
300.376
300.405
300.435
300.468
300.501
300.537
300.575
300.614
300.656
300.7
300.746
300.795
300.846
300.901
300.959
301.021
301.087
301.158
301.236
301.321
301.416
301.525
301.658
300
300
300
300
300
300
300
300
300
300
300
300
300
300
300.001
300.001
300.001
300.001
300.002
300.002
300.003
300.003
300.004
300.005
300.006
300.008
300.009
300.011
300.013
300.015
300.018
300.021
300.024
300.028
300.033
300.037
300.043
300.049
300.055
300.062
300.07
300.079
300.088
300.098
300.109
300.121
300.134
300.148
300.163
300.178
300.195
300.213
300.233
300.253
300.275
300.298
300.323
300.348
300.376
300.405
300.435
300.467
300.501
300.536
300.574
300.613
300.655
300.698
300.745
300.793
300.845
300.899
300.957
301.018
301.083
301.154
301.23
301.312
301.403
301.504
301.617
300
300
300
300
300
300
300
300
300
300
300
300
300
300
300.001
300.001
300.001
300.001
300.002
300.002
300.003
300.003
300.004
300.005
300.006
300.008
300.009
300.011
300.013
300.015
300.018
300.021
300.024
300.028
300.032
300.037
300.043
300.048
300.055
300.062
300.07
300.079
300.088
300.098
300.109
300.121
300.134
300.147
300.162
300.178
300.195
300.213
300.232
300.253
300.274
300.298
300.322
300.348
300.375
300.404
300.434
300.466
300.499
300.535
300.572
300.611
300.653
300.696
300.742
300.79
300.841
300.894
300.951
301.011
301.076
301.144
301.217
301.295
301.379
301.469
301.564
300
300
300
300
300
300
300
300
300
300
300
300
300
300
300.001
300.001
300.001
300.001
300.002
300.002
300.003
300.003
300.004
300.005
300.006
300.008
300.009
300.011
300.013
300.015
300.018
300.021
300.024
300.028
300.032
300.037
300.043
300.048
300.055
300.062
300.07
300.078
300.088
300.098
300.109
300.121
300.133
300.147
300.162
300.178
300.195
300.213
300.232
300.252
300.274
300.297
300.321
300.346
300.374
300.402
300.432
300.464
300.497
300.532
300.569
300.608
300.649
300.692
300.737
300.785
300.835
300.887
300.943
301.001
301.063
301.128
301.198
301.27
301.347
301.426
301.507
300
300
300
300
300
300
300
300
300
300
300
300
300
300
300.001
300.001
300.001
300.001
300.002
300.002
300.003
300.003
300.004
300.005
300.006
300.008
300.009
300.011
300.013
300.015
300.018
300.021
300.024
300.028
300.032
300.037
300.042
300.048
300.055
300.062
300.07
300.078
300.087
300.097
300.108
300.12
300.133
300.147
300.161
300.177
300.194
300.212
300.231
300.251
300.272
300.295
300.319
300.345
300.372
300.4
300.43
300.461
300.494
300.529
300.565
300.604
300.644
300.686
300.73
300.777
300.826
300.877
300.931
300.987
301.046
301.108
301.172
301.239
301.308
301.379
301.448
300
300
300
300
300
300
300
300
300
300
300
300
300
300
300.001
300.001
300.001
300.001
300.002
300.002
300.003
300.003
300.004
300.005
300.006
300.008
300.009
300.011
300.013
300.015
300.018
300.021
300.024
300.028
300.032
300.037
300.042
300.048
300.054
300.062
300.069
300.078
300.087
300.097
300.108
300.12
300.132
300.146
300.16
300.176
300.193
300.21
300.229
300.249
300.271
300.293
300.317
300.342
300.369
300.397
300.426
300.457
300.49
300.524
300.56
300.598
300.637
300.678
300.722
300.767
300.814
300.863
300.915
300.968
301.024
301.082
301.142
301.203
301.265
301.327
301.389
300
300
300
300
300
300
300
300
300
300
300
300
300
300
300.001
300.001
300.001
300.001
300.002
300.002
300.003
300.003
300.004
300.005
300.006
300.007
300.009
300.011
300.013
300.015
300.018
300.021
300.024
300.028
300.032
300.037
300.042
300.048
300.054
300.061
300.069
300.077
300.086
300.096
300.107
300.119
300.131
300.145
300.159
300.175
300.191
300.209
300.228
300.247
300.268
300.291
300.314
300.339
300.365
300.393
300.422
300.453
300.484
300.518
300.553
300.59
300.628
300.668
300.71
300.754
300.799
300.846
300.895
300.946
300.998
301.052
301.107
301.162
301.218
301.274
301.329
300
300
300
300
300
300
300
300
300
300
300
300
300
300
300.001
300.001
300.001
300.001
300.002
300.002
300.003
300.003
300.004
300.005
300.006
300.007
300.009
300.011
300.013
300.015
300.018
300.021
300.024
300.028
300.032
300.036
300.042
300.047
300.054
300.061
300.068
300.077
300.086
300.096
300.106
300.118
300.13
300.144
300.158
300.173
300.189
300.207
300.225
300.245
300.266
300.288
300.311
300.335
300.361
300.388
300.416
300.446
300.478
300.51
300.544
300.58
300.617
300.656
300.696
300.738
300.781
300.826
300.872
300.919
300.968
301.018
301.068
301.118
301.169
301.219
301.268
300
300
300
300
300
300
300
300
300
300
300
300
300
300
300.001
300.001
300.001
300.001
300.002
300.002
300.003
300.003
300.004
300.005
300.006
300.007
300.009
300.011
300.013
300.015
300.017
300.02
300.024
300.027
300.032
300.036
300.041
300.047
300.053
300.06
300.068
300.076
300.085
300.095
300.105
300.117
300.129
300.142
300.156
300.171
300.187
300.204
300.222
300.242
300.262
300.284
300.306
300.33
300.355
300.382
300.41
300.439
300.469
300.501
300.534
300.568
300.604
300.641
300.679
300.719
300.76
300.802
300.845
300.889
300.934
300.98
301.026
301.072
301.117
301.162
301.206
300
300
300
300
300
300
300
300
300
300
300
300
300
300
300.001
300.001
300.001
300.001
300.002
300.002
300.003
300.003
300.004
300.005
300.006
300.007
300.009
300.01
300.012
300.015
300.017
300.02
300.023
300.027
300.031
300.036
300.041
300.047
300.053
300.06
300.067
300.075
300.084
300.094
300.104
300.115
300.127
300.14
300.154
300.169
300.184
300.201
300.219
300.238
300.258
300.279
300.301
300.324
300.349
300.374
300.401
300.429
300.459
300.489
300.521
300.554
300.588
300.623
300.66
300.697
300.736
300.775
300.815
300.856
300.897
300.939
300.981
301.022
301.064
301.104
301.144
300
300
300
300
300
300
300
300
300
300
300
300
300
300
300.001
300.001
300.001
300.001
300.002
300.002
300.003
300.003
300.004
300.005
300.006
300.007
300.009
300.01
300.012
300.015
300.017
300.02
300.023
300.027
300.031
300.035
300.04
300.046
300.052
300.059
300.066
300.074
300.083
300.092
300.102
300.113
300.125
300.138
300.151
300.166
300.181
300.198
300.215
300.233
300.253
300.273
300.295
300.317
300.341
300.366
300.392
300.419
300.447
300.476
300.506
300.537
300.57
300.603
300.637
300.672
300.708
300.745
300.782
300.82
300.857
300.895
300.933
300.971
301.008
301.045
301.081
300
300
300
300
300
300
300
300
300
300
300
300
300
300
300.001
300.001
300.001
300.001
300.002
300.002
300.003
300.003
300.004
300.005
300.006
300.007
300.009
300.01
300.012
300.014
300.017
300.02
300.023
300.026
300.03
300.035
300.04
300.045
300.051
300.058
300.065
300.073
300.081
300.09
300.1
300.111
300.123
300.135
300.148
300.162
300.177
300.193
300.21
300.228
300.247
300.266
300.287
300.309
300.332
300.355
300.38
300.406
300.433
300.46
300.489
300.519
300.549
300.58
300.612
300.645
300.678
300.712
300.746
300.781
300.815
300.85
300.884
300.918
300.952
300.985
301.017
300
300
300
300
300
300
300
300
300
300
300
300
300
300
300.001
300.001
300.001
300.001
300.002
300.002
300.003
300.003
300.004
300.005
300.006
300.007
300.008
300.01
300.012
300.014
300.016
300.019
300.022
300.026
300.03
300.034
300.039
300.044
300.05
300.056
300.063
300.071
300.079
300.088
300.098
300.109
300.12
300.132
300.144
300.158
300.173
300.188
300.204
300.221
300.239
300.258
300.278
300.299
300.321
300.344
300.367
300.392
300.417
300.443
300.47
300.498
300.526
300.555
300.585
300.615
300.646
300.677
300.708
300.739
300.771
300.802
300.833
300.864
300.894
300.924
300.953
300
300
300
300
300
300
300
300
300
300
300
300
300
300
300
300.001
300.001
300.001
300.002
300.002
300.002
300.003
300.004
300.005
300.006
300.007
300.008
300.01
300.012
300.014
300.016
300.019
300.022
300.025
300.029
300.033
300.038
300.043
300.049
300.055
300.062
300.069
300.077
300.086
300.095
300.105
300.116
300.128
300.14
300.153
300.167
300.182
300.198
300.214
300.231
300.249
300.268
300.288
300.309
300.33
300.352
300.375
300.399
300.424
300.449
300.475
300.501
300.528
300.555
300.583
300.611
300.639
300.667
300.696
300.724
300.753
300.781
300.808
300.836
300.862
300.889
300
300
300
300
300
300
300
300
300
300
300
300
300
300
300
300.001
300.001
300.001
300.001
300.002
300.002
300.003
300.004
300.005
300.006
300.007
300.008
300.01
300.011
300.013
300.016
300.018
300.021
300.025
300.028
300.032
300.037
300.042
300.047
300.053
300.06
300.067
300.075
300.083
300.092
300.102
300.112
300.124
300.135
300.148
300.161
300.175
300.19
300.206
300.222
300.239
300.257
300.276
300.295
300.315
300.336
300.358
300.38
300.402
300.426
300.449
300.474
300.498
300.523
300.549
300.574
300.6
300.625
300.651
300.677
300.702
300.727
300.752
300.776
300.8
300.824
300
300
300
300
300
300
300
300
300
300
300
300
300
300
300
300.001
300.001
300.001
300.001
300.002
300.002
300.003
300.004
300.004
300.005
300.006
300.008
300.009
300.011
300.013
300.015
300.018
300.021
300.024
300.027
300.031
300.036
300.04
300.046
300.052
300.058
300.065
300.072
300.08
300.089
300.098
300.108
300.119
300.13
300.142
300.154
300.168
300.182
300.196
300.212
300.228
300.245
300.262
300.28
300.299
300.318
300.338
300.358
300.379
300.401
300.422
300.445
300.467
300.49
300.513
300.536
300.559
300.582
300.605
300.628
300.65
300.673
300.695
300.717
300.738
300.76
300
300
300
300
300
300
300
300
300
300
300
300
300
300
300
300.001
300.001
300.001
300.001
300.002
300.002
300.003
300.003
300.004
300.005
300.006
300.008
300.009
300.011
300.013
300.015
300.017
300.02
300.023
300.026
300.03
300.034
300.039
300.044
300.049
300.055
300.062
300.069
300.077
300.085
300.094
300.103
300.113
300.124
300.135
300.147
300.159
300.172
300.186
300.2
300.215
300.231
300.247
300.264
300.281
300.299
300.317
300.336
300.355
300.374
300.394
300.414
300.434
300.455
300.475
300.496
300.517
300.537
300.558
300.578
300.598
300.618
300.638
300.658
300.677
300.695
300
300
300
300
300
300
300
300
300
300
300
300
300
300
300
300.001
300.001
300.001
300.001
300.002
300.002
300.003
300.003
300.004
300.005
300.006
300.007
300.009
300.01
300.012
300.014
300.016
300.019
300.022
300.025
300.029
300.033
300.037
300.042
300.047
300.053
300.059
300.066
300.073
300.08
300.089
300.098
300.107
300.117
300.127
300.138
300.15
300.162
300.175
300.188
300.202
300.216
300.231
300.246
300.262
300.278
300.295
300.312
300.329
300.346
300.364
300.382
300.4
300.419
300.437
300.455
300.474
300.492
300.51
300.528
300.546
300.564
300.581
300.598
300.615
300.632
300
300
300
300
300
300
300
300
300
300
300
300
300
300
300
300.001
300.001
300.001
300.001
300.002
300.002
300.003
300.003
300.004
300.005
300.006
300.007
300.008
300.01
300.011
300.013
300.016
300.018
300.021
300.024
300.027
300.031
300.035
300.04
300.044
300.05
300.056
300.062
300.068
300.076
300.083
300.091
300.1
300.109
300.119
300.129
300.14
300.151
300.163
300.175
300.187
300.2
300.214
300.228
300.242
300.256
300.271
300.286
300.302
300.318
300.333
300.349
300.366
300.382
300.398
300.414
300.43
300.446
300.462
300.478
300.494
300.51
300.525
300.54
300.555
300.57
300
300
300
300
300
300
300
300
300
300
300
300
300
300
300
300
300.001
300.001
300.001
300.002
300.002
300.002
300.003
300.004
300.004
300.005
300.006
300.008
300.009
300.011
300.013
300.015
300.017
300.019
300.022
300.026
300.029
300.033
300.037
300.042
300.047
300.052
300.058
300.064
300.07
300.077
300.085
300.093
300.101
300.11
300.119
300.129
300.139
300.15
300.161
300.172
300.184
300.196
300.208
300.221
300.234
300.247
300.261
300.274
300.288
300.302
300.316
300.33
300.345
300.359
300.373
300.387
300.401
300.415
300.429
300.443
300.456
300.47
300.483
300.496
300.509
300
300
300
300
300
300
300
300
300
300
300
300
300
300
300
300
300.001
300.001
300.001
300.001
300.002
300.002
300.003
300.003
300.004
300.005
300.006
300.007
300.008
300.01
300.012
300.014
300.016
300.018
300.021
300.024
300.027
300.03
300.034
300.038
300.043
300.048
300.053
300.059
300.065
300.071
300.078
300.085
300.093
300.101
300.109
300.118
300.127
300.136
300.146
300.156
300.167
300.177
300.188
300.199
300.211
300.223
300.234
300.246
300.258
300.271
300.283
300.295
300.308
300.32
300.332
300.345
300.357
300.369
300.381
300.393
300.404
300.416
300.427
300.438
300.449
300
300
300
300
300
300
300
300
300
300
300
300
300
300
300
300
300.001
300.001
300.001
300.001
300.002
300.002
300.003
300.003
300.004
300.005
300.006
300.007
300.008
300.009
300.011
300.013
300.014
300.017
300.019
300.022
300.025
300.028
300.031
300.035
300.039
300.044
300.048
300.054
300.059
300.065
300.071
300.077
300.084
300.091
300.098
300.106
300.114
300.122
300.131
300.14
300.149
300.158
300.168
300.178
300.188
300.198
300.208
300.219
300.229
300.239
300.25
300.261
300.271
300.282
300.292
300.303
300.313
300.324
300.334
300.344
300.354
300.364
300.374
300.383
300.393
300
300
300
300
300
300
300
300
300
300
300
300
300
300
300
300
300
300.001
300.001
300.001
300.001
300.002
300.002
300.003
300.003
300.004
300.005
300.006
300.007
300.008
300.01
300.011
300.013
300.015
300.017
300.02
300.022
300.025
300.028
300.032
300.035
300.039
300.044
300.048
300.053
300.058
300.063
300.069
300.075
300.081
300.088
300.094
300.101
300.109
300.116
300.124
300.132
300.14
300.148
300.156
300.165
300.173
300.182
300.191
300.2
300.209
300.218
300.227
300.236
300.245
300.254
300.263
300.272
300.28
300.289
300.298
300.306
300.314
300.323
300.331
300.339
300
300
300
300
300
300
300
300
300
300
300
300
300
300
300
300
300
300.001
300.001
300.001
300.001
300.002
300.002
300.003
300.003
300.004
300.005
300.005
300.006
300.007
300.009
300.01
300.012
300.013
300.015
300.018
300.02
300.022
300.025
300.028
300.031
300.035
300.039
300.042
300.047
300.051
300.056
300.061
300.066
300.071
300.077
300.082
300.088
300.095
300.101
300.108
300.114
300.121
300.128
300.135
300.142
300.15
300.157
300.165
300.172
300.18
300.187
300.195
300.202
300.21
300.217
300.225
300.232
300.239
300.246
300.254
300.261
300.268
300.274
300.281
300.288
300
300
300
300
300
300
300
300
300
300
300
300
300
300
300
300
300
300
300.001
300.001
300.001
300.001
300.002
300.002
300.003
300.003
300.004
300.005
300.006
300.007
300.008
300.009
300.01
300.012
300.014
300.015
300.017
300.02
300.022
300.025
300.027
300.03
300.033
300.037
300.04
300.044
300.048
300.052
300.057
300.061
300.066
300.071
300.076
300.081
300.086
300.092
300.098
300.103
300.109
300.115
300.121
300.127
300.133
300.139
300.145
300.152
300.158
300.164
300.17
300.177
300.183
300.189
300.195
300.201
300.207
300.213
300.218
300.224
300.23
300.235
300.241
300
300
300
300
300
300
300
300
300
300
300
300
300
300
300
300
300
300
300.001
300.001
300.001
300.001
300.002
300.002
300.002
300.003
300.003
300.004
300.005
300.006
300.007
300.008
300.009
300.01
300.012
300.013
300.015
300.017
300.019
300.021
300.023
300.026
300.029
300.031
300.034
300.037
300.041
300.044
300.048
300.052
300.056
300.06
300.064
300.068
300.072
300.077
300.082
300.086
300.091
300.096
300.101
300.106
300.111
300.116
300.121
300.126
300.131
300.136
300.141
300.146
300.151
300.156
300.161
300.166
300.17
300.175
300.18
300.184
300.189
300.193
300.198
300
300
300
300
300
300
300
300
300
300
300
300
300
300
300
300
300
300
300
300.001
300.001
300.001
300.001
300.002
300.002
300.002
300.003
300.003
300.004
300.005
300.006
300.006
300.007
300.009
300.01
300.011
300.013
300.014
300.016
300.018
300.019
300.022
300.024
300.026
300.029
300.031
300.034
300.037
300.04
300.043
300.046
300.049
300.052
300.056
300.059
300.063
300.067
300.071
300.074
300.078
300.082
300.086
300.09
300.094
300.098
300.102
300.106
300.11
300.114
300.118
300.122
300.126
300.13
300.134
300.137
300.141
300.145
300.149
300.152
300.156
300.159
300
300
300
300
300
300
300
300
300
300
300
300
300
300
300
300
300
300
300
300
300.001
300.001
300.001
300.001
300.002
300.002
300.002
300.003
300.003
300.004
300.005
300.005
300.006
300.007
300.008
300.009
300.01
300.011
300.013
300.014
300.016
300.018
300.019
300.021
300.023
300.025
300.027
300.03
300.032
300.034
300.037
300.039
300.042
300.045
300.048
300.05
300.053
300.056
300.059
300.062
300.065
300.068
300.072
300.075
300.078
300.081
300.084
300.087
300.09
300.093
300.096
300.099
300.102
300.105
300.108
300.111
300.114
300.117
300.12
300.123
300.125
300
300
300
300
300
300
300
300
300
300
300
300
300
300
300
300
300
300
300
300
300
300.001
300.001
300.001
300.001
300.001
300.002
300.002
300.003
300.003
300.004
300.004
300.005
300.006
300.006
300.007
300.008
300.009
300.01
300.011
300.013
300.014
300.015
300.017
300.018
300.02
300.021
300.023
300.025
300.027
300.029
300.031
300.033
300.035
300.037
300.039
300.042
300.044
300.046
300.048
300.051
300.053
300.055
300.058
300.06
300.062
300.065
300.067
300.069
300.072
300.074
300.076
300.079
300.081
300.083
300.085
300.088
300.09
300.092
300.094
300.096
300
300
300
300
300
300
300
300
300
300
300
300
300
300
300
300
300
300
300
300
300
300
300
300.001
300.001
300.001
300.001
300.002
300.002
300.002
300.003
300.003
300.004
300.004
300.005
300.005
300.006
300.007
300.008
300.009
300.01
300.011
300.012
300.013
300.014
300.015
300.016
300.018
300.019
300.02
300.022
300.023
300.025
300.026
300.028
300.03
300.031
300.033
300.035
300.036
300.038
300.04
300.042
300.043
300.045
300.047
300.048
300.05
300.052
300.054
300.055
300.057
300.059
300.06
300.062
300.064
300.065
300.067
300.068
300.07
300.071
300
300
300
300
300
300
300
300
300
300
300
300
300
300
300
300
300
300
300
300
300
300
300
300
300.001
300.001
300.001
300.001
300.001
300.002
300.002
300.002
300.003
300.003
300.004
300.004
300.005
300.005
300.006
300.006
300.007
300.008
300.009
300.009
300.01
300.011
300.012
300.013
300.014
300.015
300.016
300.017
300.018
300.019
300.02
300.022
300.023
300.024
300.025
300.026
300.028
300.029
300.03
300.031
300.033
300.034
300.035
300.036
300.038
300.039
300.04
300.041
300.042
300.044
300.045
300.046
300.047
300.048
300.049
300.05
300.051
300
300
300
300
300
300
300
300
300
300
300
300
300
300
300
300
300
300
300
300
300
300
300
300
300
300
300.001
300.001
300.001
300.001
300.001
300.002
300.002
300.002
300.002
300.003
300.003
300.004
300.004
300.004
300.005
300.005
300.006
300.007
300.007
300.008
300.008
300.009
300.01
300.01
300.011
300.012
300.013
300.013
300.014
300.015
300.016
300.017
300.018
300.018
300.019
300.02
300.021
300.022
300.023
300.024
300.024
300.025
300.026
300.027
300.028
300.029
300.029
300.03
300.031
300.032
300.033
300.033
300.034
300.035
300.036
300
300
300
300
300
300
300
300
300
300
300
300
300
300
300
300
300
300
300
300
300
300
300
300
300
300
300
300
300
300.001
300.001
300.001
300.001
300.001
300.001
300.002
300.002
300.002
300.003
300.003
300.003
300.004
300.004
300.004
300.005
300.005
300.006
300.006
300.006
300.007
300.007
300.008
300.008
300.009
300.009
300.01
300.011
300.011
300.012
300.012
300.013
300.013
300.014
300.015
300.015
300.016
300.016
300.017
300.017
300.018
300.018
300.019
300.02
300.02
300.021
300.021
300.022
300.022
300.023
300.023
300.024
300
300
300
300
300
300
300
300
300
300
300
300
300
300
300
300
300
300
300
300
300
300
300
300
300
300
300
300
300
300
300
300
300.001
300.001
300.001
300.001
300.001
300.001
300.001
300.002
300.002
300.002
300.002
300.003
300.003
300.003
300.003
300.004
300.004
300.004
300.005
300.005
300.005
300.006
300.006
300.006
300.007
300.007
300.007
300.008
300.008
300.008
300.009
300.009
300.009
300.01
300.01
300.011
300.011
300.011
300.012
300.012
300.012
300.013
300.013
300.013
300.014
300.014
300.014
300.015
300.015
300
300
300
300
300
300
300
300
300
300
300
300
300
300
300
300
300
300
300
300
300
300
300
300
300
300
300
300
300
300
300
300
300
300
300
300
300
300.001
300.001
300.001
300.001
300.001
300.001
300.001
300.002
300.002
300.002
300.002
300.002
300.002
300.003
300.003
300.003
300.003
300.003
300.004
300.004
300.004
300.004
300.004
300.005
300.005
300.005
300.005
300.006
300.006
300.006
300.006
300.006
300.007
300.007
300.007
300.007
300.007
300.008
300.008
300.008
300.008
300.008
300.009
300.009
300
300
300
300
300
300
300
300
300
300
300
300
300
300
300
300
300
300
300
300
300
300
300
300
300
300
300
300
300
300
300
300
300
300
300
300
300
300
300
300
300
300
300
300.001
300.001
300.001
300.001
300.001
300.001
300.001
300.001
300.001
300.001
300.002
300.002
300.002
300.002
300.002
300.002
300.002
300.002
300.003
300.003
300.003
300.003
300.003
300.003
300.003
300.003
300.004
300.004
300.004
300.004
300.004
300.004
300.004
300.004
300.004
300.005
300.005
300.005
300
300
300
300
300
300
300
300
300
300
300
300
300
300
300
300
300
299.999
299.999
299.999
299.999
299.999
299.999
299.999
299.999
299.999
299.999
299.999
299.999
300
300
300
300
300
300
300
300
300
300
300
300
300
300
300
300
300
300
300
300
300
300
300
300
300.001
300.001
300.001
300.001
300.001
300.001
300.001
300.001
300.001
300.001
300.001
300.001
300.001
300.001
300.001
300.002
300.002
300.002
300.002
300.002
300.002
300.002
300.002
300.002
300.002
300.002
300.002
300.002
300
300
300
300
300
300
300
300
300
300
300
300
300
300
300
299.999
299.999
299.999
299.999
299.999
299.999
299.999
299.999
299.999
299.999
299.999
299.999
299.999
299.999
299.999
299.999
299.999
299.999
299.999
299.999
299.999
299.999
300
300
300
300
300
300
300
300
300
300
300
300
300
300
300
300
300
300
300
300
300
300
300
300
300
300
300
300
300
300
300
300
300
300
300
300.001
300.001
300.001
300.001
300.001
300.001
300.001
300.001
300.001
300
300
300
300
300
300
300
300
300
300
300
300
300
299.999
299.999
299.999
299.999
299.999
299.999
299.999
299.999
299.999
299.999
299.999
299.999
299.999
299.999
299.999
299.999
299.999
299.999
299.999
299.999
299.999
299.999
299.999
299.999
299.999
299.999
299.999
299.999
299.999
299.999
299.999
299.999
299.999
299.999
299.999
299.999
299.999
300
300
300
300
300
300
300
300
300
300
300
300
300
300
300
300
300
300
300
300
300
300
300
300
300
300
300
300
300
300
300
300
300
300
300
300
300
300
300
300
300
300
300
300
299.999
299.999
299.999
299.999
299.999
299.999
299.999
299.999
299.999
299.999
299.999
299.999
299.999
299.999
299.999
299.999
299.999
299.999
299.999
299.999
299.999
299.999
299.999
299.999
299.999
299.999
299.999
299.999
299.999
299.999
299.999
299.999
299.999
299.999
299.999
299.999
299.999
299.999
299.999
299.999
299.999
299.999
299.999
299.999
299.999
299.999
299.999
299.999
299.999
299.999
299.999
299.999
299.999
299.999
299.999
299.999
299.999
299.999
299.999
299.999
300
300
300
300
300
300
300
300
300
300
300
300
300
300
300
300
300
300
300
300
299.999
299.999
299.999
299.999
299.999
299.999
299.999
299.999
299.999
299.999
299.999
299.999
299.999
299.999
299.999
299.999
299.999
299.999
299.999
299.999
299.999
299.999
299.999
299.999
299.999
299.999
299.999
299.999
299.999
299.999
299.999
299.999
299.999
299.999
299.999
299.999
299.999
299.999
299.999
299.999
299.999
299.999
299.999
299.999
299.999
299.999
299.999
299.999
299.999
299.999
299.999
299.999
299.999
299.999
299.999
299.999
299.999
299.999
299.999
299.999
299.999
299.999
299.999
299.999
299.999
299.999
299.999
299.999
299.999
301.836
301.951
302.018
302.08
302.133
302.175
302.202
302.232
302.263
302.29
302.313
302.338
302.363
302.386
302.409
302.431
302.452
302.469
302.488
302.506
302.524
302.542
302.559
302.575
302.592
302.607
302.622
302.637
302.651
302.665
302.678
302.691
302.703
302.715
302.727
302.738
302.749
302.759
302.769
302.779
302.788
302.797
302.807
302.816
302.825
302.833
302.841
302.849
302.857
302.864
302.871
302.877
302.883
302.89
302.896
302.902
302.908
302.914
302.919
302.924
302.928
302.932
302.936
302.941
302.945
302.948
302.952
302.956
302.959
302.962
302.965
302.967
302.97
302.972
302.975
302.977
302.979
302.981
302.982
302.984
302.986
302.987
302.988
302.989
302.99
302.991
302.992
302.992
302.993
302.994
302.994
302.995
302.995
302.995
302.996
302.996
302.996
302.996
302.996
302.996
302.996
302.996
302.996
302.995
302.995
302.995
302.995
302.994
302.994
302.994
302.994
302.993
302.993
302.993
302.993
302.993
302.993
302.993
302.992
302.992
302.992
302.992
302.992
302.992
302.992
302.992
302.991
302.991
302.99
302.99
302.989
302.988
302.986
302.985
302.983
302.98
302.978
302.975
302.971
302.967
302.963
302.958
302.952
302.945
302.938
302.929
302.92
302.908
302.895
302.879
302.858
302.836
302.812
302.784
302.75
302.708
302.66
302.572
302.485
302.366
302.197
301.738
301.839
301.915
301.979
302.033
302.078
302.115
302.149
302.181
302.21
302.237
302.263
302.288
302.313
302.336
302.358
302.38
302.399
302.418
302.437
302.455
302.473
302.491
302.507
302.524
302.54
302.555
302.57
302.584
302.598
302.612
302.625
302.637
302.649
302.661
302.672
302.683
302.694
302.704
302.714
302.723
302.733
302.742
302.751
302.76
302.768
302.776
302.784
302.792
302.799
302.806
302.812
302.819
302.825
302.831
302.837
302.843
302.848
302.854
302.859
302.863
302.867
302.871
302.876
302.88
302.883
302.887
302.89
302.894
302.897
302.899
302.902
302.905
302.907
302.909
302.911
302.913
302.915
302.917
302.918
302.92
302.921
302.923
302.924
302.925
302.925
302.926
302.927
302.928
302.928
302.929
302.929
302.929
302.93
302.93
302.93
302.93
302.93
302.93
302.93
302.93
302.93
302.93
302.93
302.93
302.929
302.929
302.929
302.929
302.928
302.928
302.928
302.928
302.927
302.927
302.927
302.927
302.927
302.927
302.927
302.927
302.927
302.927
302.927
302.926
302.926
302.926
302.925
302.925
302.924
302.923
302.922
302.921
302.919
302.917
302.915
302.913
302.91
302.906
302.902
302.898
302.893
302.887
302.881
302.873
302.865
302.855
302.844
302.831
302.815
302.794
302.772
302.748
302.719
302.685
302.642
302.591
302.506
302.415
302.291
302.106
301.659
301.745
301.819
301.882
301.937
301.984
302.025
302.062
302.096
302.127
302.156
302.184
302.21
302.235
302.259
302.282
302.304
302.325
302.345
302.364
302.383
302.401
302.419
302.436
302.453
302.469
302.484
302.499
302.514
302.528
302.541
302.555
302.567
302.58
302.591
302.603
302.614
302.625
302.635
302.645
302.655
302.664
302.673
302.682
302.691
302.7
302.708
302.715
302.723
302.73
302.737
302.744
302.75
302.756
302.763
302.768
302.774
302.78
302.785
302.79
302.794
302.799
302.803
302.807
302.811
302.814
302.818
302.821
302.825
302.828
302.83
302.833
302.836
302.838
302.84
302.842
302.844
302.846
302.848
302.849
302.851
302.852
302.853
302.854
302.855
302.856
302.857
302.858
302.858
302.859
302.859
302.86
302.86
302.86
302.861
302.861
302.861
302.861
302.861
302.861
302.861
302.861
302.861
302.861
302.86
302.86
302.86
302.86
302.859
302.859
302.859
302.859
302.858
302.858
302.858
302.858
302.858
302.858
302.858
302.858
302.858
302.858
302.857
302.857
302.857
302.857
302.857
302.856
302.856
302.855
302.854
302.853
302.852
302.85
302.848
302.846
302.844
302.841
302.837
302.834
302.829
302.824
302.819
302.812
302.805
302.797
302.787
302.776
302.763
302.747
302.727
302.705
302.68
302.651
302.616
302.573
302.519
302.436
302.342
302.213
302.019
301.586
301.661
301.729
301.79
301.844
301.892
301.935
301.974
302.009
302.042
302.073
302.101
302.129
302.155
302.18
302.203
302.226
302.247
302.268
302.288
302.307
302.325
302.343
302.361
302.378
302.394
302.41
302.425
302.44
302.454
302.468
302.481
302.494
302.506
302.518
302.53
302.541
302.552
302.562
302.572
302.582
302.592
302.601
302.61
302.619
302.627
302.635
302.643
302.651
302.658
302.665
302.672
302.678
302.684
302.69
302.696
302.702
302.707
302.712
302.717
302.722
302.726
302.73
302.734
302.738
302.742
302.745
302.749
302.752
302.755
302.758
302.76
302.763
302.765
302.767
302.769
302.771
302.773
302.775
302.776
302.778
302.779
302.78
302.781
302.782
302.783
302.784
302.785
302.785
302.786
302.786
302.787
302.787
302.787
302.788
302.788
302.788
302.788
302.788
302.788
302.788
302.788
302.788
302.787
302.787
302.787
302.787
302.787
302.786
302.786
302.786
302.786
302.785
302.785
302.785
302.785
302.785
302.785
302.785
302.785
302.785
302.784
302.784
302.784
302.784
302.784
302.784
302.783
302.783
302.782
302.781
302.78
302.779
302.777
302.775
302.773
302.771
302.768
302.765
302.761
302.757
302.752
302.747
302.74
302.733
302.725
302.715
302.704
302.691
302.675
302.656
302.634
302.609
302.58
302.544
302.5
302.444
302.363
302.265
302.133
301.935
301.517
301.583
301.645
301.702
301.754
301.802
301.845
301.885
301.921
301.955
301.987
302.016
302.044
302.071
302.096
302.121
302.144
302.166
302.187
302.207
302.227
302.246
302.264
302.282
302.299
302.316
302.332
302.347
302.362
302.376
302.39
302.404
302.417
302.429
302.441
302.453
302.464
302.475
302.486
302.496
302.506
302.515
302.525
302.534
302.543
302.551
302.559
302.567
302.574
302.582
302.589
302.595
302.602
302.608
302.614
302.62
302.626
302.631
302.636
302.641
302.645
302.65
302.654
302.658
302.662
302.665
302.669
302.672
302.675
302.678
302.681
302.684
302.686
302.688
302.691
302.693
302.694
302.696
302.698
302.699
302.701
302.702
302.703
302.704
302.705
302.706
302.707
302.708
302.708
302.709
302.709
302.71
302.71
302.71
302.711
302.711
302.711
302.711
302.711
302.711
302.711
302.711
302.711
302.71
302.71
302.71
302.71
302.71
302.709
302.709
302.709
302.709
302.709
302.708
302.708
302.708
302.708
302.708
302.708
302.708
302.708
302.708
302.707
302.707
302.707
302.707
302.707
302.706
302.706
302.705
302.704
302.703
302.702
302.7
302.699
302.697
302.694
302.692
302.688
302.685
302.681
302.676
302.671
302.665
302.657
302.649
302.64
302.629
302.616
302.6
302.581
302.559
302.534
302.504
302.468
302.423
302.366
302.286
302.187
302.052
301.855
301.449
301.508
301.564
301.617
301.667
301.713
301.756
301.795
301.832
301.866
301.898
301.929
301.957
301.985
302.01
302.035
302.059
302.081
302.103
302.124
302.144
302.163
302.181
302.199
302.217
302.233
302.25
302.265
302.28
302.295
302.309
302.323
302.336
302.348
302.361
302.372
302.384
302.395
302.406
302.416
302.426
302.435
302.445
302.454
302.462
302.471
302.479
302.487
302.494
302.502
302.509
302.515
302.522
302.528
302.534
302.54
302.545
302.551
302.556
302.56
302.565
302.569
302.574
302.577
302.581
302.585
302.588
302.592
302.595
302.598
302.6
302.603
302.605
302.608
302.61
302.612
302.614
302.615
302.617
302.619
302.62
302.621
302.622
302.623
302.624
302.625
302.626
302.627
302.627
302.628
302.628
302.629
302.629
302.629
302.63
302.63
302.63
302.63
302.63
302.63
302.63
302.63
302.63
302.629
302.629
302.629
302.629
302.629
302.628
302.628
302.628
302.628
302.628
302.627
302.627
302.627
302.627
302.627
302.627
302.627
302.627
302.627
302.627
302.626
302.626
302.626
302.626
302.625
302.625
302.624
302.623
302.622
302.621
302.62
302.618
302.616
302.614
302.611
302.608
302.605
302.601
302.596
302.591
302.585
302.578
302.57
302.56
302.549
302.536
302.521
302.502
302.481
302.455
302.425
302.389
302.343
302.284
302.205
302.105
301.97
301.776
301.383
301.435
301.486
301.535
301.582
301.626
301.667
301.706
301.742
301.776
301.809
301.839
301.868
301.896
301.922
301.947
301.971
301.994
302.016
302.037
302.057
302.076
302.095
302.113
302.131
302.148
302.164
302.18
302.195
302.21
302.224
302.238
302.251
302.264
302.276
302.288
302.3
302.311
302.321
302.332
302.342
302.351
302.361
302.37
302.378
302.387
302.395
302.403
302.41
302.418
302.425
302.431
302.438
302.444
302.45
302.456
302.461
302.466
302.471
302.476
302.481
302.485
302.489
302.493
302.497
302.5
302.504
302.507
302.51
302.513
302.516
302.518
302.521
302.523
302.525
302.527
302.529
302.531
302.532
302.534
302.535
302.536
302.537
302.538
302.539
302.54
302.541
302.542
302.542
302.543
302.543
302.544
302.544
302.544
302.544
302.545
302.545
302.545
302.545
302.545
302.545
302.545
302.545
302.544
302.544
302.544
302.544
302.544
302.543
302.543
302.543
302.543
302.543
302.543
302.542
302.542
302.542
302.542
302.542
302.542
302.542
302.542
302.542
302.541
302.541
302.541
302.541
302.54
302.54
302.539
302.538
302.537
302.536
302.535
302.533
302.531
302.529
302.527
302.524
302.52
302.516
302.512
302.507
302.501
302.494
302.486
302.477
302.466
302.453
302.438
302.419
302.398
302.373
302.342
302.305
302.259
302.2
302.122
302.022
301.888
301.7
301.316
301.364
301.41
301.455
301.498
301.54
301.579
301.617
301.652
301.686
301.718
301.748
301.777
301.805
301.831
301.856
301.88
301.903
301.925
301.947
301.967
301.987
302.006
302.024
302.042
302.059
302.075
302.091
302.106
302.121
302.135
302.149
302.163
302.175
302.188
302.2
302.211
302.223
302.233
302.244
302.254
302.263
302.273
302.282
302.291
302.299
302.307
302.315
302.322
302.33
302.337
302.343
302.35
302.356
302.362
302.367
302.373
302.378
302.383
302.388
302.392
302.397
302.401
302.405
302.408
302.412
302.415
302.418
302.421
302.424
302.427
302.43
302.432
302.434
302.436
302.438
302.44
302.442
302.443
302.445
302.446
302.447
302.448
302.449
302.45
302.451
302.452
302.452
302.453
302.454
302.454
302.454
302.455
302.455
302.455
302.455
302.456
302.456
302.456
302.456
302.456
302.456
302.455
302.455
302.455
302.455
302.455
302.455
302.454
302.454
302.454
302.454
302.454
302.453
302.453
302.453
302.453
302.453
302.453
302.453
302.453
302.453
302.452
302.452
302.452
302.452
302.452
302.451
302.451
302.45
302.449
302.448
302.447
302.446
302.444
302.443
302.44
302.438
302.435
302.432
302.428
302.424
302.419
302.413
302.406
302.399
302.39
302.379
302.366
302.351
302.333
302.311
302.286
302.256
302.219
302.172
302.113
302.035
301.936
301.804
301.625
301.25
301.293
301.335
301.376
301.416
301.455
301.493
301.528
301.562
301.595
301.626
301.656
301.685
301.712
301.738
301.763
301.787
301.81
301.832
301.854
301.874
301.894
301.913
301.931
301.949
301.966
301.983
301.999
302.014
302.029
302.043
302.057
302.071
302.083
302.096
302.108
302.119
302.131
302.141
302.152
302.162
302.172
302.181
302.19
302.199
302.207
302.215
302.223
302.231
302.238
302.245
302.251
302.258
302.264
302.27
302.275
302.281
302.286
302.291
302.296
302.3
302.304
302.308
302.312
302.316
302.319
302.323
302.326
302.329
302.332
302.334
302.337
302.339
302.341
302.343
302.345
302.347
302.349
302.35
302.352
302.353
302.354
302.355
302.356
302.357
302.358
302.359
302.359
302.36
302.36
302.361
302.361
302.362
302.362
302.362
302.362
302.362
302.362
302.362
302.362
302.362
302.362
302.362
302.362
302.362
302.362
302.362
302.361
302.361
302.361
302.361
302.361
302.36
302.36
302.36
302.36
302.36
302.36
302.36
302.36
302.359
302.359
302.359
302.359
302.359
302.359
302.358
302.358
302.358
302.357
302.356
302.355
302.354
302.353
302.351
302.35
302.348
302.345
302.343
302.339
302.336
302.332
302.327
302.321
302.315
302.307
302.298
302.288
302.275
302.26
302.242
302.221
302.196
302.166
302.128
302.082
302.023
301.946
301.848
301.72
301.55
301.183
301.222
301.261
301.298
301.335
301.372
301.407
301.44
301.473
301.504
301.534
301.563
301.591
301.618
301.644
301.669
301.692
301.715
301.737
301.758
301.779
301.799
301.818
301.836
301.854
301.871
301.887
301.903
301.919
301.933
301.948
301.962
301.975
301.988
302
302.012
302.024
302.035
302.046
302.056
302.066
302.076
302.086
302.095
302.103
302.112
302.12
302.127
302.135
302.142
302.149
302.155
302.162
302.168
302.174
302.179
302.185
302.19
302.195
302.199
302.204
302.208
302.212
302.216
302.219
302.223
302.226
302.229
302.232
302.235
302.237
302.24
302.242
302.244
302.246
302.248
302.25
302.252
302.253
302.254
302.256
302.257
302.258
302.259
302.26
302.261
302.261
302.262
302.263
302.263
302.263
302.264
302.264
302.264
302.265
302.265
302.265
302.265
302.265
302.265
302.265
302.265
302.265
302.265
302.265
302.264
302.264
302.264
302.264
302.264
302.264
302.263
302.263
302.263
302.263
302.263
302.263
302.263
302.262
302.262
302.262
302.262
302.262
302.262
302.262
302.261
302.261
302.261
302.26
302.26
302.259
302.258
302.257
302.256
302.255
302.253
302.251
302.249
302.246
302.243
302.239
302.235
302.231
302.225
302.219
302.211
302.203
302.192
302.18
302.165
302.148
302.127
302.102
302.072
302.034
301.988
301.929
301.854
301.758
301.635
301.476
301.116
301.152
301.187
301.221
301.255
301.289
301.321
301.353
301.384
301.414
301.442
301.47
301.497
301.523
301.548
301.572
301.596
301.618
301.64
301.661
301.681
301.701
301.72
301.738
301.755
301.772
301.789
301.805
301.82
301.835
301.849
301.863
301.876
301.889
301.901
301.913
301.925
301.936
301.947
301.957
301.967
301.977
301.986
301.995
302.004
302.012
302.02
302.028
302.035
302.042
302.049
302.056
302.062
302.068
302.074
302.079
302.085
302.09
302.095
302.099
302.103
302.108
302.112
302.115
302.119
302.122
302.125
302.129
302.131
302.134
302.137
302.139
302.141
302.143
302.145
302.147
302.149
302.15
302.152
302.153
302.155
302.156
302.157
302.158
302.159
302.159
302.16
302.161
302.161
302.162
302.162
302.163
302.163
302.163
302.163
302.163
302.164
302.164
302.164
302.164
302.164
302.164
302.164
302.163
302.163
302.163
302.163
302.163
302.163
302.162
302.162
302.162
302.162
302.162
302.162
302.162
302.161
302.161
302.161
302.161
302.161
302.161
302.161
302.161
302.16
302.16
302.16
302.16
302.159
302.159
302.158
302.157
302.156
302.155
302.154
302.152
302.15
302.148
302.145
302.142
302.139
302.135
302.131
302.125
302.119
302.112
302.103
302.093
302.081
302.067
302.05
302.029
302.004
301.974
301.937
301.891
301.834
301.76
301.667
301.549
301.401
301.049
301.081
301.113
301.145
301.176
301.207
301.237
301.266
301.295
301.323
301.351
301.377
301.403
301.428
301.452
301.475
301.498
301.52
301.541
301.562
301.582
301.601
301.619
301.637
301.655
301.671
301.688
301.703
301.719
301.733
301.747
301.761
301.774
301.787
301.799
301.811
301.823
301.834
301.845
301.855
301.865
301.875
301.884
301.893
301.901
301.909
301.917
301.925
301.932
301.939
301.946
301.953
301.959
301.965
301.97
301.976
301.981
301.986
301.991
301.995
302
302.004
302.008
302.011
302.015
302.018
302.021
302.024
302.027
302.03
302.032
302.034
302.037
302.039
302.041
302.042
302.044
302.046
302.047
302.048
302.05
302.051
302.052
302.053
302.054
302.054
302.055
302.056
302.056
302.057
302.057
302.057
302.058
302.058
302.058
302.058
302.058
302.058
302.059
302.059
302.059
302.058
302.058
302.058
302.058
302.058
302.058
302.058
302.058
302.057
302.057
302.057
302.057
302.057
302.057
302.056
302.056
302.056
302.056
302.056
302.056
302.056
302.056
302.056
302.055
302.055
302.055
302.054
302.054
302.054
302.053
302.052
302.051
302.05
302.049
302.047
302.046
302.043
302.041
302.038
302.035
302.031
302.027
302.022
302.016
302.009
302
301.99
301.979
301.965
301.948
301.927
301.903
301.873
301.837
301.792
301.735
301.664
301.575
301.463
301.326
300.982
301.011
301.04
301.068
301.097
301.125
301.153
301.18
301.207
301.233
301.259
301.284
301.309
301.332
301.355
301.378
301.4
301.421
301.441
301.461
301.481
301.499
301.518
301.535
301.552
301.569
301.585
301.6
301.615
301.629
301.643
301.657
301.67
301.683
301.695
301.706
301.718
301.729
301.739
301.75
301.759
301.769
301.778
301.787
301.795
301.803
301.811
301.819
301.826
301.833
301.84
301.846
301.852
301.858
301.863
301.869
301.874
301.879
301.883
301.888
301.892
301.896
301.9
301.904
301.907
301.91
301.913
301.916
301.919
301.922
301.924
301.926
301.928
301.93
301.932
301.934
301.936
301.937
301.939
301.94
301.941
301.942
301.943
301.944
301.945
301.946
301.946
301.947
301.947
301.948
301.948
301.949
301.949
301.949
301.949
301.95
301.95
301.95
301.95
301.95
301.95
301.95
301.95
301.949
301.949
301.949
301.949
301.949
301.949
301.949
301.948
301.948
301.948
301.948
301.948
301.948
301.948
301.948
301.947
301.947
301.947
301.947
301.947
301.947
301.947
301.946
301.946
301.946
301.945
301.945
301.944
301.944
301.943
301.942
301.94
301.939
301.937
301.935
301.933
301.93
301.927
301.924
301.919
301.914
301.909
301.902
301.894
301.884
301.873
301.859
301.842
301.823
301.799
301.77
301.734
301.69
301.635
301.566
301.481
301.377
301.251
300.915
300.941
300.967
300.993
301.019
301.044
301.07
301.095
301.12
301.144
301.168
301.192
301.215
301.237
301.259
301.28
301.301
301.321
301.341
301.36
301.379
301.397
301.414
301.431
301.448
301.464
301.48
301.495
301.509
301.523
301.537
301.55
301.563
301.576
301.587
301.599
301.61
301.621
301.631
301.641
301.651
301.66
301.669
301.678
301.686
301.694
301.702
301.709
301.717
301.723
301.73
301.736
301.742
301.748
301.753
301.759
301.764
301.768
301.773
301.777
301.782
301.785
301.789
301.793
301.796
301.799
301.802
301.805
301.808
301.81
301.813
301.815
301.817
301.819
301.821
301.822
301.824
301.825
301.827
301.828
301.829
301.83
301.831
301.832
301.833
301.834
301.834
301.835
301.835
301.836
301.836
301.836
301.837
301.837
301.837
301.837
301.837
301.838
301.838
301.838
301.838
301.838
301.837
301.837
301.837
301.837
301.837
301.837
301.837
301.837
301.836
301.836
301.836
301.836
301.836
301.836
301.836
301.836
301.835
301.835
301.835
301.835
301.835
301.835
301.835
301.834
301.834
301.834
301.833
301.833
301.832
301.832
301.831
301.83
301.829
301.827
301.826
301.824
301.822
301.819
301.816
301.813
301.809
301.804
301.798
301.792
301.784
301.775
301.763
301.75
301.734
301.715
301.691
301.663
301.628
301.585
301.532
301.467
301.387
301.29
301.174
300.847
300.871
300.894
300.918
300.941
300.965
300.988
301.011
301.034
301.056
301.078
301.1
301.121
301.142
301.163
301.183
301.202
301.222
301.24
301.259
301.276
301.294
301.311
301.327
301.343
301.358
301.373
301.388
301.402
301.416
301.429
301.442
301.455
301.467
301.478
301.49
301.501
301.511
301.521
301.531
301.541
301.55
301.558
301.567
301.575
301.583
301.59
301.598
301.605
301.611
301.618
301.624
301.63
301.635
301.641
301.646
301.651
301.655
301.66
301.664
301.668
301.672
301.676
301.679
301.682
301.685
301.688
301.691
301.694
301.696
301.698
301.7
301.702
301.704
301.706
301.708
301.709
301.711
301.712
301.713
301.714
301.715
301.716
301.717
301.718
301.719
301.719
301.72
301.72
301.721
301.721
301.721
301.722
301.722
301.722
301.722
301.722
301.722
301.722
301.722
301.722
301.722
301.722
301.722
301.722
301.722
301.722
301.722
301.722
301.722
301.721
301.721
301.721
301.721
301.721
301.721
301.721
301.721
301.72
301.72
301.72
301.72
301.72
301.72
301.72
301.719
301.719
301.719
301.718
301.718
301.717
301.717
301.716
301.715
301.714
301.713
301.711
301.709
301.707
301.705
301.702
301.699
301.695
301.691
301.685
301.679
301.671
301.662
301.651
301.639
301.623
301.604
301.582
301.554
301.52
301.479
301.429
301.367
301.292
301.202
301.097
300.78
300.801
300.822
300.844
300.865
300.886
300.907
300.928
300.948
300.969
300.989
301.009
301.029
301.048
301.067
301.086
301.104
301.122
301.14
301.157
301.174
301.191
301.207
301.222
301.237
301.252
301.267
301.281
301.294
301.308
301.32
301.333
301.345
301.357
301.368
301.379
301.389
301.4
301.409
301.419
301.428
301.437
301.446
301.454
301.462
301.469
301.477
301.484
301.491
301.497
301.503
301.509
301.515
301.52
301.526
301.531
301.535
301.54
301.544
301.548
301.552
301.556
301.559
301.563
301.566
301.569
301.572
301.574
301.577
301.579
301.582
301.584
301.586
301.587
301.589
301.591
301.592
301.594
301.595
301.596
301.597
301.598
301.599
301.6
301.6
301.601
301.602
301.602
301.603
301.603
301.603
301.604
301.604
301.604
301.604
301.605
301.605
301.605
301.605
301.605
301.605
301.605
301.605
301.605
301.605
301.604
301.604
301.604
301.604
301.604
301.604
301.604
301.604
301.603
301.603
301.603
301.603
301.603
301.603
301.603
301.603
301.603
301.602
301.602
301.602
301.602
301.602
301.601
301.601
301.601
301.6
301.599
301.599
301.598
301.597
301.596
301.594
301.593
301.591
301.588
301.586
301.583
301.579
301.575
301.57
301.563
301.556
301.548
301.537
301.525
301.51
301.492
301.47
301.443
301.411
301.372
301.324
301.266
301.197
301.114
301.02
300.714
300.733
300.752
300.77
300.789
300.808
300.827
300.846
300.865
300.883
300.902
300.92
300.938
300.956
300.973
300.991
301.008
301.024
301.041
301.057
301.073
301.088
301.103
301.118
301.132
301.146
301.16
301.173
301.186
301.199
301.211
301.223
301.235
301.246
301.257
301.267
301.277
301.287
301.297
301.306
301.315
301.323
301.332
301.34
301.347
301.355
301.362
301.369
301.375
301.381
301.387
301.393
301.399
301.404
301.409
301.414
301.418
301.423
301.427
301.431
301.435
301.438
301.442
301.445
301.448
301.451
301.454
301.456
301.459
301.461
301.463
301.465
301.467
301.469
301.47
301.472
301.473
301.474
301.476
301.477
301.478
301.479
301.48
301.48
301.481
301.482
301.482
301.483
301.483
301.484
301.484
301.484
301.484
301.485
301.485
301.485
301.485
301.485
301.485
301.485
301.485
301.485
301.485
301.485
301.485
301.485
301.485
301.485
301.484
301.484
301.484
301.484
301.484
301.484
301.484
301.484
301.484
301.483
301.483
301.483
301.483
301.483
301.483
301.483
301.483
301.482
301.482
301.482
301.482
301.481
301.481
301.48
301.479
301.479
301.478
301.477
301.475
301.474
301.472
301.47
301.467
301.464
301.461
301.457
301.452
301.446
301.439
301.431
301.421
301.409
301.395
301.378
301.357
301.332
301.301
301.264
301.219
301.165
301.101
301.027
300.942
300.648
300.665
300.682
300.698
300.715
300.732
300.749
300.766
300.783
300.799
300.816
300.832
300.849
300.865
300.881
300.897
300.912
300.928
300.943
300.958
300.972
300.987
301.001
301.014
301.028
301.041
301.054
301.066
301.079
301.091
301.102
301.113
301.124
301.135
301.145
301.155
301.165
301.175
301.184
301.192
301.201
301.209
301.217
301.225
301.232
301.239
301.246
301.252
301.259
301.265
301.271
301.276
301.281
301.286
301.291
301.296
301.3
301.305
301.309
301.312
301.316
301.319
301.323
301.326
301.329
301.331
301.334
301.337
301.339
301.341
301.343
301.345
301.347
301.348
301.35
301.351
301.353
301.354
301.355
301.356
301.357
301.358
301.359
301.36
301.36
301.361
301.361
301.362
301.362
301.363
301.363
301.363
301.364
301.364
301.364
301.364
301.364
301.364
301.364
301.364
301.364
301.364
301.364
301.364
301.364
301.364
301.364
301.364
301.364
301.364
301.363
301.363
301.363
301.363
301.363
301.363
301.363
301.363
301.363
301.362
301.362
301.362
301.362
301.362
301.362
301.362
301.361
301.361
301.361
301.36
301.36
301.36
301.359
301.358
301.357
301.356
301.355
301.354
301.352
301.35
301.348
301.345
301.342
301.338
301.333
301.328
301.321
301.313
301.304
301.293
301.279
301.263
301.243
301.219
301.19
301.156
301.114
301.065
301.007
300.939
300.864
300.584
300.599
300.613
300.628
300.643
300.658
300.673
300.688
300.703
300.718
300.732
300.747
300.762
300.776
300.791
300.805
300.819
300.833
300.847
300.861
300.874
300.887
300.9
300.913
300.925
300.937
300.949
300.961
300.972
300.984
300.994
301.005
301.015
301.025
301.035
301.044
301.054
301.062
301.071
301.079
301.087
301.095
301.103
301.11
301.117
301.124
301.13
301.136
301.142
301.148
301.154
301.159
301.164
301.169
301.174
301.178
301.182
301.186
301.19
301.194
301.197
301.2
301.203
301.206
301.209
301.212
301.214
301.217
301.219
301.221
301.223
301.225
301.226
301.228
301.229
301.231
301.232
301.233
301.234
301.235
301.236
301.237
301.238
301.239
301.239
301.24
301.24
301.241
301.241
301.241
301.242
301.242
301.242
301.242
301.243
301.243
301.243
301.243
301.243
301.243
301.243
301.243
301.243
301.243
301.243
301.243
301.243
301.242
301.242
301.242
301.242
301.242
301.242
301.242
301.242
301.242
301.242
301.241
301.241
301.241
301.241
301.241
301.241
301.241
301.241
301.24
301.24
301.24
301.24
301.239
301.239
301.238
301.238
301.237
301.236
301.235
301.234
301.233
301.232
301.23
301.228
301.225
301.222
301.218
301.214
301.209
301.203
301.195
301.187
301.176
301.163
301.148
301.129
301.107
301.08
301.048
301.01
300.965
300.913
300.853
300.786
300.521
300.534
300.547
300.56
300.573
300.586
300.599
300.612
300.625
300.638
300.651
300.665
300.678
300.691
300.703
300.716
300.729
300.741
300.754
300.766
300.778
300.79
300.802
300.814
300.825
300.836
300.847
300.858
300.868
300.879
300.889
300.898
300.908
300.917
300.926
300.935
300.944
300.952
300.96
300.968
300.975
300.983
300.99
300.997
301.003
301.009
301.016
301.021
301.027
301.033
301.038
301.043
301.048
301.052
301.056
301.061
301.065
301.068
301.072
301.075
301.079
301.082
301.085
301.088
301.09
301.093
301.095
301.097
301.099
301.101
301.103
301.105
301.106
301.108
301.109
301.111
301.112
301.113
301.114
301.115
301.116
301.116
301.117
301.118
301.118
301.119
301.119
301.12
301.12
301.121
301.121
301.121
301.121
301.121
301.122
301.122
301.122
301.122
301.122
301.122
301.122
301.122
301.122
301.122
301.122
301.122
301.122
301.122
301.121
301.121
301.121
301.121
301.121
301.121
301.121
301.121
301.121
301.121
301.12
301.12
301.12
301.12
301.12
301.12
301.12
301.12
301.119
301.119
301.119
301.119
301.118
301.118
301.117
301.117
301.116
301.115
301.114
301.113
301.111
301.11
301.108
301.105
301.103
301.099
301.095
301.09
301.085
301.078
301.07
301.06
301.048
301.034
301.016
300.996
300.971
300.942
300.907
300.867
300.82
300.767
300.709
300.46
300.471
300.482
300.494
300.505
300.516
300.528
300.539
300.551
300.562
300.574
300.585
300.597
300.608
300.619
300.631
300.642
300.653
300.664
300.675
300.686
300.697
300.707
300.718
300.728
300.738
300.748
300.758
300.767
300.777
300.786
300.795
300.803
300.812
300.82
300.828
300.836
300.844
300.851
300.859
300.866
300.872
300.879
300.885
300.891
300.897
300.903
300.908
300.914
300.919
300.924
300.928
300.933
300.937
300.941
300.945
300.949
300.952
300.956
300.959
300.962
300.965
300.968
300.97
300.973
300.975
300.977
300.979
300.981
300.983
300.985
300.986
300.988
300.989
300.991
300.992
300.993
300.994
300.995
300.996
300.997
300.997
300.998
300.999
300.999
301
301
301
301.001
301.001
301.001
301.002
301.002
301.002
301.002
301.002
301.002
301.002
301.002
301.002
301.002
301.002
301.002
301.002
301.002
301.002
301.002
301.002
301.002
301.002
301.002
301.002
301.002
301.001
301.001
301.001
301.001
301.001
301.001
301.001
301.001
301.001
301.001
301.001
301
301
301
301
301
300.999
300.999
300.999
300.998
300.998
300.997
300.996
300.995
300.994
300.993
300.991
300.989
300.987
300.985
300.982
300.978
300.974
300.968
300.962
300.954
300.945
300.934
300.921
300.905
300.887
300.864
300.838
300.807
300.771
300.73
300.684
300.633
300.402
300.411
300.421
300.431
300.44
300.45
300.46
300.47
300.48
300.49
300.499
300.509
300.519
300.529
300.539
300.549
300.559
300.569
300.578
300.588
300.598
300.607
300.616
300.626
300.635
300.644
300.653
300.661
300.67
300.678
300.687
300.695
300.703
300.71
300.718
300.725
300.732
300.739
300.746
300.753
300.759
300.765
300.771
300.777
300.783
300.788
300.793
300.798
300.803
300.808
300.812
300.817
300.821
300.825
300.829
300.832
300.836
300.839
300.842
300.845
300.848
300.851
300.853
300.856
300.858
300.86
300.862
300.864
300.866
300.867
300.869
300.871
300.872
300.873
300.874
300.876
300.877
300.878
300.878
300.879
300.88
300.881
300.881
300.882
300.882
300.883
300.883
300.884
300.884
300.884
300.884
300.885
300.885
300.885
300.885
300.885
300.885
300.885
300.885
300.885
300.885
300.885
300.885
300.885
300.885
300.885
300.885
300.885
300.885
300.885
300.885
300.885
300.885
300.885
300.884
300.884
300.884
300.884
300.884
300.884
300.884
300.884
300.884
300.884
300.884
300.883
300.883
300.883
300.883
300.883
300.882
300.882
300.881
300.881
300.88
300.88
300.879
300.878
300.877
300.875
300.874
300.872
300.869
300.867
300.863
300.859
300.854
300.849
300.842
300.833
300.823
300.812
300.797
300.78
300.761
300.737
300.71
300.678
300.642
300.602
300.558
300.347
300.355
300.363
300.371
300.379
300.387
300.396
300.404
300.412
300.421
300.429
300.438
300.446
300.455
300.464
300.472
300.48
300.489
300.497
300.506
300.514
300.522
300.53
300.538
300.546
300.554
300.562
300.57
300.577
300.585
300.592
300.599
300.606
300.613
300.62
300.626
300.633
300.639
300.645
300.651
300.657
300.663
300.668
300.673
300.678
300.683
300.688
300.693
300.697
300.701
300.705
300.709
300.713
300.717
300.72
300.723
300.727
300.73
300.732
300.735
300.738
300.74
300.743
300.745
300.747
300.749
300.751
300.752
300.754
300.756
300.757
300.758
300.76
300.761
300.762
300.763
300.764
300.765
300.766
300.766
300.767
300.768
300.768
300.769
300.769
300.77
300.77
300.77
300.771
300.771
300.771
300.771
300.771
300.772
300.772
300.772
300.772
300.772
300.772
300.772
300.772
300.772
300.772
300.772
300.772
300.772
300.772
300.772
300.772
300.772
300.771
300.771
300.771
300.771
300.771
300.771
300.771
300.771
300.771
300.771
300.771
300.771
300.771
300.77
300.77
300.77
300.77
300.77
300.77
300.769
300.769
300.769
300.769
300.768
300.768
300.767
300.766
300.765
300.764
300.763
300.762
300.76
300.758
300.755
300.752
300.749
300.744
300.739
300.733
300.725
300.716
300.706
300.693
300.678
300.661
300.64
300.616
300.589
300.558
300.524
300.487
300.294
300.301
300.308
300.315
300.322
300.329
300.336
300.343
300.35
300.357
300.364
300.371
300.378
300.386
300.393
300.4
300.407
300.414
300.422
300.429
300.436
300.443
300.45
300.457
300.464
300.471
300.477
300.484
300.49
300.497
300.503
300.51
300.516
300.522
300.528
300.533
300.539
300.545
300.55
300.555
300.56
300.565
300.57
300.575
300.579
300.584
300.588
300.592
300.596
300.6
300.603
300.607
300.61
300.614
300.617
300.62
300.623
300.625
300.628
300.63
300.633
300.635
300.637
300.639
300.641
300.643
300.644
300.646
300.647
300.649
300.65
300.651
300.652
300.654
300.655
300.655
300.656
300.657
300.658
300.658
300.659
300.66
300.66
300.661
300.661
300.661
300.662
300.662
300.662
300.663
300.663
300.663
300.663
300.663
300.663
300.663
300.663
300.664
300.664
300.664
300.664
300.664
300.664
300.664
300.663
300.663
300.663
300.663
300.663
300.663
300.663
300.663
300.663
300.663
300.663
300.663
300.663
300.663
300.663
300.662
300.662
300.662
300.662
300.662
300.662
300.662
300.662
300.662
300.662
300.661
300.661
300.661
300.66
300.66
300.66
300.659
300.658
300.658
300.657
300.656
300.654
300.653
300.651
300.649
300.646
300.643
300.639
300.634
300.629
300.622
300.614
300.605
300.594
300.581
300.566
300.548
300.528
300.504
300.478
300.449
300.418
300.246
300.252
300.257
300.263
300.269
300.274
300.28
300.286
300.292
300.298
300.304
300.31
300.316
300.322
300.328
300.334
300.34
300.346
300.352
300.358
300.364
300.37
300.375
300.381
300.387
300.393
300.399
300.404
300.41
300.415
300.421
300.426
300.431
300.437
300.442
300.447
300.452
300.456
300.461
300.466
300.47
300.474
300.479
300.483
300.487
300.491
300.494
300.498
300.501
300.505
300.508
300.511
300.514
300.517
300.52
300.522
300.525
300.527
300.529
300.532
300.534
300.536
300.538
300.539
300.541
300.543
300.544
300.546
300.547
300.548
300.549
300.55
300.551
300.552
300.553
300.554
300.555
300.555
300.556
300.557
300.557
300.558
300.558
300.559
300.559
300.559
300.56
300.56
300.56
300.56
300.561
300.561
300.561
300.561
300.561
300.561
300.561
300.561
300.561
300.561
300.561
300.561
300.561
300.561
300.561
300.561
300.561
300.561
300.561
300.561
300.561
300.561
300.561
300.561
300.561
300.561
300.56
300.56
300.56
300.56
300.56
300.56
300.56
300.56
300.56
300.56
300.56
300.56
300.559
300.559
300.559
300.559
300.559
300.558
300.558
300.557
300.557
300.556
300.555
300.554
300.553
300.552
300.55
300.548
300.546
300.543
300.54
300.536
300.531
300.525
300.518
300.51
300.501
300.49
300.477
300.462
300.445
300.425
300.403
300.379
300.354
300.202
300.207
300.211
300.216
300.22
300.225
300.23
300.234
300.239
300.244
300.249
300.254
300.259
300.263
300.268
300.273
300.278
300.283
300.288
300.293
300.298
300.303
300.308
300.313
300.317
300.322
300.327
300.332
300.336
300.341
300.346
300.35
300.355
300.359
300.363
300.367
300.372
300.376
300.38
300.383
300.387
300.391
300.395
300.398
300.401
300.405
300.408
300.411
300.414
300.417
300.42
300.422
300.425
300.427
300.43
300.432
300.434
300.436
300.438
300.44
300.442
300.444
300.445
300.447
300.449
300.45
300.451
300.452
300.454
300.455
300.456
300.457
300.458
300.458
300.459
300.46
300.461
300.461
300.462
300.462
300.463
300.463
300.464
300.464
300.464
300.465
300.465
300.465
300.465
300.465
300.466
300.466
300.466
300.466
300.466
300.466
300.466
300.466
300.466
300.466
300.466
300.466
300.466
300.466
300.466
300.466
300.466
300.466
300.466
300.466
300.466
300.466
300.466
300.466
300.466
300.466
300.466
300.466
300.465
300.465
300.465
300.465
300.465
300.465
300.465
300.465
300.465
300.465
300.465
300.464
300.464
300.464
300.464
300.464
300.463
300.463
300.462
300.462
300.461
300.46
300.459
300.458
300.457
300.455
300.453
300.451
300.448
300.444
300.44
300.435
300.43
300.423
300.415
300.405
300.395
300.382
300.368
300.352
300.334
300.315
300.294
300.163
300.166
300.17
300.173
300.177
300.181
300.185
300.188
300.192
300.196
300.2
300.204
300.208
300.211
300.215
300.219
300.223
300.227
300.231
300.235
300.239
300.243
300.247
300.251
300.255
300.259
300.263
300.267
300.271
300.274
300.278
300.282
300.285
300.289
300.293
300.296
300.299
300.303
300.306
300.309
300.312
300.316
300.319
300.321
300.324
300.327
300.33
300.332
300.335
300.337
300.34
300.342
300.344
300.346
300.348
300.35
300.352
300.354
300.356
300.357
300.359
300.36
300.362
300.363
300.364
300.365
300.367
300.368
300.369
300.37
300.37
300.371
300.372
300.373
300.373
300.374
300.375
300.375
300.376
300.376
300.376
300.377
300.377
300.378
300.378
300.378
300.378
300.378
300.379
300.379
300.379
300.379
300.379
300.379
300.379
300.379
300.379
300.379
300.379
300.379
300.379
300.379
300.379
300.379
300.379
300.379
300.379
300.379
300.379
300.379
300.379
300.379
300.379
300.379
300.379
300.379
300.379
300.379
300.379
300.379
300.379
300.379
300.379
300.379
300.379
300.378
300.378
300.378
300.378
300.378
300.378
300.378
300.378
300.377
300.377
300.377
300.376
300.376
300.375
300.375
300.374
300.373
300.372
300.37
300.368
300.366
300.364
300.361
300.358
300.354
300.349
300.343
300.337
300.329
300.32
300.31
300.299
300.286
300.271
300.256
300.239
300.128
300.131
300.133
300.136
300.139
300.142
300.145
300.148
300.151
300.154
300.157
300.16
300.163
300.166
300.169
300.172
300.175
300.178
300.181
300.185
300.188
300.191
300.194
300.197
300.2
300.203
300.206
300.21
300.213
300.216
300.219
300.222
300.225
300.227
300.23
300.233
300.236
300.239
300.241
300.244
300.246
300.249
300.251
300.254
300.256
300.258
300.261
300.263
300.265
300.267
300.269
300.271
300.272
300.274
300.276
300.277
300.279
300.281
300.282
300.283
300.285
300.286
300.287
300.288
300.289
300.29
300.291
300.292
300.293
300.294
300.294
300.295
300.296
300.296
300.297
300.297
300.298
300.298
300.299
300.299
300.299
300.3
300.3
300.3
300.301
300.301
300.301
300.301
300.301
300.301
300.301
300.302
300.302
300.302
300.302
300.302
300.302
300.302
300.302
300.302
300.302
300.302
300.302
300.302
300.302
300.302
300.302
300.302
300.302
300.302
300.302
300.302
300.302
300.302
300.302
300.302
300.301
300.301
300.301
300.301
300.301
300.301
300.301
300.301
300.301
300.301
300.301
300.301
300.301
300.301
300.301
300.3
300.3
300.3
300.3
300.3
300.299
300.299
300.298
300.298
300.297
300.296
300.295
300.294
300.293
300.291
300.289
300.287
300.284
300.281
300.277
300.272
300.267
300.261
300.254
300.246
300.237
300.227
300.215
300.203
300.19
300.098
300.1
300.102
300.104
300.107
300.109
300.111
300.113
300.115
300.118
300.12
300.122
300.125
300.127
300.129
300.132
300.134
300.136
300.139
300.141
300.144
300.146
300.148
300.151
300.153
300.156
300.158
300.16
300.163
300.165
300.168
300.17
300.172
300.174
300.177
300.179
300.181
300.183
300.185
300.187
300.189
300.191
300.193
300.195
300.197
300.199
300.201
300.202
300.204
300.206
300.207
300.209
300.21
300.212
300.213
300.214
300.215
300.217
300.218
300.219
300.22
300.221
300.222
300.223
300.224
300.224
300.225
300.226
300.227
300.227
300.228
300.228
300.229
300.229
300.23
300.23
300.231
300.231
300.231
300.232
300.232
300.232
300.233
300.233
300.233
300.233
300.233
300.233
300.234
300.234
300.234
300.234
300.234
300.234
300.234
300.234
300.234
300.234
300.234
300.234
300.234
300.234
300.234
300.234
300.234
300.234
300.234
300.234
300.234
300.234
300.234
300.234
300.234
300.234
300.234
300.234
300.234
300.234
300.234
300.234
300.234
300.234
300.234
300.234
300.233
300.233
300.233
300.233
300.233
300.233
300.233
300.233
300.233
300.233
300.232
300.232
300.232
300.232
300.231
300.231
300.23
300.23
300.229
300.228
300.227
300.226
300.224
300.222
300.22
300.217
300.214
300.211
300.207
300.202
300.196
300.19
300.183
300.175
300.167
300.157
300.147
300.073
300.075
300.076
300.078
300.079
300.081
300.082
300.084
300.086
300.087
300.089
300.091
300.093
300.094
300.096
300.098
300.1
300.101
300.103
300.105
300.107
300.109
300.11
300.112
300.114
300.116
300.118
300.119
300.121
300.123
300.125
300.126
300.128
300.13
300.132
300.133
300.135
300.137
300.138
300.14
300.141
300.143
300.144
300.146
300.147
300.149
300.15
300.151
300.153
300.154
300.155
300.156
300.157
300.158
300.16
300.161
300.162
300.162
300.163
300.164
300.165
300.166
300.167
300.167
300.168
300.169
300.169
300.17
300.17
300.171
300.171
300.172
300.172
300.173
300.173
300.173
300.174
300.174
300.174
300.175
300.175
300.175
300.175
300.175
300.175
300.176
300.176
300.176
300.176
300.176
300.176
300.176
300.176
300.176
300.176
300.176
300.176
300.176
300.176
300.176
300.176
300.176
300.176
300.176
300.176
300.176
300.176
300.176
300.176
300.176
300.176
300.176
300.176
300.176
300.176
300.176
300.176
300.176
300.176
300.176
300.176
300.176
300.176
300.176
300.176
300.176
300.176
300.176
300.176
300.176
300.176
300.175
300.175
300.175
300.175
300.175
300.175
300.174
300.174
300.174
300.173
300.173
300.172
300.172
300.171
300.17
300.169
300.167
300.165
300.163
300.161
300.158
300.155
300.152
300.147
300.143
300.137
300.132
300.125
300.118
300.111
300.053
300.054
300.055
300.056
300.057
300.058
300.059
300.06
300.062
300.063
300.064
300.065
300.067
300.068
300.069
300.07
300.072
300.073
300.074
300.075
300.077
300.078
300.079
300.081
300.082
300.083
300.085
300.086
300.087
300.089
300.09
300.091
300.092
300.094
300.095
300.096
300.097
300.099
300.1
300.101
300.102
300.103
300.104
300.105
300.106
300.108
300.109
300.11
300.11
300.111
300.112
300.113
300.114
300.115
300.116
300.116
300.117
300.118
300.119
300.119
300.12
300.121
300.121
300.122
300.122
300.123
300.123
300.124
300.124
300.124
300.125
300.125
300.125
300.126
300.126
300.126
300.127
300.127
300.127
300.127
300.127
300.128
300.128
300.128
300.128
300.128
300.128
300.128
300.128
300.128
300.128
300.128
300.129
300.129
300.129
300.129
300.129
300.129
300.129
300.129
300.129
300.129
300.129
300.129
300.129
300.129
300.129
300.129
300.129
300.129
300.129
300.129
300.129
300.129
300.128
300.128
300.128
300.128
300.128
300.128
300.128
300.128
300.128
300.128
300.128
300.128
300.128
300.128
300.128
300.128
300.128
300.128
300.128
300.128
300.128
300.128
300.127
300.127
300.127
300.127
300.126
300.126
300.126
300.125
300.124
300.124
300.123
300.122
300.12
300.119
300.117
300.115
300.113
300.11
300.107
300.104
300.1
300.096
300.091
300.086
300.081
300.036
300.037
300.038
300.039
300.039
300.04
300.041
300.042
300.043
300.044
300.044
300.045
300.046
300.047
300.048
300.049
300.05
300.051
300.051
300.052
300.053
300.054
300.055
300.056
300.057
300.058
300.059
300.06
300.061
300.061
300.062
300.063
300.064
300.065
300.066
300.067
300.068
300.069
300.069
300.07
300.071
300.072
300.073
300.073
300.074
300.075
300.076
300.076
300.077
300.078
300.078
300.079
300.08
300.08
300.081
300.081
300.082
300.083
300.083
300.083
300.084
300.084
300.085
300.085
300.086
300.086
300.086
300.087
300.087
300.087
300.088
300.088
300.088
300.088
300.088
300.089
300.089
300.089
300.089
300.089
300.089
300.09
300.09
300.09
300.09
300.09
300.09
300.09
300.09
300.09
300.09
300.09
300.09
300.09
300.09
300.09
300.09
300.09
300.09
300.09
300.09
300.09
300.09
300.09
300.09
300.09
300.09
300.09
300.09
300.09
300.09
300.09
300.09
300.09
300.09
300.09
300.09
300.09
300.09
300.09
300.09
300.09
300.09
300.09
300.09
300.09
300.09
300.09
300.09
300.09
300.09
300.09
300.09
300.09
300.09
300.09
300.089
300.089
300.089
300.089
300.089
300.088
300.088
300.088
300.087
300.087
300.086
300.085
300.084
300.083
300.082
300.081
300.079
300.077
300.075
300.073
300.07
300.067
300.064
300.061
300.057
300.024
300.025
300.025
300.026
300.026
300.027
300.027
300.028
300.028
300.029
300.029
300.03
300.031
300.031
300.032
300.032
300.033
300.034
300.034
300.035
300.035
300.036
300.037
300.037
300.038
300.038
300.039
300.04
300.04
300.041
300.041
300.042
300.043
300.043
300.044
300.045
300.045
300.046
300.046
300.047
300.047
300.048
300.048
300.049
300.05
300.05
300.051
300.051
300.052
300.052
300.052
300.053
300.053
300.054
300.054
300.055
300.055
300.055
300.056
300.056
300.056
300.057
300.057
300.057
300.058
300.058
300.058
300.058
300.058
300.059
300.059
300.059
300.059
300.059
300.06
300.06
300.06
300.06
300.06
300.06
300.06
300.06
300.06
300.061
300.061
300.061
300.061
300.061
300.061
300.061
300.061
300.061
300.061
300.061
300.061
300.061
300.061
300.061
300.061
300.061
300.061
300.061
300.061
300.061
300.061
300.061
300.061
300.061
300.061
300.061
300.061
300.061
300.061
300.061
300.061
300.061
300.061
300.061
300.061
300.061
300.061
300.061
300.061
300.061
300.061
300.061
300.061
300.061
300.061
300.061
300.061
300.061
300.061
300.061
300.06
300.06
300.06
300.06
300.06
300.06
300.06
300.06
300.059
300.059
300.059
300.058
300.058
300.057
300.057
300.056
300.055
300.054
300.053
300.052
300.05
300.049
300.047
300.045
300.043
300.041
300.038
300.015
300.016
300.016
300.016
300.017
300.017
300.017
300.018
300.018
300.018
300.019
300.019
300.019
300.02
300.02
300.02
300.021
300.021
300.022
300.022
300.022
300.023
300.023
300.024
300.024
300.024
300.025
300.025
300.026
300.026
300.026
300.027
300.027
300.027
300.028
300.028
300.029
300.029
300.029
300.03
300.03
300.03
300.031
300.031
300.032
300.032
300.032
300.033
300.033
300.033
300.033
300.034
300.034
300.034
300.035
300.035
300.035
300.035
300.036
300.036
300.036
300.036
300.036
300.037
300.037
300.037
300.037
300.037
300.037
300.038
300.038
300.038
300.038
300.038
300.038
300.038
300.038
300.038
300.039
300.039
300.039
300.039
300.039
300.039
300.039
300.039
300.039
300.039
300.039
300.039
300.039
300.039
300.039
300.039
300.039
300.039
300.039
300.039
300.039
300.039
300.039
300.039
300.039
300.039
300.039
300.039
300.039
300.039
300.039
300.039
300.039
300.039
300.039
300.039
300.039
300.039
300.039
300.039
300.039
300.039
300.039
300.039
300.039
300.039
300.039
300.039
300.039
300.039
300.039
300.039
300.039
300.039
300.039
300.039
300.039
300.039
300.039
300.039
300.039
300.039
300.038
300.038
300.038
300.038
300.038
300.037
300.037
300.037
300.036
300.036
300.035
300.035
300.034
300.033
300.032
300.031
300.03
300.029
300.028
300.026
300.025
300.009
300.009
300.009
300.01
300.01
300.01
300.01
300.01
300.011
300.011
300.011
300.011
300.011
300.012
300.012
300.012
300.012
300.013
300.013
300.013
300.013
300.014
300.014
300.014
300.014
300.015
300.015
300.015
300.015
300.015
300.016
300.016
300.016
300.016
300.017
300.017
300.017
300.017
300.018
300.018
300.018
300.018
300.019
300.019
300.019
300.019
300.019
300.02
300.02
300.02
300.02
300.02
300.021
300.021
300.021
300.021
300.021
300.021
300.022
300.022
300.022
300.022
300.022
300.022
300.022
300.022
300.023
300.023
300.023
300.023
300.023
300.023
300.023
300.023
300.023
300.023
300.023
300.023
300.023
300.023
300.024
300.024
300.024
300.024
300.024
300.024
300.024
300.024
300.024
300.024
300.024
300.024
300.024
300.024
300.024
300.024
300.024
300.024
300.024
300.024
300.024
300.024
300.024
300.024
300.024
300.024
300.024
300.024
300.024
300.024
300.024
300.024
300.024
300.024
300.024
300.024
300.024
300.024
300.024
300.024
300.024
300.024
300.024
300.024
300.024
300.024
300.024
300.024
300.024
300.024
300.024
300.024
300.024
300.024
300.024
300.024
300.024
300.024
300.023
300.023
300.023
300.023
300.023
300.023
300.023
300.023
300.023
300.022
300.022
300.022
300.021
300.021
300.021
300.02
300.02
300.019
300.018
300.017
300.017
300.016
300.015
300.005
300.005
300.005
300.005
300.005
300.005
300.006
300.006
300.006
300.006
300.006
300.006
300.006
300.006
300.007
300.007
300.007
300.007
300.007
300.007
300.007
300.007
300.008
300.008
300.008
300.008
300.008
300.008
300.008
300.009
300.009
300.009
300.009
300.009
300.009
300.009
300.01
300.01
300.01
300.01
300.01
300.01
300.01
300.011
300.011
300.011
300.011
300.011
300.011
300.011
300.011
300.011
300.012
300.012
300.012
300.012
300.012
300.012
300.012
300.012
300.012
300.012
300.012
300.013
300.013
300.013
300.013
300.013
300.013
300.013
300.013
300.013
300.013
300.013
300.013
300.013
300.013
300.013
300.013
300.013
300.013
300.013
300.013
300.013
300.013
300.013
300.013
300.013
300.014
300.014
300.014
300.014
300.014
300.014
300.014
300.014
300.014
300.014
300.014
300.014
300.014
300.014
300.014
300.014
300.014
300.014
300.014
300.014
300.014
300.014
300.014
300.014
300.014
300.014
300.014
300.014
300.014
300.014
300.014
300.014
300.014
300.014
300.014
300.014
300.014
300.014
300.013
300.013
300.013
300.013
300.013
300.013
300.013
300.013
300.013
300.013
300.013
300.013
300.013
300.013
300.013
300.013
300.013
300.013
300.013
300.013
300.013
300.013
300.013
300.012
300.012
300.012
300.012
300.011
300.011
300.011
300.01
300.01
300.009
300.009
300.008
300.002
300.002
300.002
300.002
300.003
300.003
300.003
300.003
300.003
300.003
300.003
300.003
300.003
300.003
300.003
300.003
300.003
300.003
300.003
300.004
300.004
300.004
300.004
300.004
300.004
300.004
300.004
300.004
300.004
300.004
300.004
300.004
300.005
300.005
300.005
300.005
300.005
300.005
300.005
300.005
300.005
300.005
300.005
300.005
300.005
300.005
300.006
300.006
300.006
300.006
300.006
300.006
300.006
300.006
300.006
300.006
300.006
300.006
300.006
300.006
300.006
300.006
300.006
300.006
300.007
300.007
300.007
300.007
300.007
300.007
300.007
300.007
300.007
300.007
300.007
300.007
300.007
300.007
300.007
300.007
300.007
300.007
300.007
300.007
300.007
300.007
300.007
300.007
300.007
300.007
300.007
300.007
300.007
300.007
300.007
300.007
300.007
300.007
300.007
300.007
300.007
300.007
300.007
300.007
300.007
300.007
300.007
300.007
300.007
300.007
300.007
300.007
300.007
300.007
300.007
300.007
300.007
300.007
300.007
300.007
300.007
300.007
300.007
300.007
300.007
300.007
300.007
300.007
300.007
300.007
300.007
300.007
300.007
300.007
300.007
300.007
300.007
300.007
300.007
300.007
300.007
300.007
300.007
300.007
300.007
300.007
300.007
300.007
300.006
300.006
300.006
300.006
300.006
300.006
300.006
300.005
300.005
300.005
300.005
300.005
300.004
300.001
300.001
300.001
300.001
300.001
300.001
300.001
300.001
300.001
300.001
300.001
300.001
300.001
300.001
300.001
300.001
300.001
300.001
300.001
300.001
300.001
300.002
300.002
300.002
300.002
300.002
300.002
300.002
300.002
300.002
300.002
300.002
300.002
300.002
300.002
300.002
300.002
300.002
300.002
300.002
300.002
300.002
300.002
300.002
300.002
300.002
300.002
300.002
300.003
300.003
300.003
300.003
300.003
300.003
300.003
300.003
300.003
300.003
300.003
300.003
300.003
300.003
300.003
300.003
300.003
300.003
300.003
300.003
300.003
300.003
300.003
300.003
300.003
300.003
300.003
300.003
300.003
300.003
300.003
300.003
300.003
300.003
300.003
300.003
300.003
300.003
300.003
300.003
300.003
300.003
300.003
300.003
300.003
300.003
300.003
300.003
300.003
300.003
300.003
300.003
300.003
300.003
300.003
300.003
300.003
300.003
300.003
300.003
300.003
300.003
300.003
300.003
300.003
300.003
300.003
300.003
300.003
300.003
300.003
300.003
300.003
300.003
300.003
300.003
300.003
300.003
300.003
300.003
300.003
300.003
300.003
300.003
300.003
300.003
300.003
300.003
300.003
300.003
300.003
300.003
300.003
300.003
300.003
300.003
300.003
300.003
300.003
300.003
300.003
300.003
300.003
300.003
300.003
300.003
300.003
300.002
300.002
300.002
300.002
300.002
300.002
300
300
300
300
300
300
300
300
300
300
300
300
300
300
300
300
300
300
300
300
300
300
300
300
300
300
300
300
300
300
300
300
300.001
300.001
300.001
300.001
300.001
300.001
300.001
300.001
300.001
300.001
300.001
300.001
300.001
300.001
300.001
300.001
300.001
300.001
300.001
300.001
300.001
300.001
300.001
300.001
300.001
300.001
300.001
300.001
300.001
300.001
300.001
300.001
300.001
300.001
300.001
300.001
300.001
300.001
300.001
300.001
300.001
300.001
300.001
300.001
300.001
300.001
300.001
300.001
300.001
300.001
300.001
300.001
300.001
300.001
300.001
300.001
300.001
300.001
300.001
300.001
300.001
300.001
300.001
300.001
300.001
300.001
300.001
300.001
300.001
300.001
300.001
300.001
300.001
300.001
300.001
300.001
300.001
300.001
300.001
300.001
300.001
300.001
300.001
300.001
300.001
300.001
300.001
300.001
300.001
300.001
300.001
300.001
300.001
300.001
300.001
300.001
300.001
300.001
300.001
300.001
300.001
300.001
300.001
300.001
300.001
300.001
300.001
300.001
300.001
300.001
300.001
300.001
300.001
300.001
300.001
300.001
300.001
300.001
300.001
300.001
300.001
300.001
300.001
300.001
300.001
300.001
300.001
300.001
300
300
300
300
300
300
300
300
300
300
300
300
300
300
300
300
300
300
300
300
300
300
300
300
300
300
300
300
300
300
300
300
300
300
300
300
300
300
300
300
300
300
300
300
300
300
300
300
300
300
300
300
300
300
300
300
300
300
300
300
300
300
300
300
300
300
300
300
300
300
300
300
300
300
300
300
300
300
300
300
300
300
300
300
300
300
300
300
300
300
300
300
300
300
300
300
300
300
300
300
300
300
300
300
300
300
300
300
300
300
300
300
300
300
300
300
300
300
300
300
300
300
300
300
300
300
300
300
300
300
300
300
300
300
300
300
300
300
300
300
300
300
300
300
300
300
300
300
300
300
300
300
300
300
300
300
300
300
300
300
300
300
299.999
299.999
299.999
299.999
299.999
299.999
299.999
299.999
299.999
299.999
299.999
299.999
299.999
299.999
299.999
299.999
299.999
299.999
299.999
299.999
299.999
299.999
299.999
299.999
299.999
299.999
299.999
299.999
299.999
299.999
299.999
299.999
300
300
300
300
300
300
300
300
300
300
300
300
300
300
300
300
300
300
300
300
300
300
300
300
300
300
300
300
300
300
300
300
300
300
300
300
300
300
300
300
300
300
300
300
300
300
300
300
300
300
300
300
300
300
300
300
300
300
300
300
300
300
300
300
300
300
300
300
300
300
300
300
300
300
300
300
300
300
300
300
300
300
300
300
300
300
300
300
300
300
300
300
300
300
300
300
300
300
300
300
300
300
300
300
300
300
300
300
300
300
300
300
300
300
300
300
300
300
300
300
300
300
300
300
300
300
300
300
299.999
301.222
300.688
300.392
300.219
300.118
300.061
300.031
300.015
300.007
300.003
300.001
300
300
300
300
300
300
300
300
300
300
300
300
300
300
300
300
300
300
300
300
300
300
300
300
300
300
300
300
300
300
300
300
300
300
300
300
300
300
300
300
301.219
300.688
300.392
300.219
300.118
300.061
300.031
300.015
300.007
300.003
300.001
300
300
300
300
300
300
300
300
300
300
300
300
300
300
300
300
300
300
300
300
300
300
300
300
300
300
300
300
300
300
300
300
300
300
300
300
300
300
300
300
301.213
300.687
300.392
300.219
300.118
300.061
300.031
300.015
300.007
300.003
300.001
300
300
300
300
300
300
300
300
300
300
300
300
300
300
300
300
300
300
300
300
300
300
300
300
300
300
300
300
300
300
300
300
300
300
300
300
300
300
300
300
301.204
300.685
300.391
300.219
300.118
300.061
300.031
300.015
300.007
300.003
300.001
300
300
300
300
300
300
300
300
300
300
300
300
300
300
300
300
300
300
300
300
300
300
300
300
300
300
300
300
300
300
300
300
300
300
300
300
300
300
300
300
301.191
300.682
300.391
300.218
300.118
300.061
300.031
300.015
300.007
300.003
300.001
300
300
300
300
300
300
300
300
300
300
300
300
300
300
300
300
300
300
300
300
300
300
300
300
300
300
300
300
300
300
300
300
300
300
300
300
300
300
300
300
301.174
300.678
300.389
300.218
300.118
300.061
300.031
300.015
300.007
300.003
300.001
300
300
300
300
300
300
300
300
300
300
300
300
300
300
300
300
300
300
300
300
300
300
300
300
300
300
300
300
300
300
300
300
300
300
300
300
300
300
300
300
301.154
300.672
300.387
300.217
300.118
300.061
300.03
300.015
300.007
300.003
300.001
300
300
300
300
300
300
300
300
300
300
300
300
300
300
300
300
300
300
300
300
300
300
300
300
300
300
300
300
300
300
300
300
300
300
300
300
300
300
300
300
301.13
300.665
300.384
300.216
300.117
300.061
300.03
300.014
300.007
300.003
300.001
300
300
300
300
300
300
300
300
300
300
300
300
300
300
300
300
300
300
300
300
300
300
300
300
300
300
300
300
300
300
300
300
300
300
300
300
300
300
300
300
301.102
300.656
300.381
300.214
300.116
300.061
300.03
300.014
300.007
300.003
300.001
300
300
300
300
300
300
300
300
300
300
300
300
300
300
300
300
300
300
300
300
300
300
300
300
300
300
300
300
300
300
300
300
300
300
300
300
300
300
300
300
301.07
300.644
300.376
300.212
300.115
300.06
300.03
300.014
300.007
300.003
300.001
300
300
300
300
300
300
300
300
300
300
300
300
300
300
300
300
300
300
300
300
300
300
300
300
300
300
300
300
300
300
300
300
300
300
300
300
300
300
300
300
301.034
300.631
300.37
300.21
300.114
300.06
300.03
300.014
300.006
300.003
300.001
300
300
300
300
300
300
300
300
300
300
300
300
300
300
300
300
300
300
300
300
300
300
300
300
300
300
300
300
300
300
300
300
300
300
300
300
300
300
300
300
300.995
300.615
300.363
300.207
300.113
300.059
300.03
300.014
300.006
300.003
300.001
300
300
300
300
300
300
300
300
300
300
300
300
300
300
300
300
300
300
300
300
300
300
300
300
300
300
300
300
300
300
300
300
300
300
300
300
300
300
300
300
300.952
300.596
300.355
300.203
300.111
300.058
300.029
300.014
300.006
300.003
300.001
300
300
300
300
300
300
300
300
300
300
300
300
300
300
300
300
300
300
300
300
300
300
300
300
300
300
300
300
300
300
300
300
300
300
300
300
300
300
300
300
300.906
300.575
300.345
300.198
300.109
300.057
300.029
300.014
300.006
300.003
300.001
300
300
300
300
300
300
300
300
300
300
300
300
300
300
300
300
300
300
300
300
300
300
300
300
300
300
300
300
300
300
300
300
300
300
300
300
300
300
300
300
300.856
300.551
300.333
300.192
300.106
300.056
300.028
300.013
300.006
300.003
300.001
300
300
300
300
300
300
300
300
300
300
300
300
300
300
300
300
300
300
300
300
300
300
300
300
300
300
300
300
300
300
300
300
300
300
300
300
300
300
300
300
300.805
300.524
300.32
300.186
300.103
300.054
300.027
300.013
300.006
300.003
300.001
300
300
300
300
300
300
300
300
300
300
300
300
300
300
300
300
300
300
300
300
300
300
300
300
300
300
300
300
300
300
300
300
300
300
300
300
300
300
300
300
300.75
300.496
300.306
300.178
300.099
300.053
300.027
300.013
300.006
300.002
300.001
300
300
300
300
300
300
300
300
300
300
300
300
300
300
300
300
300
300
300
300
300
300
300
300
300
300
300
300
300
300
300
300
300
300
300
300
300
300
300
300
300.694
300.464
300.289
300.17
300.095
300.051
300.026
300.012
300.006
300.002
300.001
300
300
300
300
300
300
300
300
300
300
300
300
300
300
300
300
300
300
300
300
300
300
300
300
300
300
300
300
300
300
300
300
300
300
300
300
300
300
300
300
300.637
300.431
300.271
300.161
300.09
300.048
300.024
300.012
300.005
300.002
300.001
300
300
300
300
300
300
300
300
300
300
300
300
300
300
300
300
300
300
300
300
300
300
300
300
300
300
300
300
300
300
300
300
300
300
300
300
300
300
300
300
300.578
300.397
300.252
300.15
300.085
300.046
300.023
300.011
300.005
300.002
300.001
300
300
300
300
300
300
300
300
300
300
300
300
300
300
300
300
300
300
300
300
300
300
300
300
300
300
300
300
300
300
300
300
300
300
300
300
300
300
300
300
300.52
300.361
300.231
300.139
300.079
300.043
300.022
300.011
300.005
300.002
300.001
300
300
300
300
300
300
300
300
300
300
300
300
300
300
300
300
300
300
300
300
300
300
300
300
300
300
300
300
300
300
300
300
300
300
300
300
300
300
300
300
300.462
300.324
300.21
300.127
300.073
300.04
300.02
300.01
300.005
300.002
300.001
300
300
300
300
300
300
300
300
300
300
300
300
300
300
300
300
300
300
300
300
300
300
300
300
300
300
300
300
300
300
300
300
300
300
300
300
300
300
300
300
300.405
300.287
300.188
300.115
300.066
300.036
300.019
300.009
300.004
300.002
300.001
300
300
300
300
300
300
300
300
300
300
300
300
300
300
300
300
300
300
300
300
300
300
300
300
300
300
300
300
300
300
300
300
300
300
300
300
300
300
300
300
300.349
300.25
300.166
300.102
300.059
300.033
300.017
300.008
300.004
300.002
300.001
300
300
300
300
300
300
300
300
300
300
300
300
300
300
300
300
300
300
300
300
300
300
300
300
300
300
300
300
300
300
300
300
300
300
300
300
300
300
300
300
300.297
300.215
300.143
300.089
300.052
300.029
300.015
300.007
300.003
300.001
300
300
300
300
300
300
300
300
300
300
300
300
300
300
300
300
300
300
300
300
300
300
300
300
300
300
300
300
300
300
300
300
300
300
300
300
300
300
300
300
300
300.248
300.181
300.122
300.077
300.045
300.025
300.013
300.006
300.003
300.001
300
300
300
300
300
300
300
300
300
300
300
300
300
300
300
300
300
300
300
300
300
300
300
300
300
300
300
300
300
300
300
300
300
300
300
300
300
300
300
300
300
300.202
300.149
300.101
300.064
300.038
300.021
300.011
300.005
300.002
300.001
300
300
300
300
300
300
300
300
300
300
300
300
300
300
300
300
300
300
300
300
300
300
300
300
300
300
300
300
300
300
300
300
300
300
300
300
300
300
300
300
300
300.162
300.12
300.082
300.053
300.032
300.018
300.009
300.005
300.002
300.001
300
300
300
300
300
300
300
300
300
300
300
300
300
300
300
300
300
300
300
300
300
300
300
300
300
300
300
300
300
300
300
300
300
300
300
300
300
300
300
300
300
300.126
300.094
300.065
300.042
300.025
300.014
300.008
300.004
300.002
300.001
300
300
300
300
300
300
300
300
300
300
300
300
300
300
300
300
300
300
300
300
300
300
300
300
300
300
300
300
300
300
300
300
300
300
300
300
300
300
300
300
300
300.095
300.071
300.05
300.032
300.02
300.011
300.006
300.003
300.001
300
300
300
300
300
300
300
300
300
300
300
300
300
300
300
300
300
300
300
300
300
300
300
300
300
300
300
300
300
300
300
300
300
300
300
300
300
300
300
300
300
300
300.069
300.052
300.037
300.024
300.015
300.008
300.004
300.002
300.001
300
300
300
300
300
300
300
300
300
300
300
300
300
300
300
300
300
300
300
300
300
300
300
300
300
300
300
300
300
300
300
300
300
300
300
300
300
300
300
300
300
300
300.049
300.037
300.026
300.017
300.011
300.006
300.003
300.001
300
300
300
300
300
300
300
300
300
300
300
300
300
300
300
300
300
300
300
300
300
300
300
300
300
300
300
300
300
300
300
300
300
300
300
300
300
300
300
300
300
300
300
300.033
300.025
300.018
300.012
300.007
300.004
300.002
300.001
300
300
300
300
300
299.999
299.999
299.999
299.999
299.999
299.999
299.999
299.999
299.999
299.999
299.999
299.999
299.999
299.999
299.999
299.999
299.999
299.999
299.999
299.999
299.999
299.999
299.999
299.999
299.999
299.999
299.999
299.999
299.999
299.999
299.999
299.999
299.999
299.999
299.999
299.999
299.999
299.999
300.021
300.016
300.012
300.008
300.005
300.003
300.001
300
300
300
300
299.999
299.999
299.999
299.999
299.999
299.999
299.999
299.999
299.999
299.999
299.999
299.999
299.999
299.999
299.999
299.999
299.999
299.999
299.999
299.999
299.999
299.999
299.999
299.999
299.999
299.999
299.999
299.999
299.999
299.999
299.999
299.999
299.999
299.999
299.999
299.999
299.999
299.999
299.999
299.999
300.013
300.01
300.007
300.005
300.003
300.001
300.001
300
300
300
299.999
299.999
299.999
299.999
299.999
299.999
299.999
299.999
299.999
299.999
299.999
299.999
299.999
299.999
299.999
299.999
299.999
299.999
299.999
299.999
299.999
299.999
299.999
299.999
299.999
299.999
299.999
299.999
299.999
299.999
299.999
299.999
299.999
299.999
299.999
299.999
299.999
299.999
299.999
299.999
299.999
300.007
300.005
300.004
300.002
300.001
300.001
300
300
300
299.999
299.999
299.999
299.999
299.999
299.999
299.999
299.999
299.999
299.999
299.999
299.999
299.999
299.999
299.999
299.999
299.999
299.999
299.999
299.999
299.999
299.999
299.999
299.999
299.999
299.999
299.999
299.999
299.999
299.999
299.999
299.999
299.999
299.999
299.999
299.999
299.999
299.999
299.999
299.999
299.999
299.999
300.004
300.003
300.002
300.001
300
300
300
300
299.999
299.999
299.999
299.999
299.999
299.999
299.999
299.999
299.999
299.999
299.999
299.999
299.999
299.999
299.999
299.999
299.999
299.999
299.999
299.999
299.999
299.999
299.999
299.999
299.999
299.999
299.999
299.999
299.999
299.999
299.999
299.999
299.999
299.999
299.999
299.999
299.999
299.999
299.999
299.999
299.999
299.999
299.999
300.001
300.001
300.001
300
300
300
299.999
299.999
299.999
299.999
299.999
299.999
299.999
299.999
299.999
299.999
299.999
299.999
299.999
299.999
299.999
299.999
299.999
299.999
299.999
299.999
299.999
299.999
299.999
299.999
299.999
299.999
299.999
299.999
299.999
299.999
299.999
299.999
299.999
299.999
299.999
299.999
299.999
299.999
299.999
299.999
299.999
299.999
299.999
299.999
299.999
300
300
300
300
300
299.999
299.999
299.999
299.999
299.999
299.999
299.999
299.999
299.999
299.999
299.999
299.999
299.999
299.999
299.999
299.999
299.999
299.999
299.999
299.999
299.999
299.999
299.999
299.999
299.999
299.999
299.999
299.999
299.999
299.999
299.999
299.999
299.999
299.999
299.999
299.999
299.999
299.999
299.999
299.999
299.999
299.999
299.999
299.999
299.999
299.999
300
300
300
299.999
299.999
299.999
299.999
299.999
299.999
299.999
299.999
299.999
299.999
299.999
299.999
299.999
299.999
299.999
299.999
299.999
299.999
299.999
299.999
299.999
299.999
299.999
299.999
299.999
299.999
299.999
299.999
299.999
299.999
299.999
299.999
299.999
299.999
299.999
299.999
299.999
299.999
299.999
299.999
299.999
299.999
299.999
299.999
299.999
299.999
299.999
299.999
299.999
299.999
299.999
299.999
299.999
299.999
299.999
299.999
299.999
299.999
299.999
299.999
299.999
299.999
299.999
299.999
299.999
299.999
299.999
299.999
299.999
299.999
299.999
299.999
299.999
299.999
299.999
299.999
299.999
299.999
299.999
299.999
299.999
299.999
299.999
299.999
299.999
299.999
299.999
299.999
299.999
299.999
299.999
299.999
299.999
299.999
299.999
299.999
299.999
299.999
299.999
)
;

boundaryField
{
    inlet
    {
        type            fixedValue;
        value           uniform 300;
    }
    outlet
    {
        type            zeroGradient;
    }
    top
    {
        type            zeroGradient;
    }
    slip-bottom
    {
        type            zeroGradient;
    }
    bottom
    {
        type            zeroGradient;
    }
    interface
    {
        type            fixedGradient;
        gradient        nonuniform List<scalar> 
161
(
64.882
64.882
45.3312
45.3312
45.3312
45.3312
35.1602
35.1602
35.1602
35.1602
31.5194
31.5194
31.5194
30.9418
30.9418
30.9418
30.9418
29.2404
29.2404
29.2404
28.728
28.728
28.728
28.4797
28.4797
28.4797
28.1563
28.1563
28.1563
27.8992
27.8992
27.8992
27.6923
27.6923
27.6923
27.5124
27.5124
27.5124
27.3626
27.3626
27.3626
27.0556
27.0556
27.3775
27.3775
27.3775
27.1186
27.1186
27.3193
27.3193
27.3193
27.1149
27.1149
27.187
27.187
27.187
27.2922
27.2922
27.4075
27.4075
27.2139
27.2139
27.2528
27.2528
27.3203
27.3203
27.3534
27.3534
27.3534
27.3798
27.3798
27.3977
27.4117
27.4117
27.4247
27.4247
27.4391
27.4391
27.4214
27.4214
27.5026
27.5026
27.4962
27.4962
27.4845
27.4717
27.4717
27.5058
27.5058
27.502
27.4914
27.4914
27.5115
27.5086
27.5086
27.5167
27.5167
27.5162
27.5153
27.5153
27.5155
27.5067
27.5075
27.5075
27.4993
27.4847
27.4847
27.4881
27.4761
27.4792
27.4792
27.4743
27.4697
27.4666
27.4666
27.4731
27.4738
27.4747
27.4764
27.4764
27.4827
27.4854
27.4872
27.4886
27.4835
27.4953
27.4953
27.4951
27.4909
27.4858
27.4783
27.468
27.4548
27.4384
27.4186
27.3955
27.3691
27.3394
27.3069
27.2719
27.2352
27.1976
27.1599
27.1229
27.0873
27.055
27.0297
27.0203
27.0465
27.0576
26.7584
26.703
26.9347
27.0949
27.3651
27.7377
29.724
27.6749
29.8975
32.3154
42.5906
)
;
    }
    defaultFaces
    {
        type            empty;
    }
}


// ************************************************************************* //
