/*--------------------------------*- C++ -*----------------------------------*\
| =========                 |                                                 |
| \\      /  F ield         | OpenFOAM: The Open Source CFD Toolbox           |
|  \\    /   O peration     | Version:  2106                                  |
|   \\  /    A nd           | Website:  www.openfoam.com                      |
|    \\/     M anipulation  |                                                 |
\*---------------------------------------------------------------------------*/
FoamFile
{
    version     2.0;
    format      ascii;
    arch        "LSB;label=32;scalar=64";
    class       volScalarField;
    location    "10";
    object      T;
}
// * * * * * * * * * * * * * * * * * * * * * * * * * * * * * * * * * * * * * //

dimensions      [0 0 0 1 0 0 0];

internalField   nonuniform List<scalar> 
12013
(
300.004
300.011
300.019
300.027
300.036
300.044
300.054
300.063
300.073
300.083
300.094
300.104
300.116
300.127
300.139
300.152
300.165
300.178
300.192
300.206
300.221
300.236
300.251
300.267
300.284
300.301
300.318
300.336
300.355
300.374
300.394
300.414
300.435
300.456
300.478
300.501
300.524
300.548
300.572
300.598
300.624
300.65
300.678
300.706
300.735
300.765
300.795
300.827
300.859
300.893
300.927
300.962
300.998
301.035
301.073
301.113
301.153
301.195
301.238
301.282
301.328
301.375
301.423
301.474
301.525
301.579
301.634
301.692
301.752
301.814
301.879
301.947
302.018
302.093
302.172
302.256
302.346
302.444
302.553
302.676
302.823
300.004
300.011
300.019
300.027
300.036
300.044
300.054
300.063
300.073
300.083
300.094
300.104
300.116
300.127
300.139
300.152
300.165
300.178
300.192
300.206
300.221
300.236
300.251
300.267
300.284
300.301
300.318
300.336
300.355
300.374
300.394
300.414
300.435
300.456
300.478
300.501
300.524
300.548
300.572
300.598
300.624
300.65
300.678
300.706
300.735
300.765
300.795
300.827
300.859
300.892
300.927
300.962
300.998
301.035
301.073
301.113
301.153
301.195
301.238
301.282
301.327
301.374
301.423
301.473
301.525
301.578
301.634
301.691
301.751
301.813
301.877
301.945
302.015
302.09
302.168
302.251
302.34
302.436
302.54
302.654
302.781
300.004
300.011
300.019
300.027
300.036
300.044
300.054
300.063
300.073
300.083
300.094
300.104
300.116
300.127
300.139
300.152
300.165
300.178
300.192
300.206
300.221
300.236
300.251
300.267
300.284
300.301
300.318
300.336
300.355
300.374
300.394
300.414
300.435
300.456
300.478
300.501
300.524
300.548
300.572
300.598
300.623
300.65
300.678
300.706
300.735
300.765
300.795
300.827
300.859
300.892
300.926
300.961
300.997
301.035
301.073
301.112
301.152
301.194
301.237
301.281
301.326
301.373
301.422
301.472
301.523
301.576
301.632
301.689
301.748
301.81
301.874
301.94
302.01
302.083
302.16
302.241
302.327
302.419
302.516
302.619
302.726
300.004
300.011
300.019
300.027
300.036
300.044
300.054
300.063
300.073
300.083
300.093
300.104
300.116
300.127
300.139
300.152
300.165
300.178
300.192
300.206
300.221
300.236
300.251
300.267
300.284
300.301
300.318
300.336
300.355
300.374
300.393
300.414
300.434
300.456
300.478
300.5
300.524
300.548
300.572
300.597
300.623
300.65
300.677
300.706
300.734
300.764
300.795
300.826
300.858
300.892
300.926
300.961
300.997
301.034
301.072
301.111
301.151
301.193
301.236
301.28
301.325
301.372
301.42
301.469
301.521
301.574
301.628
301.685
301.744
301.804
301.868
301.933
302.002
302.073
302.148
302.226
302.308
302.394
302.483
302.575
302.669
300.004
300.011
300.019
300.027
300.036
300.044
300.054
300.063
300.073
300.083
300.093
300.104
300.116
300.127
300.139
300.152
300.165
300.178
300.192
300.206
300.221
300.236
300.251
300.267
300.284
300.301
300.318
300.336
300.355
300.374
300.393
300.414
300.434
300.456
300.478
300.5
300.523
300.547
300.572
300.597
300.623
300.65
300.677
300.705
300.734
300.764
300.794
300.826
300.858
300.891
300.925
300.96
300.996
301.033
301.071
301.11
301.15
301.191
301.234
301.278
301.323
301.369
301.417
301.466
301.517
301.569
301.623
301.679
301.737
301.797
301.859
301.924
301.99
302.06
302.131
302.206
302.283
302.363
302.445
302.528
302.61
300.004
300.011
300.019
300.027
300.036
300.044
300.054
300.063
300.073
300.083
300.093
300.104
300.116
300.127
300.139
300.152
300.165
300.178
300.192
300.206
300.221
300.236
300.251
300.267
300.284
300.301
300.318
300.336
300.355
300.374
300.393
300.413
300.434
300.456
300.477
300.5
300.523
300.547
300.572
300.597
300.623
300.649
300.677
300.705
300.734
300.763
300.794
300.825
300.857
300.89
300.924
300.959
300.995
301.031
301.069
301.108
301.148
301.189
301.231
301.275
301.319
301.365
301.413
301.462
301.512
301.564
301.617
301.672
301.729
301.787
301.848
301.911
301.975
302.042
302.11
302.181
302.253
302.327
302.402
302.477
302.551
300.004
300.011
300.019
300.027
300.036
300.044
300.054
300.063
300.073
300.083
300.093
300.104
300.116
300.127
300.139
300.152
300.165
300.178
300.192
300.206
300.22
300.236
300.251
300.267
300.283
300.3
300.318
300.336
300.354
300.373
300.393
300.413
300.434
300.455
300.477
300.5
300.523
300.547
300.571
300.596
300.622
300.649
300.676
300.704
300.733
300.762
300.793
300.824
300.856
300.889
300.922
300.957
300.993
301.029
301.067
301.106
301.145
301.186
301.228
301.271
301.315
301.361
301.408
301.456
301.505
301.556
301.609
301.663
301.718
301.775
301.834
301.894
301.956
302.02
302.085
302.152
302.219
302.288
302.356
302.424
302.491
300.004
300.011
300.019
300.027
300.036
300.044
300.053
300.063
300.073
300.083
300.093
300.104
300.116
300.127
300.139
300.152
300.165
300.178
300.192
300.206
300.22
300.235
300.251
300.267
300.283
300.3
300.318
300.336
300.354
300.373
300.393
300.413
300.434
300.455
300.477
300.499
300.523
300.546
300.571
300.596
300.622
300.648
300.675
300.703
300.732
300.761
300.791
300.822
300.854
300.887
300.921
300.955
300.991
301.027
301.064
301.103
301.142
301.182
301.224
301.266
301.31
301.355
301.401
301.448
301.497
301.547
301.598
301.651
301.705
301.76
301.817
301.875
301.934
301.995
302.056
302.118
302.181
302.245
302.308
302.37
302.431
300.004
300.011
300.019
300.027
300.036
300.044
300.053
300.063
300.073
300.083
300.093
300.104
300.116
300.127
300.139
300.152
300.165
300.178
300.192
300.206
300.22
300.235
300.251
300.267
300.283
300.3
300.318
300.336
300.354
300.373
300.393
300.413
300.433
300.455
300.476
300.499
300.522
300.546
300.57
300.595
300.621
300.647
300.674
300.702
300.731
300.76
300.79
300.821
300.852
300.885
300.918
300.953
300.988
301.024
301.061
301.099
301.138
301.178
301.218
301.26
301.304
301.348
301.393
301.439
301.487
301.536
301.586
301.637
301.689
301.742
301.797
301.852
301.909
301.966
302.024
302.082
302.141
302.199
302.257
302.315
302.371
300.004
300.011
300.019
300.027
300.036
300.044
300.053
300.063
300.073
300.083
300.093
300.104
300.116
300.127
300.139
300.152
300.165
300.178
300.192
300.206
300.22
300.235
300.251
300.267
300.283
300.3
300.317
300.335
300.354
300.373
300.392
300.412
300.433
300.454
300.476
300.498
300.521
300.545
300.569
300.594
300.62
300.646
300.673
300.701
300.729
300.758
300.788
300.819
300.85
300.882
300.916
300.949
300.984
301.02
301.056
301.094
301.132
301.172
301.212
301.253
301.296
301.339
301.383
301.429
301.475
301.522
301.571
301.62
301.67
301.721
301.774
301.826
301.88
301.934
301.988
302.043
302.097
302.152
302.205
302.258
302.31
300.004
300.011
300.019
300.027
300.036
300.044
300.053
300.063
300.073
300.083
300.093
300.104
300.116
300.127
300.139
300.152
300.164
300.178
300.191
300.206
300.22
300.235
300.251
300.266
300.283
300.3
300.317
300.335
300.353
300.372
300.392
300.412
300.432
300.454
300.475
300.498
300.521
300.544
300.568
300.593
300.618
300.645
300.671
300.699
300.727
300.756
300.786
300.816
300.847
300.879
300.912
300.946
300.98
301.015
301.051
301.088
301.126
301.165
301.204
301.245
301.286
301.329
301.372
301.416
301.461
301.507
301.553
301.601
301.649
301.698
301.748
301.798
301.848
301.899
301.95
302.001
302.052
302.102
302.152
302.201
302.249
300.004
300.011
300.019
300.027
300.036
300.044
300.053
300.063
300.073
300.083
300.093
300.104
300.115
300.127
300.139
300.152
300.164
300.178
300.191
300.205
300.22
300.235
300.25
300.266
300.283
300.299
300.317
300.335
300.353
300.372
300.391
300.411
300.432
300.453
300.475
300.497
300.52
300.543
300.567
300.592
300.617
300.643
300.67
300.697
300.725
300.754
300.783
300.813
300.844
300.876
300.908
300.941
300.975
301.01
301.045
301.082
301.119
301.157
301.195
301.235
301.275
301.316
301.358
301.401
301.445
301.489
301.534
301.579
301.625
301.672
301.719
301.766
301.814
301.862
301.91
301.957
302.004
302.051
302.098
302.143
302.188
300.004
300.011
300.019
300.027
300.036
300.044
300.053
300.063
300.073
300.083
300.093
300.104
300.115
300.127
300.139
300.151
300.164
300.178
300.191
300.205
300.22
300.235
300.25
300.266
300.282
300.299
300.316
300.334
300.353
300.371
300.391
300.411
300.431
300.452
300.474
300.496
300.518
300.542
300.566
300.59
300.615
300.641
300.667
300.694
300.722
300.751
300.78
300.809
300.84
300.871
300.903
300.936
300.969
301.003
301.038
301.074
301.11
301.147
301.185
301.223
301.263
301.303
301.343
301.384
301.426
301.469
301.512
301.555
301.599
301.643
301.688
301.733
301.778
301.822
301.867
301.911
301.955
301.999
302.042
302.084
302.126
300.004
300.011
300.019
300.027
300.036
300.044
300.053
300.063
300.073
300.083
300.093
300.104
300.115
300.127
300.139
300.151
300.164
300.177
300.191
300.205
300.22
300.234
300.25
300.266
300.282
300.299
300.316
300.334
300.352
300.371
300.39
300.41
300.43
300.451
300.472
300.494
300.517
300.54
300.564
300.588
300.613
300.639
300.665
300.692
300.719
300.747
300.776
300.805
300.835
300.866
300.897
300.93
300.962
300.996
301.03
301.065
301.1
301.136
301.173
301.21
301.248
301.287
301.326
301.366
301.406
301.447
301.488
301.529
301.571
301.613
301.655
301.697
301.739
301.781
301.823
301.864
301.905
301.946
301.986
302.025
302.064
300.004
300.011
300.019
300.027
300.036
300.044
300.053
300.063
300.073
300.083
300.093
300.104
300.115
300.127
300.139
300.151
300.164
300.177
300.191
300.205
300.219
300.234
300.249
300.265
300.282
300.298
300.315
300.333
300.351
300.37
300.389
300.409
300.429
300.45
300.471
300.493
300.515
300.538
300.562
300.586
300.611
300.636
300.662
300.688
300.715
300.743
300.771
300.8
300.83
300.86
300.891
300.922
300.954
300.987
301.02
301.054
301.089
301.124
301.159
301.196
301.232
301.269
301.307
301.345
301.383
301.422
301.461
301.501
301.54
301.58
301.619
301.659
301.698
301.738
301.777
301.815
301.854
301.892
301.929
301.966
302.002
300.004
300.011
300.019
300.027
300.035
300.044
300.053
300.063
300.072
300.083
300.093
300.104
300.115
300.127
300.139
300.151
300.164
300.177
300.191
300.205
300.219
300.234
300.249
300.265
300.281
300.298
300.315
300.332
300.35
300.369
300.388
300.408
300.428
300.448
300.469
300.491
300.513
300.536
300.559
300.583
300.608
300.633
300.658
300.684
300.711
300.738
300.766
300.795
300.824
300.853
300.883
300.914
300.945
300.977
301.01
301.042
301.076
301.11
301.144
301.179
301.214
301.25
301.286
301.322
301.359
301.396
301.433
301.47
301.507
301.545
301.582
301.619
301.656
301.693
301.73
301.766
301.801
301.837
301.872
301.906
301.94
300.004
300.011
300.019
300.027
300.035
300.044
300.053
300.063
300.072
300.083
300.093
300.104
300.115
300.127
300.138
300.151
300.164
300.177
300.19
300.204
300.219
300.233
300.249
300.264
300.28
300.297
300.314
300.332
300.349
300.368
300.387
300.406
300.426
300.447
300.468
300.489
300.511
300.534
300.557
300.58
300.604
300.629
300.654
300.68
300.706
300.733
300.76
300.788
300.816
300.845
300.875
300.905
300.935
300.966
300.997
301.029
301.062
301.094
301.127
301.161
301.195
301.229
301.263
301.298
301.333
301.368
301.403
301.438
301.473
301.508
301.543
301.578
301.613
301.647
301.681
301.715
301.748
301.781
301.814
301.846
301.877
300.004
300.011
300.019
300.027
300.035
300.044
300.053
300.063
300.072
300.082
300.093
300.104
300.115
300.126
300.138
300.151
300.163
300.176
300.19
300.204
300.218
300.233
300.248
300.264
300.28
300.296
300.313
300.331
300.348
300.367
300.385
300.405
300.425
300.445
300.465
300.487
300.508
300.531
300.553
300.577
300.6
300.625
300.649
300.675
300.7
300.727
300.753
300.781
300.808
300.836
300.865
300.894
300.924
300.954
300.984
301.015
301.046
301.077
301.109
301.141
301.174
301.206
301.239
301.272
301.305
301.338
301.371
301.404
301.437
301.47
301.503
301.536
301.568
301.6
301.632
301.664
301.695
301.726
301.756
301.786
301.815
300.004
300.011
300.019
300.027
300.035
300.044
300.053
300.062
300.072
300.082
300.093
300.103
300.115
300.126
300.138
300.15
300.163
300.176
300.189
300.203
300.218
300.232
300.247
300.263
300.279
300.295
300.312
300.329
300.347
300.365
300.384
300.403
300.423
300.443
300.463
300.484
300.505
300.527
300.55
300.573
300.596
300.62
300.644
300.669
300.694
300.72
300.746
300.772
300.799
300.827
300.854
300.883
300.911
300.94
300.969
300.999
301.029
301.059
301.089
301.12
301.151
301.182
301.213
301.244
301.275
301.307
301.338
301.369
301.4
301.431
301.462
301.492
301.523
301.553
301.583
301.612
301.641
301.67
301.698
301.726
301.753
300.004
300.011
300.019
300.027
300.035
300.044
300.053
300.062
300.072
300.082
300.093
300.103
300.114
300.126
300.138
300.15
300.163
300.176
300.189
300.203
300.217
300.232
300.247
300.262
300.278
300.294
300.311
300.328
300.346
300.364
300.382
300.401
300.42
300.44
300.46
300.481
300.502
300.524
300.546
300.568
300.591
300.614
300.638
300.662
300.687
300.712
300.737
300.763
300.789
300.816
300.843
300.87
300.897
300.925
300.953
300.982
301.01
301.039
301.068
301.097
301.127
301.156
301.186
301.215
301.245
301.274
301.303
301.333
301.362
301.391
301.42
301.448
301.477
301.505
301.533
301.56
301.587
301.614
301.641
301.667
301.692
300.004
300.011
300.019
300.027
300.035
300.044
300.053
300.062
300.072
300.082
300.092
300.103
300.114
300.126
300.137
300.15
300.162
300.175
300.188
300.202
300.216
300.231
300.246
300.261
300.277
300.293
300.309
300.326
300.344
300.362
300.38
300.399
300.418
300.437
300.457
300.477
300.498
300.519
300.541
300.563
300.585
300.608
300.631
300.655
300.679
300.703
300.728
300.753
300.778
300.804
300.83
300.856
300.883
300.909
300.936
300.963
300.991
301.018
301.046
301.074
301.101
301.129
301.157
301.185
301.213
301.24
301.268
301.296
301.323
301.35
301.377
301.404
301.431
301.457
301.483
301.508
301.534
301.559
301.583
301.608
301.632
300.004
300.011
300.019
300.027
300.035
300.044
300.053
300.062
300.072
300.082
300.092
300.103
300.114
300.125
300.137
300.149
300.162
300.175
300.188
300.201
300.216
300.23
300.245
300.26
300.276
300.292
300.308
300.325
300.342
300.36
300.378
300.396
300.415
300.434
300.454
300.474
300.494
300.515
300.536
300.557
300.579
300.601
300.624
300.647
300.67
300.694
300.718
300.742
300.766
300.791
300.816
300.841
300.867
300.892
300.918
300.944
300.97
300.996
301.022
301.049
301.075
301.101
301.128
301.154
301.18
301.206
301.232
301.258
301.284
301.309
301.334
301.359
301.384
301.409
301.433
301.457
301.481
301.504
301.527
301.55
301.572
300.004
300.011
300.019
300.027
300.035
300.044
300.053
300.062
300.072
300.082
300.092
300.103
300.114
300.125
300.137
300.149
300.161
300.174
300.187
300.201
300.215
300.229
300.244
300.259
300.274
300.29
300.306
300.323
300.34
300.357
300.375
300.393
300.412
300.43
300.45
300.469
300.489
300.51
300.53
300.551
300.572
300.594
300.616
300.638
300.661
300.684
300.707
300.73
300.754
300.778
300.801
300.826
300.85
300.874
300.899
300.924
300.948
300.973
300.998
301.023
301.048
301.073
301.098
301.122
301.147
301.171
301.196
301.22
301.244
301.268
301.292
301.315
301.338
301.361
301.384
301.406
301.428
301.45
301.471
301.493
301.514
300.004
300.011
300.019
300.027
300.035
300.044
300.053
300.062
300.071
300.081
300.092
300.102
300.113
300.124
300.136
300.148
300.161
300.173
300.186
300.2
300.214
300.228
300.242
300.257
300.273
300.288
300.304
300.321
300.337
300.354
300.372
300.39
300.408
300.426
300.445
300.465
300.484
300.504
300.524
300.544
300.565
300.586
300.608
300.629
300.651
300.673
300.695
300.718
300.74
300.763
300.786
300.809
300.832
300.856
300.879
300.903
300.926
300.95
300.973
300.997
301.02
301.044
301.067
301.09
301.114
301.137
301.159
301.182
301.205
301.227
301.249
301.271
301.293
301.314
301.335
301.356
301.377
301.397
301.417
301.437
301.457
300.004
300.011
300.019
300.027
300.035
300.043
300.052
300.062
300.071
300.081
300.091
300.102
300.113
300.124
300.136
300.148
300.16
300.172
300.185
300.199
300.212
300.227
300.241
300.256
300.271
300.286
300.302
300.318
300.335
300.352
300.369
300.386
300.404
300.422
300.441
300.459
300.478
300.498
300.517
300.537
300.557
300.578
300.598
300.619
300.64
300.662
300.683
300.705
300.726
300.748
300.77
300.792
300.814
300.837
300.859
300.881
300.904
300.926
300.948
300.97
300.992
301.015
301.037
301.058
301.08
301.102
301.123
301.145
301.166
301.187
301.207
301.228
301.248
301.268
301.288
301.307
301.327
301.346
301.365
301.383
301.401
300.004
300.011
300.019
300.027
300.035
300.043
300.052
300.061
300.071
300.081
300.091
300.101
300.112
300.123
300.135
300.147
300.159
300.172
300.184
300.198
300.211
300.225
300.239
300.254
300.269
300.284
300.3
300.316
300.332
300.348
300.365
300.382
300.4
300.418
300.436
300.454
300.473
300.491
300.51
300.53
300.549
300.569
300.589
300.609
300.629
300.65
300.67
300.691
300.712
300.733
300.754
300.775
300.796
300.817
300.838
300.859
300.881
300.902
300.923
300.944
300.965
300.985
301.006
301.027
301.047
301.068
301.088
301.108
301.128
301.147
301.167
301.186
301.205
301.223
301.242
301.26
301.278
301.296
301.314
301.331
301.348
300.004
300.011
300.019
300.026
300.035
300.043
300.052
300.061
300.071
300.08
300.091
300.101
300.112
300.123
300.134
300.146
300.158
300.171
300.183
300.197
300.21
300.224
300.238
300.252
300.267
300.282
300.297
300.313
300.329
300.345
300.362
300.378
300.395
300.413
300.43
300.448
300.466
300.485
300.503
300.522
300.541
300.56
300.579
300.598
300.618
300.638
300.657
300.677
300.697
300.717
300.737
300.757
300.777
300.798
300.818
300.838
300.858
300.878
300.898
300.918
300.937
300.957
300.976
300.996
301.015
301.034
301.053
301.072
301.09
301.109
301.127
301.145
301.163
301.181
301.198
301.215
301.232
301.249
301.265
301.281
301.297
300.004
300.011
300.018
300.026
300.034
300.043
300.052
300.061
300.07
300.08
300.09
300.101
300.111
300.122
300.134
300.145
300.157
300.17
300.182
300.195
300.209
300.222
300.236
300.25
300.265
300.28
300.295
300.31
300.326
300.342
300.358
300.374
300.391
300.408
300.425
300.442
300.46
300.478
300.496
300.514
300.532
300.55
300.569
300.588
300.606
300.625
300.644
300.663
300.682
300.702
300.721
300.74
300.759
300.778
300.797
300.816
300.835
300.854
300.873
300.892
300.911
300.929
300.948
300.966
300.984
301.002
301.02
301.037
301.055
301.072
301.089
301.106
301.123
301.14
301.156
301.172
301.188
301.204
301.219
301.234
301.249
300.004
300.011
300.018
300.026
300.034
300.043
300.052
300.061
300.07
300.08
300.09
300.1
300.111
300.122
300.133
300.144
300.156
300.169
300.181
300.194
300.207
300.22
300.234
300.248
300.262
300.277
300.292
300.307
300.322
300.338
300.354
300.37
300.386
300.403
300.419
300.436
300.453
300.471
300.488
300.506
300.523
300.541
300.559
300.577
300.595
300.613
300.631
300.65
300.668
300.686
300.704
300.723
300.741
300.759
300.777
300.796
300.814
300.832
300.849
300.867
300.885
300.902
300.92
300.937
300.954
300.971
300.988
301.005
301.021
301.038
301.054
301.07
301.085
301.101
301.116
301.132
301.146
301.161
301.176
301.19
301.204
300.004
300.011
300.018
300.026
300.034
300.043
300.051
300.06
300.07
300.079
300.089
300.099
300.11
300.121
300.132
300.144
300.155
300.167
300.18
300.192
300.205
300.219
300.232
300.246
300.26
300.274
300.289
300.304
300.319
300.334
300.35
300.365
300.381
300.397
300.414
300.43
300.447
300.464
300.48
300.497
300.515
300.532
300.549
300.566
300.584
300.601
300.619
300.636
300.654
300.671
300.689
300.706
300.724
300.741
300.758
300.776
300.793
300.81
300.827
300.844
300.861
300.877
300.894
300.91
300.926
300.942
300.958
300.974
300.99
301.005
301.02
301.036
301.05
301.065
301.08
301.094
301.108
301.122
301.136
301.149
301.163
300.004
300.011
300.018
300.026
300.034
300.042
300.051
300.06
300.069
300.079
300.089
300.099
300.109
300.12
300.131
300.143
300.154
300.166
300.179
300.191
300.204
300.217
300.23
300.244
300.258
300.272
300.286
300.301
300.316
300.331
300.346
300.361
300.377
300.392
300.408
300.424
300.44
300.457
300.473
300.49
300.506
300.523
300.539
300.556
300.573
300.59
300.607
300.624
300.64
300.657
300.674
300.691
300.707
300.724
300.741
300.757
300.773
300.79
300.806
300.822
300.838
300.854
300.87
300.885
300.901
300.916
300.931
300.946
300.961
300.975
300.99
301.004
301.018
301.032
301.046
301.06
301.073
301.086
301.099
301.112
301.125
300.004
300.011
300.018
300.026
300.034
300.042
300.051
300.06
300.069
300.078
300.088
300.098
300.109
300.119
300.13
300.142
300.153
300.165
300.177
300.19
300.202
300.215
300.228
300.242
300.255
300.269
300.283
300.298
300.312
300.327
300.342
300.357
300.372
300.387
300.403
300.419
300.434
300.45
300.466
300.482
300.498
300.514
300.53
300.547
300.563
300.579
300.595
300.612
300.628
300.644
300.66
300.676
300.692
300.708
300.724
300.74
300.756
300.771
300.787
300.802
300.818
300.833
300.848
300.863
300.877
300.892
300.906
300.921
300.935
300.949
300.963
300.976
300.99
301.003
301.016
301.029
301.042
301.054
301.067
301.079
301.091
300.003
300.011
300.018
300.026
300.034
300.042
300.05
300.059
300.069
300.078
300.088
300.098
300.108
300.119
300.13
300.141
300.152
300.164
300.176
300.188
300.201
300.214
300.227
300.24
300.253
300.267
300.281
300.295
300.309
300.324
300.338
300.353
300.368
300.383
300.398
300.413
300.429
300.444
300.46
300.475
300.491
300.507
300.522
300.538
300.554
300.57
300.585
300.601
300.617
300.632
300.648
300.663
300.679
300.694
300.71
300.725
300.74
300.755
300.77
300.785
300.799
300.814
300.828
300.843
300.857
300.871
300.885
300.898
300.912
300.925
300.939
300.952
300.965
300.977
300.99
301.002
301.015
301.027
301.039
301.05
301.062
300.003
300.011
300.018
300.026
300.033
300.042
300.05
300.059
300.068
300.078
300.087
300.097
300.107
300.118
300.129
300.14
300.151
300.163
300.175
300.187
300.199
300.212
300.225
300.238
300.251
300.265
300.278
300.292
300.306
300.321
300.335
300.349
300.364
300.379
300.394
300.409
300.424
300.439
300.454
300.469
300.484
300.5
300.515
300.53
300.546
300.561
300.576
300.592
300.607
300.622
300.637
300.652
300.667
300.682
300.697
300.712
300.727
300.741
300.755
300.77
300.784
300.798
300.812
300.826
300.839
300.853
300.866
300.88
300.893
300.906
300.918
300.931
300.943
300.956
300.968
300.98
300.992
301.003
301.015
301.026
301.037
300.003
300.01
300.018
300.025
300.033
300.042
300.05
300.059
300.068
300.077
300.087
300.097
300.107
300.117
300.128
300.139
300.15
300.162
300.174
300.186
300.198
300.211
300.223
300.236
300.249
300.263
300.276
300.29
300.304
300.318
300.332
300.346
300.361
300.375
300.39
300.405
300.419
300.434
300.449
300.464
300.479
300.494
300.509
300.524
300.539
300.554
300.569
300.584
300.599
300.614
300.628
300.643
300.658
300.672
300.687
300.701
300.715
300.73
300.744
300.758
300.771
300.785
300.799
300.812
300.825
300.838
300.851
300.864
300.877
300.89
300.902
300.914
300.926
300.938
300.95
300.962
300.973
300.985
300.996
301.007
301.018
300.003
300.01
300.018
300.025
300.033
300.041
300.05
300.058
300.068
300.077
300.086
300.096
300.106
300.117
300.128
300.139
300.15
300.161
300.173
300.185
300.197
300.21
300.222
300.235
300.248
300.261
300.275
300.288
300.302
300.316
300.33
300.344
300.358
300.373
300.387
300.402
300.416
300.431
300.445
300.46
300.475
300.49
300.504
300.519
300.534
300.549
300.563
300.578
300.593
300.607
300.622
300.636
300.65
300.665
300.679
300.693
300.707
300.721
300.735
300.748
300.762
300.775
300.788
300.802
300.815
300.827
300.84
300.853
300.865
300.878
300.89
300.902
300.914
300.925
300.937
300.948
300.959
300.97
300.981
300.992
301.003
300.003
300.01
300.018
300.025
300.033
300.041
300.05
300.058
300.067
300.077
300.086
300.096
300.106
300.116
300.127
300.138
300.149
300.161
300.172
300.184
300.196
300.209
300.221
300.234
300.247
300.26
300.273
300.287
300.301
300.314
300.328
300.342
300.356
300.371
300.385
300.399
300.414
300.428
300.443
300.457
300.472
300.487
300.501
300.516
300.53
300.545
300.559
300.574
300.588
300.603
300.617
300.631
300.645
300.659
300.673
300.687
300.701
300.715
300.728
300.742
300.755
300.768
300.781
300.794
300.807
300.82
300.833
300.845
300.857
300.869
300.881
300.893
300.905
300.916
300.928
300.939
300.95
300.961
300.972
300.982
300.993
300.003
300.01
300.018
300.025
300.033
300.041
300.049
300.058
300.067
300.076
300.086
300.096
300.106
300.116
300.127
300.138
300.149
300.16
300.172
300.184
300.196
300.208
300.221
300.233
300.246
300.259
300.273
300.286
300.3
300.313
300.327
300.341
300.355
300.369
300.384
300.398
300.412
300.427
300.441
300.456
300.47
300.485
300.499
300.514
300.528
300.543
300.557
300.571
300.586
300.6
300.614
300.628
300.642
300.656
300.67
300.684
300.698
300.711
300.725
300.738
300.751
300.765
300.778
300.79
300.803
300.816
300.828
300.84
300.853
300.865
300.877
300.888
300.9
300.911
300.923
300.934
300.945
300.956
300.966
300.977
300.987
300.003
300.01
300.018
300.025
300.033
300.041
300.049
300.058
300.067
300.076
300.086
300.096
300.106
300.116
300.127
300.137
300.149
300.16
300.172
300.183
300.196
300.208
300.22
300.233
300.246
300.259
300.272
300.286
300.299
300.313
300.327
300.341
300.355
300.369
300.383
300.397
300.412
300.426
300.441
300.455
300.469
300.484
300.498
300.513
300.527
300.542
300.556
300.571
300.585
300.599
300.613
300.627
300.641
300.655
300.669
300.683
300.697
300.71
300.724
300.737
300.75
300.763
300.776
300.789
300.802
300.814
300.827
300.839
300.851
300.863
300.875
300.887
300.898
300.91
300.921
300.932
300.943
300.954
300.965
300.975
300.985
300.003
300.01
300.018
300.025
300.033
300.041
300.049
300.058
300.067
300.076
300.086
300.095
300.106
300.116
300.126
300.137
300.148
300.16
300.172
300.183
300.195
300.208
300.22
300.233
300.246
300.259
300.272
300.286
300.299
300.313
300.327
300.341
300.355
300.369
300.383
300.397
300.412
300.426
300.441
300.455
300.47
300.484
300.499
300.513
300.528
300.542
300.556
300.571
300.585
300.599
300.614
300.628
300.642
300.656
300.67
300.683
300.697
300.711
300.724
300.737
300.751
300.764
300.777
300.79
300.802
300.815
300.827
300.84
300.852
300.864
300.876
300.887
300.899
300.91
300.922
300.933
300.944
300.955
300.965
300.976
300.986
300.003
300.01
300.018
300.025
300.033
300.041
300.049
300.058
300.067
300.076
300.086
300.095
300.105
300.116
300.126
300.137
300.148
300.16
300.172
300.183
300.196
300.208
300.22
300.233
300.246
300.259
300.272
300.286
300.299
300.313
300.327
300.341
300.355
300.369
300.383
300.398
300.412
300.427
300.441
300.456
300.47
300.485
300.499
300.514
300.528
300.543
300.557
300.571
300.586
300.6
300.614
300.628
300.643
300.657
300.67
300.684
300.698
300.712
300.725
300.738
300.752
300.765
300.778
300.791
300.803
300.816
300.828
300.841
300.853
300.865
300.877
300.889
300.9
300.912
300.923
300.934
300.945
300.956
300.967
300.977
300.988
303.018
303.147
303.224
303.296
303.359
303.411
303.446
303.486
303.525
303.562
303.594
303.628
303.663
303.697
303.73
303.763
303.794
303.822
303.851
303.881
303.91
303.939
303.969
303.998
304.027
304.055
304.083
304.111
304.139
304.166
304.193
304.219
304.245
304.272
304.298
304.323
304.349
304.374
304.399
304.424
304.449
304.472
304.498
304.525
304.551
304.576
304.6
304.625
304.651
304.676
304.7
304.723
304.747
304.772
304.797
304.823
304.849
304.875
304.9
304.924
304.945
304.968
304.991
305.016
305.04
305.065
305.09
305.114
305.139
305.163
305.187
305.211
305.234
305.258
305.281
305.305
305.328
305.352
305.374
305.399
305.427
305.453
305.477
305.5
305.521
305.543
305.567
305.594
305.619
305.642
305.662
305.686
305.714
305.736
305.762
305.79
305.815
305.837
305.864
305.889
305.91
305.936
305.958
305.983
306.009
306.038
306.064
306.084
306.109
306.13
306.155
306.182
306.21
306.239
306.265
306.285
306.311
306.338
306.366
306.391
306.41
306.434
306.46
306.486
306.512
306.53
306.553
306.577
306.601
306.625
306.649
306.671
306.693
306.714
306.734
306.752
306.77
306.786
306.802
306.815
306.827
306.838
306.847
306.854
306.858
306.861
306.861
306.858
306.852
306.842
306.828
306.81
306.789
306.764
306.733
306.695
306.653
306.579
306.508
306.418
306.299
302.917
303.03
303.118
303.193
303.258
303.314
303.36
303.403
303.445
303.484
303.521
303.557
303.593
303.628
303.662
303.696
303.728
303.758
303.788
303.819
303.849
303.879
303.909
303.938
303.968
303.997
304.025
304.053
304.081
304.109
304.136
304.163
304.19
304.217
304.243
304.269
304.295
304.321
304.346
304.371
304.396
304.421
304.447
304.473
304.5
304.525
304.549
304.575
304.6
304.626
304.65
304.674
304.699
304.724
304.749
304.775
304.8
304.826
304.851
304.875
304.898
304.921
304.945
304.97
304.994
305.019
305.044
305.068
305.093
305.117
305.142
305.166
305.189
305.213
305.237
305.261
305.285
305.308
305.332
305.357
305.384
305.409
305.433
305.457
305.479
305.502
305.526
305.553
305.577
305.6
305.623
305.647
305.673
305.697
305.723
305.749
305.775
305.799
305.825
305.849
305.872
305.897
305.921
305.946
305.972
306
306.026
306.048
306.073
306.095
306.12
306.147
306.175
306.203
306.229
306.251
306.277
306.304
306.331
306.356
306.378
306.402
306.428
306.454
306.479
306.499
306.522
306.546
306.571
306.595
306.618
306.641
306.663
306.684
306.704
306.724
306.742
306.758
306.774
306.788
306.8
306.811
306.82
306.827
306.832
306.834
306.835
306.832
306.826
306.816
306.802
306.784
306.763
306.737
306.705
306.666
306.621
306.549
306.474
306.38
306.248
302.835
302.934
303.019
303.095
303.161
303.219
303.271
303.318
303.362
303.404
303.443
303.481
303.519
303.555
303.59
303.625
303.658
303.69
303.722
303.753
303.784
303.815
303.845
303.875
303.905
303.934
303.963
303.992
304.021
304.049
304.077
304.104
304.131
304.158
304.185
304.211
304.238
304.264
304.29
304.315
304.341
304.367
304.393
304.419
304.445
304.471
304.496
304.521
304.547
304.572
304.597
304.622
304.647
304.672
304.697
304.723
304.749
304.774
304.8
304.824
304.848
304.871
304.896
304.92
304.945
304.97
304.995
305.02
305.044
305.069
305.093
305.118
305.142
305.166
305.19
305.214
305.238
305.262
305.286
305.311
305.338
305.363
305.388
305.411
305.435
305.458
305.482
305.508
305.533
305.557
305.58
305.604
305.63
305.655
305.68
305.707
305.733
305.757
305.783
305.808
305.832
305.857
305.881
305.906
305.933
305.96
305.985
306.009
306.034
306.058
306.083
306.11
306.137
306.165
306.191
306.215
306.241
306.268
306.295
306.32
306.343
306.367
306.393
306.419
306.444
306.466
306.489
306.514
306.538
306.562
306.586
306.609
306.631
306.653
306.673
306.693
306.711
306.728
306.744
306.758
306.771
306.782
306.791
306.799
306.804
306.807
306.807
306.804
306.798
306.789
306.775
306.757
306.735
306.708
306.676
306.636
306.587
306.517
306.439
306.34
306.201
302.761
302.848
302.928
303.001
303.067
303.127
303.181
303.231
303.277
303.321
303.363
303.403
303.441
303.479
303.515
303.551
303.585
303.618
303.651
303.683
303.715
303.746
303.777
303.808
303.839
303.868
303.898
303.927
303.956
303.985
304.013
304.041
304.069
304.096
304.123
304.15
304.177
304.204
304.23
304.256
304.282
304.308
304.334
304.361
304.387
304.413
304.439
304.464
304.49
304.516
304.541
304.566
304.591
304.617
304.642
304.668
304.694
304.72
304.745
304.77
304.794
304.818
304.843
304.868
304.892
304.917
304.943
304.968
304.992
305.017
305.042
305.067
305.091
305.115
305.14
305.164
305.188
305.213
305.237
305.263
305.289
305.314
305.339
305.363
305.387
305.411
305.435
305.461
305.486
305.51
305.534
305.559
305.584
305.61
305.635
305.662
305.687
305.713
305.738
305.763
305.788
305.813
305.838
305.864
305.89
305.917
305.943
305.967
305.992
306.017
306.043
306.07
306.097
306.125
306.151
306.176
306.202
306.229
306.256
306.281
306.305
306.33
306.356
306.382
306.407
306.43
306.454
306.479
306.503
306.528
306.552
306.575
306.598
306.619
306.64
306.66
306.679
306.696
306.712
306.727
306.74
306.752
306.761
306.769
306.774
306.777
306.777
306.775
306.769
306.759
306.745
306.727
306.705
306.678
306.644
306.603
306.553
306.483
306.402
306.3
306.156
302.691
302.769
302.843
302.913
302.977
303.036
303.091
303.143
303.191
303.236
303.279
303.321
303.361
303.399
303.437
303.473
303.509
303.543
303.577
303.61
303.642
303.675
303.706
303.737
303.768
303.799
303.829
303.859
303.888
303.917
303.946
303.974
304.003
304.03
304.058
304.085
304.113
304.14
304.166
304.193
304.219
304.246
304.272
304.299
304.325
304.352
304.378
304.404
304.43
304.456
304.481
304.507
304.532
304.558
304.584
304.61
304.636
304.661
304.687
304.712
304.737
304.761
304.786
304.811
304.836
304.862
304.887
304.912
304.937
304.962
304.987
305.012
305.037
305.062
305.086
305.111
305.136
305.16
305.185
305.211
305.236
305.262
305.287
305.311
305.336
305.36
305.385
305.411
305.436
305.46
305.485
305.51
305.536
305.561
305.587
305.613
305.639
305.665
305.691
305.716
305.742
305.767
305.792
305.818
305.845
305.872
305.898
305.923
305.948
305.974
306
306.027
306.054
306.082
306.108
306.134
306.16
306.187
306.214
306.24
306.265
306.291
306.317
306.343
306.368
306.392
306.416
306.441
306.466
306.491
306.515
306.539
306.562
306.584
306.605
306.625
306.644
306.662
306.679
306.694
306.707
306.719
306.729
306.737
306.742
306.746
306.746
306.744
306.738
306.728
306.715
306.696
306.674
306.646
306.612
306.569
306.517
306.447
306.364
306.259
306.113
302.623
302.694
302.763
302.828
302.89
302.948
303.003
303.054
303.103
303.15
303.194
303.236
303.277
303.317
303.355
303.393
303.429
303.464
303.499
303.533
303.566
303.599
303.631
303.663
303.695
303.726
303.756
303.786
303.816
303.846
303.875
303.904
303.933
303.961
303.989
304.017
304.044
304.072
304.099
304.126
304.153
304.18
304.207
304.233
304.26
304.287
304.313
304.339
304.366
304.392
304.418
304.444
304.47
304.496
304.522
304.548
304.574
304.6
304.625
304.651
304.676
304.701
304.726
304.752
304.777
304.802
304.828
304.853
304.879
304.904
304.929
304.954
304.979
305.004
305.029
305.054
305.079
305.104
305.13
305.155
305.181
305.206
305.232
305.257
305.282
305.307
305.332
305.357
305.382
305.408
305.433
305.458
305.484
305.51
305.536
305.562
305.588
305.614
305.64
305.666
305.692
305.718
305.744
305.77
305.796
305.823
305.85
305.875
305.901
305.927
305.954
305.981
306.008
306.036
306.063
306.089
306.116
306.143
306.17
306.197
306.222
306.248
306.274
306.301
306.326
306.351
306.376
306.401
306.426
306.451
306.476
306.5
306.523
306.546
306.567
306.588
306.607
306.626
306.643
306.658
306.672
306.684
306.695
306.703
306.709
306.712
306.713
306.711
306.705
306.696
306.682
306.664
306.641
306.612
306.577
306.534
306.48
306.41
306.325
306.217
306.072
302.557
302.622
302.685
302.747
302.806
302.862
302.916
302.967
303.016
303.062
303.107
303.15
303.192
303.232
303.271
303.309
303.346
303.383
303.418
303.453
303.486
303.52
303.553
303.585
303.617
303.649
303.68
303.71
303.741
303.771
303.8
303.83
303.859
303.888
303.916
303.944
303.972
304
304.028
304.055
304.083
304.11
304.137
304.164
304.191
304.218
304.245
304.271
304.298
304.324
304.351
304.377
304.403
304.429
304.456
304.482
304.508
304.534
304.56
304.586
304.611
304.637
304.663
304.688
304.714
304.739
304.765
304.791
304.816
304.842
304.867
304.893
304.918
304.943
304.969
304.994
305.019
305.045
305.07
305.096
305.122
305.148
305.173
305.199
305.224
305.249
305.275
305.3
305.326
305.351
305.377
305.403
305.429
305.455
305.481
305.508
305.534
305.56
305.587
305.613
305.639
305.665
305.692
305.718
305.745
305.772
305.799
305.825
305.851
305.878
305.905
305.932
305.96
305.987
306.015
306.042
306.069
306.096
306.123
306.15
306.176
306.203
306.229
306.256
306.282
306.308
306.333
306.359
306.384
306.409
306.434
306.459
306.482
306.505
306.527
306.548
306.568
306.587
306.605
306.62
306.635
306.647
306.658
306.667
306.673
306.677
306.678
306.676
306.67
306.661
306.647
306.629
306.606
306.577
306.541
306.497
306.441
306.371
306.285
306.176
306.032
302.491
302.551
302.61
302.668
302.723
302.778
302.83
302.88
302.928
302.975
303.019
303.063
303.105
303.146
303.185
303.224
303.261
303.298
303.334
303.369
303.404
303.437
303.471
303.504
303.536
303.568
303.6
303.631
303.662
303.692
303.722
303.752
303.781
303.811
303.839
303.868
303.897
303.925
303.953
303.981
304.008
304.036
304.064
304.091
304.118
304.145
304.172
304.199
304.226
304.253
304.28
304.306
304.333
304.359
304.386
304.412
304.439
304.465
304.491
304.517
304.543
304.569
304.595
304.621
304.647
304.673
304.699
304.724
304.75
304.776
304.802
304.828
304.853
304.879
304.905
304.93
304.956
304.982
305.007
305.033
305.059
305.085
305.111
305.137
305.163
305.188
305.214
305.24
305.266
305.292
305.318
305.344
305.37
305.397
305.423
305.45
305.477
305.503
305.53
305.556
305.583
305.61
305.636
305.663
305.69
305.717
305.744
305.771
305.798
305.825
305.852
305.88
305.908
305.936
305.963
305.991
306.018
306.046
306.074
306.101
306.128
306.155
306.182
306.208
306.235
306.261
306.287
306.313
306.339
306.365
306.39
306.415
306.439
306.462
306.485
306.506
306.527
306.546
306.564
306.58
306.595
306.608
306.619
306.629
306.635
306.639
306.641
306.639
306.634
306.624
306.611
306.592
306.569
306.54
306.503
306.458
306.401
306.33
306.244
306.134
305.994
302.426
302.482
302.536
302.59
302.643
302.695
302.745
302.794
302.841
302.887
302.931
302.974
303.016
303.057
303.097
303.136
303.174
303.211
303.247
303.283
303.318
303.352
303.386
303.419
303.452
303.484
303.516
303.548
303.579
303.61
303.64
303.67
303.7
303.73
303.759
303.788
303.817
303.846
303.874
303.902
303.93
303.958
303.986
304.014
304.041
304.069
304.096
304.124
304.151
304.178
304.205
304.232
304.258
304.285
304.312
304.339
304.365
304.392
304.418
304.445
304.471
304.497
304.523
304.55
304.576
304.602
304.628
304.654
304.68
304.707
304.733
304.759
304.785
304.811
304.837
304.863
304.889
304.915
304.941
304.967
304.993
305.019
305.046
305.072
305.098
305.124
305.15
305.176
305.202
305.229
305.255
305.281
305.308
305.335
305.362
305.389
305.416
305.443
305.469
305.496
305.523
305.55
305.577
305.605
305.632
305.659
305.687
305.714
305.742
305.769
305.797
305.825
305.853
305.881
305.909
305.937
305.965
305.993
306.021
306.048
306.076
306.103
306.131
306.158
306.185
306.212
306.238
306.265
306.291
306.317
306.343
306.368
306.393
306.417
306.44
306.462
306.483
306.502
306.521
306.538
306.553
306.567
306.578
306.588
306.595
306.6
306.601
306.6
306.595
306.586
306.572
306.554
306.53
306.5
306.463
306.417
306.36
306.289
306.202
306.093
305.957
302.362
302.413
302.464
302.514
302.564
302.613
302.661
302.708
302.754
302.799
302.843
302.885
302.927
302.968
303.007
303.046
303.084
303.121
303.158
303.194
303.229
303.264
303.298
303.331
303.364
303.397
303.429
303.461
303.493
303.524
303.555
303.585
303.616
303.645
303.675
303.705
303.734
303.763
303.791
303.82
303.848
303.877
303.905
303.933
303.961
303.989
304.016
304.044
304.071
304.099
304.126
304.153
304.18
304.207
304.234
304.261
304.288
304.315
304.342
304.368
304.395
304.422
304.448
304.475
304.501
304.528
304.554
304.58
304.607
304.633
304.66
304.686
304.712
304.738
304.765
304.791
304.817
304.844
304.87
304.897
304.923
304.95
304.976
305.003
305.029
305.055
305.082
305.109
305.135
305.162
305.188
305.215
305.242
305.269
305.296
305.324
305.351
305.378
305.406
305.433
305.46
305.488
305.515
305.543
305.57
305.598
305.626
305.654
305.682
305.709
305.738
305.766
305.794
305.823
305.851
305.88
305.908
305.936
305.965
305.993
306.021
306.049
306.077
306.105
306.132
306.159
306.186
306.213
306.24
306.267
306.293
306.319
306.344
306.368
306.392
306.414
306.436
306.456
306.475
306.493
306.509
306.523
306.535
306.545
306.553
306.558
306.56
306.559
306.554
306.545
306.532
306.513
306.489
306.459
306.422
306.375
306.318
306.246
306.159
306.052
305.92
302.297
302.344
302.392
302.439
302.486
302.533
302.579
302.624
302.668
302.712
302.754
302.796
302.837
302.877
302.917
302.955
302.993
303.03
303.067
303.103
303.138
303.173
303.207
303.241
303.274
303.307
303.34
303.372
303.404
303.435
303.466
303.497
303.527
303.558
303.588
303.617
303.647
303.676
303.705
303.734
303.763
303.791
303.82
303.848
303.876
303.904
303.932
303.96
303.988
304.016
304.043
304.071
304.098
304.125
304.153
304.18
304.207
304.234
304.261
304.288
304.315
304.342
304.369
304.396
304.422
304.449
304.476
304.503
304.529
304.556
304.583
304.609
304.636
304.662
304.689
304.716
304.742
304.769
304.796
304.823
304.849
304.876
304.903
304.93
304.957
304.983
305.01
305.037
305.064
305.091
305.118
305.145
305.173
305.2
305.228
305.255
305.283
305.31
305.338
305.366
305.394
305.421
305.449
305.477
305.505
305.533
305.562
305.59
305.618
305.647
305.675
305.704
305.733
305.761
305.79
305.819
305.848
305.877
305.906
305.934
305.963
305.991
306.02
306.048
306.076
306.104
306.131
306.159
306.186
306.213
306.24
306.266
306.292
306.317
306.341
306.364
306.386
306.407
306.427
306.445
306.461
306.476
306.489
306.499
306.508
306.513
306.516
306.515
306.51
306.502
306.489
306.471
306.447
306.417
306.379
306.332
306.274
306.203
306.116
306.011
305.884
302.232
302.276
302.321
302.365
302.41
302.454
302.497
302.54
302.583
302.625
302.666
302.707
302.747
302.786
302.825
302.863
302.901
302.937
302.974
303.01
303.045
303.08
303.114
303.148
303.181
303.214
303.247
303.279
303.311
303.343
303.374
303.405
303.436
303.466
303.497
303.527
303.556
303.586
303.615
303.645
303.674
303.702
303.731
303.76
303.788
303.816
303.845
303.873
303.901
303.929
303.957
303.984
304.012
304.04
304.067
304.095
304.122
304.149
304.177
304.204
304.231
304.258
304.285
304.313
304.34
304.367
304.394
304.421
304.448
304.475
304.502
304.529
304.556
304.582
304.609
304.636
304.663
304.69
304.717
304.745
304.772
304.799
304.826
304.853
304.88
304.907
304.935
304.962
304.989
305.017
305.044
305.072
305.099
305.127
305.155
305.183
305.211
305.239
305.267
305.295
305.323
305.351
305.38
305.408
305.437
305.465
305.494
305.522
305.551
305.58
305.609
305.638
305.667
305.696
305.726
305.755
305.784
305.814
305.843
305.872
305.901
305.93
305.959
305.988
306.016
306.045
306.073
306.101
306.129
306.157
306.184
306.211
306.237
306.262
306.287
306.311
306.334
306.355
306.375
306.394
306.411
306.427
306.44
306.451
306.46
306.466
306.469
306.469
306.465
306.457
306.444
306.426
306.402
306.372
306.334
306.287
306.229
306.159
306.073
305.971
305.849
302.167
302.209
302.25
302.292
302.334
302.375
302.416
302.458
302.498
302.538
302.578
302.618
302.657
302.695
302.733
302.77
302.807
302.844
302.88
302.915
302.95
302.985
303.019
303.053
303.086
303.119
303.152
303.184
303.216
303.248
303.279
303.311
303.342
303.372
303.403
303.433
303.463
303.493
303.522
303.551
303.581
303.61
303.639
303.668
303.696
303.725
303.753
303.782
303.81
303.838
303.866
303.894
303.922
303.95
303.978
304.006
304.033
304.061
304.088
304.116
304.143
304.171
304.198
304.226
304.253
304.28
304.308
304.335
304.362
304.39
304.417
304.444
304.471
304.499
304.526
304.553
304.58
304.608
304.635
304.663
304.69
304.717
304.745
304.772
304.8
304.828
304.855
304.883
304.911
304.938
304.966
304.994
305.022
305.05
305.078
305.107
305.135
305.163
305.192
305.22
305.249
305.278
305.306
305.335
305.364
305.393
305.422
305.451
305.481
305.51
305.539
305.569
305.598
305.628
305.658
305.688
305.717
305.747
305.777
305.807
305.836
305.866
305.895
305.924
305.954
305.983
306.012
306.04
306.069
306.097
306.125
306.152
306.179
306.205
306.23
306.254
306.278
306.3
306.321
306.34
306.358
306.374
306.389
306.4
306.41
306.416
306.42
306.42
306.417
306.409
306.397
306.379
306.356
306.325
306.288
306.241
306.183
306.113
306.03
305.93
305.814
302.103
302.141
302.18
302.219
302.258
302.298
302.337
302.376
302.414
302.453
302.491
302.529
302.567
302.604
302.641
302.677
302.714
302.749
302.785
302.82
302.854
302.889
302.922
302.956
302.989
303.022
303.055
303.087
303.119
303.151
303.182
303.213
303.244
303.275
303.306
303.336
303.366
303.396
303.426
303.455
303.485
303.514
303.543
303.572
303.601
303.63
303.658
303.687
303.715
303.744
303.772
303.8
303.829
303.857
303.885
303.913
303.941
303.969
303.996
304.024
304.052
304.08
304.107
304.135
304.163
304.19
304.218
304.245
304.273
304.301
304.328
304.356
304.383
304.411
304.438
304.466
304.494
304.521
304.549
304.577
304.605
304.632
304.66
304.688
304.716
304.744
304.772
304.8
304.828
304.856
304.884
304.913
304.941
304.97
304.998
305.027
305.056
305.084
305.113
305.142
305.171
305.2
305.229
305.259
305.288
305.317
305.347
305.377
305.406
305.436
305.466
305.496
305.526
305.556
305.586
305.617
305.647
305.677
305.707
305.737
305.768
305.798
305.828
305.858
305.887
305.917
305.946
305.976
306.005
306.034
306.062
306.09
306.117
306.144
306.17
306.195
306.219
306.242
306.264
306.284
306.302
306.319
306.334
306.347
306.357
306.364
306.368
306.369
306.366
306.359
306.347
306.33
306.307
306.277
306.24
306.193
306.136
306.068
305.986
305.89
305.779
302.038
302.074
302.11
302.147
302.184
302.221
302.258
302.294
302.331
302.368
302.405
302.441
302.477
302.513
302.549
302.584
302.62
302.655
302.689
302.723
302.757
302.791
302.825
302.858
302.891
302.923
302.956
302.988
303.02
303.051
303.083
303.114
303.145
303.175
303.206
303.236
303.267
303.297
303.326
303.356
303.386
303.415
303.444
303.473
303.502
303.531
303.56
303.589
303.618
303.646
303.675
303.703
303.732
303.76
303.788
303.816
303.844
303.873
303.901
303.929
303.957
303.985
304.013
304.04
304.068
304.096
304.124
304.152
304.18
304.208
304.236
304.263
304.291
304.319
304.347
304.375
304.403
304.431
304.459
304.487
304.515
304.543
304.572
304.6
304.628
304.656
304.685
304.713
304.742
304.77
304.799
304.828
304.856
304.885
304.914
304.943
304.972
305.002
305.031
305.06
305.09
305.119
305.149
305.178
305.208
305.238
305.268
305.298
305.328
305.359
305.389
305.419
305.45
305.48
305.511
305.542
305.573
305.603
305.634
305.665
305.696
305.726
305.757
305.787
305.818
305.848
305.878
305.908
305.938
305.967
305.996
306.024
306.052
306.08
306.106
306.132
306.157
306.181
306.203
306.224
306.243
306.261
306.277
306.29
306.301
306.309
306.314
306.316
306.313
306.307
306.296
306.279
306.256
306.227
306.19
306.144
306.089
306.022
305.942
305.85
305.744
301.973
302.007
302.041
302.075
302.11
302.145
302.179
302.214
302.249
302.284
302.319
302.354
302.388
302.423
302.457
302.492
302.526
302.56
302.593
302.627
302.66
302.693
302.726
302.759
302.791
302.823
302.855
302.887
302.919
302.95
302.981
303.012
303.043
303.074
303.104
303.135
303.165
303.195
303.225
303.254
303.284
303.313
303.343
303.372
303.401
303.43
303.459
303.488
303.517
303.545
303.574
303.603
303.631
303.66
303.688
303.717
303.745
303.773
303.801
303.83
303.858
303.886
303.914
303.942
303.971
303.999
304.027
304.055
304.083
304.111
304.139
304.168
304.196
304.224
304.252
304.28
304.309
304.337
304.365
304.394
304.422
304.451
304.479
304.508
304.536
304.565
304.594
304.623
304.652
304.68
304.709
304.739
304.768
304.797
304.826
304.856
304.885
304.915
304.945
304.975
305.004
305.034
305.064
305.095
305.125
305.155
305.186
305.216
305.247
305.278
305.308
305.339
305.37
305.401
305.433
305.464
305.495
305.526
305.558
305.589
305.62
305.651
305.682
305.714
305.745
305.775
305.806
305.837
305.867
305.897
305.926
305.956
305.984
306.012
306.04
306.066
306.092
306.116
306.139
306.161
306.181
306.2
306.216
306.23
306.242
306.251
306.257
306.259
306.258
306.252
306.242
306.226
306.204
306.175
306.139
306.094
306.04
305.975
305.898
305.81
305.709
301.909
301.94
301.972
302.004
302.037
302.069
302.102
302.135
302.168
302.201
302.234
302.267
302.301
302.334
302.367
302.4
302.433
302.465
302.498
302.531
302.563
302.595
302.627
302.659
302.691
302.723
302.754
302.786
302.817
302.848
302.879
302.909
302.94
302.97
303.001
303.031
303.061
303.091
303.121
303.15
303.18
303.209
303.239
303.268
303.297
303.326
303.355
303.384
303.413
303.442
303.471
303.499
303.528
303.557
303.585
303.614
303.642
303.671
303.699
303.728
303.756
303.784
303.813
303.841
303.869
303.898
303.926
303.955
303.983
304.011
304.04
304.068
304.097
304.125
304.154
304.182
304.211
304.239
304.268
304.297
304.326
304.354
304.383
304.412
304.441
304.47
304.499
304.529
304.558
304.587
304.617
304.646
304.676
304.705
304.735
304.765
304.795
304.825
304.855
304.885
304.916
304.946
304.977
305.007
305.038
305.069
305.1
305.131
305.162
305.193
305.224
305.256
305.287
305.319
305.35
305.382
305.414
305.446
305.477
305.509
305.541
305.573
305.605
305.636
305.668
305.699
305.731
305.762
305.793
305.823
305.853
305.883
305.913
305.941
305.969
305.997
306.023
306.048
306.072
306.095
306.116
306.135
306.152
306.167
306.18
306.19
306.197
306.2
306.199
306.195
306.185
306.17
306.149
306.122
306.086
306.043
305.99
305.928
305.854
305.769
305.674
301.844
301.874
301.904
301.934
301.964
301.995
302.026
302.057
302.088
302.119
302.151
302.182
302.214
302.245
302.277
302.309
302.34
302.372
302.403
302.435
302.466
302.498
302.529
302.56
302.591
302.622
302.653
302.684
302.714
302.745
302.775
302.806
302.836
302.866
302.896
302.926
302.956
302.985
303.015
303.044
303.074
303.103
303.132
303.162
303.191
303.22
303.249
303.278
303.307
303.336
303.364
303.393
303.422
303.451
303.479
303.508
303.537
303.565
303.594
303.622
303.651
303.68
303.708
303.737
303.765
303.794
303.822
303.851
303.88
303.908
303.937
303.966
303.994
304.023
304.052
304.081
304.11
304.139
304.168
304.197
304.226
304.255
304.284
304.313
304.343
304.372
304.401
304.431
304.461
304.49
304.52
304.55
304.58
304.61
304.64
304.671
304.701
304.731
304.762
304.793
304.823
304.854
304.885
304.916
304.948
304.979
305.01
305.042
305.073
305.105
305.137
305.169
305.201
305.233
305.265
305.297
305.329
305.362
305.394
305.426
305.459
305.491
305.523
305.556
305.588
305.62
305.652
305.684
305.715
305.746
305.777
305.808
305.838
305.867
305.896
305.924
305.951
305.977
306.002
306.025
306.047
306.067
306.085
306.101
306.115
306.126
306.134
306.138
306.138
306.135
306.126
306.112
306.092
306.066
306.032
305.991
305.94
305.88
305.809
305.729
305.639
301.781
301.808
301.836
301.864
301.893
301.922
301.951
301.98
302.009
302.039
302.069
302.098
302.128
302.159
302.189
302.219
302.249
302.279
302.31
302.34
302.37
302.401
302.431
302.461
302.491
302.522
302.552
302.582
302.612
302.642
302.671
302.701
302.731
302.761
302.79
302.82
302.849
302.879
302.908
302.937
302.966
302.996
303.025
303.054
303.083
303.112
303.141
303.17
303.198
303.227
303.256
303.285
303.314
303.342
303.371
303.4
303.429
303.457
303.486
303.515
303.543
303.572
303.601
303.63
303.658
303.687
303.716
303.745
303.773
303.802
303.831
303.86
303.889
303.918
303.947
303.976
304.005
304.035
304.064
304.093
304.123
304.152
304.182
304.211
304.241
304.271
304.3
304.33
304.36
304.39
304.421
304.451
304.481
304.512
304.542
304.573
304.604
304.635
304.666
304.697
304.728
304.759
304.791
304.822
304.854
304.886
304.917
304.949
304.981
305.014
305.046
305.078
305.111
305.143
305.176
305.209
305.242
305.274
305.307
305.34
305.373
305.406
305.439
305.472
305.504
305.537
305.57
305.602
305.634
305.666
305.698
305.729
305.759
305.789
305.819
305.848
305.875
305.902
305.928
305.952
305.975
305.996
306.015
306.032
306.047
306.059
306.067
306.073
306.074
306.072
306.064
306.052
306.033
306.009
305.977
305.937
305.888
305.831
305.764
305.688
305.603
301.718
301.743
301.77
301.796
301.823
301.85
301.877
301.904
301.932
301.96
301.988
302.016
302.045
302.073
302.102
302.131
302.159
302.188
302.217
302.246
302.276
302.305
302.334
302.363
302.392
302.422
302.451
302.48
302.509
302.539
302.568
302.597
302.626
302.655
302.684
302.713
302.742
302.771
302.8
302.829
302.858
302.887
302.916
302.945
302.974
303.003
303.031
303.06
303.089
303.118
303.146
303.175
303.204
303.232
303.261
303.29
303.319
303.347
303.376
303.405
303.434
303.462
303.491
303.52
303.549
303.578
303.607
303.636
303.665
303.694
303.723
303.752
303.781
303.81
303.84
303.869
303.899
303.928
303.958
303.987
304.017
304.047
304.076
304.106
304.136
304.166
304.197
304.227
304.257
304.288
304.318
304.349
304.38
304.41
304.441
304.472
304.504
304.535
304.566
304.598
304.629
304.661
304.693
304.725
304.757
304.789
304.822
304.854
304.887
304.919
304.952
304.985
305.018
305.051
305.084
305.117
305.151
305.184
305.217
305.251
305.284
305.318
305.351
305.385
305.418
305.451
305.484
305.517
305.55
305.582
305.615
305.646
305.678
305.709
305.739
305.768
305.797
305.824
305.851
305.876
305.9
305.922
305.942
305.96
305.975
305.988
305.998
306.005
306.008
306.006
306
305.989
305.972
305.949
305.919
305.882
305.836
305.782
305.719
305.647
305.567
301.655
301.68
301.704
301.729
301.754
301.779
301.804
301.83
301.856
301.883
301.909
301.936
301.963
301.99
302.017
302.044
302.072
302.099
302.127
302.155
302.183
302.211
302.239
302.267
302.295
302.323
302.352
302.38
302.408
302.437
302.465
302.494
302.522
302.55
302.579
302.607
302.636
302.664
302.693
302.721
302.75
302.778
302.807
302.836
302.864
302.893
302.921
302.95
302.978
303.007
303.035
303.064
303.093
303.121
303.15
303.179
303.207
303.236
303.265
303.293
303.322
303.351
303.38
303.409
303.438
303.467
303.496
303.525
303.554
303.583
303.613
303.642
303.671
303.701
303.73
303.76
303.789
303.819
303.849
303.879
303.909
303.939
303.969
303.999
304.029
304.06
304.09
304.121
304.151
304.182
304.213
304.244
304.275
304.306
304.338
304.369
304.401
304.433
304.464
304.496
304.528
304.561
304.593
304.625
304.658
304.69
304.723
304.756
304.789
304.822
304.855
304.889
304.922
304.956
304.989
305.023
305.057
305.091
305.125
305.159
305.193
305.227
305.261
305.295
305.328
305.362
305.396
305.429
305.463
305.496
305.529
305.561
305.593
305.624
305.655
305.685
305.715
305.743
305.77
305.796
305.821
305.844
305.865
305.884
305.901
305.915
305.926
305.934
305.938
305.938
305.933
305.924
305.909
305.888
305.86
305.825
305.782
305.731
305.672
305.605
305.53
301.594
301.617
301.64
301.663
301.686
301.71
301.734
301.758
301.782
301.807
301.832
301.857
301.882
301.908
301.934
301.96
301.986
302.012
302.038
302.065
302.092
302.118
302.145
302.172
302.199
302.227
302.254
302.281
302.309
302.336
302.364
302.391
302.419
302.447
302.475
302.502
302.53
302.558
302.586
302.614
302.642
302.67
302.698
302.726
302.755
302.783
302.811
302.839
302.867
302.896
302.924
302.953
302.981
303.009
303.038
303.066
303.095
303.124
303.152
303.181
303.21
303.239
303.268
303.296
303.325
303.355
303.384
303.413
303.442
303.471
303.501
303.53
303.56
303.589
303.619
303.649
303.678
303.708
303.738
303.769
303.799
303.829
303.859
303.89
303.92
303.951
303.982
304.013
304.044
304.075
304.106
304.137
304.169
304.2
304.232
304.264
304.296
304.328
304.36
304.392
304.425
304.458
304.49
304.523
304.556
304.589
304.622
304.656
304.689
304.723
304.756
304.79
304.824
304.858
304.892
304.926
304.961
304.995
305.029
305.064
305.098
305.133
305.167
305.202
305.236
305.27
305.305
305.339
305.373
305.406
305.44
305.473
305.505
305.537
305.569
305.6
305.63
305.659
305.687
305.714
305.739
305.763
305.785
305.805
305.823
305.838
305.85
305.859
305.865
305.866
305.864
305.856
305.843
305.824
305.798
305.766
305.726
305.679
305.624
305.562
305.491
301.534
301.555
301.577
301.598
301.62
301.642
301.665
301.688
301.711
301.734
301.757
301.781
301.805
301.829
301.853
301.878
301.902
301.927
301.952
301.978
302.003
302.029
302.054
302.08
302.106
302.132
302.158
302.185
302.211
302.238
302.264
302.291
302.318
302.345
302.372
302.399
302.426
302.453
302.481
302.508
302.536
302.563
302.591
302.618
302.646
302.674
302.701
302.729
302.757
302.785
302.813
302.841
302.87
302.898
302.926
302.954
302.983
303.011
303.04
303.069
303.097
303.126
303.155
303.184
303.213
303.242
303.271
303.3
303.329
303.359
303.388
303.418
303.447
303.477
303.507
303.537
303.567
303.597
303.627
303.657
303.687
303.718
303.749
303.779
303.81
303.841
303.872
303.903
303.935
303.966
303.997
304.029
304.061
304.093
304.125
304.157
304.189
304.222
304.254
304.287
304.32
304.353
304.386
304.419
304.453
304.486
304.52
304.553
304.587
304.621
304.655
304.69
304.724
304.758
304.793
304.828
304.862
304.897
304.932
304.967
305.002
305.037
305.072
305.107
305.142
305.176
305.211
305.246
305.28
305.314
305.348
305.382
305.415
305.447
305.48
305.511
305.542
305.571
305.6
305.628
305.654
305.679
305.702
305.723
305.741
305.758
305.771
305.782
305.789
305.792
305.791
305.785
305.774
305.757
305.735
305.705
305.669
305.626
305.575
305.517
305.452
301.476
301.496
301.516
301.536
301.556
301.577
301.598
301.62
301.641
301.663
301.685
301.707
301.73
301.752
301.775
301.798
301.822
301.845
301.869
301.893
301.917
301.942
301.966
301.991
302.016
302.041
302.066
302.091
302.116
302.142
302.168
302.193
302.219
302.245
302.272
302.298
302.324
302.351
302.377
302.404
302.431
302.458
302.485
302.512
302.539
302.566
302.593
302.621
302.648
302.676
302.704
302.731
302.759
302.787
302.815
302.843
302.871
302.9
302.928
302.956
302.985
303.014
303.042
303.071
303.1
303.129
303.158
303.187
303.216
303.246
303.275
303.305
303.335
303.364
303.394
303.424
303.454
303.485
303.515
303.545
303.576
303.606
303.637
303.668
303.699
303.73
303.762
303.793
303.825
303.856
303.888
303.92
303.952
303.984
304.017
304.049
304.082
304.114
304.147
304.18
304.214
304.247
304.28
304.314
304.348
304.382
304.416
304.45
304.484
304.518
304.553
304.588
304.622
304.657
304.692
304.727
304.762
304.797
304.833
304.868
304.903
304.939
304.974
305.01
305.045
305.08
305.115
305.15
305.185
305.22
305.254
305.288
305.322
305.355
305.388
305.42
305.451
305.481
305.511
305.539
305.566
305.592
305.615
305.637
305.657
305.675
305.69
305.701
305.71
305.715
305.715
305.711
305.703
305.688
305.669
305.642
305.61
305.57
305.524
305.47
305.41
301.419
301.438
301.457
301.476
301.495
301.514
301.534
301.554
301.574
301.595
301.615
301.636
301.657
301.679
301.7
301.722
301.744
301.767
301.789
301.812
301.835
301.858
301.881
301.905
301.928
301.952
301.976
302.001
302.025
302.049
302.074
302.099
302.124
302.149
302.174
302.2
302.225
302.251
302.277
302.303
302.329
302.355
302.381
302.408
302.434
302.461
302.488
302.515
302.542
302.569
302.596
302.623
302.651
302.678
302.706
302.734
302.762
302.79
302.818
302.846
302.874
302.903
302.931
302.96
302.989
303.017
303.046
303.075
303.105
303.134
303.163
303.193
303.223
303.252
303.282
303.312
303.343
303.373
303.403
303.434
303.464
303.495
303.526
303.557
303.588
303.62
303.651
303.683
303.715
303.747
303.779
303.811
303.843
303.875
303.908
303.941
303.974
304.007
304.04
304.073
304.107
304.14
304.174
304.208
304.242
304.276
304.311
304.345
304.38
304.415
304.45
304.485
304.52
304.555
304.59
304.626
304.661
304.697
304.732
304.768
304.804
304.839
304.875
304.911
304.947
304.982
305.018
305.053
305.089
305.124
305.158
305.193
305.227
305.261
305.294
305.326
305.358
305.389
305.419
305.448
305.475
305.502
305.526
305.549
305.57
305.589
305.605
305.618
305.628
305.634
305.637
305.635
305.628
305.617
305.6
305.577
305.548
305.512
305.47
305.422
305.366
301.365
301.382
301.4
301.418
301.436
301.454
301.472
301.491
301.51
301.529
301.549
301.569
301.588
301.609
301.629
301.65
301.671
301.692
301.713
301.734
301.756
301.778
301.8
301.823
301.845
301.868
301.891
301.914
301.937
301.961
301.985
302.008
302.032
302.057
302.081
302.105
302.13
302.155
302.18
302.205
302.23
302.256
302.282
302.307
302.333
302.359
302.385
302.412
302.438
302.465
302.491
302.518
302.545
302.572
302.6
302.627
302.654
302.682
302.71
302.738
302.766
302.794
302.822
302.851
302.879
302.908
302.937
302.966
302.995
303.024
303.053
303.083
303.112
303.142
303.172
303.202
303.232
303.263
303.293
303.324
303.354
303.385
303.416
303.447
303.479
303.51
303.542
303.574
303.606
303.638
303.67
303.702
303.735
303.767
303.8
303.833
303.866
303.9
303.933
303.967
304.001
304.034
304.068
304.103
304.137
304.172
304.206
304.241
304.276
304.311
304.346
304.381
304.417
304.452
304.488
304.524
304.56
304.595
304.631
304.667
304.703
304.739
304.775
304.812
304.848
304.883
304.919
304.955
304.991
305.026
305.061
305.096
305.13
305.164
305.198
305.231
305.263
305.294
305.325
305.354
305.383
305.409
305.435
305.459
305.48
305.5
305.517
305.531
305.543
305.551
305.555
305.555
305.551
305.542
305.528
305.508
305.483
305.452
305.414
305.37
305.32
301.313
301.329
301.346
301.363
301.379
301.397
301.414
301.432
301.449
301.468
301.486
301.504
301.523
301.542
301.561
301.581
301.601
301.621
301.641
301.661
301.682
301.702
301.724
301.745
301.766
301.788
301.81
301.832
301.854
301.877
301.899
301.922
301.945
301.969
301.992
302.016
302.039
302.063
302.088
302.112
302.136
302.161
302.186
302.211
302.236
302.261
302.287
302.313
302.339
302.364
302.391
302.417
302.443
302.47
302.497
302.524
302.551
302.578
302.605
302.633
302.661
302.689
302.717
302.745
302.773
302.801
302.83
302.859
302.888
302.917
302.946
302.975
303.005
303.035
303.064
303.094
303.124
303.155
303.185
303.216
303.247
303.278
303.309
303.34
303.371
303.403
303.435
303.466
303.498
303.531
303.563
303.596
303.628
303.661
303.694
303.727
303.761
303.794
303.828
303.862
303.896
303.93
303.964
303.998
304.033
304.068
304.103
304.138
304.173
304.208
304.243
304.279
304.315
304.35
304.386
304.422
304.458
304.494
304.531
304.567
304.603
304.639
304.676
304.712
304.748
304.784
304.82
304.856
304.892
304.928
304.963
304.998
305.033
305.067
305.101
305.134
305.166
305.198
305.229
305.259
305.288
305.315
305.341
305.366
305.388
305.408
305.427
305.442
305.455
305.464
305.471
305.473
305.471
305.465
305.453
305.437
305.415
305.388
305.355
305.316
305.271
301.264
301.279
301.295
301.311
301.326
301.343
301.359
301.375
301.392
301.409
301.427
301.444
301.462
301.48
301.498
301.516
301.535
301.554
301.573
301.592
301.612
301.631
301.651
301.672
301.692
301.713
301.734
301.755
301.776
301.797
301.819
301.841
301.863
301.885
301.908
301.931
301.954
301.977
302
302.024
302.047
302.071
302.095
302.12
302.144
302.169
302.194
302.219
302.244
302.269
302.295
302.32
302.346
302.372
302.399
302.425
302.452
302.479
302.506
302.533
302.56
302.588
302.615
302.643
302.671
302.699
302.727
302.756
302.785
302.814
302.843
302.872
302.901
302.931
302.96
302.99
303.02
303.051
303.081
303.112
303.142
303.173
303.204
303.236
303.267
303.299
303.33
303.362
303.394
303.427
303.459
303.492
303.525
303.558
303.591
303.624
303.657
303.691
303.725
303.759
303.793
303.827
303.862
303.896
303.931
303.966
304.001
304.036
304.071
304.107
304.143
304.178
304.214
304.25
304.286
304.322
304.358
304.395
304.431
304.467
304.504
304.54
304.577
304.613
304.649
304.686
304.722
304.758
304.794
304.829
304.865
304.9
304.935
304.969
305.003
305.036
305.069
305.101
305.132
305.162
305.191
305.219
305.246
305.271
305.294
305.315
305.334
305.351
305.365
305.376
305.383
305.388
305.388
305.384
305.376
305.363
305.344
305.321
305.292
305.258
305.218
301.218
301.233
301.247
301.262
301.277
301.292
301.308
301.323
301.339
301.355
301.371
301.388
301.405
301.422
301.439
301.456
301.474
301.492
301.51
301.528
301.547
301.566
301.585
301.604
301.623
301.643
301.663
301.683
301.703
301.724
301.745
301.766
301.787
301.808
301.83
301.852
301.874
301.896
301.919
301.941
301.964
301.987
302.011
302.034
302.058
302.082
302.106
302.13
302.155
302.18
302.205
302.23
302.255
302.281
302.306
302.332
302.358
302.385
302.411
302.438
302.465
302.492
302.519
302.547
302.574
302.602
302.63
302.658
302.687
302.715
302.744
302.773
302.802
302.832
302.861
302.891
302.921
302.951
302.981
303.012
303.043
303.073
303.104
303.136
303.167
303.199
303.23
303.262
303.294
303.327
303.359
303.392
303.425
303.458
303.491
303.524
303.558
303.592
303.626
303.66
303.694
303.728
303.763
303.797
303.832
303.867
303.902
303.938
303.973
304.009
304.044
304.08
304.116
304.152
304.188
304.224
304.261
304.297
304.333
304.37
304.406
304.443
304.479
304.515
304.552
304.588
304.624
304.66
304.696
304.732
304.767
304.802
304.837
304.871
304.905
304.939
304.971
305.003
305.035
305.065
305.094
305.122
305.149
305.174
305.198
305.22
305.24
305.257
305.272
305.285
305.294
305.3
305.302
305.301
305.295
305.285
305.27
305.251
305.226
305.196
305.161
301.176
301.19
301.203
301.217
301.231
301.246
301.26
301.275
301.29
301.305
301.321
301.336
301.352
301.368
301.385
301.401
301.418
301.435
301.452
301.47
301.487
301.505
301.523
301.542
301.56
301.579
301.598
301.617
301.637
301.656
301.676
301.696
301.717
301.737
301.758
301.779
301.8
301.822
301.844
301.865
301.888
301.91
301.933
301.955
301.978
302.002
302.025
302.049
302.073
302.097
302.121
302.146
302.17
302.195
302.221
302.246
302.272
302.297
302.323
302.35
302.376
302.403
302.43
302.457
302.484
302.512
302.539
302.567
302.595
302.624
302.652
302.681
302.71
302.739
302.768
302.798
302.828
302.858
302.888
302.918
302.949
302.979
303.01
303.041
303.073
303.104
303.136
303.168
303.2
303.232
303.265
303.297
303.33
303.363
303.396
303.43
303.463
303.497
303.531
303.565
303.599
303.634
303.668
303.703
303.738
303.773
303.808
303.843
303.879
303.914
303.95
303.986
304.022
304.058
304.094
304.13
304.166
304.202
304.239
304.275
304.311
304.348
304.384
304.42
304.457
304.493
304.529
304.565
304.6
304.636
304.671
304.706
304.741
304.775
304.808
304.842
304.874
304.906
304.937
304.968
304.997
305.025
305.052
305.077
305.101
305.124
305.144
305.162
305.178
305.192
305.202
305.21
305.214
305.215
305.212
305.204
305.193
305.177
305.156
305.131
305.101
301.138
301.15
301.163
301.177
301.19
301.204
301.218
301.232
301.246
301.26
301.275
301.29
301.305
301.32
301.336
301.352
301.368
301.384
301.4
301.417
301.434
301.451
301.468
301.485
301.503
301.521
301.539
301.558
301.576
301.595
301.614
301.634
301.653
301.673
301.693
301.713
301.734
301.755
301.776
301.797
301.818
301.84
301.862
301.884
301.906
301.929
301.952
301.975
301.998
302.022
302.045
302.069
302.093
302.118
302.142
302.167
302.192
302.218
302.243
302.269
302.295
302.321
302.348
302.375
302.401
302.429
302.456
302.483
302.511
302.539
302.568
302.596
302.625
302.654
302.683
302.712
302.742
302.771
302.801
302.831
302.862
302.892
302.923
302.954
302.985
303.017
303.048
303.08
303.112
303.144
303.177
303.209
303.242
303.275
303.308
303.342
303.375
303.409
303.443
303.477
303.511
303.545
303.58
303.614
303.649
303.684
303.719
303.754
303.79
303.825
303.861
303.896
303.932
303.968
304.004
304.04
304.076
304.112
304.148
304.184
304.22
304.257
304.293
304.329
304.365
304.401
304.436
304.472
304.507
304.542
304.577
304.612
304.646
304.68
304.713
304.746
304.779
304.81
304.841
304.871
304.9
304.928
304.955
304.981
305.005
305.027
305.048
305.067
305.083
305.097
305.109
305.118
305.124
305.127
305.126
305.121
305.113
305.1
305.083
305.062
305.037
301.103
301.116
301.128
301.141
301.153
301.166
301.18
301.193
301.207
301.22
301.234
301.249
301.263
301.278
301.293
301.308
301.323
301.338
301.354
301.37
301.386
301.402
301.419
301.436
301.453
301.47
301.488
301.505
301.523
301.541
301.56
301.578
301.597
301.616
301.636
301.655
301.675
301.695
301.715
301.736
301.757
301.778
301.799
301.821
301.842
301.864
301.886
301.909
301.932
301.955
301.978
302.001
302.025
302.049
302.073
302.097
302.122
302.147
302.172
302.197
302.223
302.248
302.275
302.301
302.327
302.354
302.381
302.408
302.436
302.463
302.491
302.52
302.548
302.577
302.605
302.634
302.664
302.693
302.723
302.753
302.783
302.814
302.844
302.875
302.906
302.937
302.969
303
303.032
303.064
303.097
303.129
303.162
303.195
303.228
303.261
303.294
303.328
303.361
303.395
303.429
303.464
303.498
303.532
303.567
303.602
303.637
303.672
303.707
303.742
303.778
303.813
303.849
303.884
303.92
303.956
303.991
304.027
304.063
304.099
304.135
304.17
304.206
304.242
304.277
304.313
304.348
304.383
304.418
304.453
304.487
304.521
304.555
304.588
304.621
304.653
304.685
304.716
304.747
304.776
304.805
304.833
304.859
304.885
304.908
304.931
304.952
304.971
304.988
305.003
305.015
305.025
305.032
305.037
305.038
305.036
305.03
305.02
305.007
304.99
304.969
301.074
301.085
301.097
301.109
301.122
301.134
301.147
301.16
301.173
301.186
301.199
301.213
301.227
301.241
301.255
301.27
301.284
301.299
301.314
301.33
301.345
301.361
301.377
301.393
301.409
301.426
301.443
301.46
301.477
301.495
301.513
301.531
301.549
301.567
301.586
301.605
301.624
301.644
301.664
301.684
301.704
301.724
301.745
301.766
301.787
301.808
301.83
301.852
301.874
301.897
301.919
301.942
301.965
301.989
302.012
302.036
302.06
302.085
302.11
302.134
302.16
302.185
302.211
302.237
302.263
302.289
302.316
302.343
302.37
302.397
302.425
302.453
302.481
302.509
302.538
302.566
302.596
302.625
302.654
302.684
302.714
302.744
302.775
302.805
302.836
302.867
302.898
302.93
302.962
302.993
303.025
303.058
303.09
303.123
303.156
303.189
303.222
303.255
303.289
303.322
303.356
303.39
303.424
303.459
303.493
303.528
303.562
303.597
303.632
303.667
303.702
303.737
303.772
303.807
303.843
303.878
303.913
303.949
303.984
304.019
304.055
304.09
304.125
304.16
304.195
304.23
304.265
304.299
304.333
304.367
304.401
304.435
304.468
304.5
304.532
304.564
304.595
304.625
304.655
304.684
304.712
304.739
304.765
304.79
304.814
304.836
304.857
304.876
304.893
304.908
304.921
304.932
304.94
304.946
304.949
304.949
304.945
304.939
304.928
304.915
304.897
301.049
301.06
301.071
301.083
301.095
301.107
301.119
301.132
301.144
301.157
301.17
301.183
301.197
301.21
301.224
301.238
301.252
301.266
301.281
301.296
301.311
301.326
301.342
301.357
301.373
301.389
301.406
301.422
301.439
301.456
301.473
301.491
301.509
301.527
301.545
301.563
301.582
301.601
301.62
301.64
301.659
301.679
301.7
301.72
301.741
301.762
301.783
301.804
301.826
301.848
301.87
301.893
301.915
301.938
301.962
301.985
302.009
302.033
302.057
302.082
302.107
302.132
302.157
302.183
302.208
302.234
302.261
302.287
302.314
302.341
302.369
302.396
302.424
302.452
302.48
302.509
302.538
302.567
302.596
302.625
302.655
302.685
302.715
302.746
302.776
302.807
302.838
302.869
302.901
302.932
302.964
302.996
303.028
303.061
303.093
303.126
303.159
303.192
303.225
303.259
303.292
303.326
303.36
303.394
303.428
303.462
303.496
303.531
303.565
303.6
303.634
303.669
303.704
303.738
303.773
303.808
303.843
303.878
303.912
303.947
303.982
304.016
304.051
304.085
304.12
304.154
304.188
304.221
304.255
304.288
304.321
304.353
304.385
304.417
304.448
304.479
304.509
304.539
304.568
304.596
304.623
304.649
304.675
304.699
304.722
304.744
304.764
304.783
304.8
304.815
304.829
304.84
304.849
304.856
304.86
304.861
304.86
304.855
304.848
304.837
304.823
301.029
301.04
301.051
301.062
301.074
301.085
301.097
301.109
301.121
301.134
301.146
301.159
301.172
301.185
301.199
301.212
301.226
301.24
301.255
301.269
301.284
301.298
301.314
301.329
301.344
301.36
301.376
301.392
301.409
301.425
301.442
301.459
301.477
301.494
301.512
301.53
301.548
301.567
301.586
301.605
301.624
301.644
301.663
301.684
301.704
301.724
301.745
301.766
301.788
301.809
301.831
301.853
301.876
301.898
301.921
301.944
301.968
301.992
302.015
302.04
302.064
302.089
302.114
302.139
302.165
302.19
302.217
302.243
302.269
302.296
302.323
302.351
302.378
302.406
302.434
302.462
302.491
302.52
302.549
302.578
302.607
302.637
302.667
302.697
302.727
302.758
302.789
302.82
302.851
302.882
302.914
302.945
302.977
303.01
303.042
303.074
303.107
303.14
303.172
303.206
303.239
303.272
303.305
303.339
303.373
303.406
303.44
303.474
303.508
303.542
303.576
303.61
303.644
303.678
303.713
303.747
303.781
303.815
303.849
303.883
303.917
303.951
303.984
304.018
304.051
304.084
304.117
304.15
304.183
304.215
304.247
304.278
304.309
304.34
304.37
304.4
304.429
304.457
304.485
304.512
304.538
304.564
304.588
304.612
304.634
304.655
304.675
304.693
304.71
304.725
304.738
304.75
304.759
304.767
304.772
304.774
304.775
304.772
304.767
304.759
304.748
301.013
301.024
301.035
301.046
301.057
301.069
301.081
301.092
301.104
301.117
301.129
301.141
301.154
301.167
301.18
301.194
301.207
301.221
301.235
301.249
301.263
301.278
301.293
301.308
301.323
301.338
301.354
301.37
301.386
301.402
301.419
301.436
301.453
301.47
301.488
301.505
301.523
301.542
301.56
301.579
301.598
301.617
301.637
301.656
301.676
301.697
301.717
301.738
301.759
301.781
301.802
301.824
301.846
301.868
301.891
301.914
301.937
301.961
301.984
302.008
302.033
302.057
302.082
302.107
302.132
302.158
302.183
302.209
302.236
302.262
302.289
302.316
302.344
302.371
302.399
302.427
302.455
302.484
302.513
302.541
302.571
302.6
302.63
302.66
302.69
302.72
302.751
302.781
302.812
302.843
302.874
302.906
302.937
302.969
303.001
303.033
303.065
303.098
303.13
303.163
303.196
303.228
303.261
303.294
303.327
303.361
303.394
303.427
303.461
303.494
303.527
303.561
303.594
303.628
303.661
303.695
303.728
303.761
303.794
303.828
303.861
303.893
303.926
303.959
303.991
304.023
304.055
304.087
304.118
304.149
304.18
304.21
304.24
304.27
304.299
304.327
304.355
304.382
304.409
304.435
304.46
304.484
304.507
304.53
304.551
304.571
304.59
304.608
304.624
304.639
304.652
304.663
304.673
304.681
304.686
304.69
304.691
304.69
304.687
304.681
304.673
301.003
301.014
301.025
301.036
301.047
301.058
301.069
301.081
301.093
301.105
301.117
301.129
301.142
301.155
301.168
301.181
301.194
301.208
301.221
301.235
301.25
301.264
301.279
301.293
301.308
301.324
301.339
301.355
301.371
301.387
301.403
301.42
301.437
301.454
301.471
301.489
301.507
301.525
301.543
301.562
301.58
301.6
301.619
301.638
301.658
301.678
301.699
301.719
301.74
301.761
301.783
301.804
301.826
301.849
301.871
301.894
301.917
301.94
301.964
301.987
302.011
302.036
302.06
302.085
302.11
302.136
302.161
302.187
302.213
302.239
302.266
302.293
302.32
302.347
302.375
302.403
302.431
302.459
302.488
302.516
302.545
302.575
302.604
302.634
302.663
302.693
302.724
302.754
302.785
302.815
302.846
302.877
302.908
302.94
302.971
303.003
303.035
303.067
303.099
303.131
303.163
303.195
303.228
303.26
303.293
303.325
303.358
303.391
303.423
303.456
303.489
303.522
303.554
303.587
303.619
303.652
303.684
303.717
303.749
303.781
303.813
303.845
303.877
303.908
303.94
303.971
304.001
304.032
304.062
304.092
304.121
304.15
304.179
304.207
304.235
304.262
304.289
304.315
304.34
304.365
304.389
304.412
304.434
304.455
304.475
304.494
304.512
304.529
304.545
304.559
304.572
304.583
304.592
304.6
304.606
304.61
304.612
304.613
304.611
304.606
304.6
300.998
301.008
301.019
301.03
301.041
301.052
301.063
301.075
301.087
301.098
301.111
301.123
301.135
301.148
301.161
301.174
301.187
301.201
301.214
301.228
301.242
301.256
301.271
301.286
301.301
301.316
301.331
301.347
301.363
301.379
301.395
301.411
301.428
301.445
301.462
301.48
301.498
301.516
301.534
301.552
301.571
301.59
301.609
301.629
301.649
301.669
301.689
301.709
301.73
301.751
301.772
301.794
301.816
301.838
301.86
301.883
301.906
301.929
301.952
301.976
302
302.024
302.049
302.073
302.098
302.123
302.149
302.175
302.201
302.227
302.253
302.28
302.307
302.334
302.362
302.389
302.417
302.445
302.473
302.502
302.531
302.56
302.589
302.618
302.648
302.677
302.707
302.737
302.768
302.798
302.828
302.859
302.89
302.921
302.952
302.983
303.015
303.046
303.077
303.109
303.141
303.173
303.204
303.236
303.268
303.3
303.332
303.364
303.396
303.428
303.46
303.492
303.524
303.556
303.587
303.619
303.651
303.682
303.713
303.744
303.776
303.806
303.837
303.867
303.898
303.927
303.957
303.986
304.015
304.044
304.072
304.1
304.127
304.154
304.181
304.207
304.232
304.257
304.281
304.304
304.327
304.348
304.369
304.389
304.408
304.426
304.444
304.459
304.474
304.488
304.5
304.51
304.52
304.527
304.534
304.538
304.541
304.542
304.541
304.538
304.533
300.996
301.006
301.017
301.028
301.039
301.05
301.061
301.073
301.085
301.096
301.109
301.121
301.133
301.146
301.159
301.172
301.185
301.198
301.212
301.226
301.24
301.254
301.269
301.283
301.298
301.313
301.329
301.344
301.36
301.376
301.393
301.409
301.426
301.443
301.46
301.477
301.495
301.513
301.531
301.55
301.569
301.587
301.607
301.626
301.646
301.666
301.686
301.707
301.727
301.748
301.77
301.791
301.813
301.835
301.857
301.88
301.903
301.926
301.949
301.973
301.997
302.021
302.045
302.07
302.095
302.12
302.145
302.171
302.197
302.223
302.249
302.276
302.303
302.33
302.357
302.384
302.412
302.44
302.468
302.496
302.525
302.554
302.583
302.612
302.641
302.67
302.7
302.73
302.76
302.79
302.82
302.85
302.881
302.911
302.942
302.973
303.003
303.034
303.065
303.096
303.128
303.159
303.19
303.221
303.253
303.284
303.315
303.347
303.378
303.409
303.44
303.472
303.503
303.534
303.565
303.595
303.626
303.657
303.687
303.717
303.747
303.777
303.807
303.836
303.865
303.894
303.923
303.951
303.979
304.006
304.033
304.06
304.086
304.112
304.137
304.162
304.186
304.209
304.232
304.254
304.276
304.296
304.316
304.335
304.353
304.37
304.386
304.401
304.415
304.428
304.439
304.45
304.458
304.466
304.472
304.476
304.479
304.481
304.481
304.479
304.475
300.997
301.007
301.018
301.029
301.04
301.051
301.062
301.074
301.086
301.097
301.11
301.122
301.134
301.147
301.16
301.173
301.186
301.2
301.213
301.227
301.241
301.256
301.27
301.285
301.3
301.315
301.33
301.346
301.362
301.378
301.394
301.411
301.428
301.445
301.462
301.479
301.497
301.515
301.533
301.552
301.571
301.59
301.609
301.628
301.648
301.668
301.688
301.709
301.73
301.751
301.772
301.794
301.815
301.838
301.86
301.882
301.905
301.928
301.952
301.975
301.999
302.023
302.048
302.072
302.097
302.122
302.147
302.173
302.199
302.225
302.251
302.278
302.304
302.331
302.358
302.386
302.413
302.441
302.469
302.497
302.525
302.554
302.583
302.612
302.641
302.67
302.699
302.728
302.758
302.788
302.818
302.848
302.878
302.908
302.938
302.969
302.999
303.03
303.06
303.091
303.122
303.152
303.183
303.214
303.245
303.275
303.306
303.337
303.368
303.398
303.429
303.459
303.49
303.52
303.55
303.581
303.611
303.64
303.67
303.699
303.729
303.758
303.787
303.815
303.843
303.871
303.899
303.926
303.953
303.98
304.006
304.032
304.057
304.082
304.106
304.129
304.153
304.175
304.197
304.218
304.238
304.258
304.277
304.295
304.312
304.328
304.344
304.358
304.371
304.383
304.394
304.404
304.413
304.42
304.426
304.43
304.433
304.435
304.435
304.433
304.43
300.998
301.009
301.02
301.03
301.041
301.053
301.064
301.076
301.087
301.099
301.112
301.124
301.136
301.149
301.162
301.175
301.188
301.202
301.216
301.23
301.244
301.258
301.273
301.287
301.302
301.318
301.333
301.349
301.365
301.381
301.397
301.414
301.431
301.448
301.465
301.483
301.5
301.518
301.537
301.555
301.574
301.593
301.612
301.632
301.652
301.672
301.692
301.713
301.733
301.754
301.776
301.797
301.819
301.841
301.864
301.886
301.909
301.932
301.956
301.979
302.003
302.027
302.051
302.076
302.101
302.126
302.151
302.177
302.203
302.228
302.255
302.281
302.308
302.335
302.362
302.389
302.416
302.444
302.472
302.5
302.528
302.556
302.585
302.614
302.643
302.672
302.701
302.73
302.759
302.789
302.819
302.848
302.878
302.908
302.938
302.968
302.999
303.029
303.059
303.09
303.12
303.151
303.181
303.211
303.242
303.272
303.303
303.333
303.364
303.394
303.424
303.454
303.484
303.514
303.544
303.574
303.603
303.633
303.662
303.691
303.72
303.748
303.776
303.804
303.832
303.86
303.887
303.914
303.94
303.966
303.991
304.017
304.041
304.065
304.089
304.112
304.135
304.156
304.178
304.198
304.218
304.237
304.256
304.273
304.29
304.305
304.32
304.334
304.347
304.358
304.369
304.378
304.387
304.394
304.399
304.404
304.407
304.409
304.409
304.408
304.405
305.672
305.185
304.804
304.476
304.186
303.925
303.691
303.478
303.283
303.103
302.936
302.779
302.631
302.491
302.357
302.229
302.106
301.988
301.875
301.766
301.661
301.56
301.464
301.371
301.282
301.197
301.116
301.038
300.963
300.893
300.825
300.762
300.701
300.644
300.59
300.54
300.493
300.448
300.407
300.369
300.334
300.301
300.272
300.245
300.221
300.2
300.182
300.167
300.156
300.148
300.143
305.67
305.185
304.803
304.476
304.186
303.925
303.691
303.478
303.283
303.103
302.936
302.779
302.631
302.491
302.357
302.229
302.106
301.988
301.875
301.766
301.661
301.561
301.464
301.371
301.282
301.197
301.116
301.038
300.964
300.893
300.826
300.762
300.701
300.644
300.59
300.54
300.493
300.448
300.407
300.369
300.334
300.301
300.272
300.245
300.221
300.2
300.182
300.167
300.156
300.148
300.143
305.667
305.184
304.803
304.476
304.186
303.925
303.691
303.478
303.283
303.103
302.936
302.779
302.632
302.491
302.357
302.229
302.106
301.988
301.875
301.766
301.661
301.561
301.464
301.371
301.283
301.197
301.116
301.038
300.964
300.893
300.826
300.762
300.701
300.644
300.591
300.54
300.493
300.448
300.407
300.369
300.334
300.301
300.272
300.245
300.221
300.2
300.182
300.167
300.156
300.148
300.144
305.662
305.183
304.803
304.476
304.186
303.926
303.691
303.478
303.283
303.103
302.936
302.78
302.632
302.491
302.357
302.229
302.106
301.988
301.875
301.766
301.662
301.561
301.464
301.372
301.283
301.198
301.116
301.038
300.964
300.893
300.826
300.762
300.702
300.644
300.591
300.54
300.493
300.449
300.407
300.369
300.334
300.301
300.272
300.245
300.221
300.2
300.182
300.167
300.156
300.148
300.144
305.655
305.181
304.802
304.475
304.186
303.926
303.691
303.478
303.283
303.104
302.937
302.78
302.632
302.492
302.358
302.23
302.107
301.989
301.876
301.767
301.662
301.561
301.465
301.372
301.283
301.198
301.116
301.039
300.964
300.893
300.826
300.762
300.702
300.645
300.591
300.54
300.493
300.449
300.408
300.369
300.334
300.302
300.272
300.245
300.221
300.2
300.182
300.167
300.156
300.148
300.144
305.647
305.179
304.801
304.475
304.186
303.926
303.691
303.479
303.284
303.104
302.937
302.781
302.633
302.493
302.359
302.23
302.108
301.99
301.876
301.767
301.663
301.562
301.465
301.373
301.284
301.199
301.117
301.039
300.965
300.894
300.827
300.763
300.702
300.645
300.591
300.541
300.493
300.449
300.408
300.37
300.334
300.302
300.272
300.245
300.222
300.201
300.182
300.168
300.156
300.148
300.144
305.637
305.176
304.8
304.475
304.186
303.926
303.692
303.479
303.285
303.105
302.938
302.782
302.634
302.494
302.36
302.231
302.109
301.991
301.877
301.768
301.664
301.563
301.466
301.374
301.285
301.199
301.118
301.04
300.965
300.895
300.827
300.763
300.703
300.646
300.592
300.541
300.494
300.449
300.408
300.37
300.334
300.302
300.272
300.246
300.222
300.201
300.183
300.168
300.156
300.148
300.144
305.625
305.173
304.799
304.475
304.186
303.927
303.693
303.48
303.286
303.106
302.94
302.783
302.635
302.495
302.361
302.233
302.11
301.992
301.878
301.769
301.665
301.564
301.467
301.375
301.286
301.2
301.119
301.041
300.966
300.895
300.828
300.764
300.703
300.646
300.592
300.542
300.494
300.45
300.409
300.37
300.335
300.302
300.273
300.246
300.222
300.201
300.183
300.168
300.156
300.148
300.144
305.611
305.169
304.798
304.474
304.186
303.927
303.694
303.481
303.287
303.108
302.941
302.785
302.637
302.497
302.363
302.234
302.112
301.994
301.88
301.771
301.666
301.566
301.469
301.376
301.287
301.202
301.12
301.042
300.967
300.896
300.829
300.765
300.704
300.647
300.593
300.542
300.495
300.45
300.409
300.371
300.335
300.303
300.273
300.246
300.222
300.201
300.183
300.168
300.156
300.148
300.144
305.597
305.164
304.796
304.474
304.187
303.928
303.695
303.483
303.289
303.11
302.943
302.787
302.639
302.499
302.365
302.237
302.114
301.996
301.882
301.773
301.668
301.567
301.471
301.378
301.289
301.203
301.121
301.043
300.969
300.898
300.83
300.766
300.705
300.648
300.594
300.543
300.496
300.451
300.41
300.371
300.336
300.303
300.274
300.247
300.223
300.201
300.183
300.168
300.157
300.148
300.144
305.58
305.159
304.795
304.474
304.188
303.93
303.697
303.485
303.292
303.113
302.946
302.79
302.642
302.502
302.368
302.24
302.117
301.998
301.885
301.776
301.671
301.57
301.473
301.38
301.291
301.205
301.123
301.045
300.97
300.899
300.832
300.767
300.707
300.649
300.595
300.544
300.497
300.452
300.411
300.372
300.337
300.304
300.274
300.247
300.223
300.202
300.184
300.169
300.157
300.149
300.144
305.563
305.153
304.793
304.474
304.189
303.932
303.7
303.488
303.295
303.116
302.95
302.794
302.646
302.506
302.371
302.243
302.12
302.002
301.888
301.779
301.674
301.573
301.476
301.383
301.293
301.208
301.126
301.047
300.972
300.901
300.833
300.769
300.708
300.651
300.597
300.546
300.498
300.453
300.412
300.373
300.337
300.305
300.275
300.248
300.224
300.202
300.184
300.169
300.157
300.149
300.145
305.544
305.146
304.791
304.475
304.191
303.935
303.703
303.492
303.299
303.121
302.954
302.798
302.651
302.51
302.376
302.248
302.124
302.006
301.892
301.783
301.678
301.576
301.479
301.386
301.296
301.211
301.128
301.05
300.975
300.904
300.836
300.771
300.71
300.653
300.598
300.547
300.499
300.454
300.413
300.374
300.338
300.306
300.276
300.248
300.224
300.203
300.185
300.169
300.157
300.149
300.145
305.524
305.138
304.789
304.476
304.193
303.938
303.707
303.497
303.304
303.126
302.96
302.804
302.656
302.516
302.382
302.253
302.13
302.011
301.897
301.788
301.682
301.581
301.483
301.39
301.3
301.214
301.132
301.053
300.978
300.906
300.838
300.774
300.712
300.655
300.6
300.549
300.501
300.456
300.414
300.375
300.34
300.307
300.277
300.249
300.225
300.204
300.185
300.17
300.158
300.149
300.145
305.503
305.131
304.788
304.477
304.197
303.943
303.713
303.503
303.311
303.133
302.967
302.811
302.663
302.523
302.388
302.26
302.136
302.017
301.903
301.793
301.688
301.586
301.488
301.395
301.305
301.219
301.136
301.057
300.982
300.91
300.841
300.777
300.715
300.657
300.603
300.551
300.503
300.458
300.416
300.377
300.341
300.308
300.278
300.25
300.226
300.204
300.186
300.17
300.158
300.15
300.145
305.482
305.122
304.786
304.479
304.201
303.949
303.72
303.511
303.319
303.141
302.975
302.819
302.672
302.531
302.396
302.267
302.144
302.025
301.91
301.8
301.694
301.592
301.494
301.4
301.31
301.224
301.141
301.062
300.986
300.914
300.845
300.78
300.718
300.66
300.605
300.554
300.505
300.46
300.418
300.379
300.342
300.309
300.279
300.251
300.227
300.205
300.187
300.171
300.159
300.15
300.146
305.459
305.114
304.785
304.482
304.206
303.956
303.728
303.52
303.328
303.151
302.986
302.83
302.682
302.541
302.406
302.277
302.153
302.033
301.919
301.808
301.702
301.6
301.502
301.407
301.317
301.23
301.146
301.067
300.991
300.918
300.85
300.784
300.722
300.664
300.608
300.557
300.508
300.462
300.42
300.381
300.344
300.311
300.28
300.253
300.228
300.206
300.187
300.172
300.16
300.151
300.146
305.436
305.105
304.784
304.486
304.213
303.964
303.738
303.531
303.34
303.163
302.998
302.842
302.694
302.553
302.418
302.288
302.164
302.044
301.929
301.818
301.711
301.609
301.51
301.415
301.324
301.237
301.153
301.073
300.997
300.924
300.855
300.789
300.727
300.668
300.612
300.56
300.511
300.465
300.423
300.383
300.346
300.313
300.282
300.254
300.229
300.207
300.188
300.173
300.16
300.152
300.147
305.411
305.096
304.784
304.491
304.221
303.975
303.75
303.544
303.354
303.177
303.012
302.856
302.708
302.566
302.431
302.301
302.176
302.056
301.94
301.829
301.722
301.619
301.52
301.424
301.333
301.245
301.161
301.08
301.004
300.93
300.861
300.794
300.732
300.672
300.617
300.564
300.515
300.469
300.426
300.386
300.349
300.315
300.284
300.256
300.231
300.209
300.19
300.174
300.161
300.152
300.148
305.386
305.086
304.784
304.497
304.231
303.987
303.764
303.559
303.37
303.194
303.028
302.872
302.724
302.582
302.447
302.316
302.191
302.07
301.954
301.842
301.735
301.631
301.531
301.435
301.343
301.255
301.17
301.089
301.012
300.938
300.868
300.801
300.738
300.678
300.622
300.569
300.519
300.472
300.429
300.389
300.351
300.317
300.286
300.258
300.232
300.21
300.191
300.175
300.162
300.153
300.148
305.36
305.076
304.784
304.504
304.243
304.002
303.78
303.577
303.388
303.213
303.048
302.892
302.743
302.601
302.465
302.334
302.208
302.087
301.97
301.857
301.749
301.645
301.544
301.448
301.355
301.266
301.181
301.099
301.021
300.946
300.876
300.808
300.744
300.684
300.627
300.574
300.523
300.477
300.433
300.392
300.355
300.32
300.288
300.26
300.234
300.212
300.192
300.176
300.163
300.154
300.149
305.332
305.064
304.785
304.512
304.256
304.018
303.799
303.597
303.41
303.235
303.07
302.914
302.765
302.622
302.486
302.354
302.228
302.106
301.988
301.875
301.766
301.661
301.56
301.462
301.369
301.279
301.193
301.11
301.031
300.956
300.885
300.817
300.752
300.691
300.634
300.58
300.529
300.481
300.437
300.396
300.358
300.323
300.291
300.262
300.236
300.214
300.194
300.177
300.164
300.155
300.15
305.304
305.052
304.785
304.522
304.271
304.037
303.821
303.62
303.434
303.26
303.095
302.939
302.79
302.647
302.51
302.377
302.25
302.128
302.009
301.895
301.785
301.679
301.577
301.479
301.384
301.294
301.207
301.123
301.044
300.968
300.895
300.826
300.761
300.699
300.641
300.586
300.535
300.487
300.442
300.4
300.362
300.327
300.294
300.265
300.239
300.216
300.196
300.179
300.166
300.156
300.151
305.273
305.038
304.785
304.531
304.288
304.058
303.845
303.647
303.462
303.288
303.124
302.967
302.818
302.675
302.537
302.404
302.276
302.152
302.033
301.918
301.807
301.7
301.597
301.498
301.402
301.31
301.222
301.138
301.057
300.98
300.907
300.837
300.771
300.709
300.65
300.594
300.542
300.493
300.448
300.405
300.366
300.33
300.298
300.268
300.241
300.218
300.198
300.181
300.167
300.158
300.152
305.24
305.022
304.783
304.541
304.305
304.081
303.872
303.676
303.492
303.319
303.155
302.999
302.85
302.706
302.567
302.434
302.305
302.18
302.06
301.944
301.832
301.724
301.62
301.519
301.423
301.33
301.241
301.155
301.073
300.995
300.921
300.85
300.783
300.719
300.659
300.603
300.55
300.5
300.454
300.411
300.371
300.335
300.301
300.271
300.244
300.22
300.2
300.182
300.169
300.159
300.154
305.205
305.003
304.78
304.549
304.323
304.105
303.9
303.707
303.526
303.354
303.191
303.035
302.885
302.741
302.602
302.467
302.337
302.212
302.091
301.973
301.86
301.751
301.645
301.544
301.446
301.351
301.261
301.174
301.091
301.012
300.936
300.864
300.796
300.731
300.67
300.612
300.558
300.508
300.461
300.417
300.377
300.34
300.306
300.275
300.247
300.223
300.202
300.184
300.171
300.161
300.155
305.166
304.982
304.774
304.557
304.34
304.13
303.93
303.741
303.562
303.392
303.23
303.074
302.924
302.779
302.64
302.504
302.374
302.247
302.125
302.006
301.892
301.781
301.674
301.571
301.472
301.376
301.284
301.196
301.111
301.031
300.953
300.88
300.81
300.744
300.682
300.623
300.568
300.517
300.469
300.424
300.383
300.345
300.31
300.279
300.251
300.226
300.205
300.187
300.173
300.162
300.157
305.124
304.957
304.765
304.562
304.356
304.155
303.961
303.777
303.601
303.433
303.271
303.116
302.966
302.821
302.681
302.545
302.414
302.286
302.163
302.043
301.927
301.815
301.706
301.602
301.501
301.404
301.31
301.22
301.134
301.052
300.973
300.898
300.827
300.759
300.696
300.636
300.579
300.527
300.477
300.432
300.39
300.351
300.316
300.284
300.255
300.23
300.208
300.189
300.175
300.164
300.159
305.079
304.928
304.753
304.564
304.37
304.178
303.992
303.813
303.641
303.475
303.315
303.161
303.012
302.867
302.727
302.59
302.458
302.329
302.204
302.083
301.966
301.852
301.742
301.636
301.533
301.434
301.339
301.247
301.159
301.075
300.995
300.918
300.845
300.776
300.711
300.649
300.591
300.537
300.487
300.44
300.397
300.358
300.321
300.289
300.259
300.233
300.211
300.192
300.177
300.166
300.161
305.029
304.895
304.736
304.562
304.381
304.2
304.022
303.848
303.681
303.519
303.361
303.209
303.06
302.916
302.775
302.638
302.505
302.375
302.25
302.127
302.008
301.893
301.782
301.673
301.569
301.468
301.371
301.277
301.187
301.101
301.019
300.94
300.865
300.794
300.727
300.664
300.605
300.549
300.498
300.45
300.406
300.365
300.328
300.294
300.264
300.237
300.214
300.195
300.18
300.169
300.163
304.975
304.856
304.714
304.555
304.388
304.218
304.049
303.883
303.721
303.562
303.408
303.258
303.11
302.967
302.826
302.689
302.556
302.425
302.298
302.175
302.055
301.938
301.824
301.715
301.608
301.505
301.406
301.31
301.218
301.13
301.045
300.964
300.888
300.815
300.746
300.681
300.62
300.563
300.51
300.46
300.415
300.373
300.335
300.3
300.269
300.242
300.218
300.198
300.182
300.171
300.165
304.916
304.813
304.686
304.543
304.389
304.231
304.072
303.914
303.758
303.605
303.455
303.307
303.162
303.019
302.88
302.743
302.609
302.478
302.35
302.226
302.104
301.986
301.871
301.759
301.65
301.545
301.444
301.346
301.252
301.161
301.074
300.991
300.912
300.837
300.766
300.699
300.636
300.577
300.522
300.471
300.425
300.381
300.342
300.306
300.275
300.246
300.222
300.202
300.185
300.174
300.168
304.853
304.765
304.653
304.525
304.385
304.24
304.091
303.942
303.793
303.646
303.5
303.356
303.213
303.073
302.934
302.798
302.664
302.533
302.405
302.279
302.157
302.037
301.92
301.806
301.696
301.589
301.485
301.385
301.288
301.195
301.105
301.02
300.939
300.861
300.788
300.719
300.654
300.593
300.536
300.484
300.435
300.391
300.35
300.313
300.28
300.251
300.226
300.205
300.189
300.177
300.17
304.787
304.712
304.614
304.501
304.375
304.242
304.104
303.965
303.824
303.683
303.542
303.402
303.263
303.125
302.989
302.854
302.721
302.59
302.461
302.335
302.211
302.09
301.972
301.856
301.744
301.634
301.528
301.426
301.326
301.231
301.139
301.051
300.967
300.887
300.811
300.74
300.673
300.61
300.551
300.497
300.447
300.401
300.359
300.321
300.287
300.257
300.231
300.209
300.192
300.18
300.173
304.719
304.655
304.571
304.471
304.359
304.238
304.112
303.982
303.85
303.716
303.581
303.446
303.311
303.176
303.042
302.909
302.777
302.647
302.518
302.391
302.267
302.145
302.025
301.908
301.794
301.682
301.574
301.469
301.367
301.269
301.174
301.084
300.997
300.914
300.836
300.762
300.693
300.628
300.567
300.511
300.459
300.411
300.368
300.328
300.293
300.262
300.236
300.213
300.195
300.183
300.176
304.65
304.596
304.524
304.437
304.337
304.229
304.114
303.994
303.87
303.744
303.615
303.486
303.355
303.224
303.093
302.962
302.832
302.702
302.574
302.447
302.323
302.2
302.079
301.96
301.844
301.731
301.62
301.513
301.408
301.308
301.21
301.117
301.028
300.943
300.862
300.785
300.713
300.646
300.583
300.525
300.471
300.422
300.377
300.336
300.3
300.268
300.24
300.217
300.199
300.186
300.179
304.582
304.537
304.476
304.4
304.312
304.215
304.11
304
303.885
303.766
303.644
303.52
303.395
303.267
303.14
303.011
302.883
302.755
302.628
302.501
302.376
302.253
302.131
302.011
301.894
301.778
301.666
301.556
301.45
301.346
301.247
301.151
301.059
300.971
300.888
300.809
300.734
300.664
300.599
300.539
300.483
300.432
300.386
300.344
300.307
300.274
300.245
300.221
300.202
300.189
300.181
304.519
304.481
304.428
304.362
304.285
304.197
304.103
304.001
303.894
303.783
303.668
303.549
303.428
303.305
303.181
303.055
302.929
302.803
302.677
302.551
302.426
302.302
302.18
302.059
301.94
301.824
301.71
301.598
301.489
301.384
301.282
301.183
301.089
300.999
300.913
300.831
300.754
300.682
300.615
300.553
300.495
300.443
300.395
300.352
300.313
300.279
300.25
300.225
300.206
300.192
300.184
304.463
304.432
304.386
304.328
304.258
304.18
304.093
303.999
303.9
303.795
303.685
303.572
303.456
303.337
303.215
303.093
302.969
302.844
302.719
302.594
302.47
302.346
302.223
302.102
301.982
301.864
301.748
301.635
301.525
301.417
301.313
301.212
301.116
301.023
300.935
300.852
300.773
300.699
300.63
300.565
300.506
300.452
300.403
300.358
300.319
300.284
300.254
300.228
300.208
300.194
300.186
304.421
304.393
304.352
304.3
304.237
304.164
304.084
303.996
303.902
303.802
303.697
303.588
303.475
303.359
303.241
303.12
302.998
302.875
302.751
302.627
302.503
302.379
302.256
302.135
302.014
301.895
301.779
301.664
301.552
301.444
301.338
301.236
301.137
301.043
300.953
300.868
300.787
300.712
300.641
300.575
300.515
300.46
300.409
300.364
300.323
300.288
300.257
300.231
300.211
300.196
300.188
304.397
304.371
304.333
304.283
304.224
304.155
304.078
303.994
303.903
303.806
303.704
303.597
303.486
303.372
303.255
303.136
303.015
302.893
302.77
302.646
302.522
302.399
302.276
302.154
302.033
301.914
301.797
301.681
301.569
301.459
301.353
301.249
301.15
301.055
300.964
300.878
300.796
300.719
300.648
300.581
300.52
300.464
300.413
300.367
300.326
300.29
300.259
300.233
300.212
300.197
300.189
)
;

boundaryField
{
    inlet
    {
        type            fixedValue;
        value           uniform 300;
    }
    outlet
    {
        type            zeroGradient;
    }
    top
    {
        type            zeroGradient;
    }
    slip-bottom
    {
        type            zeroGradient;
    }
    bottom
    {
        type            zeroGradient;
    }
    interface
    {
        type            fixedGradient;
        gradient        nonuniform List<scalar> 
161
(
67.995
67.995
46.219
46.219
46.219
46.219
34.3143
34.3143
34.3143
34.3143
29.4963
29.4963
29.4963
28.6998
28.6998
28.6998
28.6998
26.0974
26.0974
26.0974
25.2308
25.2308
25.2308
24.7272
24.7272
24.7272
24.0771
24.0771
24.0771
23.4908
23.4908
23.4908
22.9468
22.9468
22.9468
22.4099
22.4099
22.4099
21.8974
21.8974
21.8974
20.8605
20.8605
21.6096
21.6096
21.6096
20.5727
20.5727
21.0569
21.0569
21.0569
20.0272
20.0272
20.0241
20.0241
20.0241
20.1662
20.1662
20.5153
20.5153
19.2577
19.2577
19.1497
19.1497
19.1974
19.1974
19.0575
19.0575
19.0575
18.8833
18.8833
18.7118
18.5303
18.5303
18.3056
18.3056
18.1023
18.1023
17.336
17.336
18.3069
18.3069
17.9204
17.9204
17.4797
16.7145
16.7145
17.5723
17.5723
17.2164
16.2411
16.2411
17.1074
16.1863
16.1863
16.7846
16.7846
15.833
16.4441
16.4441
15.5323
16.1672
15.2381
15.2381
15.3034
15.9775
15.9775
14.8257
15.3977
14.4364
14.4364
14.4559
14.6608
15.0857
15.0857
13.8641
13.919
14.1235
14.5008
14.5008
13.3116
13.3406
13.5199
13.5189
13.8986
12.7678
12.7678
12.6732
12.7468
12.6757
12.5861
12.4834
12.3714
12.2535
12.1311
12.0058
11.8787
11.751
11.6241
11.4995
11.3791
11.2649
11.1589
11.0631
10.9795
10.9111
10.863
10.8446
10.8734
10.9158
10.7995
10.8016
11.057
11.2992
11.6586
12.1212
13.9541
12.4194
14.3891
16.381
23.5343
)
;
    }
    defaultFaces
    {
        type            empty;
    }
}


// ************************************************************************* //
