/*--------------------------------*- C++ -*----------------------------------*\
| =========                 |                                                 |
| \\      /  F ield         | OpenFOAM: The Open Source CFD Toolbox           |
|  \\    /   O peration     | Version:  2106                                  |
|   \\  /    A nd           | Website:  www.openfoam.com                      |
|    \\/     M anipulation  |                                                 |
\*---------------------------------------------------------------------------*/
FoamFile
{
    version     2.0;
    format      ascii;
    arch        "LSB;label=32;scalar=64";
    class       volScalarField;
    location    "6.2";
    object      T;
}
// * * * * * * * * * * * * * * * * * * * * * * * * * * * * * * * * * * * * * //

dimensions      [0 0 0 1 0 0 0];

internalField   nonuniform List<scalar> 
12013
(
300.003
300.01
300.017
300.025
300.032
300.04
300.049
300.057
300.067
300.076
300.086
300.096
300.106
300.117
300.129
300.141
300.153
300.166
300.179
300.192
300.206
300.221
300.236
300.252
300.268
300.284
300.302
300.319
300.338
300.357
300.376
300.396
300.417
300.438
300.46
300.483
300.507
300.531
300.555
300.581
300.607
300.634
300.662
300.691
300.72
300.75
300.782
300.814
300.847
300.88
300.915
300.951
300.988
301.026
301.065
301.105
301.146
301.188
301.232
301.277
301.324
301.372
301.421
301.472
301.524
301.579
301.635
301.694
301.754
301.817
301.883
301.951
302.023
302.099
302.179
302.263
302.354
302.453
302.562
302.686
302.834
300.003
300.01
300.017
300.025
300.032
300.04
300.049
300.057
300.067
300.076
300.086
300.096
300.106
300.117
300.129
300.141
300.153
300.166
300.179
300.192
300.206
300.221
300.236
300.252
300.268
300.284
300.302
300.319
300.338
300.357
300.376
300.396
300.417
300.438
300.46
300.483
300.507
300.531
300.555
300.581
300.607
300.634
300.662
300.691
300.72
300.75
300.781
300.813
300.846
300.88
300.915
300.951
300.988
301.025
301.064
301.104
301.146
301.188
301.232
301.277
301.323
301.371
301.42
301.471
301.524
301.578
301.634
301.693
301.753
301.816
301.881
301.949
302.021
302.096
302.175
302.259
302.348
302.445
302.549
302.664
302.791
300.003
300.01
300.017
300.025
300.032
300.04
300.049
300.057
300.067
300.076
300.086
300.096
300.106
300.117
300.129
300.141
300.153
300.165
300.179
300.192
300.206
300.221
300.236
300.252
300.268
300.284
300.302
300.319
300.338
300.357
300.376
300.396
300.417
300.438
300.46
300.483
300.506
300.531
300.555
300.581
300.607
300.634
300.662
300.69
300.72
300.75
300.781
300.813
300.846
300.88
300.915
300.95
300.987
301.025
301.064
301.104
301.145
301.187
301.231
301.276
301.322
301.37
301.419
301.47
301.522
301.576
301.632
301.69
301.75
301.813
301.877
301.945
302.016
302.09
302.167
302.249
302.335
302.427
302.525
302.629
302.737
300.003
300.01
300.017
300.025
300.032
300.04
300.049
300.057
300.067
300.076
300.086
300.096
300.106
300.117
300.129
300.141
300.153
300.165
300.179
300.192
300.206
300.221
300.236
300.252
300.268
300.284
300.301
300.319
300.338
300.356
300.376
300.396
300.417
300.438
300.46
300.483
300.506
300.53
300.555
300.581
300.607
300.634
300.662
300.69
300.72
300.75
300.781
300.813
300.846
300.879
300.914
300.95
300.987
301.024
301.063
301.103
301.144
301.186
301.23
301.274
301.321
301.368
301.417
301.467
301.52
301.573
301.629
301.686
301.746
301.807
301.871
301.938
302.007
302.079
302.155
302.234
302.316
302.403
302.493
302.585
302.679
300.003
300.01
300.017
300.025
300.032
300.04
300.049
300.057
300.067
300.076
300.086
300.096
300.106
300.117
300.129
300.141
300.153
300.165
300.179
300.192
300.206
300.221
300.236
300.251
300.268
300.284
300.301
300.319
300.337
300.356
300.376
300.396
300.417
300.438
300.46
300.483
300.506
300.53
300.555
300.58
300.607
300.634
300.661
300.69
300.719
300.749
300.78
300.812
300.845
300.879
300.913
300.949
300.985
301.023
301.062
301.102
301.142
301.185
301.228
301.272
301.318
301.365
301.414
301.464
301.516
301.569
301.624
301.681
301.739
301.8
301.863
301.928
301.995
302.065
302.138
302.213
302.291
302.372
302.454
302.537
302.62
300.003
300.01
300.017
300.025
300.032
300.04
300.049
300.057
300.066
300.076
300.086
300.096
300.106
300.117
300.129
300.14
300.153
300.165
300.179
300.192
300.206
300.221
300.236
300.251
300.267
300.284
300.301
300.319
300.337
300.356
300.376
300.396
300.417
300.438
300.46
300.482
300.506
300.53
300.555
300.58
300.606
300.633
300.661
300.689
300.718
300.749
300.779
300.811
300.844
300.878
300.912
300.948
300.984
301.022
301.06
301.1
301.14
301.182
301.225
301.269
301.315
301.362
301.41
301.459
301.511
301.563
301.617
301.673
301.731
301.79
301.851
301.915
301.98
302.047
302.117
302.188
302.261
302.335
302.411
302.486
302.56
300.003
300.01
300.017
300.025
300.032
300.04
300.049
300.057
300.066
300.076
300.086
300.096
300.106
300.117
300.129
300.14
300.153
300.165
300.178
300.192
300.206
300.221
300.236
300.251
300.267
300.284
300.301
300.319
300.337
300.356
300.375
300.396
300.416
300.438
300.46
300.482
300.505
300.529
300.554
300.579
300.606
300.632
300.66
300.688
300.718
300.748
300.778
300.81
300.843
300.876
300.911
300.946
300.982
301.019
301.058
301.097
301.137
301.179
301.222
301.266
301.311
301.357
301.404
301.453
301.504
301.555
301.609
301.663
301.72
301.778
301.837
301.898
301.961
302.025
302.091
302.158
302.227
302.295
302.365
302.433
302.5
300.003
300.01
300.017
300.025
300.032
300.04
300.049
300.057
300.066
300.076
300.086
300.096
300.106
300.117
300.129
300.14
300.153
300.165
300.178
300.192
300.206
300.221
300.236
300.251
300.267
300.284
300.301
300.319
300.337
300.356
300.375
300.395
300.416
300.437
300.459
300.482
300.505
300.529
300.553
300.579
300.605
300.632
300.659
300.687
300.716
300.746
300.777
300.809
300.841
300.874
300.909
300.944
300.98
301.017
301.055
301.094
301.134
301.175
301.217
301.261
301.305
301.351
301.398
301.446
301.495
301.546
301.598
301.651
301.706
301.762
301.82
301.878
301.938
302
302.062
302.125
302.188
302.252
302.316
302.379
302.44
300.003
300.01
300.017
300.025
300.032
300.04
300.049
300.057
300.066
300.076
300.086
300.096
300.106
300.117
300.129
300.14
300.153
300.165
300.178
300.192
300.206
300.22
300.235
300.251
300.267
300.284
300.301
300.318
300.337
300.355
300.375
300.395
300.415
300.437
300.459
300.481
300.504
300.528
300.553
300.578
300.604
300.631
300.658
300.686
300.715
300.745
300.775
300.807
300.839
300.872
300.906
300.941
300.977
301.013
301.051
301.09
301.129
301.17
301.212
301.254
301.298
301.343
301.389
301.437
301.485
301.534
301.585
301.637
301.69
301.744
301.799
301.855
301.912
301.97
302.029
302.088
302.147
302.206
302.265
302.323
302.379
300.003
300.01
300.017
300.025
300.032
300.04
300.049
300.057
300.066
300.076
300.086
300.096
300.106
300.117
300.128
300.14
300.152
300.165
300.178
300.192
300.206
300.22
300.235
300.251
300.267
300.283
300.3
300.318
300.336
300.355
300.374
300.394
300.415
300.436
300.458
300.48
300.503
300.527
300.552
300.577
300.603
300.629
300.656
300.685
300.713
300.743
300.773
300.804
300.836
300.869
300.903
300.938
300.973
301.009
301.047
301.085
301.124
301.164
301.205
301.247
301.29
301.334
301.379
301.425
301.472
301.521
301.57
301.62
301.671
301.723
301.776
301.829
301.883
301.938
301.993
302.048
302.103
302.158
302.212
302.266
302.318
300.003
300.01
300.017
300.025
300.032
300.04
300.049
300.057
300.066
300.076
300.085
300.096
300.106
300.117
300.128
300.14
300.152
300.165
300.178
300.191
300.205
300.22
300.235
300.25
300.266
300.283
300.3
300.318
300.336
300.355
300.374
300.394
300.414
300.435
300.457
300.479
300.502
300.526
300.55
300.575
300.601
300.628
300.655
300.683
300.711
300.741
300.771
300.802
300.833
300.866
300.899
300.933
300.968
301.004
301.041
301.079
301.117
301.157
301.197
301.238
301.28
301.323
301.367
301.412
301.458
301.505
301.552
301.6
301.649
301.699
301.749
301.8
301.851
301.903
301.954
302.006
302.057
302.108
302.158
302.208
302.257
300.003
300.01
300.017
300.025
300.032
300.04
300.049
300.057
300.066
300.076
300.085
300.095
300.106
300.117
300.128
300.14
300.152
300.165
300.178
300.191
300.205
300.22
300.235
300.25
300.266
300.283
300.3
300.317
300.335
300.354
300.373
300.393
300.413
300.434
300.456
300.478
300.501
300.525
300.549
300.574
300.599
300.626
300.653
300.68
300.709
300.738
300.768
300.798
300.83
300.862
300.895
300.929
300.963
300.998
301.035
301.072
301.109
301.148
301.187
301.228
301.269
301.311
301.353
301.397
301.441
301.486
301.532
301.578
301.625
301.672
301.72
301.768
301.816
301.865
301.913
301.961
302.009
302.056
302.103
302.149
302.194
300.003
300.01
300.017
300.025
300.032
300.04
300.049
300.057
300.066
300.076
300.085
300.095
300.106
300.117
300.128
300.14
300.152
300.164
300.177
300.191
300.205
300.219
300.234
300.25
300.266
300.282
300.299
300.316
300.335
300.353
300.372
300.392
300.412
300.433
300.455
300.477
300.5
300.523
300.547
300.572
300.597
300.623
300.65
300.677
300.706
300.734
300.764
300.794
300.825
300.857
300.889
300.923
300.957
300.991
301.027
301.063
301.1
301.138
301.176
301.216
301.256
301.296
301.338
301.38
301.422
301.465
301.509
301.553
301.598
301.643
301.688
301.733
301.779
301.824
301.87
301.915
301.959
302.003
302.047
302.09
302.132
300.003
300.01
300.017
300.025
300.032
300.04
300.048
300.057
300.066
300.075
300.085
300.095
300.106
300.117
300.128
300.14
300.152
300.164
300.177
300.191
300.205
300.219
300.234
300.249
300.265
300.281
300.298
300.316
300.334
300.352
300.371
300.391
300.411
300.432
300.453
300.475
300.498
300.521
300.545
300.57
300.595
300.621
300.647
300.674
300.702
300.73
300.76
300.789
300.82
300.851
300.883
300.916
300.949
300.983
301.018
301.053
301.089
301.126
301.164
301.202
301.24
301.28
301.32
301.36
301.401
301.442
301.484
301.526
301.568
301.611
301.654
301.696
301.739
301.782
301.824
301.866
301.908
301.949
301.99
302.03
302.069
300.003
300.01
300.017
300.024
300.032
300.04
300.048
300.057
300.066
300.075
300.085
300.095
300.106
300.116
300.128
300.139
300.151
300.164
300.177
300.19
300.204
300.218
300.233
300.249
300.264
300.281
300.298
300.315
300.333
300.351
300.37
300.39
300.41
300.43
300.452
300.473
300.496
300.519
300.543
300.567
300.592
300.617
300.643
300.67
300.698
300.726
300.754
300.784
300.814
300.845
300.876
300.908
300.941
300.974
301.008
301.042
301.077
301.113
301.149
301.186
301.223
301.261
301.3
301.338
301.377
301.417
301.457
301.497
301.537
301.577
301.617
301.657
301.697
301.737
301.777
301.816
301.855
301.894
301.931
301.969
302.005
300.003
300.01
300.017
300.024
300.032
300.04
300.048
300.057
300.066
300.075
300.085
300.095
300.105
300.116
300.127
300.139
300.151
300.163
300.176
300.19
300.204
300.218
300.233
300.248
300.264
300.28
300.297
300.314
300.332
300.35
300.369
300.388
300.408
300.429
300.45
300.471
300.493
300.516
300.54
300.564
300.588
300.613
300.639
300.666
300.693
300.72
300.749
300.777
300.807
300.837
300.868
300.899
300.931
300.963
300.996
301.029
301.064
301.098
301.133
301.169
301.204
301.241
301.278
301.315
301.352
301.389
301.427
301.465
301.503
301.541
301.579
301.616
301.654
301.691
301.728
301.765
301.801
301.837
301.873
301.907
301.942
300.003
300.01
300.017
300.024
300.032
300.04
300.048
300.057
300.066
300.075
300.085
300.095
300.105
300.116
300.127
300.139
300.151
300.163
300.176
300.189
300.203
300.217
300.232
300.247
300.263
300.279
300.295
300.313
300.33
300.348
300.367
300.386
300.406
300.426
300.447
300.469
300.491
300.513
300.536
300.56
300.584
300.609
300.634
300.66
300.687
300.714
300.742
300.77
300.799
300.828
300.858
300.888
300.919
300.951
300.983
301.015
301.048
301.081
301.115
301.149
301.184
301.218
301.253
301.289
301.324
301.36
301.395
301.431
301.467
301.503
301.538
301.574
301.609
301.644
301.679
301.713
301.747
301.78
301.813
301.846
301.878
300.003
300.01
300.017
300.024
300.032
300.04
300.048
300.057
300.066
300.075
300.084
300.094
300.105
300.115
300.127
300.138
300.15
300.162
300.175
300.189
300.202
300.216
300.231
300.246
300.262
300.278
300.294
300.311
300.329
300.347
300.365
300.384
300.404
300.424
300.444
300.466
300.487
300.51
300.532
300.556
300.58
300.604
300.629
300.654
300.68
300.707
300.734
300.761
300.79
300.818
300.847
300.877
300.907
300.937
300.968
300.999
301.031
301.063
301.095
301.128
301.161
301.194
301.227
301.261
301.295
301.328
301.362
301.396
301.429
301.463
301.496
301.529
301.562
301.595
301.628
301.66
301.691
301.723
301.753
301.784
301.813
300.003
300.01
300.017
300.024
300.032
300.04
300.048
300.056
300.065
300.075
300.084
300.094
300.104
300.115
300.126
300.138
300.15
300.162
300.175
300.188
300.201
300.215
300.23
300.245
300.26
300.276
300.293
300.309
300.327
300.345
300.363
300.382
300.401
300.421
300.441
300.462
300.484
300.505
300.528
300.551
300.574
300.598
300.622
300.647
300.673
300.699
300.725
300.752
300.779
300.807
300.835
300.864
300.893
300.922
300.952
300.982
301.012
301.043
301.074
301.105
301.136
301.168
301.2
301.231
301.263
301.295
301.327
301.358
301.39
301.422
301.453
301.484
301.515
301.545
301.576
301.606
301.635
301.664
301.693
301.721
301.749
300.003
300.01
300.017
300.024
300.032
300.04
300.048
300.056
300.065
300.074
300.084
300.094
300.104
300.115
300.126
300.137
300.149
300.161
300.174
300.187
300.2
300.214
300.229
300.244
300.259
300.275
300.291
300.307
300.325
300.342
300.36
300.379
300.398
300.418
300.438
300.458
300.479
300.501
300.523
300.545
300.568
300.591
300.615
300.64
300.664
300.69
300.715
300.741
300.768
300.795
300.822
300.85
300.877
300.906
300.934
300.963
300.992
301.021
301.051
301.081
301.11
301.14
301.17
301.2
301.23
301.26
301.29
301.32
301.35
301.379
301.408
301.438
301.466
301.495
301.523
301.551
301.579
301.606
301.633
301.659
301.685
300.003
300.01
300.017
300.024
300.032
300.039
300.048
300.056
300.065
300.074
300.083
300.093
300.103
300.114
300.125
300.136
300.148
300.16
300.173
300.186
300.199
300.213
300.227
300.242
300.257
300.273
300.289
300.305
300.322
300.34
300.357
300.376
300.395
300.414
300.433
300.454
300.474
300.495
300.517
300.539
300.561
300.584
300.607
300.631
300.655
300.68
300.704
300.73
300.755
300.781
300.807
300.834
300.861
300.888
300.915
300.943
300.97
300.998
301.026
301.054
301.083
301.111
301.139
301.168
301.196
301.224
301.252
301.28
301.308
301.336
301.363
301.39
301.417
301.444
301.47
301.496
301.522
301.548
301.573
301.597
301.621
300.003
300.01
300.017
300.024
300.031
300.039
300.047
300.056
300.064
300.074
300.083
300.093
300.103
300.113
300.124
300.136
300.147
300.159
300.172
300.185
300.198
300.212
300.226
300.24
300.255
300.271
300.286
300.303
300.319
300.337
300.354
300.372
300.391
300.409
300.429
300.449
300.469
300.489
300.51
300.532
300.554
300.576
300.598
300.621
300.645
300.668
300.692
300.717
300.741
300.766
300.792
300.817
300.843
300.869
300.895
300.921
300.947
300.974
301
301.027
301.054
301.08
301.107
301.134
301.16
301.187
301.213
301.239
301.265
301.291
301.317
301.342
301.368
301.392
301.417
301.441
301.465
301.489
301.512
301.535
301.558
300.003
300.01
300.017
300.024
300.031
300.039
300.047
300.055
300.064
300.073
300.082
300.092
300.102
300.113
300.123
300.135
300.146
300.158
300.171
300.183
300.196
300.21
300.224
300.238
300.253
300.268
300.284
300.3
300.316
300.333
300.35
300.368
300.386
300.405
300.423
300.443
300.462
300.483
300.503
300.524
300.545
300.567
300.589
300.611
300.633
300.656
300.679
300.703
300.726
300.75
300.774
300.799
300.823
300.848
300.873
300.898
300.923
300.948
300.973
300.998
301.023
301.049
301.074
301.099
301.124
301.149
301.173
301.198
301.222
301.246
301.27
301.294
301.318
301.341
301.364
301.387
301.409
301.431
301.453
301.474
301.495
300.003
300.01
300.017
300.024
300.031
300.039
300.047
300.055
300.064
300.073
300.082
300.092
300.102
300.112
300.123
300.134
300.145
300.157
300.169
300.182
300.195
300.208
300.222
300.236
300.25
300.265
300.281
300.297
300.313
300.329
300.346
300.363
300.381
300.399
300.418
300.436
300.456
300.475
300.495
300.515
300.536
300.557
300.578
300.599
300.621
300.643
300.665
300.688
300.71
300.733
300.756
300.78
300.803
300.826
300.85
300.874
300.897
300.921
300.945
300.968
300.992
301.016
301.039
301.063
301.086
301.11
301.133
301.156
301.179
301.201
301.224
301.246
301.268
301.289
301.311
301.332
301.353
301.373
301.394
301.414
301.433
300.003
300.01
300.016
300.023
300.031
300.038
300.046
300.055
300.063
300.072
300.081
300.091
300.101
300.111
300.122
300.132
300.144
300.155
300.168
300.18
300.193
300.206
300.219
300.233
300.248
300.262
300.277
300.293
300.309
300.325
300.341
300.358
300.376
300.393
300.411
300.429
300.448
300.467
300.486
300.506
300.526
300.546
300.566
300.587
300.608
300.629
300.65
300.672
300.693
300.715
300.737
300.759
300.781
300.804
300.826
300.848
300.871
300.893
300.916
300.938
300.96
300.982
301.005
301.027
301.049
301.07
301.092
301.113
301.135
301.156
301.177
301.197
301.218
301.238
301.258
301.278
301.297
301.317
301.335
301.354
301.373
300.003
300.01
300.016
300.023
300.031
300.038
300.046
300.054
300.063
300.071
300.081
300.09
300.1
300.11
300.12
300.131
300.142
300.154
300.166
300.178
300.191
300.204
300.217
300.231
300.245
300.259
300.274
300.289
300.304
300.32
300.336
300.353
300.37
300.387
300.404
300.422
300.44
300.458
300.477
300.496
300.515
300.534
300.554
300.574
300.594
300.614
300.634
300.655
300.675
300.696
300.717
300.738
300.759
300.78
300.801
300.822
300.844
300.865
300.886
300.907
300.928
300.948
300.969
300.99
301.01
301.031
301.051
301.071
301.091
301.111
301.13
301.15
301.169
301.187
301.206
301.224
301.243
301.261
301.278
301.296
301.313
300.003
300.01
300.016
300.023
300.03
300.038
300.046
300.054
300.062
300.071
300.08
300.089
300.099
300.109
300.119
300.13
300.141
300.152
300.164
300.176
300.188
300.201
300.214
300.227
300.241
300.255
300.27
300.284
300.299
300.315
300.331
300.347
300.363
300.38
300.397
300.414
300.431
300.449
300.467
300.485
300.503
300.522
300.541
300.56
300.579
300.598
300.618
300.637
300.657
300.677
300.696
300.716
300.736
300.756
300.776
300.796
300.816
300.836
300.855
300.875
300.895
300.914
300.934
300.953
300.972
300.991
301.01
301.029
301.048
301.066
301.084
301.102
301.12
301.138
301.155
301.172
301.189
301.206
301.222
301.239
301.255
300.003
300.009
300.016
300.023
300.03
300.037
300.045
300.053
300.061
300.07
300.079
300.088
300.098
300.107
300.118
300.128
300.139
300.15
300.162
300.173
300.186
300.198
300.211
300.224
300.237
300.251
300.265
300.28
300.294
300.309
300.325
300.34
300.356
300.372
300.388
300.405
300.422
300.439
300.456
300.474
300.491
300.509
300.527
300.545
300.563
300.582
300.6
300.619
300.638
300.656
300.675
300.694
300.713
300.731
300.75
300.769
300.788
300.806
300.825
300.843
300.862
300.88
300.898
300.917
300.935
300.952
300.97
300.988
301.005
301.022
301.039
301.056
301.072
301.089
301.105
301.121
301.137
301.152
301.168
301.183
301.198
300.003
300.009
300.016
300.023
300.03
300.037
300.045
300.052
300.061
300.069
300.078
300.087
300.096
300.106
300.116
300.126
300.137
300.148
300.159
300.171
300.183
300.195
300.207
300.22
300.233
300.247
300.26
300.274
300.289
300.303
300.318
300.333
300.348
300.364
300.38
300.396
300.412
300.428
300.445
300.462
300.479
300.496
300.513
300.53
300.547
300.565
300.583
300.6
300.618
300.636
300.653
300.671
300.689
300.707
300.724
300.742
300.76
300.777
300.795
300.812
300.829
300.846
300.864
300.88
300.897
300.914
300.93
300.947
300.963
300.979
300.995
301.011
301.026
301.041
301.057
301.071
301.086
301.101
301.115
301.129
301.143
300.003
300.009
300.016
300.022
300.029
300.036
300.044
300.052
300.06
300.068
300.077
300.086
300.095
300.104
300.114
300.124
300.135
300.146
300.157
300.168
300.18
300.192
300.204
300.216
300.229
300.242
300.255
300.269
300.283
300.297
300.311
300.326
300.341
300.356
300.371
300.386
300.402
300.417
300.433
300.449
300.465
300.482
300.498
300.515
300.531
300.548
300.564
300.581
300.598
300.615
300.632
300.648
300.665
300.682
300.698
300.715
300.732
300.748
300.765
300.781
300.797
300.813
300.829
300.845
300.861
300.876
300.892
300.907
300.922
300.937
300.952
300.967
300.981
300.996
301.01
301.024
301.037
301.051
301.064
301.078
301.091
300.003
300.009
300.015
300.022
300.029
300.036
300.043
300.051
300.059
300.067
300.076
300.084
300.093
300.103
300.112
300.122
300.133
300.143
300.154
300.165
300.176
300.188
300.2
300.212
300.224
300.237
300.25
300.263
300.277
300.29
300.304
300.318
300.332
300.347
300.361
300.376
300.391
300.406
300.421
300.437
300.452
300.468
300.483
300.499
300.515
300.531
300.546
300.562
300.578
300.594
300.61
300.626
300.642
300.657
300.673
300.689
300.704
300.72
300.735
300.751
300.766
300.781
300.796
300.811
300.826
300.84
300.855
300.869
300.883
300.897
300.911
300.925
300.938
300.952
300.965
300.978
300.991
301.003
301.016
301.028
301.041
300.003
300.009
300.015
300.022
300.028
300.035
300.043
300.05
300.058
300.066
300.074
300.083
300.092
300.101
300.11
300.12
300.13
300.14
300.151
300.162
300.173
300.184
300.196
300.208
300.22
300.232
300.245
300.257
300.27
300.283
300.297
300.31
300.324
300.338
300.352
300.366
300.381
300.395
300.41
300.424
300.439
300.454
300.469
300.483
300.498
300.513
300.529
300.544
300.559
300.574
300.589
300.604
300.619
300.633
300.648
300.663
300.678
300.692
300.707
300.721
300.736
300.75
300.764
300.778
300.792
300.805
300.819
300.832
300.846
300.859
300.872
300.885
300.897
300.91
300.922
300.934
300.947
300.958
300.97
300.982
300.993
300.003
300.009
300.015
300.021
300.028
300.035
300.042
300.049
300.057
300.065
300.073
300.081
300.09
300.099
300.108
300.118
300.128
300.138
300.148
300.159
300.169
300.18
300.192
300.203
300.215
300.227
300.239
300.251
300.264
300.277
300.289
300.303
300.316
300.329
300.343
300.356
300.37
300.384
300.398
300.412
300.426
300.44
300.454
300.468
300.482
300.497
300.511
300.525
300.54
300.554
300.568
300.582
300.596
300.61
300.624
300.638
300.652
300.666
300.68
300.693
300.707
300.72
300.733
300.746
300.759
300.772
300.785
300.798
300.81
300.823
300.835
300.847
300.859
300.871
300.882
300.894
300.905
300.916
300.927
300.938
300.949
300.003
300.009
300.015
300.021
300.027
300.034
300.041
300.048
300.056
300.064
300.072
300.08
300.089
300.097
300.106
300.116
300.125
300.135
300.145
300.155
300.166
300.177
300.187
300.199
300.21
300.222
300.233
300.245
300.257
300.27
300.282
300.295
300.307
300.32
300.333
300.346
300.359
300.373
300.386
300.399
300.413
300.426
300.44
300.454
300.467
300.481
300.494
300.508
300.521
300.535
300.548
300.562
300.575
300.588
300.602
300.615
300.628
300.641
300.654
300.667
300.68
300.692
300.705
300.717
300.729
300.742
300.754
300.765
300.777
300.789
300.8
300.812
300.823
300.834
300.845
300.856
300.866
300.877
300.887
300.898
300.908
300.003
300.008
300.014
300.021
300.027
300.034
300.04
300.048
300.055
300.063
300.07
300.078
300.087
300.095
300.104
300.113
300.123
300.132
300.142
300.152
300.162
300.173
300.183
300.194
300.205
300.216
300.228
300.239
300.251
300.263
300.275
300.287
300.299
300.312
300.324
300.337
300.35
300.362
300.375
300.388
300.401
300.414
300.427
300.44
300.453
300.465
300.478
300.491
300.504
300.517
300.53
300.543
300.555
300.568
300.581
300.593
300.606
300.618
300.63
300.642
300.654
300.666
300.678
300.69
300.702
300.713
300.725
300.736
300.747
300.758
300.769
300.78
300.79
300.801
300.811
300.821
300.831
300.841
300.851
300.861
300.87
300.003
300.008
300.014
300.02
300.026
300.033
300.04
300.047
300.054
300.061
300.069
300.077
300.085
300.094
300.102
300.111
300.12
300.13
300.139
300.149
300.159
300.169
300.179
300.19
300.201
300.212
300.223
300.234
300.245
300.257
300.268
300.28
300.292
300.304
300.316
300.328
300.34
300.352
300.365
300.377
300.389
300.402
300.414
300.427
300.439
300.452
300.464
300.476
300.489
300.501
300.513
300.525
300.537
300.55
300.562
300.574
300.585
300.597
300.609
300.62
300.632
300.643
300.654
300.666
300.677
300.688
300.698
300.709
300.72
300.73
300.74
300.751
300.761
300.771
300.781
300.79
300.8
300.809
300.819
300.828
300.837
300.003
300.008
300.014
300.02
300.026
300.032
300.039
300.046
300.053
300.06
300.068
300.076
300.084
300.092
300.1
300.109
300.118
300.127
300.136
300.146
300.156
300.166
300.176
300.186
300.196
300.207
300.218
300.229
300.24
300.251
300.262
300.274
300.285
300.297
300.308
300.32
300.332
300.344
300.355
300.367
300.379
300.391
300.403
300.415
300.427
300.439
300.451
300.463
300.475
300.487
300.498
300.51
300.522
300.533
300.545
300.556
300.567
300.579
300.59
300.601
300.612
300.623
300.634
300.644
300.655
300.665
300.676
300.686
300.696
300.706
300.716
300.726
300.735
300.745
300.754
300.763
300.772
300.781
300.79
300.799
300.808
300.003
300.008
300.014
300.02
300.026
300.032
300.038
300.045
300.052
300.059
300.067
300.074
300.082
300.09
300.099
300.107
300.116
300.125
300.134
300.143
300.153
300.163
300.173
300.183
300.193
300.203
300.214
300.224
300.235
300.246
300.257
300.268
300.279
300.29
300.302
300.313
300.325
300.336
300.348
300.359
300.371
300.382
300.394
300.405
300.417
300.428
300.44
300.451
300.463
300.474
300.486
300.497
300.508
300.519
300.53
300.541
300.552
300.563
300.574
300.585
300.595
300.606
300.616
300.626
300.637
300.647
300.657
300.666
300.676
300.686
300.695
300.705
300.714
300.723
300.732
300.741
300.75
300.758
300.767
300.775
300.783
300.003
300.008
300.013
300.019
300.025
300.031
300.038
300.045
300.051
300.059
300.066
300.073
300.081
300.089
300.097
300.106
300.114
300.123
300.132
300.141
300.151
300.16
300.17
300.18
300.19
300.2
300.21
300.221
300.231
300.242
300.253
300.263
300.274
300.285
300.296
300.308
300.319
300.33
300.341
300.352
300.364
300.375
300.386
300.398
300.409
300.42
300.431
300.442
300.454
300.465
300.476
300.487
300.498
300.508
300.519
300.53
300.541
300.551
300.562
300.572
300.582
300.592
300.602
300.612
300.622
300.632
300.642
300.651
300.661
300.67
300.679
300.688
300.697
300.706
300.715
300.723
300.732
300.74
300.748
300.757
300.765
300.003
300.008
300.013
300.019
300.025
300.031
300.037
300.044
300.051
300.058
300.065
300.073
300.08
300.088
300.096
300.105
300.113
300.122
300.131
300.14
300.149
300.158
300.168
300.178
300.188
300.198
300.208
300.218
300.228
300.239
300.25
300.26
300.271
300.282
300.293
300.304
300.315
300.326
300.337
300.348
300.359
300.37
300.381
300.392
300.403
300.414
300.425
300.436
300.447
300.458
300.469
300.48
300.49
300.501
300.511
300.522
300.532
300.543
300.553
300.563
300.573
300.583
300.593
300.603
300.612
300.622
300.631
300.641
300.65
300.659
300.668
300.677
300.685
300.694
300.703
300.711
300.719
300.728
300.736
300.744
300.751
300.003
300.008
300.013
300.019
300.025
300.031
300.037
300.044
300.051
300.058
300.065
300.072
300.08
300.088
300.096
300.104
300.112
300.121
300.13
300.139
300.148
300.157
300.167
300.177
300.186
300.196
300.206
300.217
300.227
300.237
300.248
300.258
300.269
300.28
300.291
300.301
300.312
300.323
300.334
300.345
300.356
300.367
300.378
300.389
300.4
300.411
300.422
300.433
300.444
300.454
300.465
300.476
300.486
300.497
300.507
300.518
300.528
300.538
300.548
300.558
300.568
300.578
300.588
300.597
300.607
300.616
300.626
300.635
300.644
300.653
300.662
300.671
300.679
300.688
300.696
300.705
300.713
300.721
300.729
300.737
300.745
303.029
303.158
303.236
303.308
303.372
303.423
303.459
303.498
303.538
303.576
303.607
303.641
303.676
303.71
303.744
303.777
303.809
303.836
303.866
303.896
303.925
303.955
303.984
304.013
304.043
304.072
304.099
304.128
304.155
304.182
304.21
304.237
304.263
304.289
304.316
304.341
304.367
304.392
304.417
304.442
304.467
304.491
304.517
304.544
304.57
304.596
304.619
304.644
304.671
304.696
304.72
304.743
304.767
304.792
304.817
304.843
304.869
304.895
304.92
304.944
304.965
304.988
305.011
305.036
305.06
305.085
305.109
305.133
305.158
305.181
305.205
305.228
305.252
305.275
305.298
305.321
305.343
305.366
305.388
305.412
305.44
305.464
305.487
305.509
305.529
305.549
305.572
305.598
305.622
305.642
305.661
305.684
305.709
305.729
305.752
305.777
305.8
305.82
305.843
305.865
305.883
305.905
305.924
305.945
305.967
305.991
306.011
306.028
306.048
306.064
306.083
306.104
306.125
306.146
306.164
306.179
306.196
306.215
306.233
306.25
306.262
306.276
306.292
306.307
306.321
306.331
306.343
306.355
306.366
306.376
306.386
306.394
306.401
306.407
306.411
306.415
306.416
306.416
306.415
306.412
306.407
306.4
306.392
306.381
306.368
306.352
306.334
306.313
306.288
306.259
306.223
306.185
306.147
306.103
306.053
305.996
305.934
305.83
305.734
305.614
305.459
302.928
303.041
303.13
303.205
303.271
303.326
303.372
303.416
303.458
303.498
303.534
303.57
303.606
303.642
303.676
303.71
303.742
303.773
303.803
303.834
303.864
303.894
303.924
303.954
303.984
304.013
304.042
304.07
304.098
304.126
304.154
304.181
304.208
304.235
304.261
304.287
304.313
304.339
304.365
304.39
304.415
304.44
304.466
304.493
304.519
304.545
304.569
304.595
304.621
304.646
304.671
304.695
304.719
304.744
304.77
304.795
304.821
304.847
304.872
304.896
304.918
304.942
304.966
304.99
305.014
305.039
305.064
305.088
305.112
305.136
305.16
305.184
305.207
305.231
305.254
305.277
305.3
305.323
305.346
305.371
305.397
305.421
305.444
305.467
305.488
305.509
305.532
305.557
305.58
305.602
305.622
305.645
305.669
305.69
305.714
305.738
305.761
305.782
305.804
305.826
305.846
305.867
305.887
305.908
305.93
305.953
305.974
305.992
306.011
306.029
306.048
306.069
306.09
306.11
306.129
306.145
306.162
306.181
306.199
306.215
306.228
306.243
306.259
306.274
306.288
306.299
306.311
306.322
306.334
306.344
306.354
306.362
306.369
306.375
306.38
306.383
306.385
306.385
306.384
306.381
306.376
306.369
306.361
306.35
306.337
306.321
306.303
306.281
306.257
306.227
306.191
306.154
306.114
306.069
306.018
305.959
305.893
305.792
305.691
305.565
305.395
302.845
302.945
303.031
303.107
303.173
303.232
303.283
303.331
303.375
303.417
303.457
303.495
303.533
303.569
303.605
303.639
303.673
303.705
303.737
303.768
303.799
303.83
303.861
303.891
303.921
303.951
303.98
304.009
304.038
304.066
304.094
304.122
304.149
304.176
304.203
304.23
304.256
304.283
304.309
304.335
304.36
304.386
304.412
304.439
304.465
304.491
304.516
304.542
304.567
304.593
304.618
304.643
304.668
304.693
304.718
304.744
304.77
304.796
304.821
304.845
304.869
304.892
304.917
304.941
304.966
304.99
305.015
305.04
305.064
305.088
305.113
305.136
305.16
305.184
305.207
305.231
305.254
305.278
305.301
305.326
305.351
305.375
305.399
305.422
305.444
305.466
305.489
305.513
305.536
305.559
305.58
305.603
305.626
305.649
305.672
305.696
305.719
305.741
305.763
305.785
305.806
305.827
305.848
305.869
305.891
305.913
305.934
305.953
305.973
305.991
306.011
306.031
306.052
306.072
306.091
306.108
306.126
306.144
306.162
306.178
306.193
306.208
306.223
306.238
306.252
306.264
306.276
306.288
306.299
306.31
306.319
306.328
306.335
306.341
306.346
306.349
306.351
306.352
306.351
306.348
306.343
306.336
306.328
306.317
306.304
306.288
306.27
306.248
306.223
306.193
306.158
306.12
306.079
306.033
305.981
305.92
305.85
305.751
305.646
305.514
305.334
302.771
302.859
302.94
303.013
303.079
303.139
303.193
303.243
303.29
303.334
303.376
303.416
303.455
303.493
303.53
303.565
303.6
303.633
303.666
303.699
303.731
303.762
303.793
303.824
303.855
303.885
303.915
303.944
303.973
304.002
304.031
304.059
304.087
304.114
304.142
304.169
304.196
304.222
304.249
304.275
304.302
304.328
304.354
304.381
304.407
304.433
304.459
304.485
304.511
304.537
304.562
304.587
304.613
304.638
304.664
304.69
304.715
304.741
304.766
304.791
304.815
304.84
304.864
304.889
304.914
304.938
304.963
304.988
305.013
305.037
305.062
305.086
305.11
305.134
305.158
305.182
305.205
305.229
305.253
305.277
305.302
305.327
305.351
305.374
305.397
305.419
305.443
305.467
305.49
305.513
305.535
305.558
305.581
305.604
305.628
305.651
305.674
305.697
305.719
305.741
305.763
305.784
305.805
305.827
305.849
305.871
305.892
305.912
305.932
305.951
305.971
305.991
306.012
306.032
306.051
306.069
306.087
306.105
306.123
306.139
306.155
306.17
306.185
306.2
306.214
306.227
306.239
306.251
306.263
306.273
306.283
306.292
306.299
306.305
306.31
306.314
306.316
306.316
306.315
306.313
306.308
306.301
306.293
306.282
306.269
306.253
306.234
306.213
306.187
306.157
306.122
306.084
306.042
305.995
305.941
305.879
305.806
305.707
305.598
305.462
305.276
302.701
302.78
302.855
302.924
302.989
303.049
303.104
303.155
303.204
303.249
303.293
303.334
303.375
303.413
303.451
303.488
303.523
303.558
303.592
303.625
303.658
303.69
303.722
303.754
303.785
303.816
303.846
303.876
303.905
303.935
303.964
303.992
304.021
304.049
304.077
304.104
304.132
304.159
304.186
304.213
304.239
304.266
304.293
304.319
304.346
304.372
304.399
304.425
304.451
304.477
304.503
304.528
304.554
304.58
304.606
304.632
304.658
304.683
304.709
304.734
304.759
304.783
304.808
304.833
304.858
304.883
304.908
304.933
304.958
304.983
305.008
305.032
305.056
305.081
305.105
305.129
305.153
305.177
305.201
305.226
305.251
305.275
305.299
305.323
305.346
305.369
305.393
305.417
305.441
305.464
305.486
305.51
305.533
305.556
305.58
305.604
305.627
305.65
305.672
305.695
305.717
305.738
305.76
305.782
305.804
305.826
305.847
305.868
305.888
305.908
305.928
305.948
305.969
305.989
306.008
306.027
306.045
306.063
306.081
306.098
306.114
306.129
306.145
306.16
306.174
306.187
306.2
306.212
306.223
306.234
306.244
306.253
306.261
306.267
306.272
306.276
306.278
306.279
306.278
306.275
306.271
306.264
306.256
306.245
306.232
306.216
306.197
306.175
306.15
306.119
306.084
306.046
306.003
305.955
305.9
305.836
305.76
305.662
305.55
305.41
305.22
302.633
302.705
302.774
302.84
302.902
302.96
303.015
303.067
303.116
303.163
303.207
303.25
303.291
303.331
303.37
303.407
303.444
303.479
303.514
303.548
303.582
303.615
303.647
303.68
303.711
303.742
303.773
303.804
303.834
303.864
303.893
303.922
303.951
303.98
304.008
304.036
304.064
304.091
304.119
304.146
304.173
304.2
304.227
304.254
304.281
304.308
304.334
304.361
304.387
304.413
304.44
304.466
304.492
304.518
304.544
304.57
304.596
304.622
304.648
304.673
304.698
304.723
304.749
304.774
304.799
304.824
304.85
304.875
304.9
304.925
304.95
304.975
304.999
305.024
305.048
305.073
305.097
305.122
305.146
305.171
305.196
305.221
305.245
305.269
305.293
305.316
305.34
305.364
305.388
305.411
305.435
305.458
305.482
305.506
305.529
305.553
305.577
305.6
305.623
305.645
305.668
305.69
305.712
305.734
305.756
305.778
305.8
305.821
305.841
305.862
305.882
305.903
305.923
305.944
305.963
305.982
306
306.019
306.037
306.054
306.07
306.086
306.102
306.117
306.132
306.145
306.158
306.17
306.182
306.193
306.203
306.212
306.22
306.226
306.231
306.235
306.238
306.239
306.238
306.235
306.231
306.225
306.216
306.205
306.192
306.176
306.158
306.135
306.11
306.079
306.044
306.005
305.962
305.913
305.856
305.79
305.712
305.614
305.499
305.357
305.167
302.567
302.632
302.696
302.758
302.817
302.874
302.928
302.979
303.028
303.075
303.12
303.164
303.206
303.246
303.286
303.324
303.361
303.398
303.433
303.468
303.502
303.536
303.569
303.602
303.634
303.666
303.697
303.728
303.758
303.789
303.819
303.848
303.877
303.906
303.935
303.964
303.992
304.02
304.048
304.075
304.103
304.13
304.158
304.185
304.212
304.239
304.266
304.293
304.32
304.346
304.373
304.399
304.426
304.452
304.478
304.505
304.531
304.557
304.583
304.609
304.634
304.66
304.685
304.711
304.736
304.762
304.787
304.813
304.838
304.864
304.889
304.914
304.939
304.964
304.989
305.013
305.038
305.063
305.088
305.113
305.138
305.162
305.187
305.211
305.236
305.26
305.284
305.308
305.332
305.356
305.38
305.404
305.428
305.451
305.475
305.499
305.523
305.546
305.57
305.593
305.615
305.638
305.66
305.683
305.705
305.727
305.749
305.771
305.792
305.812
305.833
305.854
305.875
305.895
305.915
305.934
305.953
305.972
305.99
306.007
306.024
306.04
306.056
306.072
306.086
306.1
306.113
306.126
306.138
306.149
306.159
306.168
306.176
306.183
306.188
306.192
306.195
306.196
306.195
306.193
306.189
306.183
306.174
306.164
306.15
306.134
306.116
306.093
306.067
306.037
306.002
305.962
305.918
305.868
305.81
305.743
305.663
305.564
305.448
305.303
305.116
302.501
302.561
302.62
302.678
302.735
302.789
302.841
302.892
302.941
302.987
303.033
303.076
303.118
303.159
303.199
303.238
303.276
303.313
303.349
303.384
303.419
303.453
303.487
303.52
303.553
303.585
303.617
303.648
303.679
303.71
303.74
303.77
303.8
303.829
303.859
303.888
303.916
303.945
303.973
304.001
304.029
304.057
304.084
304.112
304.14
304.167
304.194
304.221
304.248
304.275
304.302
304.329
304.356
304.382
304.409
304.435
304.462
304.488
304.514
304.541
304.566
304.592
304.618
304.644
304.67
304.696
304.721
304.747
304.773
304.798
304.824
304.849
304.875
304.9
304.925
304.95
304.975
305
305.025
305.051
305.076
305.101
305.126
305.15
305.175
305.199
305.224
305.248
305.273
305.297
305.321
305.345
305.37
305.394
305.418
305.442
305.466
305.49
305.513
305.537
305.56
305.583
305.606
305.628
305.651
305.673
305.696
305.717
305.739
305.76
305.781
305.802
305.823
305.844
305.864
305.883
305.903
305.921
305.94
305.958
305.975
305.991
306.007
306.023
306.038
306.052
306.065
306.078
306.09
306.102
306.112
306.121
306.13
306.137
306.142
306.147
306.149
306.151
306.15
306.148
306.144
306.138
306.13
306.119
306.106
306.09
306.071
306.049
306.023
305.992
305.957
305.917
305.872
305.821
305.762
305.693
305.612
305.513
305.395
305.25
305.067
302.435
302.491
302.546
302.601
302.654
302.706
302.756
302.805
302.853
302.899
302.944
302.987
303.03
303.071
303.111
303.15
303.188
303.226
303.262
303.298
303.333
303.368
303.402
303.435
303.469
303.501
303.533
303.565
303.597
303.628
303.658
303.689
303.719
303.749
303.778
303.808
303.837
303.866
303.894
303.923
303.951
303.979
304.007
304.035
304.063
304.091
304.118
304.146
304.173
304.2
304.227
304.254
304.281
304.308
304.335
304.362
304.389
304.415
304.442
304.468
304.495
304.521
304.547
304.573
304.599
304.625
304.651
304.677
304.703
304.729
304.755
304.781
304.806
304.832
304.857
304.883
304.908
304.934
304.959
304.985
305.01
305.035
305.061
305.086
305.111
305.135
305.16
305.185
305.21
305.234
305.259
305.283
305.308
305.333
305.357
305.381
305.406
305.43
305.454
305.477
305.501
305.524
305.547
305.57
305.593
305.616
305.639
305.661
305.682
305.704
305.726
305.747
305.768
305.789
305.809
305.829
305.849
305.868
305.887
305.905
305.922
305.939
305.956
305.971
305.987
306.001
306.015
306.028
306.04
306.052
306.062
306.072
306.08
306.088
306.093
306.098
306.101
306.103
306.102
306.1
306.097
306.091
306.083
306.072
306.059
306.043
306.024
306.002
305.975
305.945
305.91
305.869
305.824
305.772
305.712
305.642
305.559
305.459
305.341
305.197
305.019
302.37
302.422
302.473
302.524
302.574
302.624
302.672
302.72
302.766
302.811
302.855
302.898
302.94
302.981
303.021
303.06
303.098
303.136
303.173
303.209
303.244
303.279
303.314
303.348
303.381
303.414
303.447
303.479
303.51
303.542
303.573
303.604
303.634
303.664
303.694
303.724
303.753
303.783
303.812
303.841
303.869
303.898
303.926
303.954
303.982
304.01
304.038
304.066
304.094
304.121
304.149
304.176
304.203
304.231
304.258
304.285
304.312
304.339
304.366
304.392
304.419
304.446
304.472
304.498
304.525
304.551
304.578
304.604
304.63
304.656
304.682
304.708
304.734
304.76
304.786
304.812
304.838
304.863
304.889
304.915
304.941
304.966
304.992
305.017
305.042
305.068
305.093
305.118
305.143
305.168
305.193
305.218
305.243
305.267
305.292
305.317
305.342
305.366
305.39
305.414
305.438
305.462
305.485
305.509
305.532
305.555
305.578
305.6
305.623
305.645
305.667
305.688
305.71
305.731
305.752
305.772
305.792
305.811
305.83
305.849
305.866
305.884
305.9
305.917
305.932
305.947
305.961
305.974
305.987
305.999
306.01
306.019
306.028
306.036
306.042
306.047
306.05
306.052
306.052
306.05
306.046
306.04
306.032
306.022
306.009
305.993
305.974
305.952
305.926
305.895
305.859
305.819
305.773
305.72
305.659
305.588
305.505
305.405
305.287
305.144
304.972
302.305
302.353
302.401
302.449
302.496
302.543
302.589
302.635
302.679
302.723
302.766
302.808
302.85
302.89
302.93
302.969
303.007
303.044
303.081
303.117
303.153
303.188
303.223
303.257
303.29
303.324
303.356
303.389
303.421
303.453
303.484
303.515
303.546
303.576
303.607
303.637
303.666
303.696
303.725
303.754
303.783
303.812
303.841
303.87
303.898
303.926
303.954
303.982
304.01
304.038
304.066
304.094
304.121
304.149
304.176
304.204
304.231
304.258
304.285
304.312
304.339
304.366
304.393
304.42
304.446
304.473
304.5
304.526
304.553
304.579
304.606
304.632
304.658
304.684
304.711
304.737
304.763
304.789
304.815
304.841
304.867
304.893
304.919
304.945
304.97
304.996
305.021
305.047
305.072
305.098
305.123
305.148
305.173
305.199
305.224
305.249
305.274
305.298
305.323
305.347
305.372
305.396
305.42
305.443
305.467
305.491
305.514
305.537
305.559
305.582
305.604
305.626
305.648
305.669
305.69
305.711
305.731
305.751
305.77
305.789
305.807
305.825
305.842
305.858
305.874
305.889
305.904
305.918
305.93
305.943
305.954
305.964
305.973
305.98
305.987
305.992
305.995
305.997
305.998
305.996
305.993
305.987
305.98
305.969
305.956
305.941
305.922
305.899
305.873
305.842
305.807
305.766
305.72
305.666
305.605
305.533
305.449
305.349
305.231
305.092
304.926
302.239
302.284
302.329
302.374
302.419
302.463
302.507
302.55
302.593
302.636
302.677
302.718
302.759
302.799
302.838
302.876
302.914
302.951
302.988
303.024
303.06
303.095
303.129
303.163
303.197
303.231
303.263
303.296
303.328
303.36
303.392
303.423
303.454
303.485
303.515
303.546
303.576
303.606
303.635
303.665
303.694
303.723
303.752
303.781
303.81
303.838
303.867
303.895
303.923
303.951
303.979
304.007
304.035
304.063
304.091
304.118
304.146
304.173
304.201
304.228
304.255
304.282
304.31
304.337
304.364
304.391
304.418
304.444
304.471
304.498
304.525
304.551
304.578
304.605
304.631
304.658
304.684
304.71
304.737
304.763
304.789
304.816
304.842
304.868
304.894
304.92
304.946
304.972
304.998
305.023
305.049
305.075
305.1
305.126
305.151
305.176
305.202
305.227
305.252
305.277
305.301
305.326
305.35
305.374
305.398
305.422
305.446
305.469
305.492
305.515
305.538
305.56
305.582
305.604
305.625
305.646
305.667
305.687
305.707
305.726
305.744
305.762
305.78
305.797
305.813
305.828
305.843
305.857
305.87
305.883
305.894
305.905
305.914
305.922
305.929
305.934
305.938
305.94
305.941
305.94
305.936
305.931
305.923
305.913
305.901
305.885
305.866
305.844
305.818
305.787
305.751
305.71
305.664
305.61
305.548
305.476
305.391
305.292
305.176
305.039
304.881
302.174
302.215
302.258
302.3
302.342
302.384
302.425
302.467
302.508
302.549
302.589
302.629
302.668
302.707
302.745
302.783
302.82
302.857
302.893
302.929
302.964
302.999
303.034
303.068
303.102
303.135
303.168
303.201
303.233
303.265
303.297
303.328
303.359
303.39
303.421
303.451
303.482
303.512
303.542
303.571
303.601
303.63
303.659
303.688
303.717
303.746
303.775
303.804
303.832
303.86
303.889
303.917
303.945
303.973
304.001
304.029
304.057
304.084
304.112
304.14
304.167
304.195
304.222
304.25
304.277
304.304
304.331
304.358
304.386
304.413
304.44
304.467
304.494
304.521
304.547
304.574
304.601
304.628
304.654
304.681
304.708
304.734
304.761
304.787
304.814
304.84
304.866
304.893
304.919
304.945
304.971
304.997
305.023
305.049
305.074
305.1
305.126
305.151
305.177
305.202
305.227
305.252
305.277
305.301
305.326
305.35
305.374
305.397
305.421
305.444
305.467
305.49
305.512
305.535
305.556
305.578
305.599
305.619
305.639
305.659
305.678
305.696
305.714
305.731
305.748
305.764
305.779
305.793
305.807
305.82
305.831
305.842
305.852
305.86
305.867
305.873
305.877
305.879
305.88
305.879
305.877
305.872
305.864
305.854
305.842
305.826
305.808
305.785
305.759
305.728
305.693
305.652
305.605
305.551
305.489
305.416
305.332
305.234
305.12
304.987
304.836
302.108
302.147
302.186
302.226
302.265
302.305
302.344
302.384
302.423
302.462
302.501
302.539
302.577
302.615
302.652
302.689
302.725
302.761
302.797
302.833
302.868
302.902
302.936
302.97
303.004
303.037
303.07
303.103
303.135
303.167
303.199
303.23
303.261
303.293
303.323
303.354
303.384
303.415
303.445
303.474
303.504
303.534
303.563
303.592
303.622
303.651
303.68
303.708
303.737
303.766
303.794
303.823
303.851
303.879
303.907
303.936
303.964
303.992
304.02
304.047
304.075
304.103
304.131
304.158
304.186
304.213
304.241
304.268
304.296
304.323
304.351
304.378
304.405
304.432
304.459
304.487
304.514
304.541
304.568
304.595
304.622
304.649
304.676
304.702
304.729
304.756
304.783
304.809
304.836
304.862
304.889
304.915
304.941
304.968
304.994
305.02
305.046
305.072
305.097
305.123
305.148
305.174
305.199
305.224
305.249
305.273
305.298
305.322
305.346
305.369
305.393
305.416
305.439
305.461
305.484
305.505
305.527
305.548
305.568
305.588
305.607
305.626
305.645
305.662
305.679
305.695
305.711
305.726
305.74
305.753
305.765
305.776
305.786
305.794
305.802
305.808
305.812
305.815
305.816
305.816
305.813
305.809
305.802
305.792
305.78
305.765
305.746
305.724
305.698
305.667
305.632
305.591
305.544
305.49
305.427
305.355
305.272
305.175
305.063
304.935
304.79
302.042
302.078
302.115
302.152
302.19
302.227
302.264
302.302
302.339
302.376
302.413
302.45
302.486
302.523
302.559
302.595
302.63
302.666
302.701
302.735
302.77
302.804
302.838
302.871
302.904
302.937
302.97
303.002
303.035
303.067
303.098
303.13
303.161
303.192
303.223
303.254
303.284
303.314
303.344
303.374
303.404
303.434
303.463
303.493
303.522
303.551
303.58
303.609
303.638
303.667
303.696
303.725
303.753
303.782
303.81
303.838
303.867
303.895
303.923
303.951
303.979
304.007
304.035
304.063
304.091
304.119
304.147
304.174
304.202
304.23
304.257
304.285
304.312
304.34
304.367
304.395
304.422
304.45
304.477
304.504
304.532
304.559
304.586
304.613
304.64
304.668
304.695
304.721
304.748
304.775
304.802
304.829
304.855
304.882
304.909
304.935
304.961
304.988
305.014
305.04
305.066
305.091
305.117
305.142
305.168
305.193
305.217
305.242
305.266
305.29
305.314
305.338
305.361
305.384
305.407
305.429
305.451
305.472
305.493
305.513
305.533
305.552
305.571
305.589
305.606
305.623
305.639
305.654
305.668
305.682
305.694
305.706
305.716
305.725
305.733
305.739
305.744
305.747
305.749
305.749
305.746
305.742
305.735
305.726
305.714
305.699
305.681
305.659
305.633
305.603
305.568
305.527
305.48
305.426
305.364
305.292
305.21
305.115
305.006
304.883
304.745
301.975
302.01
302.044
302.079
302.114
302.149
302.184
302.22
302.255
302.29
302.326
302.361
302.396
302.431
302.466
302.501
302.535
302.569
302.604
302.637
302.671
302.705
302.738
302.771
302.804
302.836
302.868
302.901
302.932
302.964
302.996
303.027
303.058
303.089
303.12
303.15
303.181
303.211
303.241
303.271
303.301
303.331
303.361
303.39
303.42
303.449
303.478
303.507
303.536
303.565
303.594
303.623
303.652
303.68
303.709
303.737
303.766
303.794
303.823
303.851
303.879
303.908
303.936
303.964
303.992
304.02
304.048
304.076
304.104
304.132
304.16
304.188
304.216
304.243
304.271
304.299
304.327
304.354
304.382
304.41
304.437
304.465
304.493
304.52
304.547
304.575
304.602
304.63
304.657
304.684
304.711
304.738
304.765
304.792
304.819
304.846
304.873
304.9
304.926
304.953
304.979
305.005
305.031
305.057
305.082
305.108
305.133
305.158
305.183
305.207
305.232
305.255
305.279
305.303
305.326
305.348
305.37
305.392
305.413
305.434
305.454
305.474
305.493
305.512
305.529
305.546
305.563
305.578
305.593
305.607
305.62
305.631
305.642
305.652
305.66
305.667
305.672
305.676
305.678
305.678
305.676
305.672
305.666
305.657
305.645
305.63
305.613
305.591
305.565
305.535
305.5
305.46
305.413
305.36
305.298
305.228
305.147
305.054
304.949
304.83
304.699
301.909
301.941
301.974
302.006
302.039
302.072
302.105
302.139
302.172
302.206
302.239
302.273
302.307
302.34
302.374
302.407
302.44
302.473
302.506
302.539
302.572
302.605
302.637
302.67
302.702
302.734
302.766
302.797
302.829
302.86
302.891
302.922
302.953
302.984
303.015
303.045
303.075
303.106
303.136
303.166
303.196
303.225
303.255
303.284
303.314
303.343
303.373
303.402
303.431
303.46
303.489
303.518
303.547
303.575
303.604
303.633
303.662
303.69
303.719
303.747
303.776
303.804
303.832
303.861
303.889
303.917
303.946
303.974
304.002
304.03
304.059
304.087
304.115
304.143
304.171
304.199
304.227
304.255
304.283
304.311
304.339
304.367
304.395
304.423
304.45
304.478
304.506
304.533
304.561
304.589
304.616
304.644
304.671
304.698
304.726
304.753
304.78
304.807
304.834
304.861
304.888
304.914
304.94
304.967
304.993
305.019
305.044
305.07
305.095
305.12
305.144
305.169
305.193
305.217
305.24
305.263
305.286
305.308
305.33
305.351
305.371
305.392
305.411
305.43
305.448
305.466
305.482
305.498
305.514
305.528
305.541
305.553
305.564
305.574
305.583
305.59
305.596
305.6
305.602
305.603
305.601
305.598
305.592
305.584
305.572
305.558
305.541
305.519
305.494
305.465
305.43
305.39
305.344
305.291
305.231
305.161
305.082
304.992
304.89
304.777
304.653
301.843
301.873
301.903
301.934
301.965
301.996
302.027
302.059
302.09
302.122
302.154
302.186
302.218
302.25
302.282
302.314
302.346
302.378
302.41
302.441
302.473
302.505
302.537
302.568
302.6
302.631
302.662
302.693
302.724
302.755
302.786
302.816
302.847
302.877
302.908
302.938
302.968
302.998
303.028
303.058
303.088
303.117
303.147
303.176
303.206
303.235
303.264
303.293
303.323
303.352
303.381
303.41
303.439
303.467
303.496
303.525
303.554
303.582
303.611
303.64
303.668
303.697
303.726
303.754
303.783
303.811
303.84
303.868
303.897
303.925
303.953
303.982
304.01
304.038
304.067
304.095
304.123
304.152
304.18
304.208
304.236
304.265
304.293
304.321
304.349
304.377
304.405
304.433
304.461
304.489
304.517
304.545
304.573
304.6
304.628
304.656
304.683
304.71
304.738
304.765
304.792
304.819
304.846
304.872
304.899
304.925
304.951
304.977
305.002
305.028
305.053
305.078
305.102
305.126
305.15
305.174
305.197
305.219
305.241
305.263
305.284
305.305
305.325
305.344
305.363
305.381
305.398
305.414
305.43
305.444
305.458
305.471
305.482
305.492
305.501
305.509
305.515
305.52
305.523
305.524
305.523
305.52
305.514
305.506
305.496
305.482
305.465
305.444
305.42
305.391
305.357
305.317
305.272
305.22
305.161
305.093
305.016
304.929
304.831
304.723
304.605
301.777
301.805
301.833
301.862
301.891
301.92
301.95
301.979
302.009
302.039
302.069
302.099
302.13
302.16
302.191
302.221
302.252
302.283
302.313
302.344
302.375
302.405
302.436
302.467
302.497
302.528
302.558
302.589
302.619
302.649
302.679
302.71
302.74
302.77
302.8
302.829
302.859
302.889
302.919
302.948
302.978
303.007
303.036
303.066
303.095
303.124
303.153
303.183
303.212
303.241
303.27
303.299
303.328
303.356
303.385
303.414
303.443
303.472
303.501
303.529
303.558
303.587
303.615
303.644
303.673
303.701
303.73
303.759
303.787
303.816
303.844
303.873
303.902
303.93
303.959
303.987
304.016
304.044
304.073
304.101
304.13
304.158
304.187
304.215
304.244
304.272
304.3
304.329
304.357
304.385
304.414
304.442
304.47
304.498
304.526
304.554
304.582
304.609
304.637
304.665
304.692
304.719
304.747
304.774
304.8
304.827
304.853
304.88
304.906
304.932
304.957
304.982
305.007
305.032
305.056
305.08
305.103
305.126
305.149
305.171
305.193
305.213
305.234
305.254
305.273
305.291
305.309
305.326
305.341
305.357
305.371
305.384
305.396
305.406
305.416
305.424
305.431
305.436
305.439
305.441
305.44
305.438
305.433
305.425
305.415
305.402
305.385
305.365
305.341
305.313
305.28
305.241
305.197
305.146
305.088
305.022
304.948
304.864
304.771
304.668
304.556
301.711
301.737
301.764
301.791
301.818
301.845
301.873
301.901
301.929
301.957
301.985
302.014
302.043
302.072
302.101
302.13
302.159
302.189
302.218
302.247
302.277
302.307
302.336
302.366
302.395
302.425
302.455
302.484
302.514
302.543
302.573
302.602
302.632
302.661
302.691
302.72
302.749
302.779
302.808
302.837
302.866
302.895
302.924
302.954
302.983
303.012
303.041
303.07
303.099
303.128
303.156
303.185
303.214
303.243
303.272
303.301
303.329
303.358
303.387
303.416
303.445
303.473
303.502
303.531
303.56
303.588
303.617
303.646
303.675
303.703
303.732
303.761
303.79
303.818
303.847
303.876
303.905
303.933
303.962
303.991
304.02
304.048
304.077
304.106
304.135
304.163
304.192
304.22
304.249
304.278
304.306
304.335
304.363
304.391
304.42
304.448
304.476
304.504
304.532
304.56
304.588
304.616
304.643
304.671
304.698
304.725
304.752
304.778
304.805
304.831
304.857
304.882
304.908
304.933
304.957
304.982
305.005
305.029
305.052
305.074
305.096
305.118
305.139
305.159
305.178
305.197
305.215
305.232
305.249
305.264
305.279
305.292
305.305
305.316
305.326
305.334
305.342
305.347
305.351
305.353
305.353
305.351
305.347
305.34
305.33
305.318
305.302
305.283
305.259
305.232
305.2
305.162
305.119
305.07
305.014
304.95
304.878
304.798
304.709
304.611
304.505
301.646
301.67
301.695
301.72
301.745
301.771
301.797
301.823
301.85
301.876
301.903
301.93
301.957
301.985
302.012
302.04
302.068
302.096
302.124
302.152
302.18
302.209
302.237
302.266
302.294
302.323
302.351
302.38
302.409
302.437
302.466
302.495
302.524
302.552
302.581
302.61
302.639
302.668
302.696
302.725
302.754
302.783
302.811
302.84
302.869
302.898
302.926
302.955
302.984
303.013
303.041
303.07
303.099
303.127
303.156
303.185
303.214
303.242
303.271
303.3
303.329
303.357
303.386
303.415
303.444
303.473
303.501
303.53
303.559
303.588
303.617
303.646
303.675
303.703
303.732
303.761
303.79
303.819
303.848
303.877
303.906
303.935
303.964
303.993
304.022
304.051
304.079
304.108
304.137
304.166
304.195
304.224
304.252
304.281
304.31
304.338
304.367
304.395
304.423
304.452
304.48
304.508
304.536
304.563
304.591
304.618
304.645
304.672
304.699
304.726
304.752
304.778
304.804
304.829
304.854
304.879
304.903
304.927
304.95
304.973
304.996
305.017
305.039
305.059
305.079
305.098
305.117
305.134
305.151
305.167
305.182
305.196
305.209
305.221
305.231
305.24
305.248
305.254
305.258
305.261
305.262
305.26
305.256
305.25
305.241
305.229
305.214
305.196
305.173
305.147
305.116
305.08
305.038
304.99
304.936
304.875
304.806
304.73
304.645
304.552
304.452
301.581
301.604
301.627
301.65
301.674
301.698
301.722
301.747
301.772
301.797
301.822
301.847
301.873
301.899
301.925
301.951
301.978
302.004
302.031
302.058
302.085
302.112
302.139
302.167
302.194
302.222
302.249
302.277
302.305
302.332
302.36
302.388
302.416
302.444
302.472
302.5
302.528
302.557
302.585
302.613
302.641
302.669
302.698
302.726
302.754
302.783
302.811
302.84
302.868
302.896
302.925
302.953
302.982
303.01
303.039
303.067
303.096
303.125
303.153
303.182
303.211
303.239
303.268
303.297
303.325
303.354
303.383
303.412
303.441
303.47
303.499
303.528
303.556
303.585
303.614
303.644
303.673
303.702
303.731
303.76
303.789
303.818
303.847
303.876
303.905
303.934
303.964
303.993
304.022
304.051
304.08
304.109
304.138
304.167
304.196
304.224
304.253
304.282
304.31
304.339
304.367
304.396
304.424
304.452
304.48
304.508
304.535
304.562
304.59
304.616
304.643
304.669
304.695
304.721
304.747
304.772
304.796
304.82
304.844
304.867
304.89
304.912
304.934
304.955
304.975
304.995
305.014
305.032
305.049
305.066
305.081
305.095
305.109
305.121
305.132
305.141
305.149
305.156
305.161
305.164
305.165
305.165
305.161
305.156
305.148
305.137
305.122
305.105
305.083
305.058
305.028
304.993
304.953
304.908
304.856
304.797
304.732
304.659
304.579
304.492
304.398
301.517
301.538
301.56
301.581
301.604
301.626
301.649
301.672
301.695
301.719
301.742
301.766
301.791
301.815
301.84
301.864
301.889
301.915
301.94
301.965
301.991
302.017
302.043
302.069
302.095
302.122
302.148
302.175
302.202
302.228
302.255
302.282
302.309
302.337
302.364
302.391
302.419
302.446
302.473
302.501
302.529
302.556
302.584
302.612
302.64
302.668
302.695
302.723
302.751
302.78
302.808
302.836
302.864
302.892
302.92
302.949
302.977
303.005
303.034
303.062
303.091
303.119
303.148
303.177
303.205
303.234
303.263
303.292
303.32
303.349
303.378
303.407
303.436
303.465
303.494
303.523
303.552
303.581
303.611
303.64
303.669
303.698
303.727
303.757
303.786
303.815
303.844
303.874
303.903
303.932
303.961
303.991
304.02
304.049
304.078
304.107
304.136
304.165
304.194
304.223
304.251
304.28
304.308
304.337
304.365
304.393
304.421
304.448
304.476
304.503
304.53
304.557
304.583
304.609
304.635
304.66
304.685
304.71
304.734
304.757
304.78
304.803
304.825
304.846
304.867
304.887
304.906
304.925
304.942
304.959
304.975
304.99
305.004
305.016
305.028
305.038
305.046
305.053
305.059
305.063
305.065
305.064
305.062
305.057
305.05
305.04
305.026
305.01
304.989
304.965
304.937
304.904
304.865
304.822
304.772
304.717
304.655
304.586
304.511
304.428
304.34
301.453
301.473
301.493
301.514
301.535
301.556
301.577
301.598
301.62
301.642
301.665
301.687
301.71
301.733
301.756
301.779
301.803
301.827
301.851
301.875
301.899
301.924
301.949
301.974
301.999
302.024
302.049
302.075
302.1
302.126
302.152
302.178
302.204
302.23
302.257
302.283
302.31
302.336
302.363
302.39
302.417
302.444
302.471
302.498
302.525
302.553
302.58
302.607
302.635
302.663
302.69
302.718
302.746
302.774
302.801
302.829
302.857
302.886
302.914
302.942
302.97
302.999
303.027
303.055
303.084
303.112
303.141
303.17
303.198
303.227
303.256
303.285
303.314
303.343
303.372
303.401
303.43
303.459
303.488
303.517
303.547
303.576
303.605
303.635
303.664
303.693
303.723
303.752
303.781
303.811
303.84
303.869
303.899
303.928
303.957
303.987
304.016
304.045
304.074
304.103
304.132
304.161
304.189
304.218
304.246
304.274
304.302
304.33
304.358
304.385
304.413
304.44
304.466
304.493
304.519
304.544
304.569
304.594
304.619
304.643
304.666
304.689
304.711
304.733
304.754
304.774
304.794
304.813
304.831
304.848
304.864
304.88
304.894
304.907
304.919
304.929
304.938
304.946
304.952
304.956
304.959
304.959
304.958
304.954
304.947
304.938
304.925
304.91
304.891
304.868
304.841
304.81
304.774
304.732
304.686
304.633
304.575
304.51
304.439
304.362
304.279
301.391
301.41
301.428
301.448
301.467
301.487
301.506
301.527
301.547
301.568
301.589
301.61
301.631
301.653
301.675
301.697
301.719
301.741
301.764
301.787
301.81
301.833
301.857
301.88
301.904
301.928
301.953
301.977
302.001
302.026
302.051
302.076
302.101
302.126
302.152
302.177
302.203
302.229
302.254
302.28
302.307
302.333
302.359
302.386
302.412
302.439
302.465
302.492
302.519
302.546
302.573
302.601
302.628
302.655
302.683
302.71
302.738
302.766
302.793
302.821
302.849
302.877
302.905
302.933
302.962
302.99
303.018
303.047
303.075
303.104
303.133
303.161
303.19
303.219
303.248
303.277
303.306
303.335
303.364
303.393
303.422
303.452
303.481
303.51
303.54
303.569
303.598
303.628
303.657
303.687
303.716
303.746
303.775
303.804
303.834
303.863
303.892
303.922
303.951
303.98
304.009
304.038
304.067
304.095
304.124
304.152
304.181
304.209
304.237
304.264
304.292
304.319
304.346
304.372
304.398
304.424
304.45
304.475
304.5
304.524
304.547
304.571
304.593
304.615
304.636
304.657
304.677
304.696
304.715
304.732
304.749
304.764
304.779
304.792
304.805
304.816
304.825
304.834
304.84
304.845
304.848
304.85
304.849
304.845
304.84
304.831
304.82
304.806
304.788
304.767
304.741
304.712
304.678
304.639
304.595
304.546
304.491
304.431
304.364
304.293
304.215
301.33
301.347
301.365
301.383
301.401
301.419
301.438
301.457
301.476
301.495
301.515
301.535
301.555
301.575
301.595
301.616
301.637
301.658
301.68
301.701
301.723
301.745
301.767
301.79
301.812
301.835
301.858
301.882
301.905
301.928
301.952
301.976
302
302.024
302.049
302.073
302.098
302.123
302.148
302.173
302.198
302.223
302.249
302.275
302.3
302.326
302.352
302.378
302.405
302.431
302.458
302.484
302.511
302.538
302.565
302.592
302.619
302.646
302.673
302.701
302.728
302.756
302.784
302.811
302.839
302.867
302.895
302.924
302.952
302.98
303.009
303.037
303.066
303.094
303.123
303.152
303.181
303.21
303.239
303.268
303.297
303.326
303.355
303.384
303.414
303.443
303.472
303.502
303.531
303.561
303.59
303.62
303.649
303.678
303.708
303.737
303.767
303.796
303.825
303.854
303.883
303.912
303.941
303.97
303.999
304.027
304.056
304.084
304.112
304.14
304.167
304.194
304.221
304.248
304.274
304.301
304.326
304.351
304.376
304.401
304.425
304.448
304.471
304.493
304.515
304.535
304.556
304.575
304.594
304.612
304.629
304.645
304.66
304.673
304.686
304.698
304.708
304.716
304.724
304.729
304.733
304.735
304.735
304.732
304.728
304.72
304.71
304.697
304.681
304.661
304.637
304.61
304.578
304.542
304.501
304.455
304.404
304.348
304.286
304.219
304.147
301.27
301.287
301.303
301.32
301.337
301.354
301.371
301.389
301.407
301.425
301.443
301.462
301.481
301.5
301.519
301.538
301.558
301.578
301.598
301.618
301.639
301.66
301.681
301.702
301.724
301.745
301.767
301.789
301.811
301.834
301.856
301.879
301.902
301.925
301.949
301.972
301.996
302.02
302.044
302.068
302.092
302.117
302.141
302.166
302.191
302.216
302.241
302.267
302.292
302.318
302.344
302.37
302.396
302.422
302.448
302.475
302.501
302.528
302.555
302.582
302.609
302.636
302.663
302.69
302.718
302.745
302.773
302.801
302.829
302.857
302.885
302.913
302.941
302.97
302.998
303.027
303.055
303.084
303.113
303.142
303.17
303.199
303.229
303.258
303.287
303.316
303.345
303.375
303.404
303.433
303.463
303.492
303.521
303.551
303.58
303.609
303.639
303.668
303.697
303.726
303.755
303.784
303.813
303.842
303.871
303.899
303.928
303.956
303.984
304.012
304.039
304.067
304.094
304.121
304.147
304.173
304.199
304.224
304.249
304.274
304.298
304.321
304.344
304.367
304.388
304.41
304.43
304.45
304.469
304.487
304.504
304.52
304.536
304.55
304.563
304.575
304.585
304.594
304.602
304.608
304.613
304.615
304.616
304.614
304.611
304.604
304.595
304.584
304.569
304.551
304.529
304.504
304.474
304.441
304.403
304.36
304.313
304.261
304.204
304.142
304.075
301.213
301.228
301.243
301.259
301.275
301.291
301.307
301.323
301.34
301.357
301.374
301.392
301.409
301.427
301.445
301.463
301.482
301.501
301.52
301.539
301.558
301.578
301.598
301.618
301.638
301.658
301.679
301.7
301.721
301.742
301.764
301.786
301.807
301.83
301.852
301.874
301.897
301.92
301.943
301.966
301.989
302.013
302.037
302.061
302.085
302.109
302.133
302.158
302.183
302.207
302.232
302.258
302.283
302.308
302.334
302.36
302.386
302.412
302.438
302.464
302.491
302.517
302.544
302.571
302.598
302.625
302.652
302.679
302.707
302.734
302.762
302.79
302.818
302.846
302.874
302.902
302.93
302.959
302.987
303.016
303.044
303.073
303.102
303.131
303.16
303.189
303.218
303.247
303.276
303.305
303.334
303.363
303.393
303.422
303.451
303.48
303.509
303.539
303.568
303.597
303.626
303.655
303.683
303.712
303.741
303.769
303.798
303.826
303.854
303.882
303.909
303.936
303.963
303.99
304.017
304.043
304.069
304.094
304.119
304.143
304.168
304.191
304.214
304.237
304.259
304.28
304.3
304.32
304.339
304.358
304.375
304.392
304.407
304.422
304.435
304.447
304.458
304.468
304.476
304.483
304.488
304.491
304.493
304.492
304.489
304.484
304.476
304.466
304.452
304.436
304.416
304.393
304.366
304.335
304.3
304.261
304.218
304.169
304.117
304.06
303.998
301.157
301.171
301.186
301.2
301.215
301.23
301.245
301.26
301.276
301.292
301.308
301.324
301.341
301.357
301.374
301.392
301.409
301.427
301.444
301.462
301.481
301.499
301.518
301.537
301.556
301.575
301.595
301.615
301.635
301.655
301.675
301.696
301.717
301.738
301.759
301.78
301.802
301.824
301.846
301.868
301.89
301.913
301.936
301.959
301.982
302.005
302.029
302.052
302.076
302.1
302.124
302.149
302.173
302.198
302.223
302.248
302.273
302.298
302.324
302.349
302.375
302.401
302.427
302.453
302.48
302.506
302.533
302.56
302.587
302.614
302.641
302.668
302.695
302.723
302.751
302.778
302.806
302.834
302.862
302.891
302.919
302.947
302.976
303.004
303.033
303.061
303.09
303.119
303.148
303.177
303.206
303.235
303.263
303.292
303.321
303.35
303.379
303.408
303.437
303.466
303.495
303.524
303.552
303.581
303.609
303.638
303.666
303.694
303.722
303.749
303.777
303.804
303.831
303.857
303.884
303.91
303.935
303.961
303.986
304.01
304.034
304.058
304.081
304.103
304.125
304.146
304.167
304.187
304.206
304.225
304.242
304.259
304.275
304.289
304.303
304.316
304.327
304.337
304.346
304.353
304.359
304.363
304.365
304.365
304.363
304.359
304.353
304.343
304.332
304.317
304.299
304.278
304.254
304.225
304.194
304.158
304.118
304.074
304.026
303.974
303.917
301.104
301.117
301.13
301.144
301.158
301.172
301.186
301.2
301.215
301.23
301.245
301.26
301.275
301.291
301.307
301.323
301.339
301.356
301.373
301.39
301.407
301.424
301.442
301.46
301.478
301.496
301.514
301.533
301.552
301.571
301.591
301.61
301.63
301.65
301.67
301.69
301.711
301.732
301.753
301.774
301.795
301.817
301.839
301.861
301.883
301.905
301.928
301.951
301.974
301.997
302.02
302.044
302.067
302.091
302.115
302.139
302.164
302.188
302.213
302.238
302.263
302.288
302.314
302.339
302.365
302.391
302.417
302.443
302.469
302.496
302.522
302.549
302.576
302.603
302.63
302.657
302.684
302.712
302.739
302.767
302.795
302.823
302.851
302.879
302.907
302.935
302.964
302.992
303.021
303.049
303.078
303.106
303.135
303.163
303.192
303.221
303.249
303.278
303.307
303.335
303.364
303.392
303.42
303.449
303.477
303.505
303.533
303.56
303.588
303.615
303.643
303.67
303.696
303.723
303.749
303.775
303.8
303.825
303.85
303.874
303.898
303.922
303.944
303.967
303.989
304.01
304.031
304.051
304.07
304.088
304.106
304.123
304.139
304.154
304.168
304.18
304.192
304.203
304.212
304.219
304.226
304.23
304.233
304.234
304.233
304.23
304.225
304.217
304.207
304.194
304.178
304.159
304.137
304.112
304.083
304.05
304.014
303.974
303.93
303.883
303.831
301.053
301.065
301.078
301.09
301.103
301.116
301.13
301.143
301.157
301.171
301.185
301.199
301.214
301.228
301.243
301.258
301.274
301.289
301.305
301.321
301.337
301.353
301.37
301.387
301.404
301.421
301.438
301.456
301.474
301.492
301.51
301.529
301.548
301.567
301.586
301.605
301.625
301.644
301.664
301.685
301.705
301.726
301.747
301.768
301.789
301.81
301.832
301.854
301.876
301.898
301.92
301.943
301.966
301.989
302.012
302.035
302.059
302.083
302.107
302.131
302.155
302.179
302.204
302.229
302.254
302.279
302.304
302.33
302.355
302.381
302.407
302.433
302.459
302.486
302.512
302.539
302.565
302.592
302.619
302.646
302.674
302.701
302.729
302.756
302.784
302.811
302.839
302.867
302.895
302.923
302.951
302.979
303.008
303.036
303.064
303.092
303.12
303.148
303.177
303.205
303.233
303.261
303.289
303.317
303.344
303.372
303.4
303.427
303.454
303.481
303.508
303.534
303.561
303.587
303.613
303.638
303.663
303.688
303.713
303.737
303.76
303.784
303.806
303.829
303.85
303.871
303.892
303.912
303.931
303.949
303.967
303.984
304
304.015
304.029
304.042
304.054
304.065
304.074
304.083
304.089
304.094
304.098
304.1
304.1
304.098
304.094
304.087
304.079
304.067
304.053
304.037
304.017
303.994
303.968
303.939
303.906
303.87
303.831
303.788
303.741
301.005
301.016
301.028
301.04
301.052
301.064
301.077
301.089
301.102
301.115
301.128
301.142
301.155
301.169
301.183
301.197
301.212
301.226
301.241
301.256
301.271
301.287
301.302
301.318
301.334
301.351
301.367
301.384
301.401
301.418
301.435
301.453
301.47
301.488
301.507
301.525
301.543
301.562
301.581
301.601
301.62
301.64
301.659
301.68
301.7
301.72
301.741
301.762
301.783
301.804
301.826
301.848
301.869
301.892
301.914
301.936
301.959
301.982
302.005
302.028
302.052
302.075
302.099
302.123
302.147
302.172
302.196
302.221
302.246
302.271
302.296
302.321
302.347
302.372
302.398
302.424
302.45
302.476
302.503
302.529
302.556
302.583
302.609
302.636
302.663
302.691
302.718
302.745
302.772
302.8
302.827
302.855
302.882
302.91
302.938
302.965
302.993
303.021
303.048
303.076
303.103
303.131
303.158
303.186
303.213
303.24
303.267
303.294
303.321
303.347
303.373
303.4
303.425
303.451
303.476
303.501
303.526
303.551
303.575
303.598
303.622
303.645
303.667
303.689
303.71
303.731
303.752
303.771
303.79
303.809
303.826
303.843
303.859
303.874
303.888
303.902
303.914
303.925
303.935
303.943
303.95
303.956
303.96
303.963
303.964
303.963
303.96
303.955
303.947
303.938
303.926
303.911
303.894
303.874
303.851
303.824
303.795
303.763
303.727
303.689
303.647
300.959
300.97
300.981
300.992
301.004
301.015
301.027
301.039
301.051
301.063
301.076
301.088
301.101
301.114
301.127
301.141
301.154
301.168
301.182
301.196
301.21
301.225
301.24
301.255
301.27
301.285
301.301
301.316
301.332
301.349
301.365
301.382
301.398
301.415
301.433
301.45
301.468
301.486
301.504
301.522
301.541
301.559
301.578
301.597
301.617
301.636
301.656
301.676
301.696
301.716
301.737
301.758
301.779
301.8
301.822
301.843
301.865
301.887
301.909
301.932
301.954
301.977
302
302.023
302.046
302.07
302.094
302.118
302.142
302.166
302.19
302.215
302.239
302.264
302.289
302.315
302.34
302.365
302.391
302.417
302.443
302.469
302.495
302.521
302.547
302.574
302.6
302.627
302.654
302.68
302.707
302.734
302.761
302.788
302.815
302.842
302.869
302.896
302.923
302.95
302.977
303.003
303.03
303.057
303.084
303.11
303.136
303.163
303.189
303.215
303.24
303.266
303.291
303.316
303.341
303.366
303.39
303.414
303.437
303.461
303.484
303.506
303.528
303.55
303.571
303.591
303.611
303.631
303.649
303.668
303.685
303.702
303.718
303.733
303.747
303.76
303.773
303.784
303.794
303.803
303.81
303.816
303.821
303.825
303.826
303.826
303.824
303.82
303.814
303.806
303.796
303.784
303.768
303.751
303.731
303.707
303.682
303.653
303.621
303.586
303.549
300.918
300.928
300.938
300.949
300.96
300.97
300.981
300.993
301.004
301.015
301.027
301.039
301.051
301.063
301.076
301.088
301.101
301.114
301.127
301.141
301.154
301.168
301.182
301.196
301.21
301.225
301.24
301.255
301.27
301.285
301.3
301.316
301.332
301.348
301.365
301.381
301.398
301.415
301.432
301.45
301.467
301.485
301.503
301.521
301.54
301.558
301.577
301.596
301.616
301.635
301.655
301.675
301.695
301.715
301.736
301.756
301.777
301.798
301.82
301.841
301.863
301.885
301.907
301.929
301.952
301.974
301.997
302.02
302.044
302.067
302.091
302.114
302.138
302.162
302.186
302.211
302.235
302.26
302.285
302.31
302.335
302.36
302.385
302.411
302.436
302.462
302.488
302.514
302.54
302.566
302.592
302.618
302.644
302.67
302.696
302.723
302.749
302.775
302.801
302.827
302.854
302.88
302.906
302.932
302.958
302.983
303.009
303.035
303.06
303.085
303.11
303.135
303.16
303.184
303.208
303.232
303.256
303.279
303.302
303.325
303.347
303.369
303.391
303.412
303.432
303.453
303.472
303.491
303.51
303.528
303.545
303.561
303.577
303.592
303.606
303.619
303.632
303.643
303.653
303.662
303.67
303.677
303.682
303.686
303.689
303.689
303.688
303.686
303.681
303.675
303.666
303.655
303.642
303.627
303.609
303.589
303.567
303.541
303.513
303.482
303.449
300.88
300.889
300.899
300.909
300.919
300.929
300.94
300.95
300.961
300.972
300.983
300.994
301.006
301.017
301.029
301.041
301.053
301.065
301.078
301.091
301.103
301.116
301.13
301.143
301.156
301.17
301.184
301.198
301.213
301.227
301.242
301.257
301.272
301.287
301.303
301.319
301.335
301.351
301.367
301.384
301.4
301.417
301.435
301.452
301.47
301.487
301.505
301.524
301.542
301.561
301.579
301.599
301.618
301.637
301.657
301.677
301.697
301.717
301.738
301.758
301.779
301.8
301.821
301.843
301.864
301.886
301.908
301.93
301.953
301.975
301.998
302.021
302.044
302.067
302.091
302.114
302.138
302.162
302.186
302.21
302.234
302.258
302.283
302.307
302.332
302.357
302.382
302.407
302.432
302.457
302.482
302.508
302.533
302.558
302.584
302.609
302.635
302.66
302.685
302.711
302.736
302.761
302.787
302.812
302.837
302.862
302.887
302.911
302.936
302.96
302.985
303.009
303.033
303.056
303.08
303.103
303.126
303.149
303.171
303.193
303.215
303.236
303.257
303.278
303.298
303.318
303.337
303.355
303.373
303.391
303.408
303.424
303.44
303.454
303.468
303.481
303.494
303.505
303.515
303.525
303.533
303.54
303.545
303.55
303.553
303.554
303.554
303.553
303.549
303.544
303.537
303.528
303.517
303.504
303.489
303.472
303.452
303.43
303.405
303.378
303.348
300.846
300.855
300.864
300.874
300.883
300.893
300.903
300.913
300.923
300.933
300.944
300.955
300.965
300.976
300.988
300.999
301.01
301.022
301.034
301.046
301.058
301.07
301.083
301.096
301.109
301.122
301.135
301.148
301.162
301.176
301.19
301.204
301.219
301.233
301.248
301.263
301.278
301.294
301.309
301.325
301.341
301.357
301.374
301.39
301.407
301.424
301.441
301.459
301.476
301.494
301.512
301.53
301.549
301.567
301.586
301.605
301.624
301.644
301.664
301.683
301.703
301.724
301.744
301.765
301.785
301.806
301.828
301.849
301.87
301.892
301.914
301.936
301.958
301.981
302.003
302.026
302.049
302.072
302.095
302.118
302.141
302.165
302.188
302.212
302.236
302.26
302.284
302.308
302.332
302.357
302.381
302.405
302.43
302.454
302.479
302.503
302.528
302.552
302.577
302.601
302.626
302.65
302.675
302.699
302.723
302.747
302.771
302.795
302.819
302.843
302.866
302.89
302.913
302.936
302.958
302.981
303.003
303.025
303.047
303.068
303.089
303.11
303.13
303.15
303.17
303.189
303.207
303.225
303.243
303.26
303.277
303.292
303.308
303.322
303.336
303.349
303.361
303.372
303.382
303.392
303.4
303.407
303.413
303.418
303.422
303.424
303.425
303.424
303.422
303.418
303.412
303.405
303.396
303.385
303.372
303.357
303.34
303.32
303.299
303.275
303.249
300.816
300.825
300.834
300.843
300.852
300.861
300.871
300.88
300.89
300.9
300.91
300.92
300.93
300.941
300.952
300.962
300.973
300.984
300.996
301.007
301.019
301.031
301.043
301.055
301.067
301.08
301.092
301.105
301.118
301.131
301.145
301.158
301.172
301.186
301.2
301.215
301.229
301.244
301.259
301.274
301.289
301.305
301.32
301.336
301.352
301.369
301.385
301.402
301.419
301.436
301.453
301.471
301.488
301.506
301.524
301.543
301.561
301.58
301.599
301.618
301.637
301.656
301.676
301.696
301.716
301.736
301.756
301.777
301.797
301.818
301.839
301.861
301.882
301.904
301.925
301.947
301.969
301.991
302.013
302.036
302.058
302.081
302.104
302.127
302.15
302.173
302.196
302.219
302.242
302.266
302.289
302.313
302.336
302.36
302.384
302.407
302.431
302.455
302.478
302.502
302.526
302.549
302.573
302.596
302.619
302.643
302.666
302.689
302.712
302.735
302.757
302.78
302.802
302.824
302.846
302.868
302.889
302.911
302.931
302.952
302.972
302.993
303.012
303.031
303.05
303.069
303.087
303.105
303.122
303.138
303.154
303.17
303.184
303.199
303.212
303.225
303.237
303.248
303.258
303.267
303.276
303.283
303.289
303.294
303.298
303.301
303.303
303.303
303.301
303.299
303.294
303.288
303.281
303.272
303.261
303.248
303.233
303.216
303.198
303.177
303.154
300.792
300.8
300.809
300.817
300.826
300.835
300.844
300.853
300.863
300.872
300.882
300.891
300.901
300.911
300.922
300.932
300.943
300.953
300.964
300.975
300.986
300.998
301.009
301.021
301.033
301.045
301.057
301.069
301.082
301.094
301.107
301.12
301.134
301.147
301.161
301.174
301.188
301.202
301.217
301.231
301.246
301.261
301.276
301.291
301.307
301.322
301.338
301.354
301.371
301.387
301.404
301.421
301.438
301.455
301.472
301.49
301.508
301.526
301.544
301.562
301.581
301.599
301.618
301.637
301.657
301.676
301.696
301.716
301.736
301.756
301.776
301.796
301.817
301.838
301.859
301.88
301.901
301.922
301.944
301.965
301.987
302.009
302.031
302.053
302.075
302.097
302.12
302.142
302.165
302.187
302.21
302.233
302.255
302.278
302.301
302.324
302.346
302.369
302.392
302.415
302.438
302.46
302.483
302.506
302.528
302.551
302.573
302.595
302.617
302.639
302.661
302.683
302.704
302.726
302.747
302.768
302.789
302.809
302.829
302.849
302.869
302.888
302.907
302.926
302.944
302.962
302.98
302.997
303.013
303.029
303.045
303.06
303.074
303.088
303.101
303.113
303.125
303.136
303.146
303.155
303.164
303.171
303.177
303.183
303.187
303.19
303.192
303.193
303.193
303.191
303.187
303.183
303.177
303.169
303.16
303.149
303.136
303.121
303.105
303.087
303.067
300.773
300.781
300.789
300.797
300.806
300.814
300.823
300.832
300.841
300.85
300.86
300.869
300.879
300.888
300.898
300.908
300.919
300.929
300.939
300.95
300.961
300.972
300.983
300.994
301.006
301.017
301.029
301.041
301.053
301.065
301.078
301.091
301.103
301.116
301.129
301.143
301.156
301.17
301.184
301.198
301.212
301.227
301.241
301.256
301.271
301.286
301.302
301.317
301.333
301.349
301.365
301.381
301.398
301.414
301.431
301.448
301.465
301.483
301.5
301.518
301.536
301.554
301.573
301.591
301.61
301.629
301.648
301.667
301.686
301.706
301.725
301.745
301.765
301.785
301.805
301.826
301.846
301.867
301.888
301.909
301.93
301.951
301.972
301.993
302.015
302.036
302.058
302.08
302.101
302.123
302.145
302.167
302.189
302.211
302.233
302.255
302.277
302.299
302.321
302.343
302.365
302.387
302.409
302.431
302.453
302.475
302.496
302.518
302.539
302.561
302.582
302.603
302.624
302.644
302.665
302.685
302.705
302.725
302.745
302.764
302.783
302.802
302.82
302.838
302.856
302.873
302.89
302.906
302.922
302.938
302.953
302.968
302.981
302.995
303.008
303.02
303.031
303.042
303.052
303.061
303.069
303.076
303.083
303.088
303.093
303.096
303.099
303.1
303.1
303.099
303.097
303.093
303.088
303.082
303.074
303.064
303.053
303.04
303.026
303.01
302.993
300.759
300.767
300.775
300.783
300.792
300.8
300.809
300.817
300.826
300.835
300.844
300.854
300.863
300.873
300.882
300.892
300.902
300.912
300.922
300.933
300.943
300.954
300.965
300.976
300.987
300.998
301.01
301.022
301.033
301.045
301.058
301.07
301.082
301.095
301.108
301.121
301.134
301.147
301.161
301.175
301.189
301.203
301.217
301.231
301.246
301.261
301.276
301.291
301.306
301.322
301.338
301.354
301.37
301.386
301.402
301.419
301.436
301.453
301.47
301.487
301.505
301.523
301.54
301.558
301.577
301.595
301.614
301.632
301.651
301.67
301.689
301.709
301.728
301.748
301.767
301.787
301.807
301.827
301.848
301.868
301.888
301.909
301.93
301.951
301.971
301.992
302.013
302.035
302.056
302.077
302.098
302.12
302.141
302.163
302.184
302.206
302.227
302.249
302.27
302.291
302.313
302.334
302.356
302.377
302.398
302.419
302.44
302.461
302.482
302.503
302.524
302.544
302.564
302.584
302.604
302.624
302.644
302.663
302.682
302.701
302.719
302.737
302.755
302.773
302.79
302.807
302.823
302.839
302.855
302.87
302.885
302.899
302.912
302.925
302.938
302.95
302.961
302.971
302.981
302.99
302.998
303.006
303.012
303.018
303.022
303.026
303.029
303.03
303.031
303.03
303.029
303.026
303.021
303.016
303.009
303
302.991
302.979
302.966
302.952
302.936
300.752
300.76
300.768
300.776
300.784
300.793
300.801
300.81
300.819
300.827
300.836
300.846
300.855
300.864
300.874
300.883
300.893
300.903
300.913
300.924
300.934
300.945
300.955
300.966
300.977
300.988
301
301.011
301.023
301.035
301.047
301.059
301.071
301.084
301.097
301.109
301.122
301.136
301.149
301.163
301.176
301.19
301.204
301.219
301.233
301.248
301.262
301.277
301.293
301.308
301.323
301.339
301.355
301.371
301.387
301.404
301.42
301.437
301.454
301.471
301.488
301.506
301.523
301.541
301.559
301.577
301.595
301.614
301.632
301.651
301.67
301.689
301.708
301.728
301.747
301.767
301.786
301.806
301.826
301.846
301.866
301.887
301.907
301.927
301.948
301.969
301.989
302.01
302.031
302.052
302.073
302.094
302.115
302.136
302.157
302.178
302.2
302.221
302.242
302.263
302.284
302.305
302.326
302.347
302.368
302.389
302.41
302.43
302.451
302.471
302.492
302.512
302.532
302.551
302.571
302.59
302.61
302.629
302.647
302.666
302.684
302.702
302.72
302.737
302.754
302.77
302.786
302.802
302.818
302.832
302.847
302.861
302.874
302.887
302.899
302.911
302.922
302.932
302.942
302.95
302.959
302.966
302.972
302.978
302.983
302.987
302.989
302.991
302.992
302.992
302.99
302.988
302.984
302.979
302.972
302.964
302.955
302.945
302.933
302.919
302.904
304.658
304.06
303.614
303.248
302.936
302.662
302.419
302.201
302.003
301.824
301.66
301.51
301.372
301.245
301.128
301.02
300.921
300.829
300.745
300.668
300.597
300.533
300.473
300.419
300.37
300.326
300.285
300.249
300.217
300.188
300.162
300.139
300.119
300.101
300.086
300.073
300.061
300.051
300.042
300.035
300.029
300.024
300.019
300.016
300.013
300.01
300.008
300.007
300.006
300.005
300.005
304.656
304.059
303.614
303.248
302.935
302.662
302.419
302.201
302.003
301.824
301.66
301.51
301.372
301.245
301.128
301.02
300.921
300.829
300.745
300.668
300.597
300.533
300.473
300.419
300.37
300.326
300.285
300.249
300.217
300.188
300.162
300.139
300.119
300.101
300.086
300.073
300.061
300.051
300.042
300.035
300.029
300.024
300.019
300.016
300.013
300.01
300.008
300.007
300.006
300.005
300.005
304.651
304.058
303.614
303.248
302.935
302.662
302.419
302.201
302.003
301.824
301.66
301.51
301.372
301.245
301.128
301.02
300.921
300.83
300.746
300.668
300.598
300.533
300.473
300.419
300.37
300.326
300.286
300.249
300.217
300.188
300.162
300.139
300.119
300.101
300.086
300.073
300.061
300.051
300.042
300.035
300.029
300.024
300.019
300.016
300.013
300.01
300.008
300.007
300.006
300.005
300.005
304.645
304.057
303.613
303.248
302.935
302.662
302.419
302.201
302.004
301.824
301.66
301.51
301.372
301.245
301.128
301.02
300.921
300.83
300.746
300.669
300.598
300.533
300.474
300.419
300.37
300.326
300.286
300.249
300.217
300.188
300.162
300.139
300.119
300.101
300.086
300.073
300.061
300.051
300.042
300.035
300.029
300.024
300.019
300.016
300.013
300.01
300.008
300.007
300.006
300.005
300.005
304.636
304.055
303.612
303.248
302.935
302.662
302.419
302.201
302.004
301.824
301.661
301.51
301.372
301.245
301.128
301.021
300.921
300.83
300.746
300.669
300.598
300.533
300.474
300.42
300.371
300.326
300.286
300.25
300.217
300.188
300.162
300.139
300.119
300.101
300.086
300.073
300.061
300.051
300.042
300.035
300.029
300.024
300.019
300.016
300.013
300.01
300.008
300.007
300.006
300.005
300.005
304.625
304.052
303.611
303.247
302.935
302.662
302.419
302.201
302.004
301.825
301.661
301.511
301.373
301.246
301.129
301.021
300.922
300.83
300.746
300.669
300.598
300.533
300.474
300.42
300.371
300.326
300.286
300.25
300.217
300.188
300.162
300.139
300.119
300.102
300.086
300.073
300.061
300.051
300.042
300.035
300.029
300.024
300.019
300.016
300.013
300.01
300.008
300.007
300.006
300.005
300.005
304.612
304.048
303.61
303.247
302.935
302.663
302.42
302.202
302.005
301.826
301.662
301.511
301.373
301.246
301.13
301.022
300.922
300.831
300.747
300.67
300.599
300.534
300.474
300.42
300.371
300.326
300.286
300.25
300.217
300.188
300.162
300.14
300.119
300.102
300.086
300.073
300.061
300.051
300.043
300.035
300.029
300.024
300.019
300.016
300.013
300.01
300.008
300.007
300.006
300.005
300.005
304.596
304.044
303.608
303.247
302.936
302.663
302.421
302.203
302.006
301.826
301.663
301.512
301.374
301.247
301.13
301.022
300.923
300.832
300.748
300.67
300.599
300.534
300.475
300.421
300.371
300.327
300.287
300.25
300.218
300.189
300.163
300.14
300.12
300.102
300.086
300.073
300.061
300.051
300.043
300.035
300.029
300.024
300.019
300.016
300.013
300.01
300.008
300.007
300.006
300.005
300.005
304.579
304.038
303.607
303.246
302.936
302.664
302.422
302.204
302.007
301.828
301.664
301.514
301.375
301.248
301.131
301.023
300.924
300.833
300.748
300.671
300.6
300.535
300.475
300.421
300.372
300.327
300.287
300.251
300.218
300.189
300.163
300.14
300.12
300.102
300.086
300.073
300.061
300.051
300.043
300.035
300.029
300.024
300.02
300.016
300.013
300.01
300.008
300.007
300.006
300.005
300.005
304.56
304.032
303.605
303.246
302.937
302.665
302.423
302.205
302.008
301.829
301.665
301.515
301.377
301.25
301.133
301.025
300.925
300.834
300.749
300.672
300.601
300.536
300.476
300.422
300.373
300.328
300.287
300.251
300.218
300.189
300.163
300.14
300.12
300.102
300.087
300.073
300.061
300.051
300.043
300.035
300.029
300.024
300.02
300.016
300.013
300.01
300.008
300.007
300.006
300.005
300.005
304.539
304.025
303.602
303.246
302.938
302.666
302.425
302.207
302.01
301.831
301.667
301.517
301.379
301.251
301.134
301.026
300.927
300.835
300.751
300.673
300.602
300.537
300.477
300.423
300.373
300.329
300.288
300.252
300.219
300.19
300.164
300.141
300.12
300.102
300.087
300.073
300.062
300.052
300.043
300.036
300.029
300.024
300.02
300.016
300.013
300.01
300.008
300.007
300.006
300.005
300.005
304.516
304.017
303.6
303.246
302.939
302.668
302.427
302.21
302.013
301.833
301.669
301.519
301.381
301.253
301.136
301.028
300.928
300.836
300.752
300.674
300.603
300.538
300.478
300.424
300.374
300.329
300.289
300.252
300.219
300.19
300.164
300.141
300.121
300.103
300.087
300.074
300.062
300.052
300.043
300.036
300.029
300.024
300.02
300.016
300.013
300.01
300.008
300.007
300.006
300.005
300.005
304.492
304.008
303.597
303.246
302.94
302.67
302.429
302.212
302.016
301.836
301.672
301.522
301.383
301.256
301.138
301.03
300.93
300.838
300.754
300.676
300.605
300.539
300.479
300.425
300.375
300.33
300.29
300.253
300.22
300.191
300.165
300.141
300.121
300.103
300.087
300.074
300.062
300.052
300.043
300.036
300.029
300.024
300.02
300.016
300.013
300.011
300.009
300.007
300.006
300.005
300.005
304.466
303.998
303.594
303.246
302.942
302.673
302.433
302.216
302.019
301.84
301.676
301.525
301.386
301.259
301.141
301.033
300.933
300.841
300.756
300.678
300.606
300.541
300.481
300.426
300.376
300.331
300.29
300.254
300.221
300.191
300.165
300.142
300.121
300.103
300.088
300.074
300.062
300.052
300.043
300.036
300.03
300.024
300.02
300.016
300.013
300.011
300.009
300.007
300.006
300.005
300.005
304.438
303.987
303.591
303.247
302.945
302.677
302.437
302.22
302.023
301.844
301.68
301.529
301.39
301.262
301.144
301.036
300.936
300.843
300.758
300.68
300.608
300.543
300.482
300.428
300.378
300.332
300.292
300.255
300.222
300.192
300.166
300.142
300.122
300.104
300.088
300.074
300.063
300.052
300.044
300.036
300.03
300.024
300.02
300.016
300.013
300.011
300.009
300.007
300.006
300.005
300.005
304.409
303.975
303.587
303.247
302.947
302.681
302.441
302.225
302.028
301.849
301.684
301.533
301.394
301.266
301.148
301.039
300.939
300.846
300.761
300.683
300.611
300.545
300.484
300.429
300.379
300.334
300.293
300.256
300.223
300.193
300.167
300.143
300.123
300.104
300.089
300.075
300.063
300.053
300.044
300.036
300.03
300.025
300.02
300.016
300.013
300.011
300.009
300.007
300.006
300.005
300.005
304.378
303.961
303.583
303.248
302.951
302.685
302.447
302.231
302.034
301.854
301.69
301.539
301.399
301.271
301.153
301.043
300.943
300.85
300.764
300.686
300.613
300.547
300.487
300.431
300.381
300.335
300.294
300.257
300.224
300.194
300.167
300.144
300.123
300.105
300.089
300.075
300.063
300.053
300.044
300.036
300.03
300.025
300.02
300.016
300.013
300.011
300.009
300.007
300.006
300.005
300.005
304.345
303.947
303.579
303.249
302.954
302.691
302.453
302.237
302.041
301.861
301.696
301.545
301.405
301.276
301.158
301.048
300.947
300.854
300.768
300.689
300.617
300.55
300.489
300.434
300.383
300.337
300.296
300.258
300.225
300.195
300.168
300.145
300.124
300.106
300.09
300.076
300.064
300.053
300.044
300.037
300.03
300.025
300.02
300.017
300.013
300.011
300.009
300.007
300.006
300.005
300.005
304.31
303.93
303.573
303.249
302.959
302.697
302.46
302.244
302.048
301.868
301.703
301.552
301.412
301.283
301.164
301.054
300.952
300.859
300.772
300.693
300.62
300.553
300.492
300.436
300.385
300.339
300.297
300.26
300.226
300.196
300.169
300.146
300.125
300.106
300.09
300.076
300.064
300.054
300.045
300.037
300.031
300.025
300.02
300.017
300.013
300.011
300.009
300.007
300.006
300.005
300.005
304.273
303.911
303.566
303.25
302.963
302.703
302.467
302.253
302.057
301.877
301.712
301.559
301.419
301.29
301.17
301.06
300.958
300.864
300.777
300.697
300.624
300.557
300.495
300.439
300.388
300.341
300.299
300.262
300.228
300.197
300.17
300.147
300.125
300.107
300.091
300.077
300.064
300.054
300.045
300.037
300.031
300.025
300.021
300.017
300.014
300.011
300.009
300.007
300.006
300.005
300.005
304.233
303.891
303.558
303.249
302.967
302.71
302.476
302.262
302.066
301.886
301.721
301.568
301.428
301.298
301.178
301.067
300.964
300.87
300.783
300.702
300.628
300.561
300.499
300.442
300.391
300.344
300.302
300.264
300.229
300.199
300.172
300.148
300.126
300.108
300.091
300.077
300.065
300.054
300.045
300.038
300.031
300.025
300.021
300.017
300.014
300.011
300.009
300.007
300.006
300.005
300.005
304.191
303.867
303.548
303.247
302.97
302.717
302.484
302.272
302.076
301.896
301.731
301.578
301.437
301.307
301.186
301.075
300.972
300.876
300.789
300.708
300.633
300.565
300.503
300.446
300.394
300.347
300.304
300.266
300.231
300.2
300.173
300.149
300.127
300.109
300.092
300.078
300.065
300.055
300.046
300.038
300.031
300.026
300.021
300.017
300.014
300.011
300.009
300.007
300.006
300.005
300.005
304.146
303.84
303.535
303.244
302.973
302.723
302.493
302.282
302.087
301.908
301.742
301.589
301.448
301.317
301.196
301.084
300.98
300.884
300.795
300.714
300.639
300.57
300.507
300.449
300.397
300.35
300.307
300.268
300.233
300.202
300.174
300.15
300.128
300.109
300.093
300.078
300.066
300.055
300.046
300.038
300.031
300.026
300.021
300.017
300.014
300.011
300.009
300.007
300.006
300.005
300.005
304.097
303.81
303.519
303.239
302.975
302.729
302.502
302.293
302.099
301.92
301.754
301.601
301.459
301.328
301.206
301.093
300.989
300.892
300.803
300.721
300.645
300.576
300.512
300.454
300.401
300.353
300.309
300.27
300.235
300.204
300.176
300.151
300.13
300.11
300.094
300.079
300.067
300.056
300.046
300.039
300.032
300.026
300.021
300.017
300.014
300.011
300.009
300.008
300.006
300.005
300.005
304.045
303.776
303.5
303.231
302.975
302.735
302.511
302.303
302.111
301.933
301.767
301.614
301.472
301.34
301.218
301.104
300.999
300.901
300.811
300.728
300.652
300.582
300.517
300.459
300.405
300.356
300.313
300.273
300.238
300.206
300.178
300.153
300.131
300.111
300.095
300.08
300.067
300.056
300.047
300.039
300.032
300.026
300.022
300.018
300.014
300.012
300.009
300.008
300.006
300.005
300.005
303.989
303.737
303.477
303.219
302.972
302.738
302.519
302.314
302.123
301.946
301.781
301.628
301.485
301.353
301.23
301.116
301.01
300.911
300.82
300.737
300.659
300.588
300.523
300.464
300.41
300.36
300.316
300.276
300.24
300.208
300.18
300.154
300.132
300.113
300.096
300.081
300.068
300.057
300.047
300.039
300.032
300.027
300.022
300.018
300.014
300.012
300.009
300.008
300.006
300.005
300.005
303.928
303.694
303.449
303.204
302.967
302.74
302.525
302.324
302.136
301.96
301.796
301.643
301.5
301.367
301.243
301.128
301.021
300.922
300.831
300.746
300.667
300.596
300.53
300.469
300.415
300.365
300.32
300.279
300.243
300.211
300.182
300.156
300.134
300.114
300.097
300.082
300.069
300.057
300.048
300.04
300.033
300.027
300.022
300.018
300.015
300.012
300.01
300.008
300.006
300.006
300.005
303.863
303.646
303.417
303.185
302.958
302.739
302.53
302.333
302.147
301.973
301.81
301.658
301.515
301.382
301.258
301.142
301.034
300.934
300.841
300.756
300.676
300.604
300.537
300.476
300.42
300.37
300.324
300.283
300.246
300.213
300.184
300.158
300.135
300.115
300.098
300.082
300.069
300.058
300.048
300.04
300.033
300.027
300.022
300.018
300.015
300.012
300.01
300.008
300.006
300.006
300.005
303.792
303.593
303.379
303.161
302.945
302.734
302.532
302.34
302.158
301.987
301.825
301.673
301.531
301.398
301.273
301.157
301.048
300.947
300.853
300.766
300.686
300.612
300.544
300.482
300.426
300.375
300.328
300.287
300.249
300.216
300.186
300.16
300.137
300.116
300.099
300.083
300.07
300.059
300.049
300.041
300.033
300.027
300.022
300.018
300.015
300.012
300.01
300.008
300.007
300.006
300.005
303.717
303.534
303.336
303.132
302.928
302.727
302.532
302.346
302.168
301.999
301.84
301.689
301.547
301.414
301.289
301.172
301.063
300.961
300.866
300.778
300.696
300.621
300.553
300.49
300.432
300.38
300.333
300.291
300.253
300.219
300.189
300.162
300.138
300.118
300.1
300.084
300.071
300.059
300.049
300.041
300.034
300.028
300.023
300.018
300.015
300.012
300.01
300.008
300.007
300.006
300.005
303.637
303.47
303.288
303.098
302.906
302.715
302.529
302.349
302.176
302.01
301.853
301.704
301.564
301.431
301.306
301.188
301.078
300.975
300.879
300.79
300.707
300.631
300.561
300.497
300.439
300.386
300.338
300.295
300.256
300.222
300.191
300.164
300.14
300.119
300.101
300.085
300.072
300.06
300.05
300.041
300.034
300.028
300.023
300.019
300.015
300.012
300.01
300.008
300.007
300.006
300.005
303.553
303.401
303.234
303.059
302.879
302.699
302.522
302.349
302.181
302.02
301.866
301.719
301.58
301.448
301.322
301.205
301.094
300.99
300.893
300.803
300.719
300.642
300.571
300.506
300.446
300.392
300.343
300.299
300.26
300.225
300.194
300.166
300.142
300.121
300.102
300.086
300.073
300.061
300.051
300.042
300.035
300.028
300.023
300.019
300.015
300.012
300.01
300.008
300.007
300.006
300.005
303.465
303.328
303.176
303.015
302.848
302.679
302.511
302.346
302.185
302.028
301.878
301.734
301.596
301.464
301.339
301.221
301.11
301.005
300.907
300.816
300.731
300.653
300.58
300.514
300.454
300.399
300.349
300.304
300.264
300.228
300.197
300.169
300.144
300.123
300.104
300.088
300.074
300.061
300.051
300.042
300.035
300.029
300.023
300.019
300.015
300.013
300.01
300.008
300.007
300.006
300.005
303.374
303.251
303.114
302.966
302.812
302.655
302.497
302.34
302.185
302.034
301.888
301.746
301.611
301.48
301.356
301.238
301.126
301.021
300.922
300.83
300.744
300.664
300.591
300.523
300.462
300.406
300.355
300.309
300.268
300.232
300.2
300.171
300.146
300.124
300.105
300.089
300.074
300.062
300.052
300.043
300.035
300.029
300.024
300.019
300.016
300.013
300.01
300.008
300.007
300.006
300.005
303.282
303.172
303.048
302.914
302.773
302.627
302.479
302.33
302.183
302.038
301.896
301.758
301.624
301.496
301.372
301.255
301.143
301.037
300.937
300.844
300.757
300.676
300.601
300.532
300.47
300.413
300.361
300.314
300.273
300.236
300.203
300.174
300.148
300.126
300.107
300.09
300.075
300.063
300.052
300.043
300.036
300.029
300.024
300.019
300.016
300.013
300.01
300.008
300.007
300.006
300.005
303.191
303.093
302.982
302.861
302.732
302.597
302.459
302.319
302.178
302.039
301.902
301.768
301.637
301.51
301.388
301.271
301.159
301.053
300.952
300.858
300.769
300.687
300.611
300.542
300.478
300.42
300.367
300.32
300.277
300.239
300.206
300.176
300.15
300.128
300.108
300.091
300.076
300.064
300.053
300.044
300.036
300.03
300.024
300.02
300.016
300.013
300.01
300.008
300.007
300.006
300.006
303.103
303.016
302.917
302.807
302.689
302.565
302.436
302.305
302.172
302.039
301.907
301.776
301.648
301.523
301.402
301.286
301.174
301.067
300.966
300.871
300.782
300.699
300.622
300.551
300.486
300.426
300.373
300.325
300.281
300.243
300.209
300.179
300.152
300.129
300.109
300.092
300.077
300.064
300.053
300.044
300.036
300.03
300.024
300.02
300.016
300.013
300.011
300.009
300.007
300.006
300.006
303.022
302.945
302.856
302.757
302.649
302.534
302.414
302.29
302.164
302.037
301.909
301.783
301.657
301.535
301.415
301.299
301.188
301.081
300.98
300.884
300.794
300.709
300.631
300.559
300.493
300.433
300.378
300.329
300.285
300.246
300.211
300.181
300.154
300.131
300.11
300.093
300.078
300.065
300.054
300.045
300.037
300.03
300.025
300.02
300.016
300.013
300.011
300.009
300.007
300.006
300.006
302.952
302.883
302.803
302.712
302.613
302.506
302.394
302.277
302.157
302.034
301.911
301.788
301.665
301.544
301.426
301.311
301.2
301.093
300.991
300.895
300.804
300.719
300.64
300.567
300.5
300.439
300.383
300.334
300.289
300.249
300.214
300.183
300.156
300.132
300.112
300.094
300.079
300.066
300.054
300.045
300.037
300.03
300.025
300.02
300.016
300.013
300.011
300.009
300.007
300.006
300.006
302.9
302.836
302.762
302.678
302.585
302.484
302.378
302.266
302.15
302.032
301.912
301.791
301.671
301.552
301.435
301.32
301.209
301.103
301.001
300.904
300.812
300.726
300.647
300.573
300.505
300.443
300.387
300.337
300.292
300.251
300.216
300.184
300.157
300.133
300.112
300.094
300.079
300.066
300.055
300.045
300.037
300.031
300.025
300.02
300.016
300.013
300.011
300.009
300.007
300.006
300.006
302.87
302.81
302.739
302.658
302.569
302.472
302.369
302.26
302.147
302.031
301.912
301.793
301.674
301.556
301.44
301.326
301.215
301.108
301.006
300.909
300.817
300.731
300.651
300.576
300.508
300.446
300.39
300.339
300.293
300.253
300.217
300.185
300.158
300.134
300.113
300.095
300.079
300.066
300.055
300.045
300.037
300.031
300.025
300.02
300.016
300.013
300.011
300.009
300.007
300.006
300.006
)
;

boundaryField
{
    inlet
    {
        type            fixedValue;
        value           uniform 300;
    }
    outlet
    {
        type            zeroGradient;
    }
    top
    {
        type            zeroGradient;
    }
    slip-bottom
    {
        type            zeroGradient;
    }
    bottom
    {
        type            zeroGradient;
    }
    interface
    {
        type            fixedGradient;
        gradient        nonuniform List<scalar> 
161
(
68.0919
68.0919
46.2537
46.2537
46.2537
46.2537
34.3092
34.3092
34.3092
34.3092
29.4683
29.4683
29.4683
28.666
28.666
28.666
28.666
26.0467
26.0467
26.0467
25.1723
25.1723
25.1723
24.6622
24.6622
24.6622
24.0044
24.0044
24.0044
23.4103
23.4103
23.4103
22.8582
22.8582
22.8582
22.313
22.313
22.313
21.7921
21.7921
21.7921
20.7439
20.7439
21.492
21.492
21.492
20.4444
20.4444
20.9245
20.9245
20.9245
19.8854
19.8854
19.8762
19.8762
19.8762
20.0122
20.0122
20.3534
20.3534
19.0919
19.0919
18.9781
18.9781
19.0193
19.0193
18.8731
18.8731
18.8731
18.6927
18.6927
18.5164
18.3311
18.3311
18.1035
18.1035
17.8971
17.8971
17.1495
17.1495
18.0774
18.0774
17.6952
17.6952
17.263
16.5347
16.5347
17.3322
17.3322
16.9872
16.0789
16.0789
16.864
16.0213
16.0213
16.5461
16.5461
15.6933
16.2174
16.2174
15.4202
15.9502
15.1609
15.1609
15.2086
15.7483
15.7483
14.8073
15.2451
14.4986
14.4986
14.511
14.6646
14.9591
14.9591
14.0792
14.1185
14.2623
14.4968
14.4968
13.731
13.7546
13.8704
13.868
14.058
13.46
13.46
13.4195
13.4658
13.4346
13.3942
13.3479
13.2981
13.2467
13.1948
13.1433
13.0933
13.0456
13.0016
12.9626
12.9303
12.9067
12.8939
12.8939
12.909
12.9432
13.0026
13.101
13.2686
13.4206
13.1026
13.1743
13.737
14.1533
14.7115
15.3897
17.9669
15.7125
18.411
21.014
30.228
)
;
    }
    defaultFaces
    {
        type            empty;
    }
}


// ************************************************************************* //
