/*--------------------------------*- C++ -*----------------------------------*\
| =========                 |                                                 |
| \\      /  F ield         | OpenFOAM: The Open Source CFD Toolbox           |
|  \\    /   O peration     | Version:  2106                                  |
|   \\  /    A nd           | Website:  www.openfoam.com                      |
|    \\/     M anipulation  |                                                 |
\*---------------------------------------------------------------------------*/
FoamFile
{
    version     2.0;
    format      ascii;
    arch        "LSB;label=32;scalar=64";
    class       volScalarField;
    location    "4.6";
    object      T;
}
// * * * * * * * * * * * * * * * * * * * * * * * * * * * * * * * * * * * * * //

dimensions      [0 0 0 1 0 0 0];

internalField   nonuniform List<scalar> 
12013
(
300.003
300.009
300.015
300.022
300.029
300.036
300.044
300.051
300.06
300.068
300.077
300.087
300.096
300.106
300.117
300.128
300.14
300.152
300.164
300.177
300.19
300.204
300.219
300.234
300.25
300.266
300.283
300.3
300.318
300.336
300.356
300.376
300.396
300.417
300.439
300.462
300.485
300.509
300.534
300.56
300.586
300.613
300.641
300.67
300.7
300.731
300.762
300.794
300.828
300.862
300.897
300.933
300.971
301.009
301.049
301.089
301.131
301.174
301.218
301.264
301.311
301.359
301.409
301.461
301.514
301.569
301.626
301.685
301.746
301.809
301.876
301.945
302.017
302.093
302.173
302.258
302.35
302.449
302.558
302.682
302.83
300.003
300.009
300.015
300.022
300.029
300.036
300.044
300.051
300.06
300.068
300.077
300.087
300.096
300.106
300.117
300.128
300.14
300.152
300.164
300.177
300.19
300.204
300.219
300.234
300.25
300.266
300.282
300.3
300.318
300.336
300.356
300.376
300.396
300.417
300.439
300.462
300.485
300.509
300.534
300.56
300.586
300.613
300.641
300.67
300.7
300.73
300.762
300.794
300.828
300.862
300.897
300.933
300.971
301.009
301.048
301.089
301.131
301.174
301.218
301.263
301.31
301.359
301.409
301.46
301.513
301.568
301.625
301.684
301.745
301.808
301.874
301.943
302.014
302.09
302.169
302.254
302.343
302.44
302.545
302.66
302.787
300.003
300.009
300.015
300.022
300.029
300.036
300.044
300.051
300.06
300.068
300.077
300.087
300.096
300.106
300.117
300.128
300.14
300.151
300.164
300.177
300.19
300.204
300.219
300.234
300.249
300.266
300.282
300.3
300.318
300.336
300.356
300.376
300.396
300.417
300.439
300.462
300.485
300.509
300.534
300.56
300.586
300.613
300.641
300.67
300.7
300.73
300.762
300.794
300.827
300.861
300.897
300.933
300.97
301.008
301.048
301.088
301.13
301.173
301.217
301.263
301.309
301.358
301.407
301.459
301.512
301.566
301.623
301.681
301.742
301.805
301.87
301.938
302.009
302.084
302.162
302.244
302.331
302.423
302.521
302.625
302.733
300.003
300.009
300.015
300.022
300.029
300.036
300.044
300.051
300.06
300.068
300.077
300.087
300.096
300.106
300.117
300.128
300.14
300.151
300.164
300.177
300.19
300.204
300.219
300.234
300.249
300.266
300.282
300.3
300.318
300.336
300.356
300.375
300.396
300.417
300.439
300.462
300.485
300.509
300.534
300.56
300.586
300.613
300.641
300.67
300.699
300.73
300.761
300.794
300.827
300.861
300.896
300.932
300.969
301.008
301.047
301.087
301.129
301.172
301.216
301.261
301.308
301.356
301.405
301.456
301.509
301.563
301.619
301.677
301.737
301.8
301.864
301.931
302.001
302.073
302.149
302.228
302.311
302.398
302.488
302.581
302.675
300.003
300.009
300.015
300.022
300.029
300.036
300.044
300.051
300.06
300.068
300.077
300.086
300.096
300.106
300.117
300.128
300.139
300.151
300.164
300.177
300.19
300.204
300.219
300.234
300.249
300.266
300.282
300.3
300.318
300.336
300.355
300.375
300.396
300.417
300.439
300.461
300.485
300.509
300.534
300.559
300.585
300.613
300.641
300.669
300.699
300.729
300.761
300.793
300.826
300.86
300.895
300.931
300.968
301.006
301.046
301.086
301.127
301.17
301.214
301.259
301.305
301.353
301.402
301.453
301.505
301.559
301.614
301.672
301.731
301.792
301.855
301.921
301.989
302.059
302.132
302.208
302.286
302.367
302.449
302.533
302.616
300.003
300.009
300.015
300.022
300.029
300.036
300.044
300.051
300.06
300.068
300.077
300.086
300.096
300.106
300.117
300.128
300.139
300.151
300.164
300.177
300.19
300.204
300.219
300.234
300.249
300.265
300.282
300.299
300.317
300.336
300.355
300.375
300.396
300.417
300.439
300.461
300.484
300.508
300.533
300.559
300.585
300.612
300.64
300.669
300.698
300.729
300.76
300.792
300.825
300.859
300.894
300.93
300.967
301.005
301.044
301.084
301.125
301.167
301.211
301.256
301.302
301.349
301.398
301.448
301.5
301.553
301.608
301.664
301.722
301.782
301.844
301.908
301.973
302.041
302.111
302.182
302.256
302.331
302.406
302.482
302.556
300.003
300.009
300.015
300.022
300.029
300.036
300.044
300.051
300.06
300.068
300.077
300.086
300.096
300.106
300.117
300.128
300.139
300.151
300.164
300.177
300.19
300.204
300.218
300.233
300.249
300.265
300.282
300.299
300.317
300.336
300.355
300.375
300.395
300.416
300.438
300.461
300.484
300.508
300.533
300.558
300.584
300.611
300.639
300.668
300.697
300.727
300.759
300.791
300.824
300.857
300.892
300.928
300.965
301.003
301.041
301.081
301.122
301.164
301.207
301.252
301.297
301.344
301.392
301.442
301.493
301.545
301.599
301.654
301.711
301.769
301.829
301.891
301.954
302.019
302.085
302.153
302.221
302.29
302.36
302.429
302.496
300.003
300.009
300.015
300.022
300.029
300.036
300.044
300.051
300.06
300.068
300.077
300.086
300.096
300.106
300.117
300.128
300.139
300.151
300.164
300.177
300.19
300.204
300.218
300.233
300.249
300.265
300.282
300.299
300.317
300.335
300.355
300.374
300.395
300.416
300.438
300.46
300.483
300.507
300.532
300.557
300.584
300.61
300.638
300.667
300.696
300.726
300.757
300.789
300.822
300.856
300.89
300.926
300.962
301
301.038
301.078
301.118
301.16
301.203
301.247
301.292
301.338
301.385
301.434
301.484
301.535
301.588
301.642
301.697
301.754
301.812
301.871
301.931
301.993
302.055
302.119
302.183
302.247
302.311
302.374
302.436
300.003
300.009
300.015
300.022
300.029
300.036
300.043
300.051
300.06
300.068
300.077
300.086
300.096
300.106
300.117
300.128
300.139
300.151
300.163
300.176
300.19
300.204
300.218
300.233
300.249
300.265
300.281
300.299
300.317
300.335
300.354
300.374
300.394
300.415
300.437
300.46
300.483
300.507
300.531
300.556
300.582
300.609
300.637
300.665
300.694
300.724
300.755
300.787
300.82
300.853
300.887
300.923
300.959
300.996
301.034
301.073
301.114
301.155
301.197
301.24
301.285
301.33
301.377
301.424
301.473
301.523
301.575
301.627
301.68
301.735
301.791
301.847
301.905
301.963
302.022
302.082
302.141
302.201
302.26
302.318
302.375
300.003
300.009
300.015
300.022
300.029
300.036
300.043
300.051
300.059
300.068
300.077
300.086
300.096
300.106
300.117
300.128
300.139
300.151
300.163
300.176
300.19
300.203
300.218
300.233
300.248
300.264
300.281
300.298
300.316
300.335
300.354
300.373
300.394
300.415
300.436
300.459
300.482
300.505
300.53
300.555
300.581
300.608
300.635
300.664
300.693
300.722
300.753
300.785
300.817
300.85
300.884
300.919
300.955
300.992
301.03
301.068
301.108
301.148
301.19
301.233
301.276
301.321
301.366
301.413
301.461
301.509
301.559
301.61
301.661
301.714
301.767
301.821
301.875
301.93
301.986
302.041
302.097
302.152
302.207
302.26
302.313
300.003
300.009
300.015
300.022
300.029
300.036
300.043
300.051
300.059
300.068
300.077
300.086
300.096
300.106
300.116
300.127
300.139
300.151
300.163
300.176
300.189
300.203
300.218
300.232
300.248
300.264
300.281
300.298
300.316
300.334
300.353
300.373
300.393
300.414
300.435
300.458
300.481
300.504
300.529
300.554
300.579
300.606
300.633
300.661
300.69
300.72
300.75
300.781
300.814
300.846
300.88
300.915
300.95
300.987
301.024
301.062
301.101
301.141
301.182
301.223
301.266
301.31
301.354
301.399
301.446
301.493
301.541
301.59
301.639
301.689
301.74
301.791
301.843
301.895
301.947
301.999
302.05
302.102
302.152
302.202
302.251
300.003
300.009
300.015
300.022
300.029
300.036
300.043
300.051
300.059
300.068
300.077
300.086
300.096
300.106
300.116
300.127
300.139
300.15
300.163
300.176
300.189
300.203
300.217
300.232
300.247
300.263
300.28
300.297
300.315
300.333
300.352
300.372
300.392
300.413
300.434
300.456
300.479
300.503
300.527
300.552
300.577
300.604
300.631
300.659
300.687
300.717
300.747
300.778
300.81
300.842
300.875
300.909
300.944
300.98
301.017
301.054
301.093
301.132
301.172
301.212
301.254
301.297
301.34
301.384
301.428
301.474
301.52
301.567
301.614
301.662
301.71
301.759
301.807
301.856
301.905
301.953
302.002
302.049
302.096
302.143
302.188
300.003
300.009
300.015
300.022
300.029
300.036
300.043
300.051
300.059
300.068
300.077
300.086
300.095
300.106
300.116
300.127
300.138
300.15
300.162
300.175
300.189
300.202
300.217
300.231
300.247
300.263
300.279
300.296
300.314
300.332
300.351
300.371
300.391
300.411
300.433
300.455
300.477
300.501
300.525
300.55
300.575
300.601
300.628
300.656
300.684
300.713
300.743
300.773
300.805
300.837
300.87
300.903
300.938
300.973
301.009
301.045
301.083
301.121
301.16
301.2
301.24
301.281
301.323
301.366
301.409
301.453
301.497
301.541
301.586
301.632
301.678
301.723
301.769
301.815
301.861
301.906
301.951
301.996
302.039
302.083
302.125
300.003
300.009
300.015
300.022
300.029
300.036
300.043
300.051
300.059
300.068
300.076
300.086
300.095
300.105
300.116
300.127
300.138
300.15
300.162
300.175
300.188
300.202
300.216
300.231
300.246
300.262
300.278
300.295
300.313
300.331
300.35
300.369
300.389
300.41
300.431
300.453
300.475
300.499
300.522
300.547
300.572
300.598
300.625
300.652
300.68
300.709
300.738
300.768
300.799
300.831
300.863
300.896
300.93
300.964
300.999
301.035
301.072
301.109
301.147
301.185
301.225
301.264
301.305
301.346
301.387
301.429
301.471
301.513
301.556
301.599
301.642
301.686
301.729
301.772
301.814
301.857
301.899
301.94
301.981
302.021
302.061
300.003
300.009
300.015
300.022
300.029
300.036
300.043
300.051
300.059
300.067
300.076
300.085
300.095
300.105
300.115
300.126
300.138
300.149
300.162
300.174
300.187
300.201
300.215
300.23
300.245
300.261
300.277
300.294
300.312
300.33
300.348
300.368
300.388
300.408
300.429
300.451
300.473
300.496
300.52
300.544
300.569
300.594
300.621
300.648
300.675
300.703
300.732
300.762
300.792
300.823
300.855
300.887
300.92
300.954
300.988
301.023
301.059
301.095
301.132
301.169
301.207
301.245
301.284
301.323
301.363
301.402
301.443
301.483
301.524
301.564
301.605
301.646
301.686
301.726
301.766
301.806
301.845
301.884
301.922
301.96
301.996
300.003
300.009
300.015
300.022
300.028
300.036
300.043
300.051
300.059
300.067
300.076
300.085
300.095
300.105
300.115
300.126
300.137
300.149
300.161
300.174
300.187
300.2
300.215
300.229
300.244
300.26
300.276
300.293
300.31
300.328
300.347
300.366
300.386
300.406
300.427
300.448
300.47
300.493
300.516
300.54
300.565
300.59
300.616
300.643
300.67
300.697
300.726
300.755
300.785
300.815
300.846
300.878
300.91
300.943
300.976
301.01
301.044
301.079
301.115
301.151
301.187
301.224
301.261
301.298
301.336
301.374
301.412
301.45
301.489
301.527
301.565
301.603
301.641
301.679
301.717
301.754
301.79
301.826
301.862
301.897
301.931
300.003
300.009
300.015
300.022
300.028
300.035
300.043
300.051
300.059
300.067
300.076
300.085
300.094
300.104
300.115
300.125
300.137
300.148
300.16
300.173
300.186
300.2
300.214
300.228
300.243
300.259
300.275
300.292
300.309
300.326
300.345
300.364
300.383
300.403
300.424
300.445
300.467
300.489
300.512
300.536
300.56
300.585
300.611
300.637
300.663
300.691
300.718
300.747
300.776
300.806
300.836
300.866
300.898
300.93
300.962
300.995
301.028
301.062
301.096
301.13
301.165
301.2
301.236
301.271
301.307
301.343
301.379
301.415
301.452
301.488
301.524
301.559
301.595
301.63
301.665
301.7
301.734
301.768
301.801
301.834
301.866
300.003
300.009
300.015
300.021
300.028
300.035
300.043
300.05
300.058
300.067
300.075
300.084
300.094
300.104
300.114
300.125
300.136
300.148
300.16
300.172
300.185
300.198
300.212
300.227
300.242
300.257
300.273
300.29
300.307
300.324
300.342
300.361
300.38
300.4
300.421
300.442
300.463
300.485
300.508
300.531
300.555
300.579
300.604
300.63
300.656
300.683
300.71
300.738
300.766
300.795
300.824
300.854
300.884
300.915
300.946
300.978
301.01
301.042
301.075
301.108
301.141
301.175
301.208
301.242
301.276
301.31
301.344
301.378
301.412
301.446
301.48
301.514
301.547
301.58
301.613
301.645
301.677
301.709
301.74
301.77
301.8
300.003
300.009
300.015
300.021
300.028
300.035
300.042
300.05
300.058
300.066
300.075
300.084
300.093
300.103
300.114
300.124
300.135
300.147
300.159
300.171
300.184
300.197
300.211
300.225
300.24
300.255
300.271
300.288
300.305
300.322
300.34
300.358
300.377
300.397
300.417
300.438
300.459
300.48
300.503
300.525
300.549
300.573
300.597
300.622
300.648
300.674
300.7
300.727
300.755
300.783
300.811
300.84
300.869
300.899
300.929
300.959
300.99
301.021
301.052
301.084
301.115
301.147
301.179
301.211
301.243
301.275
301.308
301.34
301.372
301.403
301.435
301.466
301.498
301.529
301.559
301.589
301.619
301.649
301.677
301.706
301.734
300.003
300.009
300.015
300.021
300.028
300.035
300.042
300.05
300.058
300.066
300.075
300.084
300.093
300.103
300.113
300.123
300.134
300.146
300.158
300.17
300.183
300.196
300.21
300.224
300.238
300.253
300.269
300.285
300.302
300.319
300.337
300.355
300.374
300.393
300.413
300.433
300.454
300.475
300.497
300.519
300.542
300.565
300.589
300.613
300.638
300.663
300.689
300.715
300.742
300.769
300.796
300.824
300.852
300.881
300.91
300.939
300.968
300.998
301.027
301.057
301.087
301.118
301.148
301.178
301.208
301.239
301.269
301.299
301.329
301.359
301.388
301.418
301.447
301.476
301.504
301.533
301.56
301.588
301.615
301.642
301.668
300.003
300.009
300.015
300.021
300.028
300.035
300.042
300.049
300.057
300.066
300.074
300.083
300.092
300.102
300.112
300.122
300.133
300.145
300.156
300.169
300.181
300.194
300.208
300.222
300.236
300.251
300.267
300.282
300.299
300.316
300.333
300.351
300.369
300.388
300.408
300.427
300.448
300.469
300.49
300.512
300.534
300.557
300.58
300.604
300.628
300.652
300.677
300.702
300.728
300.754
300.78
300.807
300.834
300.861
300.889
300.917
300.945
300.973
301.001
301.029
301.058
301.086
301.115
301.143
301.172
301.2
301.229
301.257
301.285
301.313
301.341
301.368
301.395
301.422
301.449
301.475
301.501
301.527
301.552
301.577
301.601
300.003
300.009
300.015
300.021
300.028
300.034
300.042
300.049
300.057
300.065
300.073
300.082
300.092
300.101
300.111
300.121
300.132
300.143
300.155
300.167
300.179
300.192
300.206
300.219
300.234
300.248
300.264
300.279
300.295
300.312
300.329
300.347
300.365
300.383
300.402
300.421
300.441
300.462
300.482
300.504
300.525
300.547
300.57
300.593
300.616
300.64
300.664
300.688
300.713
300.738
300.763
300.788
300.814
300.84
300.866
300.893
300.919
300.946
300.973
301
301.027
301.053
301.08
301.107
301.134
301.161
301.187
301.214
301.24
301.266
301.292
301.318
301.343
301.368
301.393
301.417
301.442
301.465
301.489
301.512
301.535
300.003
300.009
300.015
300.021
300.027
300.034
300.041
300.049
300.056
300.064
300.073
300.082
300.091
300.1
300.11
300.12
300.131
300.142
300.153
300.165
300.177
300.19
300.203
300.217
300.231
300.245
300.26
300.276
300.292
300.308
300.324
300.342
300.359
300.377
300.396
300.415
300.434
300.454
300.474
300.495
300.515
300.537
300.559
300.581
300.603
300.626
300.649
300.672
300.696
300.72
300.744
300.768
300.793
300.818
300.843
300.868
300.893
300.918
300.943
300.968
300.994
301.019
301.044
301.07
301.095
301.12
301.144
301.169
301.194
301.218
301.242
301.266
301.29
301.313
301.336
301.359
301.382
301.404
301.426
301.447
301.469
300.003
300.008
300.014
300.021
300.027
300.034
300.041
300.048
300.056
300.064
300.072
300.081
300.09
300.099
300.109
300.119
300.129
300.14
300.152
300.163
300.175
300.188
300.201
300.214
300.228
300.242
300.257
300.272
300.287
300.303
300.319
300.336
300.353
300.371
300.389
300.407
300.426
300.445
300.465
300.484
300.505
300.525
300.546
300.567
300.589
300.611
300.633
300.655
300.678
300.701
300.724
300.747
300.77
300.794
300.817
300.841
300.865
300.888
300.912
300.936
300.96
300.983
301.007
301.031
301.054
301.078
301.101
301.124
301.147
301.169
301.192
301.214
301.236
301.258
301.279
301.301
301.322
301.342
301.363
301.383
301.403
300.003
300.008
300.014
300.02
300.027
300.033
300.04
300.048
300.055
300.063
300.071
300.08
300.089
300.098
300.107
300.117
300.128
300.138
300.149
300.161
300.173
300.185
300.198
300.211
300.224
300.238
300.252
300.267
300.282
300.298
300.314
300.33
300.346
300.364
300.381
300.399
300.417
300.435
300.454
300.473
300.493
300.513
300.533
300.553
300.574
300.595
300.616
300.637
300.658
300.68
300.702
300.724
300.746
300.768
300.79
300.813
300.835
300.857
300.88
300.902
300.924
300.947
300.969
300.991
301.013
301.035
301.056
301.078
301.099
301.12
301.141
301.162
301.182
301.202
301.223
301.242
301.262
301.281
301.3
301.319
301.337
300.003
300.008
300.014
300.02
300.026
300.033
300.04
300.047
300.054
300.062
300.07
300.079
300.087
300.096
300.106
300.116
300.126
300.136
300.147
300.158
300.17
300.182
300.194
300.207
300.22
300.234
300.248
300.262
300.277
300.292
300.307
300.323
300.339
300.356
300.372
300.39
300.407
300.425
300.443
300.461
300.48
300.499
300.518
300.538
300.557
300.577
300.597
300.617
300.638
300.658
300.679
300.7
300.721
300.742
300.762
300.783
300.804
300.825
300.846
300.867
300.888
300.909
300.93
300.95
300.971
300.991
301.011
301.031
301.051
301.071
301.09
301.109
301.128
301.147
301.166
301.184
301.202
301.22
301.238
301.255
301.272
300.003
300.008
300.014
300.02
300.026
300.032
300.039
300.046
300.054
300.061
300.069
300.077
300.086
300.095
300.104
300.114
300.124
300.134
300.144
300.155
300.167
300.179
300.191
300.203
300.216
300.229
300.243
300.256
300.271
300.285
300.3
300.315
300.331
300.347
300.363
300.38
300.396
300.413
300.431
300.448
300.466
300.484
300.503
300.521
300.54
300.559
300.578
300.597
300.616
300.636
300.655
300.675
300.694
300.714
300.734
300.753
300.773
300.793
300.812
300.832
300.851
300.87
300.89
300.909
300.928
300.947
300.966
300.984
301.003
301.021
301.039
301.057
301.074
301.092
301.109
301.126
301.143
301.159
301.176
301.192
301.208
300.003
300.008
300.014
300.019
300.026
300.032
300.039
300.045
300.053
300.06
300.068
300.076
300.084
300.093
300.102
300.111
300.121
300.131
300.142
300.152
300.163
300.175
300.187
300.199
300.211
300.224
300.237
300.25
300.264
300.278
300.293
300.307
300.322
300.337
300.353
300.369
300.385
300.401
300.418
300.435
300.452
300.469
300.486
300.504
300.522
300.539
300.557
300.575
300.594
300.612
300.63
300.649
300.667
300.685
300.704
300.722
300.741
300.759
300.777
300.795
300.814
300.832
300.85
300.867
300.885
300.903
300.92
300.937
300.954
300.971
300.988
301.005
301.021
301.037
301.053
301.069
301.084
301.1
301.115
301.13
301.145
300.003
300.008
300.013
300.019
300.025
300.031
300.038
300.045
300.052
300.059
300.067
300.074
300.083
300.091
300.1
300.109
300.119
300.128
300.138
300.149
300.16
300.171
300.182
300.194
300.206
300.218
300.231
300.244
300.257
300.27
300.284
300.298
300.313
300.327
300.342
300.357
300.373
300.388
300.404
300.42
300.436
300.453
300.469
300.486
300.502
300.519
300.536
300.553
300.57
300.587
300.605
300.622
300.639
300.656
300.673
300.691
300.708
300.725
300.742
300.759
300.776
300.792
300.809
300.826
300.842
300.858
300.875
300.89
300.906
300.922
300.938
300.953
300.968
300.983
300.998
301.012
301.027
301.041
301.055
301.069
301.082
300.003
300.008
300.013
300.019
300.025
300.031
300.037
300.044
300.05
300.058
300.065
300.073
300.081
300.089
300.098
300.107
300.116
300.125
300.135
300.145
300.155
300.166
300.177
300.189
300.2
300.212
300.224
300.237
300.249
300.262
300.276
300.289
300.303
300.317
300.331
300.345
300.36
300.375
300.39
300.405
300.42
300.435
300.451
300.467
300.482
300.498
300.514
300.53
300.546
300.562
300.578
300.594
300.611
300.627
300.643
300.659
300.675
300.691
300.706
300.722
300.738
300.753
300.769
300.784
300.799
300.814
300.829
300.844
300.859
300.873
300.888
300.902
300.916
300.93
300.943
300.957
300.97
300.983
300.996
301.009
301.022
300.002
300.008
300.013
300.018
300.024
300.03
300.036
300.043
300.049
300.056
300.063
300.071
300.079
300.087
300.095
300.104
300.113
300.122
300.131
300.141
300.151
300.161
300.172
300.183
300.194
300.205
300.217
300.229
300.241
300.254
300.266
300.279
300.292
300.306
300.319
300.333
300.347
300.361
300.375
300.389
300.403
300.418
300.433
300.447
300.462
300.477
300.492
300.507
300.522
300.537
300.552
300.567
300.582
300.597
300.612
300.627
300.642
300.656
300.671
300.686
300.7
300.715
300.729
300.743
300.757
300.771
300.785
300.799
300.812
300.826
300.839
300.852
300.865
300.878
300.89
300.903
300.915
300.927
300.939
300.951
300.963
300.002
300.007
300.012
300.018
300.023
300.029
300.035
300.041
300.048
300.055
300.062
300.069
300.077
300.084
300.092
300.101
300.109
300.118
300.127
300.137
300.146
300.156
300.167
300.177
300.188
300.199
300.21
300.221
300.233
300.245
300.257
300.269
300.281
300.294
300.307
300.32
300.333
300.346
300.359
300.373
300.386
300.4
300.414
300.428
300.442
300.455
300.469
300.483
300.497
300.511
300.525
300.539
300.553
300.567
300.581
300.595
300.609
300.622
300.636
300.65
300.663
300.676
300.69
300.703
300.716
300.729
300.742
300.754
300.767
300.779
300.791
300.803
300.815
300.827
300.839
300.85
300.862
300.873
300.884
300.895
300.906
300.002
300.007
300.012
300.017
300.023
300.028
300.034
300.04
300.047
300.053
300.06
300.067
300.074
300.082
300.09
300.098
300.106
300.115
300.123
300.132
300.142
300.151
300.161
300.171
300.181
300.192
300.202
300.213
300.224
300.235
300.247
300.258
300.27
300.282
300.294
300.307
300.319
300.331
300.344
300.357
300.369
300.382
300.395
300.408
300.421
300.434
300.447
300.46
300.473
300.486
300.499
300.512
300.525
300.538
300.551
300.564
300.577
300.589
300.602
300.614
300.627
300.639
300.652
300.664
300.676
300.688
300.699
300.711
300.723
300.734
300.745
300.757
300.768
300.779
300.789
300.8
300.81
300.821
300.831
300.841
300.851
300.002
300.007
300.012
300.017
300.022
300.027
300.033
300.039
300.045
300.052
300.058
300.065
300.072
300.079
300.087
300.094
300.102
300.111
300.119
300.128
300.137
300.146
300.155
300.165
300.174
300.184
300.195
300.205
300.215
300.226
300.237
300.248
300.259
300.27
300.282
300.293
300.305
300.317
300.328
300.34
300.352
300.364
300.376
300.388
300.401
300.413
300.425
300.437
300.449
300.461
300.474
300.486
300.498
300.51
300.522
300.534
300.545
300.557
300.569
300.581
300.592
300.604
300.615
300.626
300.637
300.648
300.659
300.67
300.681
300.691
300.702
300.712
300.722
300.732
300.742
300.752
300.762
300.771
300.781
300.79
300.799
300.002
300.007
300.011
300.016
300.021
300.027
300.032
300.038
300.044
300.05
300.056
300.063
300.07
300.077
300.084
300.091
300.099
300.107
300.115
300.123
300.132
300.14
300.149
300.158
300.168
300.177
300.187
300.197
300.207
300.217
300.227
300.237
300.248
300.259
300.269
300.28
300.291
300.302
300.313
300.325
300.336
300.347
300.358
300.37
300.381
300.392
300.404
300.415
300.426
300.438
300.449
300.46
300.471
300.483
300.494
300.505
300.516
300.527
300.538
300.548
300.559
300.57
300.58
300.59
300.601
300.611
300.621
300.631
300.641
300.651
300.66
300.67
300.679
300.689
300.698
300.707
300.716
300.725
300.733
300.742
300.75
300.002
300.006
300.011
300.016
300.021
300.026
300.031
300.037
300.042
300.048
300.054
300.061
300.067
300.074
300.081
300.088
300.095
300.103
300.111
300.119
300.127
300.135
300.144
300.152
300.161
300.17
300.179
300.189
300.198
300.208
300.218
300.227
300.237
300.247
300.258
300.268
300.278
300.289
300.299
300.309
300.32
300.331
300.341
300.352
300.362
300.373
300.384
300.394
300.405
300.415
300.426
300.436
300.447
300.457
300.468
300.478
300.488
300.498
300.508
300.518
300.528
300.538
300.548
300.557
300.567
300.576
300.586
300.595
300.604
300.613
300.622
300.631
300.64
300.648
300.657
300.665
300.673
300.682
300.69
300.698
300.705
300.002
300.006
300.011
300.015
300.02
300.025
300.03
300.035
300.041
300.047
300.053
300.059
300.065
300.071
300.078
300.085
300.092
300.099
300.107
300.114
300.122
300.13
300.138
300.147
300.155
300.164
300.172
300.181
300.19
300.199
300.209
300.218
300.227
300.237
300.247
300.256
300.266
300.276
300.286
300.296
300.305
300.315
300.325
300.335
300.345
300.355
300.365
300.375
300.385
300.395
300.405
300.415
300.424
300.434
300.444
300.453
300.463
300.472
300.482
300.491
300.5
300.509
300.519
300.527
300.536
300.545
300.554
300.562
300.571
300.579
300.588
300.596
300.604
300.612
300.62
300.628
300.635
300.643
300.65
300.658
300.665
300.002
300.006
300.01
300.015
300.019
300.024
300.029
300.034
300.04
300.045
300.051
300.057
300.063
300.069
300.076
300.082
300.089
300.096
300.103
300.111
300.118
300.126
300.134
300.142
300.15
300.158
300.166
300.175
300.183
300.192
300.201
300.21
300.219
300.228
300.237
300.246
300.255
300.265
300.274
300.283
300.293
300.302
300.311
300.321
300.33
300.34
300.349
300.358
300.368
300.377
300.386
300.396
300.405
300.414
300.423
300.432
300.441
300.45
300.459
300.467
300.476
300.485
300.493
300.501
300.51
300.518
300.526
300.534
300.542
300.55
300.558
300.566
300.573
300.581
300.588
300.595
300.602
300.609
300.616
300.623
300.63
300.002
300.006
300.01
300.014
300.019
300.024
300.028
300.033
300.039
300.044
300.05
300.055
300.061
300.067
300.074
300.08
300.087
300.093
300.1
300.107
300.115
300.122
300.129
300.137
300.145
300.153
300.161
300.169
300.177
300.186
300.194
300.203
300.211
300.22
300.229
300.237
300.246
300.255
300.264
300.273
300.282
300.291
300.3
300.309
300.318
300.327
300.336
300.345
300.354
300.362
300.371
300.38
300.389
300.397
300.406
300.414
300.423
300.431
300.44
300.448
300.456
300.464
300.472
300.48
300.488
300.496
300.504
300.511
300.519
300.526
300.534
300.541
300.548
300.555
300.562
300.569
300.576
300.582
300.589
300.595
300.602
300.002
300.006
300.01
300.014
300.019
300.023
300.028
300.033
300.038
300.043
300.048
300.054
300.06
300.066
300.072
300.078
300.085
300.091
300.098
300.105
300.112
300.119
300.126
300.134
300.142
300.149
300.157
300.165
300.173
300.181
300.189
300.198
300.206
300.214
300.223
300.231
300.24
300.248
300.257
300.266
300.274
300.283
300.291
300.3
300.309
300.317
300.326
300.335
300.343
300.352
300.36
300.369
300.377
300.385
300.393
300.402
300.41
300.418
300.426
300.434
300.442
300.45
300.457
300.465
300.472
300.48
300.487
300.495
300.502
300.509
300.516
300.523
300.53
300.536
300.543
300.55
300.556
300.563
300.569
300.575
300.581
300.002
300.006
300.01
300.014
300.018
300.023
300.027
300.032
300.037
300.043
300.048
300.053
300.059
300.065
300.071
300.077
300.084
300.09
300.097
300.104
300.111
300.118
300.125
300.132
300.14
300.147
300.155
300.163
300.171
300.179
300.187
300.195
300.203
300.211
300.219
300.228
300.236
300.245
300.253
300.261
300.27
300.278
300.287
300.295
300.304
300.312
300.321
300.329
300.337
300.346
300.354
300.362
300.37
300.379
300.387
300.395
300.403
300.411
300.418
300.426
300.434
300.441
300.449
300.456
300.464
300.471
300.478
300.485
300.493
300.499
300.506
300.513
300.52
300.526
300.533
300.539
300.546
300.552
300.558
300.564
300.57
303.025
303.154
303.232
303.304
303.368
303.419
303.454
303.494
303.534
303.571
303.603
303.637
303.672
303.706
303.74
303.773
303.804
303.832
303.861
303.891
303.92
303.949
303.979
304.008
304.037
304.066
304.093
304.121
304.149
304.175
304.202
304.229
304.255
304.281
304.307
304.332
304.358
304.383
304.407
304.432
304.457
304.48
304.505
304.532
304.558
304.582
304.605
304.63
304.655
304.68
304.704
304.725
304.749
304.773
304.797
304.822
304.847
304.871
304.896
304.918
304.938
304.96
304.982
305.005
305.028
305.051
305.074
305.096
305.119
305.141
305.163
305.184
305.205
305.226
305.247
305.268
305.288
305.309
305.328
305.349
305.373
305.395
305.414
305.433
305.451
305.468
305.488
305.509
305.529
305.546
305.562
305.58
305.6
305.617
305.635
305.655
305.672
305.688
305.706
305.722
305.736
305.753
305.766
305.782
305.798
305.815
305.829
305.841
305.855
305.866
305.879
305.893
305.907
305.921
305.933
305.942
305.953
305.965
305.976
305.986
305.993
306.001
306.01
306.018
306.026
306.031
306.036
306.041
306.046
306.05
306.053
306.054
306.055
306.055
306.053
306.05
306.046
306.04
306.033
306.024
306.014
306.002
305.988
305.973
305.955
305.935
305.912
305.887
305.858
305.825
305.784
305.743
305.701
305.653
305.6
305.54
305.474
305.364
305.262
305.135
304.969
302.924
303.038
303.126
303.201
303.267
303.322
303.368
303.412
303.454
303.493
303.53
303.566
303.602
303.637
303.672
303.705
303.738
303.768
303.799
303.829
303.859
303.889
303.919
303.949
303.978
304.007
304.036
304.064
304.092
304.119
304.147
304.174
304.2
304.227
304.253
304.279
304.304
304.33
304.355
304.38
304.405
304.429
304.455
304.481
304.507
304.532
304.556
304.58
304.605
304.63
304.654
304.677
304.701
304.725
304.75
304.774
304.799
304.824
304.848
304.871
304.892
304.914
304.936
304.959
304.982
305.005
305.028
305.051
305.074
305.096
305.118
305.14
305.161
305.182
305.203
305.224
305.245
305.266
305.286
305.307
305.33
305.352
305.372
305.391
305.409
305.427
305.447
305.468
305.487
305.505
305.522
305.54
305.559
305.577
305.595
305.614
305.632
305.649
305.666
305.683
305.698
305.714
305.728
305.744
305.76
305.776
305.791
305.803
305.817
305.829
305.842
305.856
305.87
305.883
305.895
305.905
305.917
305.928
305.939
305.949
305.957
305.965
305.974
305.982
305.989
305.995
306.001
306.006
306.011
306.014
306.017
306.019
306.02
306.019
306.018
306.015
306.011
306.005
305.998
305.989
305.979
305.967
305.953
305.938
305.92
305.899
305.877
305.851
305.822
305.788
305.748
305.707
305.664
305.615
305.561
305.498
305.428
305.321
305.214
305.081
304.898
302.842
302.941
303.027
303.103
303.169
303.228
303.279
303.327
303.371
303.413
303.453
303.491
303.528
303.565
303.6
303.635
303.668
303.7
303.732
303.763
303.794
303.825
303.856
303.886
303.916
303.945
303.974
304.003
304.031
304.059
304.087
304.115
304.142
304.169
304.195
304.222
304.248
304.274
304.299
304.325
304.35
304.375
304.401
304.427
304.452
304.478
304.503
304.527
304.553
304.577
304.602
304.626
304.65
304.674
304.699
304.723
304.748
304.773
304.797
304.82
304.842
304.865
304.888
304.911
304.934
304.957
304.98
305.003
305.026
305.048
305.07
305.092
305.114
305.135
305.157
305.178
305.199
305.22
305.241
305.262
305.284
305.306
305.326
305.346
305.365
305.384
305.403
305.423
305.443
305.461
305.479
305.497
305.516
305.534
305.553
305.572
305.59
305.607
305.624
305.64
305.656
305.672
305.687
305.703
305.719
305.735
305.75
305.763
305.776
305.789
305.803
305.816
305.83
305.843
305.856
305.866
305.878
305.889
305.9
305.91
305.918
305.927
305.936
305.944
305.951
305.957
305.963
305.968
305.973
305.976
305.979
305.981
305.982
305.982
305.98
305.977
305.973
305.968
305.961
305.952
305.942
305.93
305.916
305.9
305.882
305.862
305.839
305.813
305.784
305.75
305.71
305.668
305.624
305.575
305.519
305.455
305.38
305.275
305.164
305.024
304.832
302.767
302.855
302.936
303.009
303.076
303.135
303.19
303.24
303.286
303.33
303.372
303.412
303.451
303.489
303.525
303.561
303.595
303.629
303.662
303.694
303.726
303.757
303.789
303.819
303.85
303.88
303.909
303.939
303.967
303.996
304.024
304.052
304.08
304.107
304.134
304.161
304.187
304.214
304.24
304.266
304.292
304.317
304.343
304.369
304.395
304.421
304.446
304.471
304.496
304.521
304.546
304.571
304.595
304.62
304.644
304.669
304.694
304.718
304.743
304.766
304.789
304.812
304.835
304.859
304.882
304.905
304.928
304.951
304.974
304.997
305.019
305.042
305.064
305.085
305.107
305.129
305.15
305.171
305.192
305.214
305.236
305.257
305.278
305.298
305.317
305.337
305.356
305.376
305.396
305.415
305.433
305.452
305.471
305.489
305.508
305.526
305.544
305.562
305.579
305.596
305.612
305.628
305.643
305.659
305.675
305.691
305.706
305.72
305.734
305.747
305.76
305.774
305.788
305.801
305.813
305.825
305.836
305.847
305.858
305.868
305.877
305.886
305.895
305.903
305.91
305.916
305.922
305.927
305.932
305.936
305.939
305.941
305.942
305.941
305.94
305.937
305.933
305.928
305.921
305.912
305.902
305.89
305.876
305.86
305.842
305.822
305.799
305.773
305.743
305.709
305.67
305.627
305.582
305.532
305.474
305.408
305.33
305.227
305.111
304.967
304.768
302.697
302.776
302.851
302.921
302.985
303.045
303.1
303.152
303.2
303.246
303.289
303.331
303.371
303.41
303.447
303.484
303.519
303.554
303.588
303.621
303.654
303.686
303.718
303.749
303.78
303.81
303.841
303.87
303.9
303.929
303.958
303.986
304.014
304.042
304.069
304.097
304.124
304.15
304.177
304.203
304.23
304.256
304.282
304.308
304.334
304.36
304.386
304.411
304.437
304.462
304.487
304.512
304.537
304.562
304.586
304.611
304.636
304.661
304.685
304.709
304.733
304.756
304.78
304.803
304.827
304.85
304.873
304.897
304.92
304.943
304.965
304.988
305.01
305.032
305.054
305.076
305.098
305.119
305.141
305.162
305.184
305.206
305.226
305.247
305.267
305.286
305.306
305.326
305.346
305.365
305.384
305.403
305.422
305.441
305.459
305.478
305.496
305.514
305.531
305.548
305.565
305.581
305.597
305.613
305.629
305.644
305.66
305.674
305.688
305.701
305.715
305.729
305.742
305.756
305.768
305.78
305.791
305.803
305.814
305.824
305.833
305.842
305.851
305.859
305.866
305.873
305.879
305.884
305.889
305.893
305.896
305.898
305.899
305.899
305.897
305.895
305.891
305.885
305.878
305.87
305.86
305.848
305.834
305.818
305.8
305.78
305.756
305.73
305.7
305.666
305.626
305.584
305.538
305.486
305.427
305.359
305.279
305.176
305.057
304.909
304.707
302.629
302.701
302.77
302.836
302.898
302.957
303.012
303.063
303.113
303.159
303.204
303.247
303.288
303.327
303.366
303.404
303.44
303.475
303.51
303.544
303.578
303.611
303.643
303.675
303.706
303.738
303.768
303.798
303.828
303.858
303.887
303.916
303.944
303.973
304.001
304.028
304.056
304.083
304.11
304.137
304.164
304.19
304.217
304.243
304.269
304.296
304.322
304.347
304.373
304.399
304.424
304.449
304.475
304.5
304.525
304.55
304.575
304.6
304.624
304.649
304.673
304.696
304.72
304.744
304.768
304.791
304.815
304.839
304.862
304.885
304.908
304.931
304.953
304.976
304.998
305.02
305.042
305.064
305.085
305.107
305.129
305.151
305.172
305.192
305.213
305.233
305.253
305.273
305.293
305.312
305.332
305.351
305.37
305.389
305.408
305.426
305.445
305.463
305.48
305.497
305.514
305.531
305.547
305.563
305.579
305.595
305.61
305.625
305.639
305.653
305.667
305.681
305.694
305.708
305.72
305.732
305.744
305.755
305.766
305.777
305.786
305.795
305.804
305.812
305.82
305.827
305.833
305.838
305.843
305.847
305.85
305.852
305.853
305.853
305.852
305.85
305.846
305.84
305.834
305.825
305.815
305.803
305.789
305.773
305.755
305.735
305.711
305.684
305.654
305.62
305.581
305.538
305.491
305.438
305.378
305.308
305.226
305.122
305.001
304.85
304.649
302.563
302.628
302.692
302.754
302.813
302.87
302.924
302.976
303.025
303.072
303.117
303.16
303.202
303.243
303.282
303.32
303.358
303.394
303.429
303.464
303.498
303.532
303.565
303.597
303.629
303.661
303.692
303.723
303.753
303.783
303.813
303.842
303.871
303.9
303.928
303.956
303.984
304.012
304.039
304.067
304.094
304.121
304.148
304.174
304.201
304.227
304.254
304.28
304.306
304.332
304.358
304.383
304.409
304.434
304.46
304.485
304.51
304.535
304.56
304.584
304.609
304.633
304.657
304.681
304.705
304.729
304.753
304.777
304.8
304.824
304.847
304.87
304.893
304.915
304.938
304.96
304.983
305.005
305.027
305.049
305.071
305.092
305.114
305.135
305.155
305.176
305.196
305.217
305.237
305.256
305.276
305.295
305.315
305.334
305.353
305.372
305.39
305.408
305.426
305.444
305.461
305.477
305.494
305.51
305.526
305.542
305.558
305.573
305.587
305.601
305.615
305.629
305.643
305.657
305.669
305.682
305.694
305.705
305.716
305.727
305.736
305.746
305.755
305.763
305.771
305.778
305.784
305.79
305.794
305.799
305.802
305.804
305.805
305.805
305.804
305.801
305.798
305.792
305.786
305.777
305.767
305.755
305.742
305.726
305.708
305.687
305.663
305.636
305.606
305.571
305.532
305.489
305.441
305.387
305.326
305.255
305.17
305.066
304.943
304.791
304.593
302.497
302.557
302.616
302.674
302.731
302.785
302.838
302.888
302.937
302.984
303.029
303.073
303.115
303.156
303.196
303.235
303.272
303.309
303.345
303.381
303.415
303.449
303.483
303.516
303.548
303.581
303.612
303.643
303.674
303.705
303.735
303.765
303.794
303.823
303.852
303.881
303.909
303.937
303.965
303.993
304.02
304.047
304.075
304.102
304.129
304.155
304.182
304.209
304.235
304.261
304.287
304.313
304.339
304.365
304.39
304.416
304.441
304.467
304.492
304.517
304.541
304.566
304.59
304.615
304.639
304.663
304.687
304.711
304.735
304.759
304.782
304.805
304.829
304.852
304.874
304.897
304.92
304.942
304.964
304.986
305.009
305.03
305.052
305.073
305.094
305.115
305.136
305.156
305.177
305.197
305.217
305.236
305.256
305.275
305.294
305.313
305.332
305.35
305.369
305.386
305.404
305.421
305.437
305.454
305.47
305.486
305.502
305.517
305.532
305.546
305.561
305.575
305.589
305.602
305.615
305.628
305.64
305.651
305.663
305.673
305.683
305.693
305.702
305.71
305.718
305.725
305.732
305.738
305.743
305.747
305.75
305.752
305.754
305.754
305.753
305.75
305.747
305.741
305.735
305.727
305.717
305.705
305.691
305.675
305.657
305.636
305.612
305.585
305.555
305.52
305.481
305.437
305.389
305.334
305.271
305.199
305.113
305.008
304.884
304.732
304.538
302.431
302.487
302.542
302.596
302.65
302.702
302.753
302.802
302.849
302.896
302.94
302.984
303.026
303.067
303.107
303.146
303.185
303.222
303.258
303.294
303.329
303.364
303.398
303.431
303.464
303.497
303.529
303.56
303.592
303.623
303.653
303.683
303.713
303.743
303.772
303.801
303.83
303.858
303.886
303.914
303.942
303.97
303.998
304.025
304.052
304.079
304.106
304.133
304.16
304.186
304.213
304.239
304.265
304.291
304.317
304.343
304.369
304.394
304.419
304.445
304.47
304.495
304.519
304.544
304.569
304.593
304.617
304.642
304.666
304.69
304.713
304.737
304.76
304.784
304.807
304.83
304.853
304.875
304.898
304.92
304.943
304.965
304.987
305.008
305.03
305.051
305.072
305.093
305.113
305.134
305.154
305.174
305.193
305.213
305.232
305.252
305.27
305.289
305.307
305.325
305.343
305.36
305.377
305.394
305.411
305.427
305.443
305.458
305.473
305.488
305.502
305.517
305.531
305.544
305.558
305.57
305.583
305.594
305.606
305.617
305.627
305.637
305.646
305.654
305.662
305.67
305.676
305.682
305.687
305.692
305.695
305.698
305.699
305.699
305.698
305.696
305.692
305.687
305.681
305.673
305.663
305.651
305.637
305.622
305.603
305.582
305.558
305.531
305.501
305.466
305.426
305.382
305.333
305.278
305.214
305.14
305.053
304.948
304.824
304.673
304.485
302.365
302.417
302.469
302.52
302.57
302.62
302.668
302.716
302.762
302.807
302.851
302.894
302.936
302.977
303.017
303.056
303.095
303.132
303.169
303.205
303.24
303.275
303.31
303.343
303.377
303.41
303.442
303.474
303.506
303.537
303.568
303.598
303.628
303.658
303.688
303.717
303.746
303.775
303.804
303.832
303.861
303.889
303.917
303.944
303.972
303.999
304.027
304.054
304.081
304.107
304.134
304.161
304.187
304.213
304.24
304.266
304.292
304.317
304.343
304.369
304.394
304.419
304.444
304.469
304.494
304.519
304.544
304.568
304.592
304.617
304.641
304.665
304.688
304.712
304.735
304.759
304.782
304.805
304.828
304.85
304.873
304.895
304.917
304.939
304.961
304.983
305.004
305.025
305.046
305.066
305.087
305.107
305.127
305.147
305.167
305.186
305.205
305.224
305.242
305.261
305.278
305.296
305.313
305.33
305.347
305.364
305.38
305.395
305.411
305.426
305.441
305.455
305.469
305.483
305.496
305.509
305.522
305.534
305.545
305.556
305.567
305.577
305.586
305.595
305.603
305.611
305.617
305.623
305.629
305.633
305.637
305.639
305.641
305.641
305.64
305.638
305.635
305.63
305.624
305.616
305.606
305.594
305.581
305.565
305.546
305.525
305.502
305.474
305.443
305.408
305.369
305.325
305.275
305.218
305.154
305.079
304.991
304.887
304.763
304.613
304.432
302.299
302.348
302.396
302.444
302.491
302.538
302.585
302.63
302.675
302.719
302.762
302.804
302.846
302.886
302.926
302.965
303.003
303.04
303.077
303.113
303.149
303.184
303.219
303.253
303.286
303.319
303.352
303.384
303.416
303.448
303.479
303.51
303.54
303.57
303.6
303.63
303.659
303.689
303.718
303.746
303.775
303.803
303.832
303.86
303.887
303.915
303.943
303.97
303.997
304.025
304.051
304.078
304.105
304.132
304.158
304.185
304.211
304.237
304.263
304.289
304.314
304.34
304.365
304.39
304.416
304.441
304.466
304.49
304.515
304.539
304.564
304.588
304.612
304.636
304.66
304.683
304.707
304.73
304.753
304.776
304.799
304.822
304.844
304.866
304.888
304.91
304.932
304.953
304.974
304.995
305.016
305.036
305.057
305.077
305.097
305.116
305.136
305.155
305.174
305.192
305.21
305.228
305.246
305.263
305.28
305.297
305.313
305.329
305.344
305.36
305.375
305.389
305.404
305.418
305.431
305.445
305.457
305.469
305.481
305.492
305.503
305.513
305.523
305.532
305.54
305.548
305.555
305.561
305.566
305.571
305.575
305.578
305.579
305.58
305.579
305.577
305.574
305.569
305.563
305.555
305.545
305.534
305.52
305.504
305.486
305.465
305.441
305.414
305.383
305.348
305.308
305.264
305.214
305.157
305.091
305.016
304.927
304.823
304.7
304.554
304.38
302.233
302.278
302.323
302.369
302.413
302.458
302.502
302.546
302.589
302.631
302.673
302.714
302.755
302.794
302.833
302.872
302.91
302.947
302.984
303.02
303.055
303.09
303.125
303.159
303.193
303.226
303.259
303.291
303.323
303.355
303.386
303.418
303.448
303.479
303.509
303.539
303.569
303.598
303.627
303.657
303.685
303.714
303.743
303.771
303.799
303.827
303.855
303.883
303.91
303.937
303.965
303.992
304.019
304.046
304.072
304.099
304.126
304.152
304.178
304.204
304.23
304.256
304.282
304.307
304.333
304.358
304.383
304.408
304.433
304.458
304.483
304.507
304.532
304.556
304.58
304.604
304.627
304.651
304.674
304.698
304.721
304.744
304.767
304.789
304.811
304.833
304.855
304.877
304.898
304.92
304.941
304.962
304.982
305.002
305.023
305.043
305.062
305.081
305.101
305.119
305.138
305.156
305.174
305.191
305.208
305.225
305.242
305.258
305.274
305.29
305.305
305.32
305.334
305.349
305.362
305.376
305.389
305.401
305.413
305.425
305.435
305.446
305.456
305.465
305.473
305.481
305.488
305.495
305.5
305.505
305.509
305.512
305.514
305.514
305.514
305.512
305.509
305.505
305.498
305.491
305.481
305.47
305.456
305.441
305.422
305.401
305.377
305.35
305.319
305.284
305.244
305.2
305.149
305.092
305.026
304.95
304.862
304.758
304.637
304.495
304.329
302.167
302.209
302.251
302.294
302.336
302.378
302.42
302.461
302.503
302.543
302.584
302.624
302.663
302.702
302.74
302.778
302.815
302.852
302.888
302.924
302.96
302.995
303.029
303.063
303.097
303.13
303.163
303.195
303.228
303.259
303.291
303.322
303.353
303.384
303.414
303.444
303.474
303.504
303.534
303.563
303.592
303.621
303.65
303.678
303.707
303.735
303.763
303.791
303.819
303.846
303.874
303.901
303.928
303.956
303.983
304.009
304.036
304.063
304.089
304.116
304.142
304.168
304.194
304.22
304.246
304.271
304.297
304.322
304.347
304.372
304.397
304.422
304.447
304.471
304.496
304.52
304.544
304.568
304.591
304.615
304.638
304.662
304.685
304.707
304.73
304.752
304.775
304.797
304.818
304.84
304.861
304.882
304.903
304.924
304.944
304.964
304.984
305.004
305.023
305.042
305.061
305.079
305.098
305.115
305.133
305.15
305.167
305.183
305.2
305.215
305.231
305.246
305.261
305.275
305.289
305.303
305.316
305.329
305.341
305.353
305.364
305.374
305.384
305.394
305.403
305.411
305.418
305.425
305.43
305.435
305.439
305.442
305.444
305.445
305.445
305.443
305.441
305.436
305.43
305.423
305.413
305.402
305.389
305.373
305.355
305.334
305.31
305.283
305.252
305.217
305.177
305.132
305.081
305.024
304.958
304.882
304.794
304.692
304.573
304.435
304.276
302.1
302.14
302.179
302.219
302.259
302.298
302.338
302.378
302.417
302.456
302.495
302.533
302.572
302.609
302.647
302.684
302.72
302.756
302.792
302.827
302.862
302.897
302.931
302.965
302.998
303.032
303.064
303.097
303.129
303.161
303.192
303.224
303.255
303.286
303.316
303.347
303.377
303.406
303.436
303.466
303.495
303.524
303.553
303.582
303.61
303.639
303.667
303.695
303.723
303.751
303.779
303.807
303.834
303.861
303.889
303.916
303.943
303.97
303.996
304.023
304.049
304.076
304.102
304.128
304.154
304.18
304.206
304.231
304.257
304.282
304.307
304.333
304.357
304.382
304.407
304.431
304.456
304.48
304.504
304.528
304.551
304.575
304.598
304.621
304.644
304.667
304.69
304.712
304.734
304.756
304.777
304.799
304.82
304.841
304.862
304.882
304.902
304.922
304.942
304.961
304.98
304.999
305.017
305.035
305.053
305.07
305.087
305.104
305.121
305.137
305.152
305.168
305.183
305.198
305.212
305.226
305.239
305.252
305.264
305.276
305.288
305.299
305.309
305.318
305.327
305.336
305.343
305.35
305.356
305.361
305.366
305.369
305.371
305.372
305.372
305.371
305.368
305.364
305.358
305.351
305.341
305.33
305.317
305.302
305.284
305.263
305.239
305.212
305.181
305.146
305.106
305.061
305.011
304.953
304.887
304.811
304.724
304.623
304.507
304.374
304.223
302.033
302.07
302.107
302.144
302.182
302.219
302.257
302.294
302.332
302.369
302.406
302.443
302.48
302.516
302.553
302.589
302.624
302.66
302.695
302.729
302.764
302.798
302.832
302.865
302.898
302.931
302.964
302.996
303.028
303.06
303.091
303.123
303.154
303.184
303.215
303.245
303.276
303.306
303.335
303.365
303.394
303.424
303.453
303.482
303.51
303.539
303.567
303.596
303.624
303.652
303.68
303.708
303.735
303.763
303.79
303.818
303.845
303.872
303.899
303.926
303.953
303.979
304.006
304.032
304.058
304.084
304.11
304.136
304.162
304.188
304.213
304.239
304.264
304.289
304.314
304.339
304.363
304.388
304.412
304.436
304.46
304.484
304.507
304.531
304.554
304.577
304.6
304.622
304.645
304.667
304.689
304.711
304.732
304.753
304.774
304.795
304.815
304.836
304.855
304.875
304.894
304.913
304.932
304.95
304.968
304.986
305.003
305.02
305.037
305.054
305.07
305.085
305.101
305.115
305.13
305.144
305.158
305.171
305.183
305.196
305.207
305.218
305.229
305.239
305.248
305.256
305.264
305.271
305.278
305.283
305.287
305.291
305.293
305.295
305.295
305.294
305.291
305.287
305.282
305.274
305.265
305.254
305.241
305.226
305.208
305.188
305.164
305.137
305.106
305.071
305.032
304.987
304.936
304.879
304.813
304.738
304.652
304.553
304.441
304.313
304.169
301.966
302
302.035
302.07
302.105
302.141
302.176
302.212
302.247
302.283
302.318
302.353
302.389
302.424
302.459
302.493
302.528
302.562
302.596
302.63
302.664
302.698
302.731
302.764
302.796
302.829
302.861
302.893
302.925
302.956
302.988
303.019
303.05
303.081
303.111
303.141
303.172
303.202
303.231
303.261
303.29
303.32
303.349
303.378
303.407
303.435
303.464
303.493
303.521
303.549
303.577
303.605
303.633
303.661
303.688
303.716
303.743
303.77
303.798
303.825
303.852
303.878
303.905
303.932
303.958
303.985
304.011
304.037
304.063
304.089
304.115
304.14
304.166
304.191
304.216
304.241
304.266
304.291
304.315
304.34
304.364
304.388
304.412
304.436
304.459
304.482
304.506
304.528
304.551
304.574
304.596
304.618
304.639
304.661
304.682
304.703
304.724
304.744
304.764
304.784
304.804
304.823
304.842
304.861
304.879
304.897
304.915
304.932
304.949
304.966
304.982
304.998
305.013
305.029
305.043
305.058
305.071
305.085
305.098
305.11
305.122
305.133
305.144
305.154
305.164
305.173
305.181
305.188
305.194
305.2
305.205
305.208
305.211
305.213
305.213
305.212
305.21
305.206
305.201
305.194
305.185
305.174
305.161
305.146
305.129
305.108
305.085
305.058
305.028
304.993
304.954
304.909
304.859
304.802
304.737
304.663
304.578
304.482
304.373
304.25
304.114
301.898
301.93
301.963
301.996
302.029
302.062
302.096
302.129
302.163
302.196
302.23
302.264
302.298
302.331
302.365
302.398
302.432
302.465
302.498
302.531
302.564
302.596
302.629
302.661
302.693
302.725
302.757
302.789
302.82
302.851
302.882
302.913
302.944
302.974
303.005
303.035
303.065
303.095
303.124
303.154
303.183
303.213
303.242
303.271
303.3
303.329
303.357
303.386
303.414
303.442
303.471
303.499
303.527
303.555
303.582
303.61
303.637
303.665
303.692
303.719
303.747
303.774
303.8
303.827
303.854
303.88
303.907
303.933
303.959
303.985
304.011
304.037
304.063
304.089
304.114
304.139
304.164
304.189
304.214
304.239
304.263
304.288
304.312
304.336
304.36
304.383
304.407
304.43
304.453
304.475
304.498
304.52
304.542
304.564
304.585
304.607
304.628
304.648
304.669
304.689
304.709
304.728
304.747
304.766
304.785
304.803
304.821
304.839
304.856
304.873
304.889
304.906
304.921
304.937
304.952
304.966
304.981
304.994
305.007
305.02
305.032
305.044
305.055
305.065
305.075
305.084
305.092
305.1
305.106
305.112
305.117
305.121
305.124
305.126
305.126
305.126
305.124
305.12
305.115
305.109
305.1
305.09
305.077
305.062
305.045
305.025
305.002
304.975
304.945
304.911
304.872
304.828
304.778
304.721
304.657
304.584
304.502
304.408
304.303
304.186
304.057
301.83
301.86
301.891
301.922
301.953
301.984
302.015
302.047
302.079
302.111
302.143
302.175
302.207
302.239
302.271
302.303
302.335
302.367
302.399
302.431
302.463
302.495
302.526
302.558
302.589
302.621
302.652
302.683
302.714
302.744
302.775
302.805
302.836
302.866
302.896
302.926
302.956
302.985
303.015
303.044
303.074
303.103
303.132
303.161
303.19
303.219
303.247
303.276
303.304
303.332
303.361
303.389
303.417
303.445
303.472
303.5
303.528
303.555
303.583
303.61
303.637
303.665
303.692
303.718
303.745
303.772
303.799
303.825
303.852
303.878
303.904
303.93
303.956
303.982
304.007
304.033
304.058
304.083
304.108
304.133
304.158
304.183
304.207
304.231
304.255
304.279
304.303
304.326
304.349
304.372
304.395
304.418
304.44
304.462
304.484
304.505
304.527
304.547
304.568
304.589
304.609
304.628
304.648
304.667
304.686
304.704
304.723
304.741
304.758
304.775
304.792
304.808
304.824
304.84
304.855
304.87
304.885
304.899
304.912
304.925
304.937
304.949
304.96
304.971
304.981
304.99
304.999
305.007
305.014
305.02
305.025
305.029
305.032
305.034
305.035
305.035
305.033
305.03
305.025
305.019
305.011
305
304.988
304.974
304.957
304.937
304.914
304.888
304.858
304.824
304.786
304.742
304.693
304.638
304.575
304.504
304.423
304.333
304.232
304.121
303.999
301.762
301.79
301.819
301.848
301.877
301.906
301.936
301.966
301.996
302.026
302.056
302.086
302.117
302.147
302.178
302.209
302.24
302.27
302.301
302.332
302.363
302.393
302.424
302.454
302.485
302.515
302.546
302.576
302.606
302.636
302.666
302.696
302.726
302.756
302.786
302.815
302.845
302.874
302.903
302.932
302.962
302.991
303.019
303.048
303.077
303.106
303.134
303.163
303.191
303.219
303.247
303.275
303.303
303.331
303.359
303.387
303.415
303.442
303.47
303.497
303.524
303.552
303.579
303.606
303.633
303.66
303.686
303.713
303.74
303.766
303.792
303.818
303.845
303.87
303.896
303.922
303.948
303.973
303.998
304.023
304.048
304.073
304.098
304.122
304.146
304.17
304.194
304.218
304.241
304.265
304.288
304.31
304.333
304.355
304.377
304.399
304.42
304.442
304.463
304.483
304.504
304.524
304.543
304.563
304.582
304.601
304.619
304.637
304.655
304.672
304.689
304.706
304.722
304.738
304.754
304.769
304.784
304.798
304.811
304.825
304.837
304.849
304.861
304.872
304.882
304.892
304.9
304.909
304.916
304.922
304.928
304.932
304.935
304.938
304.939
304.939
304.937
304.934
304.93
304.924
304.916
304.906
304.894
304.88
304.864
304.844
304.822
304.796
304.767
304.734
304.696
304.653
304.605
304.55
304.489
304.42
304.342
304.255
304.159
304.053
303.938
301.694
301.72
301.747
301.774
301.801
301.829
301.857
301.885
301.913
301.941
301.97
301.999
302.027
302.057
302.086
302.115
302.144
302.174
302.203
302.233
302.262
302.292
302.321
302.351
302.38
302.41
302.439
302.469
302.498
302.528
302.557
302.586
302.616
302.645
302.674
302.703
302.732
302.761
302.79
302.819
302.847
302.876
302.905
302.933
302.962
302.99
303.018
303.047
303.075
303.103
303.131
303.159
303.187
303.215
303.243
303.27
303.298
303.326
303.353
303.381
303.408
303.435
303.462
303.489
303.516
303.543
303.57
303.597
303.623
303.65
303.676
303.703
303.729
303.755
303.781
303.807
303.833
303.858
303.884
303.909
303.934
303.959
303.984
304.008
304.033
304.057
304.081
304.105
304.129
304.152
304.175
304.198
304.221
304.244
304.266
304.288
304.309
304.331
304.352
304.373
304.393
304.414
304.434
304.453
304.473
304.492
304.51
304.529
304.547
304.564
304.582
304.599
304.615
304.631
304.647
304.662
304.677
304.692
304.706
304.719
304.732
304.744
304.756
304.767
304.778
304.788
304.797
304.805
304.813
304.819
304.825
304.83
304.833
304.836
304.838
304.838
304.837
304.834
304.83
304.824
304.817
304.807
304.796
304.782
304.766
304.747
304.725
304.7
304.671
304.639
304.602
304.56
304.513
304.46
304.4
304.333
304.258
304.175
304.083
303.983
303.874
301.626
301.65
301.675
301.701
301.726
301.752
301.778
301.804
301.831
301.858
301.884
301.912
301.939
301.966
301.994
302.022
302.05
302.078
302.106
302.134
302.162
302.191
302.219
302.247
302.276
302.304
302.333
302.361
302.39
302.419
302.447
302.476
302.504
302.533
302.561
302.59
302.618
302.647
302.675
302.703
302.732
302.76
302.788
302.816
302.844
302.873
302.901
302.929
302.957
302.984
303.012
303.04
303.068
303.096
303.123
303.151
303.178
303.206
303.233
303.261
303.288
303.315
303.342
303.369
303.396
303.423
303.45
303.477
303.504
303.53
303.557
303.583
303.609
303.635
303.662
303.687
303.713
303.739
303.765
303.79
303.815
303.84
303.865
303.89
303.915
303.939
303.963
303.987
304.011
304.035
304.058
304.081
304.104
304.127
304.149
304.172
304.193
304.215
304.236
304.258
304.278
304.299
304.319
304.339
304.358
304.378
304.397
304.415
304.433
304.451
304.469
304.486
304.503
304.519
304.535
304.551
304.566
304.58
304.595
304.608
304.621
304.634
304.646
304.658
304.668
304.678
304.688
304.696
304.704
304.711
304.717
304.722
304.726
304.729
304.731
304.731
304.731
304.728
304.725
304.719
304.712
304.703
304.692
304.679
304.663
304.644
304.623
304.599
304.571
304.539
304.503
304.462
304.417
304.365
304.307
304.243
304.171
304.092
304.005
303.91
303.807
301.558
301.581
301.604
301.628
301.651
301.676
301.7
301.725
301.749
301.775
301.8
301.826
301.851
301.877
301.903
301.93
301.956
301.983
302.009
302.036
302.063
302.09
302.117
302.145
302.172
302.199
302.227
302.254
302.282
302.31
302.337
302.365
302.393
302.42
302.448
302.476
302.504
302.531
302.559
302.587
302.615
302.642
302.67
302.698
302.726
302.753
302.781
302.809
302.836
302.864
302.891
302.919
302.946
302.974
303.001
303.029
303.056
303.083
303.111
303.138
303.165
303.192
303.219
303.246
303.273
303.3
303.327
303.353
303.38
303.407
303.433
303.46
303.486
303.512
303.538
303.564
303.59
303.616
303.641
303.667
303.692
303.717
303.742
303.767
303.792
303.817
303.841
303.865
303.889
303.913
303.936
303.96
303.983
304.006
304.028
304.05
304.073
304.094
304.116
304.137
304.158
304.179
304.199
304.219
304.239
304.258
304.277
304.296
304.315
304.333
304.35
304.368
304.385
304.401
304.418
304.433
304.449
304.464
304.478
304.492
304.505
304.518
304.531
304.542
304.553
304.564
304.573
304.582
304.59
304.597
304.604
304.609
304.613
304.617
304.619
304.62
304.619
304.617
304.614
304.609
304.602
304.593
304.583
304.57
304.555
304.537
304.516
304.493
304.466
304.435
304.4
304.361
304.316
304.267
304.211
304.15
304.081
304.006
303.923
303.834
303.738
301.49
301.511
301.533
301.555
301.577
301.6
301.623
301.646
301.669
301.693
301.716
301.74
301.765
301.789
301.814
301.839
301.864
301.889
301.914
301.94
301.965
301.991
302.017
302.043
302.069
302.095
302.122
302.148
302.174
302.201
302.228
302.254
302.281
302.308
302.335
302.362
302.389
302.416
302.443
302.47
302.497
302.524
302.551
302.578
302.606
302.633
302.66
302.687
302.714
302.741
302.769
302.796
302.823
302.85
302.877
302.904
302.931
302.958
302.985
303.012
303.039
303.066
303.093
303.12
303.147
303.174
303.2
303.227
303.253
303.28
303.306
303.333
303.359
303.385
303.411
303.437
303.463
303.489
303.514
303.54
303.565
303.59
303.615
303.64
303.665
303.69
303.714
303.738
303.762
303.786
303.81
303.833
303.857
303.879
303.902
303.925
303.947
303.969
303.99
304.012
304.033
304.054
304.074
304.094
304.114
304.134
304.153
304.172
304.191
304.209
304.227
304.244
304.262
304.278
304.295
304.311
304.326
304.341
304.356
304.37
304.384
304.397
304.41
304.422
304.433
304.443
304.453
304.462
304.471
304.478
304.485
304.49
304.495
304.499
304.501
304.502
304.502
304.501
304.498
304.493
304.487
304.479
304.468
304.456
304.442
304.425
304.405
304.382
304.356
304.326
304.292
304.254
304.212
304.164
304.111
304.053
303.988
303.916
303.838
303.754
303.664
301.422
301.442
301.463
301.483
301.504
301.525
301.546
301.568
301.59
301.612
301.634
301.656
301.679
301.702
301.725
301.749
301.772
301.796
301.82
301.844
301.868
301.893
301.917
301.942
301.967
301.992
302.017
302.043
302.068
302.093
302.119
302.145
302.17
302.196
302.222
302.248
302.274
302.301
302.327
302.353
302.379
302.406
302.432
302.459
302.485
302.512
302.538
302.565
302.591
302.618
302.645
302.671
302.698
302.725
302.752
302.778
302.805
302.832
302.858
302.885
302.912
302.938
302.965
302.991
303.018
303.044
303.071
303.097
303.124
303.15
303.176
303.202
303.229
303.255
303.281
303.306
303.332
303.358
303.383
303.409
303.434
303.459
303.485
303.509
303.534
303.559
303.583
303.607
303.632
303.655
303.679
303.703
303.726
303.749
303.772
303.794
303.816
303.838
303.86
303.882
303.903
303.924
303.944
303.965
303.985
304.004
304.024
304.043
304.062
304.08
304.098
304.116
304.133
304.15
304.167
304.183
304.199
304.214
304.229
304.243
304.257
304.27
304.283
304.295
304.307
304.318
304.328
304.337
304.346
304.353
304.36
304.366
304.371
304.375
304.378
304.379
304.38
304.378
304.376
304.372
304.366
304.358
304.349
304.337
304.323
304.307
304.288
304.266
304.241
304.212
304.18
304.144
304.103
304.058
304.007
303.952
303.89
303.823
303.75
303.671
303.586
301.355
301.374
301.393
301.412
301.431
301.451
301.471
301.491
301.511
301.532
301.553
301.574
301.595
301.617
301.638
301.66
301.683
301.705
301.727
301.75
301.773
301.796
301.82
301.843
301.867
301.89
301.914
301.938
301.963
301.987
302.011
302.036
302.061
302.085
302.11
302.135
302.161
302.186
302.211
302.237
302.262
302.288
302.313
302.339
302.365
302.39
302.416
302.442
302.468
302.494
302.52
302.546
302.572
302.599
302.625
302.651
302.677
302.703
302.73
302.756
302.782
302.808
302.835
302.861
302.887
302.913
302.939
302.966
302.992
303.018
303.044
303.07
303.096
303.121
303.147
303.173
303.199
303.224
303.249
303.275
303.3
303.325
303.35
303.375
303.4
303.424
303.448
303.473
303.497
303.52
303.544
303.568
303.591
303.614
303.637
303.659
303.681
303.703
303.725
303.747
303.768
303.789
303.81
303.83
303.85
303.87
303.889
303.908
303.927
303.946
303.964
303.982
303.999
304.016
304.033
304.05
304.065
304.081
304.096
304.111
304.125
304.138
304.151
304.163
304.175
304.186
304.197
304.206
304.215
304.223
304.23
304.236
304.242
304.246
304.249
304.251
304.251
304.251
304.249
304.245
304.24
304.233
304.224
304.213
304.199
304.184
304.166
304.145
304.121
304.094
304.063
304.029
303.99
303.947
303.899
303.847
303.789
303.726
303.657
303.584
303.505
301.289
301.306
301.324
301.342
301.36
301.378
301.397
301.415
301.434
301.453
301.473
301.493
301.513
301.533
301.553
301.574
301.594
301.615
301.637
301.658
301.68
301.701
301.723
301.745
301.768
301.79
301.813
301.836
301.859
301.882
301.905
301.929
301.952
301.976
302
302.024
302.048
302.072
302.096
302.121
302.145
302.17
302.195
302.22
302.244
302.269
302.295
302.32
302.345
302.37
302.396
302.421
302.446
302.472
302.497
302.523
302.549
302.574
302.6
302.626
302.652
302.677
302.703
302.729
302.755
302.78
302.806
302.832
302.858
302.883
302.909
302.935
302.96
302.986
303.011
303.037
303.062
303.087
303.113
303.138
303.163
303.188
303.212
303.237
303.262
303.286
303.31
303.334
303.358
303.382
303.405
303.429
303.452
303.475
303.497
303.52
303.542
303.564
303.586
303.607
303.629
303.65
303.67
303.691
303.711
303.731
303.75
303.769
303.788
303.807
303.825
303.843
303.861
303.878
303.895
303.911
303.927
303.943
303.958
303.973
303.987
304.001
304.014
304.026
304.038
304.049
304.06
304.07
304.079
304.087
304.095
304.101
304.107
304.111
304.115
304.117
304.118
304.118
304.116
304.113
304.108
304.102
304.093
304.083
304.071
304.056
304.039
304.019
303.996
303.971
303.941
303.909
303.872
303.832
303.787
303.738
303.683
303.624
303.561
303.492
303.419
301.224
301.24
301.256
301.273
301.289
301.306
301.323
301.341
301.359
301.376
301.395
301.413
301.432
301.45
301.469
301.489
301.508
301.528
301.548
301.568
301.588
301.608
301.629
301.65
301.671
301.692
301.714
301.735
301.757
301.779
301.801
301.823
301.846
301.868
301.891
301.914
301.937
301.96
301.983
302.007
302.03
302.054
302.078
302.101
302.125
302.149
302.174
302.198
302.222
302.247
302.271
302.296
302.321
302.345
302.37
302.395
302.42
302.445
302.47
302.495
302.52
302.546
302.571
302.596
302.621
302.647
302.672
302.697
302.722
302.748
302.773
302.798
302.823
302.848
302.874
302.899
302.924
302.949
302.973
302.998
303.023
303.047
303.072
303.096
303.121
303.145
303.169
303.193
303.216
303.24
303.263
303.286
303.309
303.332
303.355
303.377
303.399
303.421
303.443
303.464
303.485
303.506
303.527
303.547
303.567
303.587
303.606
303.626
303.644
303.663
303.681
303.699
303.717
303.734
303.751
303.768
303.784
303.8
303.815
303.83
303.844
303.858
303.871
303.884
303.896
303.907
303.918
303.928
303.938
303.946
303.954
303.961
303.966
303.971
303.975
303.978
303.979
303.979
303.978
303.975
303.971
303.965
303.958
303.948
303.936
303.923
303.907
303.888
303.867
303.843
303.815
303.784
303.75
303.712
303.67
303.624
303.574
303.519
303.46
303.396
303.328
301.159
301.174
301.189
301.205
301.22
301.236
301.252
301.268
301.284
301.301
301.318
301.335
301.352
301.37
301.388
301.406
301.424
301.442
301.461
301.479
301.498
301.518
301.537
301.557
301.576
301.596
301.616
301.637
301.657
301.678
301.699
301.72
301.741
301.763
301.784
301.806
301.828
301.85
301.872
301.894
301.917
301.939
301.962
301.985
302.008
302.031
302.054
302.077
302.101
302.124
302.148
302.172
302.196
302.22
302.244
302.268
302.292
302.316
302.341
302.365
302.389
302.414
302.438
302.463
302.488
302.512
302.537
302.562
302.586
302.611
302.636
302.66
302.685
302.71
302.734
302.759
302.783
302.808
302.832
302.857
302.881
302.905
302.929
302.953
302.977
303.001
303.025
303.048
303.072
303.095
303.118
303.141
303.164
303.186
303.208
303.231
303.252
303.274
303.296
303.317
303.338
303.359
303.379
303.399
303.419
303.439
303.459
303.478
303.497
303.515
303.533
303.551
303.569
303.586
303.603
303.62
303.636
303.652
303.667
303.682
303.697
303.71
303.724
303.737
303.749
303.761
303.772
303.782
303.791
303.8
303.808
303.815
303.821
303.826
303.83
303.833
303.835
303.836
303.835
303.833
303.829
303.824
303.817
303.808
303.798
303.785
303.77
303.752
303.733
303.71
303.684
303.656
303.624
303.588
303.549
303.507
303.46
303.409
303.354
303.295
303.233
301.096
301.11
301.124
301.138
301.152
301.167
301.182
301.197
301.212
301.228
301.243
301.259
301.275
301.292
301.308
301.325
301.342
301.359
301.376
301.394
301.411
301.429
301.447
301.466
301.484
301.503
301.522
301.541
301.56
301.58
301.599
301.619
301.639
301.659
301.68
301.7
301.721
301.742
301.763
301.784
301.805
301.827
301.849
301.87
301.892
301.914
301.937
301.959
301.981
302.004
302.027
302.049
302.072
302.095
302.118
302.142
302.165
302.188
302.212
302.235
302.259
302.283
302.307
302.33
302.354
302.378
302.402
302.426
302.45
302.474
302.498
302.522
302.546
302.57
302.594
302.618
302.642
302.666
302.69
302.714
302.738
302.762
302.785
302.809
302.832
302.856
302.879
302.902
302.925
302.948
302.971
302.993
303.015
303.038
303.06
303.081
303.103
303.125
303.146
303.167
303.188
303.208
303.228
303.248
303.268
303.288
303.307
303.326
303.345
303.363
303.382
303.4
303.417
303.434
303.451
303.468
303.484
303.5
303.515
303.53
303.545
303.559
303.572
303.585
303.597
303.609
303.62
303.631
303.64
303.649
303.657
303.665
303.671
303.676
303.681
303.684
303.686
303.687
303.687
303.685
303.682
303.678
303.672
303.664
303.654
303.642
303.629
303.613
303.594
303.573
303.549
303.523
303.493
303.461
303.425
303.385
303.342
303.295
303.245
303.191
303.133
301.034
301.047
301.06
301.073
301.087
301.1
301.114
301.128
301.142
301.156
301.171
301.185
301.2
301.215
301.231
301.246
301.262
301.278
301.294
301.31
301.327
301.344
301.361
301.378
301.395
301.412
301.43
301.448
301.466
301.484
301.503
301.521
301.54
301.559
301.578
301.598
301.617
301.637
301.657
301.677
301.697
301.717
301.738
301.759
301.779
301.8
301.822
301.843
301.864
301.886
301.907
301.929
301.951
301.973
301.995
302.017
302.04
302.062
302.085
302.108
302.13
302.153
302.176
302.199
302.222
302.245
302.268
302.291
302.315
302.338
302.361
302.385
302.408
302.431
302.455
302.478
302.501
302.525
302.548
302.571
302.594
302.618
302.641
302.664
302.686
302.709
302.732
302.755
302.777
302.799
302.822
302.844
302.866
302.887
302.909
302.931
302.952
302.973
302.994
303.014
303.035
303.055
303.075
303.095
303.115
303.134
303.153
303.172
303.191
303.209
303.227
303.245
303.262
303.279
303.296
303.313
303.329
303.345
303.36
303.375
303.389
303.403
303.417
303.43
303.442
303.454
303.465
303.476
303.486
303.495
303.503
303.51
303.517
303.523
303.527
303.531
303.534
303.535
303.535
303.534
303.532
303.528
303.522
303.515
303.507
303.496
303.483
303.469
303.452
303.432
303.411
303.386
303.359
303.329
303.296
303.26
303.22
303.177
303.131
303.082
303.029
300.974
300.986
300.998
301.01
301.023
301.035
301.048
301.061
301.074
301.087
301.1
301.114
301.128
301.142
301.156
301.171
301.185
301.2
301.215
301.23
301.245
301.261
301.277
301.293
301.309
301.325
301.342
301.358
301.375
301.392
301.409
301.427
301.445
301.462
301.48
301.498
301.517
301.535
301.554
301.573
301.592
301.611
301.631
301.65
301.67
301.69
301.71
301.73
301.75
301.77
301.791
301.812
301.833
301.854
301.875
301.896
301.917
301.939
301.96
301.982
302.004
302.026
302.048
302.07
302.092
302.114
302.136
302.159
302.181
302.203
302.226
302.248
302.271
302.293
302.316
302.339
302.361
302.384
302.406
302.429
302.451
302.474
302.496
302.518
302.541
302.563
302.585
302.607
302.629
302.651
302.672
302.694
302.715
302.736
302.758
302.779
302.799
302.82
302.84
302.861
302.881
302.901
302.92
302.94
302.959
302.978
302.997
303.016
303.034
303.052
303.07
303.088
303.105
303.122
303.139
303.155
303.171
303.187
303.202
303.217
303.231
303.245
303.259
303.272
303.284
303.296
303.307
303.318
303.328
303.337
303.345
303.353
303.36
303.366
303.371
303.375
303.377
303.379
303.38
303.38
303.378
303.375
303.37
303.364
303.356
303.346
303.335
303.322
303.306
303.289
303.269
303.247
303.222
303.194
303.164
303.131
303.095
303.056
303.014
302.969
302.921
300.916
300.927
300.938
300.95
300.961
300.973
300.984
300.996
301.008
301.02
301.033
301.046
301.058
301.071
301.084
301.098
301.111
301.125
301.139
301.153
301.167
301.182
301.196
301.211
301.226
301.241
301.257
301.272
301.288
301.304
301.32
301.336
301.353
301.369
301.386
301.403
301.42
301.438
301.455
301.473
301.491
301.509
301.527
301.545
301.564
301.583
301.601
301.62
301.64
301.659
301.678
301.698
301.718
301.738
301.758
301.778
301.798
301.818
301.839
301.86
301.88
301.901
301.922
301.943
301.964
301.986
302.007
302.028
302.05
302.071
302.093
302.114
302.136
302.158
302.179
302.201
302.223
302.244
302.266
302.288
302.31
302.331
302.353
302.374
302.396
302.417
302.439
302.46
302.481
302.502
302.523
302.544
302.565
302.586
302.606
302.627
302.647
302.667
302.687
302.707
302.727
302.746
302.765
302.784
302.803
302.822
302.841
302.859
302.877
302.895
302.912
302.93
302.947
302.964
302.98
302.996
303.012
303.028
303.043
303.057
303.072
303.086
303.099
303.112
303.124
303.136
303.147
303.158
303.168
303.177
303.186
303.193
303.2
303.206
303.212
303.216
303.219
303.221
303.223
303.223
303.221
303.219
303.215
303.21
303.203
303.194
303.184
303.172
303.159
303.143
303.125
303.105
303.082
303.057
303.03
303
302.967
302.932
302.894
302.853
302.809
300.861
300.871
300.881
300.891
300.902
300.913
300.923
300.934
300.946
300.957
300.968
300.98
300.992
301.004
301.016
301.028
301.041
301.054
301.066
301.079
301.093
301.106
301.12
301.133
301.147
301.161
301.176
301.19
301.205
301.219
301.234
301.249
301.265
301.28
301.296
301.312
301.328
301.344
301.36
301.377
301.394
301.411
301.428
301.445
301.462
301.48
301.498
301.515
301.534
301.552
301.57
301.589
301.607
301.626
301.645
301.664
301.683
301.702
301.722
301.741
301.761
301.781
301.801
301.821
301.841
301.861
301.881
301.902
301.922
301.943
301.963
301.984
302.004
302.025
302.046
302.067
302.087
302.108
302.129
302.15
302.171
302.192
302.212
302.233
302.254
302.274
302.295
302.316
302.336
302.356
302.377
302.397
302.417
302.437
302.457
302.477
302.496
302.516
302.535
302.555
302.574
302.593
302.611
302.63
302.649
302.667
302.685
302.703
302.721
302.738
302.755
302.772
302.789
302.806
302.822
302.838
302.853
302.868
302.883
302.898
302.912
302.926
302.939
302.952
302.964
302.976
302.987
302.997
303.007
303.017
303.025
303.033
303.04
303.046
303.052
303.056
303.06
303.063
303.064
303.065
303.064
303.062
303.059
303.055
303.049
303.042
303.033
303.022
303.01
302.996
302.98
302.961
302.941
302.919
302.894
302.867
302.838
302.806
302.772
302.735
302.695
300.808
300.817
300.827
300.836
300.846
300.856
300.866
300.876
300.886
300.897
300.907
300.918
300.929
300.94
300.951
300.963
300.974
300.986
300.998
301.01
301.022
301.035
301.047
301.06
301.073
301.086
301.099
301.112
301.126
301.14
301.154
301.168
301.182
301.196
301.211
301.226
301.241
301.256
301.271
301.286
301.302
301.318
301.334
301.35
301.366
301.383
301.399
301.416
301.433
301.45
301.467
301.484
301.502
301.52
301.537
301.555
301.573
301.592
301.61
301.628
301.647
301.666
301.684
301.703
301.722
301.741
301.761
301.78
301.799
301.819
301.838
301.858
301.878
301.897
301.917
301.937
301.957
301.977
301.996
302.016
302.036
302.056
302.076
302.096
302.116
302.135
302.155
302.175
302.195
302.214
302.234
302.253
302.272
302.292
302.311
302.33
302.349
302.368
302.387
302.405
302.424
302.442
302.461
302.479
302.497
302.514
302.532
302.549
302.567
302.584
302.601
302.617
302.634
302.65
302.666
302.681
302.696
302.711
302.726
302.74
302.754
302.768
302.781
302.793
302.805
302.817
302.828
302.838
302.848
302.857
302.866
302.874
302.881
302.888
302.893
302.898
302.902
302.905
302.907
302.908
302.908
302.907
302.904
302.901
302.896
302.89
302.882
302.873
302.862
302.849
302.835
302.819
302.801
302.781
302.759
302.735
302.708
302.68
302.649
302.616
302.581
300.759
300.767
300.776
300.785
300.794
300.803
300.812
300.821
300.831
300.841
300.85
300.86
300.87
300.881
300.891
300.901
300.912
300.923
300.934
300.945
300.956
300.968
300.98
300.991
301.003
301.015
301.028
301.04
301.053
301.065
301.078
301.091
301.104
301.118
301.131
301.145
301.159
301.173
301.187
301.202
301.216
301.231
301.246
301.261
301.276
301.291
301.307
301.322
301.338
301.354
301.37
301.387
301.403
301.42
301.436
301.453
301.47
301.487
301.504
301.522
301.539
301.557
301.574
301.592
301.61
301.628
301.646
301.665
301.683
301.701
301.72
301.738
301.757
301.776
301.794
301.813
301.832
301.851
301.87
301.889
301.908
301.927
301.946
301.964
301.983
302.002
302.021
302.04
302.059
302.078
302.096
302.115
302.134
302.152
302.171
302.189
302.207
302.225
302.243
302.261
302.279
302.297
302.315
302.332
302.35
302.367
302.384
302.401
302.418
302.434
302.451
302.467
302.483
302.499
302.514
302.529
302.544
302.559
302.573
302.587
302.6
302.614
302.626
302.639
302.65
302.662
302.673
302.683
302.693
302.702
302.711
302.719
302.726
302.732
302.738
302.743
302.747
302.751
302.753
302.754
302.755
302.754
302.753
302.75
302.746
302.74
302.734
302.726
302.716
302.705
302.693
302.679
302.663
302.645
302.625
302.604
302.581
302.555
302.528
302.498
302.467
300.713
300.721
300.729
300.737
300.746
300.754
300.762
300.771
300.78
300.789
300.798
300.807
300.816
300.826
300.836
300.845
300.855
300.865
300.875
300.886
300.896
300.907
300.918
300.928
300.939
300.951
300.962
300.974
300.985
300.997
301.009
301.021
301.033
301.046
301.059
301.071
301.084
301.097
301.11
301.124
301.137
301.151
301.165
301.179
301.193
301.207
301.222
301.236
301.251
301.266
301.281
301.296
301.312
301.327
301.343
301.359
301.375
301.391
301.407
301.423
301.439
301.456
301.473
301.489
301.506
301.523
301.54
301.557
301.575
301.592
301.61
301.627
301.645
301.662
301.68
301.698
301.716
301.734
301.751
301.769
301.787
301.805
301.823
301.841
301.859
301.877
301.895
301.913
301.931
301.949
301.967
301.985
302.003
302.021
302.038
302.056
302.073
302.091
302.108
302.126
302.143
302.16
302.177
302.194
302.211
302.227
302.244
302.26
302.276
302.292
302.308
302.324
302.339
302.355
302.37
302.384
302.399
302.413
302.427
302.44
302.454
302.466
302.479
302.491
302.503
302.514
302.524
302.534
302.544
302.553
302.562
302.57
302.577
302.583
302.589
302.594
302.599
302.602
302.605
302.607
302.608
302.608
302.607
302.605
302.602
302.597
302.592
302.585
302.577
302.567
302.556
302.544
302.53
302.514
302.497
302.478
302.457
302.435
302.41
302.384
302.356
300.672
300.68
300.687
300.695
300.702
300.71
300.718
300.726
300.734
300.743
300.751
300.759
300.768
300.777
300.786
300.795
300.804
300.813
300.823
300.832
300.842
300.852
300.862
300.872
300.882
300.893
300.903
300.914
300.925
300.936
300.947
300.958
300.97
300.981
300.993
301.005
301.017
301.029
301.042
301.054
301.067
301.08
301.092
301.106
301.119
301.132
301.146
301.159
301.173
301.187
301.201
301.215
301.23
301.244
301.259
301.274
301.288
301.303
301.319
301.334
301.349
301.365
301.381
301.396
301.412
301.428
301.444
301.46
301.477
301.493
301.51
301.526
301.543
301.559
301.576
301.593
301.61
301.627
301.644
301.661
301.678
301.695
301.712
301.729
301.746
301.763
301.78
301.798
301.815
301.832
301.849
301.866
301.883
301.9
301.917
301.934
301.951
301.967
301.984
302.001
302.017
302.034
302.05
302.066
302.083
302.099
302.115
302.13
302.146
302.162
302.177
302.192
302.207
302.222
302.236
302.25
302.264
302.278
302.292
302.305
302.317
302.33
302.342
302.354
302.365
302.376
302.386
302.396
302.406
302.415
302.423
302.431
302.438
302.445
302.45
302.456
302.46
302.464
302.467
302.469
302.471
302.471
302.471
302.469
302.467
302.463
302.459
302.453
302.446
302.438
302.428
302.417
302.405
302.391
302.376
302.359
302.341
302.321
302.299
302.276
302.251
300.637
300.644
300.651
300.658
300.665
300.672
300.68
300.687
300.695
300.703
300.71
300.718
300.727
300.735
300.743
300.752
300.76
300.769
300.778
300.787
300.796
300.805
300.814
300.824
300.833
300.843
300.853
300.863
300.873
300.883
300.894
300.904
300.915
300.926
300.937
300.948
300.959
300.971
300.982
300.994
301.006
301.018
301.03
301.042
301.054
301.067
301.08
301.092
301.105
301.118
301.132
301.145
301.159
301.172
301.186
301.2
301.214
301.228
301.242
301.257
301.271
301.286
301.301
301.315
301.33
301.345
301.361
301.376
301.391
301.407
301.422
301.438
301.454
301.469
301.485
301.501
301.517
301.533
301.549
301.566
301.582
301.598
301.614
301.631
301.647
301.663
301.68
301.696
301.712
301.729
301.745
301.761
301.778
301.794
301.81
301.826
301.842
301.859
301.875
301.891
301.907
301.922
301.938
301.954
301.969
301.985
302
302.016
302.031
302.046
302.06
302.075
302.089
302.104
302.118
302.131
302.145
302.158
302.171
302.184
302.196
302.208
302.22
302.231
302.242
302.253
302.263
302.273
302.282
302.291
302.299
302.307
302.314
302.32
302.326
302.332
302.336
302.34
302.343
302.346
302.348
302.349
302.349
302.348
302.346
302.343
302.339
302.335
302.329
302.322
302.313
302.304
302.293
302.281
302.268
302.253
302.236
302.219
302.199
302.178
302.156
300.608
300.615
300.621
300.628
300.635
300.642
300.649
300.656
300.663
300.67
300.678
300.685
300.693
300.701
300.708
300.716
300.724
300.733
300.741
300.749
300.758
300.767
300.776
300.784
300.794
300.803
300.812
300.821
300.831
300.841
300.851
300.861
300.871
300.881
300.891
300.902
300.912
300.923
300.934
300.945
300.956
300.968
300.979
300.991
301.002
301.014
301.026
301.038
301.05
301.063
301.075
301.088
301.101
301.114
301.127
301.14
301.153
301.166
301.18
301.194
301.207
301.221
301.235
301.249
301.264
301.278
301.292
301.307
301.321
301.336
301.351
301.366
301.381
301.396
301.411
301.426
301.441
301.457
301.472
301.487
301.503
301.518
301.534
301.55
301.565
301.581
301.597
301.612
301.628
301.644
301.659
301.675
301.691
301.706
301.722
301.738
301.753
301.769
301.784
301.8
301.815
301.83
301.846
301.861
301.876
301.891
301.906
301.92
301.935
301.949
301.964
301.978
301.992
302.005
302.019
302.032
302.045
302.058
302.071
302.083
302.095
302.107
302.118
302.129
302.14
302.15
302.16
302.169
302.178
302.187
302.195
302.203
302.21
302.216
302.222
302.227
302.232
302.236
302.24
302.242
302.244
302.246
302.246
302.246
302.244
302.242
302.239
302.235
302.23
302.224
302.217
302.208
302.199
302.188
302.176
302.163
302.148
302.132
302.115
302.096
302.076
300.587
300.594
300.6
300.606
300.613
300.619
300.626
300.633
300.64
300.647
300.654
300.661
300.668
300.676
300.683
300.691
300.699
300.707
300.714
300.723
300.731
300.739
300.748
300.756
300.765
300.774
300.782
300.791
300.801
300.81
300.819
300.829
300.839
300.848
300.858
300.868
300.878
300.889
300.899
300.91
300.92
300.931
300.942
300.953
300.964
300.976
300.987
300.999
301.011
301.022
301.034
301.047
301.059
301.071
301.084
301.096
301.109
301.122
301.135
301.148
301.161
301.174
301.188
301.201
301.215
301.229
301.242
301.256
301.27
301.285
301.299
301.313
301.328
301.342
301.357
301.371
301.386
301.401
301.415
301.43
301.445
301.46
301.475
301.49
301.505
301.521
301.536
301.551
301.566
301.581
301.596
301.612
301.627
301.642
301.657
301.672
301.688
301.703
301.718
301.733
301.748
301.763
301.777
301.792
301.807
301.821
301.836
301.85
301.864
301.878
301.892
301.906
301.919
301.933
301.946
301.959
301.972
301.984
301.996
302.008
302.02
302.031
302.042
302.053
302.064
302.074
302.083
302.092
302.101
302.11
302.118
302.125
302.132
302.139
302.145
302.15
302.155
302.159
302.162
302.165
302.167
302.169
302.17
302.169
302.169
302.167
302.164
302.161
302.156
302.151
302.144
302.137
302.128
302.118
302.107
302.095
302.082
302.067
302.051
302.034
302.015
300.576
300.582
300.588
300.595
300.601
300.607
300.614
300.62
300.627
300.634
300.641
300.648
300.655
300.662
300.67
300.677
300.685
300.692
300.7
300.708
300.716
300.724
300.732
300.741
300.749
300.758
300.766
300.775
300.784
300.793
300.802
300.812
300.821
300.831
300.84
300.85
300.86
300.87
300.88
300.891
300.901
300.911
300.922
300.933
300.944
300.955
300.966
300.977
300.989
301
301.012
301.024
301.036
301.048
301.06
301.072
301.085
301.097
301.11
301.123
301.136
301.149
301.162
301.175
301.188
301.202
301.215
301.229
301.243
301.256
301.27
301.284
301.298
301.313
301.327
301.341
301.355
301.37
301.384
301.399
301.414
301.428
301.443
301.458
301.473
301.487
301.502
301.517
301.532
301.547
301.562
301.577
301.592
301.607
301.622
301.637
301.651
301.666
301.681
301.696
301.711
301.725
301.74
301.754
301.769
301.783
301.797
301.811
301.825
301.839
301.853
301.866
301.879
301.892
301.905
301.918
301.931
301.943
301.955
301.967
301.978
301.989
302
302.011
302.021
302.031
302.041
302.05
302.058
302.067
302.075
302.082
302.089
302.095
302.101
302.107
302.111
302.116
302.119
302.122
302.124
302.126
302.127
302.127
302.126
302.125
302.122
302.119
302.115
302.11
302.104
302.097
302.089
302.079
302.069
302.058
302.045
302.031
302.016
301.999
301.981
304.105
303.476
303.017
302.646
302.333
302.063
301.826
301.617
301.432
301.266
301.118
300.985
300.867
300.76
300.665
300.58
300.504
300.437
300.377
300.323
300.277
300.235
300.199
300.168
300.141
300.117
300.097
300.08
300.066
300.054
300.043
300.035
300.028
300.022
300.017
300.014
300.011
300.008
300.006
300.005
300.003
300.003
300.002
300.001
300.001
300
300
300
300
300
300
304.103
303.476
303.017
302.646
302.333
302.063
301.826
301.617
301.432
301.266
301.118
300.985
300.867
300.76
300.665
300.58
300.504
300.437
300.377
300.324
300.277
300.235
300.199
300.168
300.141
300.117
300.097
300.08
300.066
300.054
300.043
300.035
300.028
300.022
300.017
300.014
300.011
300.008
300.006
300.005
300.003
300.003
300.002
300.001
300.001
300
300
300
300
300
300
304.098
303.475
303.017
302.646
302.333
302.063
301.826
301.617
301.432
301.266
301.118
300.985
300.867
300.76
300.665
300.58
300.504
300.437
300.377
300.324
300.277
300.235
300.199
300.168
300.141
300.117
300.097
300.08
300.066
300.054
300.043
300.035
300.028
300.022
300.017
300.014
300.011
300.008
300.006
300.005
300.003
300.003
300.002
300.001
300.001
300
300
300
300
300
300
304.09
303.473
303.016
302.646
302.333
302.063
301.826
301.617
301.432
301.266
301.118
300.986
300.867
300.761
300.665
300.58
300.504
300.437
300.377
300.324
300.277
300.236
300.199
300.168
300.141
300.117
300.097
300.08
300.066
300.054
300.043
300.035
300.028
300.022
300.017
300.014
300.011
300.008
300.006
300.005
300.003
300.003
300.002
300.001
300.001
300
300
300
300
300
300
304.081
303.471
303.015
302.645
302.333
302.063
301.826
301.618
301.432
301.266
301.118
300.986
300.867
300.761
300.666
300.581
300.505
300.437
300.377
300.324
300.277
300.236
300.2
300.168
300.141
300.118
300.097
300.08
300.066
300.054
300.043
300.035
300.028
300.022
300.018
300.014
300.011
300.008
300.006
300.005
300.003
300.003
300.002
300.001
300.001
300
300
300
300
300
300
304.068
303.467
303.014
302.645
302.333
302.063
301.827
301.618
301.432
301.267
301.119
300.986
300.867
300.761
300.666
300.581
300.505
300.437
300.377
300.324
300.277
300.236
300.2
300.168
300.141
300.118
300.098
300.08
300.066
300.054
300.044
300.035
300.028
300.022
300.018
300.014
300.011
300.008
300.006
300.005
300.003
300.003
300.002
300.001
300.001
300
300
300
300
300
300
304.054
303.463
303.012
302.644
302.333
302.063
301.827
301.618
301.433
301.267
301.119
300.987
300.868
300.762
300.666
300.581
300.505
300.438
300.377
300.324
300.277
300.236
300.2
300.168
300.141
300.118
300.098
300.081
300.066
300.054
300.044
300.035
300.028
300.022
300.018
300.014
300.011
300.008
300.006
300.005
300.003
300.003
300.002
300.001
300.001
300
300
300
300
300
300
304.037
303.458
303.01
302.643
302.332
302.063
301.827
301.619
301.433
301.268
301.12
300.987
300.868
300.762
300.667
300.582
300.506
300.438
300.378
300.325
300.278
300.236
300.2
300.169
300.141
300.118
300.098
300.081
300.066
300.054
300.044
300.035
300.028
300.022
300.018
300.014
300.011
300.008
300.006
300.005
300.003
300.003
300.002
300.001
300.001
300
300
300
300
300
300
304.017
303.452
303.008
302.643
302.332
302.064
301.828
301.619
301.434
301.268
301.12
300.988
300.869
300.763
300.667
300.582
300.506
300.438
300.378
300.325
300.278
300.237
300.2
300.169
300.142
300.118
300.098
300.081
300.066
300.054
300.044
300.035
300.028
300.022
300.018
300.014
300.011
300.008
300.006
300.005
300.003
300.003
300.002
300.001
300.001
300
300
300
300
300
300
303.995
303.444
303.005
302.642
302.332
302.064
301.828
301.62
301.435
301.269
301.121
300.989
300.87
300.763
300.668
300.583
300.507
300.439
300.379
300.325
300.278
300.237
300.201
300.169
300.142
300.118
300.098
300.081
300.066
300.054
300.044
300.035
300.028
300.022
300.018
300.014
300.011
300.008
300.006
300.005
300.004
300.003
300.002
300.001
300.001
300
300
300
300
300
300
303.971
303.435
303.002
302.64
302.332
302.064
301.829
301.621
301.436
301.27
301.122
300.99
300.871
300.764
300.669
300.584
300.508
300.44
300.379
300.326
300.279
300.237
300.201
300.17
300.142
300.119
300.098
300.081
300.067
300.054
300.044
300.035
300.028
300.022
300.018
300.014
300.011
300.008
300.006
300.005
300.004
300.003
300.002
300.001
300.001
300
300
300
300
300
300
303.944
303.425
302.998
302.639
302.332
302.065
301.83
301.622
301.437
301.272
301.123
300.991
300.872
300.765
300.67
300.585
300.508
300.44
300.38
300.327
300.279
300.238
300.202
300.17
300.143
300.119
300.099
300.081
300.067
300.054
300.044
300.035
300.028
300.023
300.018
300.014
300.011
300.008
300.006
300.005
300.004
300.003
300.002
300.001
300.001
300
300
300
300
300
300
303.915
303.414
302.993
302.638
302.332
302.066
301.831
301.623
301.438
301.273
301.125
300.992
300.873
300.767
300.671
300.586
300.509
300.441
300.381
300.327
300.28
300.238
300.202
300.17
300.143
300.119
300.099
300.082
300.067
300.055
300.044
300.036
300.028
300.023
300.018
300.014
300.011
300.008
300.006
300.005
300.004
300.003
300.002
300.001
300.001
300
300
300
300
300
300
303.884
303.4
302.987
302.636
302.332
302.067
301.833
301.625
301.44
301.275
301.127
300.994
300.875
300.768
300.673
300.587
300.511
300.442
300.382
300.328
300.281
300.239
300.203
300.171
300.143
300.12
300.099
300.082
300.067
300.055
300.044
300.036
300.029
300.023
300.018
300.014
300.011
300.008
300.006
300.005
300.004
300.003
300.002
300.001
300.001
300.001
300
300
300
300
300
303.849
303.385
302.981
302.633
302.332
302.067
301.834
301.627
301.442
301.277
301.129
300.996
300.877
300.77
300.674
300.588
300.512
300.444
300.383
300.329
300.282
300.24
300.203
300.171
300.144
300.12
300.1
300.082
300.067
300.055
300.045
300.036
300.029
300.023
300.018
300.014
300.011
300.008
300.006
300.005
300.004
300.003
300.002
300.001
300.001
300.001
300
300
300
300
300
303.813
303.367
302.973
302.63
302.331
302.068
301.836
301.629
301.444
301.279
301.131
300.998
300.879
300.772
300.676
300.59
300.513
300.445
300.384
300.33
300.282
300.241
300.204
300.172
300.144
300.12
300.1
300.083
300.068
300.055
300.045
300.036
300.029
300.023
300.018
300.014
300.011
300.008
300.006
300.005
300.004
300.003
300.002
300.001
300.001
300.001
300
300
300
300
300
303.773
303.348
302.964
302.626
302.33
302.069
301.837
301.631
301.446
301.281
301.133
301
300.881
300.774
300.678
300.592
300.515
300.446
300.385
300.331
300.283
300.241
300.205
300.173
300.145
300.121
300.1
300.083
300.068
300.055
300.045
300.036
300.029
300.023
300.018
300.014
300.011
300.009
300.007
300.005
300.004
300.003
300.002
300.001
300.001
300.001
300
300
300
300
300
303.73
303.325
302.952
302.621
302.329
302.069
301.839
301.633
301.449
301.284
301.136
301.003
300.883
300.776
300.68
300.593
300.516
300.448
300.387
300.332
300.284
300.242
300.206
300.173
300.146
300.121
300.101
300.083
300.068
300.056
300.045
300.036
300.029
300.023
300.018
300.014
300.011
300.009
300.007
300.005
300.004
300.003
300.002
300.001
300.001
300.001
300
300
300
300
300
303.685
303.299
302.939
302.615
302.326
302.069
301.84
301.635
301.451
301.286
301.138
301.005
300.886
300.778
300.682
300.595
300.518
300.449
300.388
300.334
300.286
300.243
300.206
300.174
300.146
300.122
300.101
300.084
300.069
300.056
300.045
300.037
300.029
300.023
300.018
300.014
300.011
300.009
300.007
300.005
300.004
300.003
300.002
300.001
300.001
300.001
300
300
300
300
300
303.636
303.27
302.923
302.607
302.323
302.069
301.841
301.637
301.454
301.289
301.141
301.008
300.888
300.781
300.684
300.598
300.52
300.451
300.39
300.335
300.287
300.244
300.207
300.175
300.147
300.123
300.102
300.084
300.069
300.056
300.046
300.037
300.029
300.023
300.019
300.015
300.011
300.009
300.007
300.005
300.004
300.003
300.002
300.001
300.001
300.001
300
300
300
300
300
303.583
303.237
302.904
302.596
302.318
302.067
301.842
301.639
301.456
301.292
301.144
301.011
300.891
300.783
300.687
300.6
300.522
300.453
300.391
300.336
300.288
300.246
300.208
300.176
300.148
300.123
300.102
300.084
300.069
300.057
300.046
300.037
300.03
300.024
300.019
300.015
300.011
300.009
300.007
300.005
300.004
300.003
300.002
300.001
300.001
300.001
300
300
300
300
300
303.527
303.201
302.881
302.584
302.311
302.064
301.841
301.64
301.458
301.295
301.147
301.014
300.894
300.786
300.689
300.602
300.524
300.455
300.393
300.338
300.289
300.247
300.209
300.177
300.148
300.124
300.103
300.085
300.07
300.057
300.046
300.037
300.03
300.024
300.019
300.015
300.011
300.009
300.007
300.005
300.004
300.003
300.002
300.001
300.001
300.001
300
300
300
300
300
303.467
303.159
302.855
302.568
302.302
302.06
301.84
301.641
301.46
301.297
301.15
301.017
300.897
300.789
300.692
300.605
300.527
300.457
300.395
300.34
300.291
300.248
300.21
300.177
300.149
300.124
300.103
300.085
300.07
300.057
300.046
300.037
300.03
300.024
300.019
300.015
300.012
300.009
300.007
300.005
300.004
300.003
300.002
300.001
300.001
300.001
300
300
300
300
300
303.402
303.114
302.825
302.548
302.291
302.054
301.837
301.64
301.461
301.299
301.153
301.02
300.9
300.792
300.695
300.607
300.529
300.459
300.397
300.341
300.292
300.249
300.211
300.178
300.15
300.125
300.104
300.086
300.071
300.058
300.047
300.038
300.03
300.024
300.019
300.015
300.012
300.009
300.007
300.005
300.004
300.003
300.002
300.001
300.001
300.001
300
300
300
300
300
303.332
303.063
302.79
302.525
302.276
302.045
301.833
301.639
301.462
301.301
301.155
301.023
300.903
300.795
300.698
300.61
300.531
300.461
300.398
300.343
300.294
300.25
300.212
300.179
300.151
300.126
300.104
300.086
300.071
300.058
300.047
300.038
300.03
300.024
300.019
300.015
300.012
300.009
300.007
300.005
300.004
300.003
300.002
300.001
300.001
300.001
300
300
300
300
300
303.258
303.007
302.749
302.497
302.258
302.034
301.826
301.635
301.461
301.302
301.157
301.025
300.906
300.798
300.7
300.612
300.534
300.463
300.4
300.345
300.295
300.252
300.214
300.18
300.151
300.126
300.105
300.087
300.071
300.058
300.047
300.038
300.031
300.024
300.019
300.015
300.012
300.009
300.007
300.005
300.004
300.003
300.002
300.001
300.001
300.001
300
300
300
300
300
303.179
302.946
302.704
302.465
302.236
302.019
301.817
301.63
301.459
301.301
301.158
301.027
300.908
300.8
300.703
300.615
300.536
300.465
300.402
300.346
300.297
300.253
300.215
300.181
300.152
300.127
300.106
300.087
300.072
300.059
300.048
300.038
300.031
300.024
300.019
300.015
300.012
300.009
300.007
300.005
300.004
300.003
300.002
300.001
300.001
300.001
300
300
300
300
300
303.095
302.879
302.654
302.428
302.209
302.001
301.805
301.623
301.455
301.3
301.158
301.028
300.91
300.802
300.705
300.617
300.538
300.467
300.404
300.348
300.298
300.254
300.216
300.182
300.153
300.128
300.106
300.088
300.072
300.059
300.048
300.039
300.031
300.025
300.019
300.015
300.012
300.009
300.007
300.005
300.004
300.003
300.002
300.001
300.001
300.001
300
300
300
300
300
303.006
302.807
302.597
302.386
302.178
301.979
301.79
301.614
301.449
301.297
301.157
301.029
300.911
300.804
300.707
300.619
300.54
300.469
300.406
300.35
300.3
300.255
300.217
300.183
300.154
300.128
300.107
300.088
300.072
300.059
300.048
300.039
300.031
300.025
300.02
300.015
300.012
300.009
300.007
300.005
300.004
300.003
300.002
300.001
300.001
300.001
300
300
300
300
300
302.913
302.73
302.536
302.338
302.142
301.953
301.772
301.601
301.441
301.292
301.155
301.028
300.912
300.805
300.709
300.621
300.542
300.471
300.408
300.351
300.301
300.257
300.218
300.184
300.154
300.129
300.107
300.089
300.073
300.059
300.048
300.039
300.031
300.025
300.02
300.015
300.012
300.009
300.007
300.005
300.004
300.003
300.002
300.001
300.001
300.001
300
300
300
300
300
302.815
302.648
302.469
302.285
302.102
301.922
301.75
301.585
301.43
301.286
301.151
301.026
300.911
300.806
300.71
300.623
300.544
300.473
300.409
300.353
300.302
300.258
300.219
300.185
300.155
300.13
300.108
300.089
300.073
300.06
300.048
300.039
300.031
300.025
300.02
300.016
300.012
300.009
300.007
300.005
300.004
300.003
300.002
300.001
300.001
300.001
300
300
300
300
300
302.713
302.561
302.397
302.228
302.057
301.888
301.724
301.567
301.417
301.277
301.145
301.023
300.91
300.806
300.711
300.624
300.545
300.474
300.411
300.354
300.303
300.259
300.22
300.186
300.156
300.13
300.108
300.089
300.073
300.06
300.049
300.039
300.031
300.025
300.02
300.016
300.012
300.009
300.007
300.005
300.004
300.003
300.002
300.002
300.001
300.001
300
300
300
300
300
302.609
302.471
302.322
302.166
302.007
301.849
301.694
301.545
301.401
301.266
301.138
301.018
300.907
300.805
300.711
300.624
300.546
300.475
300.412
300.355
300.304
300.26
300.221
300.186
300.156
300.131
300.109
300.09
300.074
300.06
300.049
300.039
300.032
300.025
300.02
300.016
300.012
300.009
300.007
300.005
300.004
300.003
300.002
300.002
300.001
300.001
300
300
300
300
300
302.503
302.378
302.243
302.1
301.954
301.807
301.661
301.52
301.383
301.252
301.129
301.012
300.904
300.803
300.71
300.624
300.547
300.476
300.413
300.356
300.305
300.261
300.221
300.187
300.157
300.131
300.109
300.09
300.074
300.06
300.049
300.04
300.032
300.025
300.02
300.016
300.012
300.009
300.007
300.005
300.004
300.003
300.002
300.002
300.001
300.001
300
300
300
300
300
302.397
302.285
302.163
302.033
301.899
301.762
301.626
301.492
301.362
301.237
301.118
301.005
300.899
300.8
300.708
300.624
300.547
300.477
300.414
300.357
300.306
300.261
300.222
300.187
300.157
300.131
300.109
300.09
300.074
300.06
300.049
300.04
300.032
300.025
300.02
300.016
300.012
300.009
300.007
300.005
300.004
300.003
300.002
300.002
300.001
300.001
300
300
300
300
300
302.293
302.193
302.083
301.965
301.842
301.716
301.589
301.463
301.34
301.221
301.106
300.996
300.893
300.796
300.706
300.623
300.547
300.477
300.414
300.357
300.307
300.262
300.222
300.188
300.158
300.132
300.109
300.09
300.074
300.061
300.049
300.04
300.032
300.025
300.02
300.016
300.012
300.009
300.007
300.006
300.004
300.003
300.002
300.002
300.001
300.001
300
300
300
300
300
302.195
302.106
302.006
301.899
301.787
301.67
301.552
301.434
301.317
301.203
301.093
300.987
300.887
300.792
300.704
300.622
300.546
300.477
300.414
300.358
300.307
300.262
300.223
300.188
300.158
300.132
300.11
300.091
300.074
300.061
300.049
300.04
300.032
300.025
300.02
300.016
300.012
300.01
300.007
300.006
300.004
300.003
300.002
300.002
300.001
300.001
300
300
300
300
300
302.106
302.026
301.936
301.838
301.735
301.627
301.517
301.406
301.295
301.187
301.081
300.978
300.881
300.788
300.701
300.62
300.545
300.477
300.414
300.358
300.308
300.263
300.223
300.189
300.158
300.132
300.11
300.091
300.074
300.061
300.049
300.04
300.032
300.025
300.02
300.016
300.012
300.01
300.007
300.006
300.004
300.003
300.002
300.002
300.001
300.001
300
300
300
300
300
302.031
301.957
301.875
301.786
301.69
301.59
301.486
301.381
301.276
301.172
301.069
300.97
300.875
300.784
300.699
300.619
300.544
300.476
300.414
300.358
300.308
300.263
300.224
300.189
300.159
300.132
300.11
300.091
300.075
300.061
300.049
300.04
300.032
300.025
300.02
300.016
300.012
300.01
300.007
300.006
300.004
300.003
300.002
300.002
300.001
300.001
300
300
300
300
300
301.974
301.906
301.83
301.746
301.656
301.561
301.463
301.362
301.261
301.16
301.061
300.964
300.87
300.781
300.697
300.617
300.544
300.476
300.414
300.358
300.308
300.263
300.224
300.189
300.159
300.133
300.11
300.091
300.075
300.061
300.049
300.04
300.032
300.025
300.02
300.016
300.012
300.01
300.007
300.006
300.004
300.003
300.002
300.002
300.001
300.001
300
300
300
300
300
301.942
301.877
301.804
301.723
301.637
301.545
301.449
301.351
301.252
301.153
301.056
300.96
300.868
300.779
300.696
300.617
300.544
300.476
300.414
300.359
300.308
300.264
300.224
300.189
300.159
300.133
300.11
300.091
300.075
300.061
300.049
300.04
300.032
300.025
300.02
300.016
300.012
300.01
300.007
300.006
300.004
300.003
300.002
300.002
300.001
300.001
300
300
300
300
300
)
;

boundaryField
{
    inlet
    {
        type            fixedValue;
        value           uniform 300;
    }
    outlet
    {
        type            zeroGradient;
    }
    top
    {
        type            zeroGradient;
    }
    slip-bottom
    {
        type            zeroGradient;
    }
    bottom
    {
        type            zeroGradient;
    }
    interface
    {
        type            fixedGradient;
        gradient        nonuniform List<scalar> 
161
(
68.0239
68.0239
46.1895
46.1895
46.1895
46.1895
34.2463
34.2463
34.2463
34.2463
29.4052
29.4052
29.4052
28.5979
28.5979
28.5979
28.5979
25.9794
25.9794
25.9794
25.1018
25.1018
25.1018
24.5881
24.5881
24.5881
23.9275
23.9275
23.9275
23.331
23.331
23.331
22.7773
22.7773
22.7773
22.2318
22.2318
22.2318
21.7115
21.7115
21.7115
20.6785
20.6785
21.4042
21.4042
21.4042
20.3779
20.3779
20.8372
20.8372
20.8372
19.8273
19.8273
19.8143
19.8143
19.8143
19.9413
19.9413
20.2585
20.2585
19.0554
19.0554
18.9455
18.9455
18.9833
18.9833
18.844
18.844
18.844
18.6739
18.6739
18.5094
18.3386
18.3386
18.1318
18.1318
17.9457
17.9457
17.2893
17.2893
18.1051
18.1051
17.7693
17.7693
17.3929
16.7825
16.7825
17.4556
17.4556
17.1672
16.4295
16.4295
17.0696
16.4048
16.4048
16.8211
16.8211
16.166
16.5706
16.5706
15.9755
16.3721
15.7999
15.7999
15.8412
16.23
16.23
15.5683
15.8731
15.3708
15.3708
15.3861
15.496
15.6886
15.6886
15.1248
15.156
15.2531
15.3941
15.3941
14.9412
14.9611
15.0333
15.0331
15.1214
14.8272
14.8272
14.8127
14.8387
14.8249
14.806
14.7838
14.7596
14.7346
14.7094
14.6847
14.6613
14.6401
14.6219
14.6083
14.6006
14.6007
14.6107
14.6325
14.6685
14.7224
14.8009
14.9182
15.1071
15.2722
14.8952
14.971
15.5817
16.0162
16.5957
17.2973
20.0078
17.5821
20.4225
23.1613
33.0209
)
;
    }
    defaultFaces
    {
        type            empty;
    }
}


// ************************************************************************* //
