/*--------------------------------*- C++ -*----------------------------------*\
| =========                 |                                                 |
| \\      /  F ield         | OpenFOAM: The Open Source CFD Toolbox           |
|  \\    /   O peration     | Version:  2106                                  |
|   \\  /    A nd           | Website:  www.openfoam.com                      |
|    \\/     M anipulation  |                                                 |
\*---------------------------------------------------------------------------*/
FoamFile
{
    version     2.0;
    format      ascii;
    arch        "LSB;label=32;scalar=64";
    class       volScalarField;
    location    "5.6";
    object      T;
}
// * * * * * * * * * * * * * * * * * * * * * * * * * * * * * * * * * * * * * //

dimensions      [0 0 0 1 0 0 0];

internalField   nonuniform List<scalar> 
12013
(
300.003
300.01
300.017
300.024
300.031
300.039
300.047
300.056
300.065
300.074
300.083
300.093
300.103
300.114
300.125
300.137
300.149
300.161
300.174
300.188
300.202
300.216
300.231
300.246
300.262
300.279
300.296
300.314
300.332
300.351
300.37
300.39
300.411
300.432
300.454
300.477
300.501
300.525
300.549
300.575
300.601
300.628
300.656
300.685
300.715
300.745
300.776
300.808
300.841
300.875
300.91
300.946
300.983
301.021
301.06
301.101
301.142
301.185
301.229
301.274
301.321
301.369
301.418
301.469
301.522
301.577
301.633
301.692
301.753
301.816
301.882
301.95
302.022
302.098
302.178
302.263
302.354
302.453
302.562
302.686
302.834
300.003
300.01
300.017
300.024
300.031
300.039
300.047
300.056
300.065
300.074
300.083
300.093
300.103
300.114
300.125
300.137
300.149
300.161
300.174
300.188
300.202
300.216
300.231
300.246
300.262
300.279
300.296
300.314
300.332
300.351
300.37
300.39
300.411
300.432
300.454
300.477
300.5
300.525
300.549
300.575
300.601
300.628
300.656
300.685
300.714
300.745
300.776
300.808
300.841
300.875
300.91
300.946
300.983
301.021
301.06
301.1
301.142
301.184
301.228
301.274
301.32
301.368
301.418
301.469
301.521
301.576
301.632
301.691
301.751
301.814
301.88
301.948
302.02
302.095
302.175
302.259
302.348
302.445
302.549
302.665
302.791
300.003
300.01
300.017
300.024
300.031
300.039
300.047
300.056
300.065
300.074
300.083
300.093
300.103
300.114
300.125
300.137
300.149
300.161
300.174
300.188
300.202
300.216
300.231
300.246
300.262
300.279
300.296
300.314
300.332
300.351
300.37
300.39
300.411
300.432
300.454
300.477
300.5
300.524
300.549
300.575
300.601
300.628
300.656
300.685
300.714
300.745
300.776
300.808
300.841
300.875
300.91
300.946
300.983
301.021
301.06
301.1
301.141
301.184
301.228
301.273
301.319
301.367
301.416
301.467
301.52
301.574
301.63
301.688
301.749
301.811
301.876
301.944
302.015
302.089
302.167
302.249
302.335
302.427
302.525
302.629
302.737
300.003
300.01
300.017
300.024
300.031
300.039
300.047
300.056
300.064
300.074
300.083
300.093
300.103
300.114
300.125
300.137
300.149
300.161
300.174
300.188
300.202
300.216
300.231
300.246
300.262
300.279
300.296
300.314
300.332
300.351
300.37
300.39
300.411
300.432
300.454
300.477
300.5
300.524
300.549
300.575
300.601
300.628
300.656
300.684
300.714
300.744
300.775
300.807
300.84
300.874
300.909
300.945
300.982
301.02
301.059
301.099
301.14
301.183
301.226
301.271
301.317
301.365
301.414
301.465
301.517
301.571
301.627
301.685
301.744
301.806
301.87
301.937
302.006
302.079
302.154
302.233
302.316
302.403
302.493
302.585
302.679
300.003
300.01
300.017
300.024
300.031
300.039
300.047
300.056
300.064
300.074
300.083
300.093
300.103
300.114
300.125
300.137
300.149
300.161
300.174
300.188
300.202
300.216
300.231
300.246
300.262
300.279
300.296
300.313
300.332
300.351
300.37
300.39
300.411
300.432
300.454
300.477
300.5
300.524
300.549
300.574
300.601
300.628
300.655
300.684
300.713
300.744
300.775
300.807
300.84
300.874
300.908
300.944
300.981
301.019
301.058
301.097
301.139
301.181
301.224
301.269
301.315
301.362
301.411
301.462
301.513
301.567
301.622
301.679
301.738
301.799
301.862
301.927
301.995
302.065
302.137
302.213
302.291
302.372
302.454
302.537
302.62
300.003
300.01
300.017
300.024
300.031
300.039
300.047
300.056
300.064
300.074
300.083
300.093
300.103
300.114
300.125
300.137
300.149
300.161
300.174
300.188
300.201
300.216
300.231
300.246
300.262
300.279
300.296
300.313
300.332
300.35
300.37
300.39
300.41
300.432
300.454
300.476
300.5
300.524
300.548
300.574
300.6
300.627
300.655
300.683
300.713
300.743
300.774
300.806
300.839
300.872
300.907
300.943
300.979
301.017
301.056
301.096
301.136
301.178
301.222
301.266
301.312
301.359
301.407
301.457
301.508
301.561
301.615
301.671
301.729
301.789
301.85
301.914
301.979
302.047
302.116
302.188
302.261
302.335
302.411
302.486
302.561
300.003
300.01
300.017
300.024
300.031
300.039
300.047
300.056
300.064
300.074
300.083
300.093
300.103
300.114
300.125
300.137
300.149
300.161
300.174
300.188
300.201
300.216
300.231
300.246
300.262
300.279
300.296
300.313
300.331
300.35
300.37
300.39
300.41
300.431
300.453
300.476
300.499
300.523
300.548
300.573
300.6
300.626
300.654
300.683
300.712
300.742
300.773
300.805
300.837
300.871
300.906
300.941
300.978
301.015
301.053
301.093
301.134
301.175
301.218
301.262
301.307
301.354
301.402
301.451
301.501
301.553
301.607
301.662
301.718
301.776
301.836
301.897
301.96
302.025
302.091
302.158
302.226
302.295
302.364
302.433
302.501
300.003
300.01
300.017
300.024
300.031
300.039
300.047
300.056
300.064
300.074
300.083
300.093
300.103
300.114
300.125
300.137
300.149
300.161
300.174
300.187
300.201
300.216
300.231
300.246
300.262
300.278
300.295
300.313
300.331
300.35
300.369
300.389
300.41
300.431
300.453
300.476
300.499
300.523
300.547
300.573
300.599
300.626
300.653
300.682
300.711
300.741
300.772
300.803
300.836
300.869
300.904
300.939
300.975
301.012
301.05
301.09
301.13
301.171
301.214
301.257
301.302
301.348
301.395
301.443
301.493
301.544
301.596
301.649
301.704
301.761
301.818
301.877
301.937
301.999
302.061
302.124
302.188
302.252
302.316
302.379
302.44
300.003
300.01
300.017
300.024
300.031
300.039
300.047
300.056
300.064
300.074
300.083
300.093
300.103
300.114
300.125
300.137
300.149
300.161
300.174
300.187
300.201
300.215
300.23
300.246
300.262
300.278
300.295
300.313
300.331
300.35
300.369
300.389
300.409
300.431
300.452
300.475
300.498
300.522
300.546
300.572
300.598
300.624
300.652
300.68
300.709
300.739
300.77
300.801
300.834
300.867
300.901
300.936
300.972
301.009
301.047
301.085
301.125
301.166
301.208
301.251
301.295
301.34
301.386
301.434
301.482
301.532
301.583
301.635
301.688
301.742
301.798
301.854
301.911
301.969
302.028
302.087
302.147
302.206
302.265
302.323
302.379
300.003
300.01
300.017
300.024
300.031
300.039
300.047
300.056
300.064
300.073
300.083
300.093
300.103
300.114
300.125
300.136
300.148
300.161
300.174
300.187
300.201
300.215
300.23
300.245
300.261
300.278
300.295
300.312
300.33
300.349
300.368
300.388
300.409
300.43
300.452
300.474
300.497
300.521
300.545
300.571
300.597
300.623
300.651
300.679
300.708
300.737
300.768
300.799
300.831
300.864
300.898
300.933
300.968
301.005
301.042
301.08
301.12
301.16
301.201
301.243
301.287
301.331
301.376
301.422
301.47
301.518
301.567
301.618
301.669
301.721
301.774
301.828
301.882
301.937
301.992
302.047
302.103
302.158
302.212
302.266
302.318
300.003
300.01
300.017
300.024
300.031
300.039
300.047
300.056
300.064
300.073
300.083
300.093
300.103
300.114
300.125
300.136
300.148
300.161
300.174
300.187
300.201
300.215
300.23
300.245
300.261
300.277
300.294
300.312
300.33
300.349
300.368
300.388
300.408
300.429
300.451
300.473
300.496
300.52
300.544
300.569
300.595
300.621
300.649
300.677
300.705
300.735
300.765
300.796
300.828
300.861
300.894
300.928
300.964
301
301.036
301.074
301.113
301.153
301.193
301.234
301.277
301.32
301.364
301.409
301.455
301.502
301.55
301.598
301.647
301.697
301.747
301.798
301.85
301.901
301.953
302.005
302.056
302.107
302.158
302.208
302.256
300.003
300.01
300.017
300.024
300.031
300.039
300.047
300.055
300.064
300.073
300.083
300.093
300.103
300.114
300.125
300.136
300.148
300.161
300.173
300.187
300.2
300.215
300.23
300.245
300.261
300.277
300.294
300.311
300.329
300.348
300.367
300.387
300.407
300.428
300.45
300.472
300.495
300.518
300.543
300.568
300.593
300.619
300.646
300.674
300.703
300.732
300.762
300.793
300.824
300.856
300.889
300.923
300.958
300.994
301.03
301.067
301.105
301.144
301.183
301.224
301.265
301.307
301.35
301.394
301.438
301.483
301.529
301.576
301.623
301.67
301.718
301.766
301.815
301.863
301.912
301.96
302.008
302.056
302.103
302.149
302.194
300.003
300.01
300.017
300.024
300.031
300.039
300.047
300.055
300.064
300.073
300.083
300.093
300.103
300.113
300.124
300.136
300.148
300.16
300.173
300.186
300.2
300.214
300.229
300.244
300.26
300.276
300.293
300.311
300.329
300.347
300.366
300.386
300.406
300.427
300.448
300.471
300.493
300.517
300.541
300.566
300.591
300.617
300.644
300.671
300.7
300.728
300.758
300.788
300.82
300.851
300.884
300.917
300.951
300.986
301.022
301.058
301.096
301.134
301.172
301.212
301.252
301.293
301.334
301.376
301.419
301.462
301.506
301.551
301.595
301.641
301.686
301.731
301.777
301.823
301.868
301.913
301.958
302.002
302.046
302.089
302.131
300.003
300.01
300.017
300.024
300.031
300.039
300.047
300.055
300.064
300.073
300.083
300.092
300.103
300.113
300.124
300.136
300.148
300.16
300.173
300.186
300.2
300.214
300.229
300.244
300.26
300.276
300.293
300.31
300.328
300.346
300.365
300.385
300.405
300.426
300.447
300.469
300.492
300.515
300.539
300.563
300.588
300.614
300.641
300.668
300.696
300.724
300.754
300.784
300.814
300.846
300.878
300.91
300.944
300.978
301.013
301.048
301.085
301.122
301.159
301.198
301.236
301.276
301.316
301.356
301.398
301.439
301.481
301.523
301.566
301.608
301.651
301.694
301.737
301.78
301.822
301.865
301.906
301.948
301.988
302.028
302.068
300.003
300.01
300.017
300.024
300.031
300.039
300.047
300.055
300.064
300.073
300.082
300.092
300.102
300.113
300.124
300.135
300.147
300.16
300.172
300.186
300.199
300.213
300.228
300.243
300.259
300.275
300.292
300.309
300.327
300.345
300.364
300.383
300.403
300.424
300.445
300.467
300.489
300.512
300.536
300.56
300.585
300.611
300.637
300.664
300.691
300.719
300.748
300.778
300.808
300.839
300.87
300.902
300.935
300.968
301.002
301.037
301.072
301.108
301.145
301.182
301.219
301.257
301.296
301.335
301.374
301.413
301.453
301.493
301.534
301.574
301.614
301.655
301.695
301.735
301.775
301.814
301.853
301.892
301.93
301.967
302.004
300.003
300.01
300.017
300.024
300.031
300.039
300.047
300.055
300.064
300.073
300.082
300.092
300.102
300.113
300.124
300.135
300.147
300.159
300.172
300.185
300.199
300.213
300.227
300.242
300.258
300.274
300.291
300.308
300.325
300.344
300.362
300.382
300.402
300.422
300.443
300.465
300.487
300.51
300.533
300.557
300.582
300.607
300.633
300.659
300.686
300.714
300.742
300.771
300.801
300.831
300.862
300.893
300.925
300.957
300.991
301.024
301.058
301.093
301.128
301.164
301.2
301.236
301.273
301.31
301.348
301.386
301.423
301.461
301.499
301.538
301.576
301.614
301.651
301.689
301.726
301.763
301.799
301.835
301.871
301.906
301.94
300.003
300.01
300.016
300.024
300.031
300.039
300.047
300.055
300.064
300.073
300.082
300.092
300.102
300.112
300.123
300.135
300.146
300.159
300.171
300.184
300.198
300.212
300.226
300.241
300.257
300.273
300.289
300.306
300.324
300.342
300.361
300.38
300.399
300.42
300.44
300.462
300.484
300.506
300.529
300.553
300.577
300.602
300.628
300.654
300.68
300.707
300.735
300.763
300.792
300.822
300.852
300.882
300.913
300.945
300.977
301.01
301.043
301.076
301.11
301.144
301.179
301.214
301.249
301.284
301.32
301.356
301.391
301.427
301.463
301.499
301.535
301.57
301.606
301.641
301.676
301.71
301.744
301.778
301.811
301.843
301.875
300.003
300.01
300.016
300.023
300.031
300.038
300.046
300.055
300.063
300.072
300.082
300.091
300.102
300.112
300.123
300.134
300.146
300.158
300.171
300.184
300.197
300.211
300.225
300.24
300.256
300.272
300.288
300.305
300.322
300.34
300.359
300.377
300.397
300.417
300.438
300.459
300.48
300.503
300.525
300.549
300.572
300.597
300.622
300.647
300.673
300.7
300.727
300.755
300.783
300.812
300.841
300.87
300.901
300.931
300.962
300.993
301.025
301.057
301.09
301.123
301.156
301.189
301.222
301.256
301.29
301.324
301.358
301.391
301.425
301.459
301.492
301.526
301.559
301.592
301.624
301.656
301.688
301.72
301.75
301.781
301.811
300.003
300.01
300.016
300.023
300.031
300.038
300.046
300.055
300.063
300.072
300.081
300.091
300.101
300.112
300.122
300.134
300.145
300.157
300.17
300.183
300.196
300.21
300.224
300.239
300.254
300.27
300.286
300.303
300.32
300.338
300.356
300.375
300.394
300.414
300.434
300.455
300.476
300.498
300.521
300.543
300.567
300.591
300.615
300.64
300.666
300.692
300.718
300.745
300.772
300.8
300.828
300.857
300.886
300.916
300.946
300.976
301.006
301.037
301.068
301.099
301.131
301.162
301.194
301.226
301.258
301.29
301.322
301.354
301.385
301.417
301.449
301.48
301.511
301.541
301.572
301.602
301.632
301.661
301.69
301.718
301.746
300.003
300.01
300.016
300.023
300.031
300.038
300.046
300.054
300.063
300.072
300.081
300.091
300.101
300.111
300.122
300.133
300.145
300.157
300.169
300.182
300.195
300.209
300.223
300.238
300.253
300.268
300.284
300.301
300.318
300.335
300.353
300.372
300.391
300.41
300.43
300.451
300.472
300.493
300.515
300.538
300.56
300.584
300.608
300.632
300.657
300.682
300.708
300.734
300.76
300.787
300.815
300.842
300.87
300.899
300.927
300.956
300.985
301.015
301.044
301.074
301.104
301.134
301.164
301.194
301.224
301.255
301.285
301.314
301.344
301.374
301.403
301.433
301.462
301.49
301.519
301.547
301.574
301.602
301.629
301.655
301.681
300.003
300.01
300.016
300.023
300.03
300.038
300.046
300.054
300.063
300.071
300.081
300.09
300.1
300.11
300.121
300.132
300.144
300.156
300.168
300.181
300.194
300.207
300.221
300.236
300.251
300.266
300.282
300.299
300.315
300.333
300.35
300.368
300.387
300.406
300.426
300.446
300.467
300.488
300.509
300.531
300.553
300.576
300.599
300.623
300.647
300.672
300.697
300.722
300.747
300.773
300.8
300.826
300.853
300.88
300.908
300.935
300.963
300.991
301.019
301.048
301.076
301.104
301.133
301.161
301.189
301.218
301.246
301.274
301.302
301.33
301.357
301.385
301.412
301.438
301.465
301.491
301.517
301.542
301.568
301.592
301.617
300.003
300.009
300.016
300.023
300.03
300.038
300.046
300.054
300.062
300.071
300.08
300.09
300.099
300.11
300.12
300.131
300.143
300.155
300.167
300.179
300.192
300.206
300.22
300.234
300.249
300.264
300.28
300.296
300.312
300.329
300.347
300.365
300.383
300.402
300.421
300.441
300.461
300.481
300.502
300.523
300.545
300.567
300.59
300.613
300.636
300.66
300.684
300.708
300.733
300.758
300.783
300.809
300.835
300.861
300.887
300.913
300.939
300.966
300.993
301.019
301.046
301.073
301.1
301.126
301.153
301.18
301.206
301.232
301.259
301.285
301.31
301.336
301.361
301.386
301.411
301.435
301.459
301.483
301.507
301.53
301.552
300.003
300.009
300.016
300.023
300.03
300.038
300.045
300.053
300.062
300.071
300.08
300.089
300.099
300.109
300.119
300.13
300.142
300.153
300.165
300.178
300.191
300.204
300.218
300.232
300.246
300.261
300.277
300.293
300.309
300.326
300.343
300.36
300.378
300.396
300.415
300.434
300.454
300.474
300.494
300.515
300.536
300.558
300.58
300.602
300.625
300.647
300.67
300.694
300.718
300.742
300.766
300.79
300.815
300.839
300.864
300.889
300.914
300.939
300.965
300.99
301.015
301.04
301.065
301.091
301.116
301.141
301.165
301.19
301.214
301.239
301.263
301.287
301.31
301.333
301.357
301.379
301.402
301.424
301.446
301.467
301.489
300.003
300.009
300.016
300.023
300.03
300.037
300.045
300.053
300.061
300.07
300.079
300.088
300.098
300.108
300.118
300.129
300.14
300.152
300.164
300.176
300.189
300.202
300.215
300.229
300.244
300.258
300.274
300.289
300.305
300.321
300.338
300.355
300.373
300.391
300.409
300.428
300.447
300.466
300.486
300.506
300.527
300.547
300.569
300.59
300.612
300.634
300.656
300.678
300.701
300.724
300.747
300.77
300.793
300.817
300.84
300.864
300.888
300.912
300.935
300.959
300.983
301.007
301.03
301.054
301.077
301.101
301.124
301.147
301.17
301.192
301.215
301.237
301.259
301.281
301.302
301.323
301.344
301.365
301.385
301.406
301.425
300.003
300.009
300.016
300.023
300.03
300.037
300.045
300.052
300.061
300.069
300.078
300.087
300.097
300.107
300.117
300.128
300.139
300.15
300.162
300.174
300.187
300.2
300.213
300.227
300.241
300.255
300.27
300.285
300.301
300.317
300.333
300.35
300.367
300.384
300.402
300.42
300.439
300.458
300.477
300.496
300.516
300.536
300.556
300.577
300.598
300.619
300.64
300.661
300.683
300.705
300.727
300.749
300.771
300.793
300.816
300.838
300.86
300.883
300.905
300.928
300.95
300.972
300.994
301.016
301.038
301.06
301.082
301.103
301.125
301.146
301.167
301.187
301.208
301.228
301.248
301.268
301.288
301.307
301.326
301.344
301.363
300.003
300.009
300.016
300.022
300.029
300.037
300.044
300.052
300.06
300.069
300.077
300.087
300.096
300.106
300.116
300.126
300.137
300.149
300.16
300.172
300.184
300.197
300.21
300.223
300.237
300.251
300.266
300.281
300.296
300.312
300.327
300.344
300.36
300.377
300.395
300.412
300.43
300.448
300.467
300.485
300.505
300.524
300.543
300.563
300.583
300.603
300.623
300.644
300.664
300.685
300.706
300.727
300.748
300.769
300.79
300.811
300.832
300.853
300.874
300.895
300.916
300.937
300.958
300.978
300.999
301.019
301.04
301.06
301.08
301.099
301.119
301.138
301.157
301.176
301.195
301.213
301.231
301.249
301.267
301.284
301.301
300.003
300.009
300.015
300.022
300.029
300.036
300.044
300.051
300.059
300.068
300.076
300.085
300.095
300.104
300.114
300.125
300.135
300.147
300.158
300.17
300.182
300.194
300.207
300.22
300.233
300.247
300.261
300.276
300.291
300.306
300.321
300.337
300.353
300.37
300.386
300.403
300.421
300.438
300.456
300.474
300.492
300.511
300.529
300.548
300.567
300.586
300.606
300.625
300.645
300.664
300.684
300.704
300.724
300.743
300.763
300.783
300.803
300.823
300.843
300.862
300.882
300.901
300.921
300.94
300.959
300.978
300.997
301.016
301.035
301.053
301.071
301.089
301.107
301.124
301.142
301.159
301.176
301.193
301.209
301.225
301.241
300.003
300.009
300.015
300.022
300.029
300.036
300.043
300.051
300.059
300.067
300.075
300.084
300.094
300.103
300.113
300.123
300.133
300.144
300.155
300.167
300.179
300.191
300.203
300.216
300.229
300.243
300.257
300.271
300.285
300.3
300.315
300.33
300.346
300.362
300.378
300.394
300.411
300.427
300.445
300.462
300.479
300.497
300.515
300.533
300.551
300.569
300.587
300.606
300.624
300.643
300.662
300.68
300.699
300.718
300.736
300.755
300.774
300.792
300.811
300.829
300.848
300.866
300.884
300.902
300.92
300.938
300.955
300.973
300.99
301.007
301.024
301.041
301.057
301.074
301.09
301.106
301.122
301.137
301.153
301.168
301.183
300.003
300.009
300.015
300.022
300.028
300.035
300.042
300.05
300.058
300.066
300.074
300.083
300.092
300.101
300.111
300.121
300.131
300.142
300.153
300.164
300.176
300.187
300.2
300.212
300.225
300.238
300.251
300.265
300.279
300.293
300.308
300.322
300.338
300.353
300.368
300.384
300.4
300.416
300.432
300.449
300.466
300.482
300.499
300.517
300.534
300.551
300.568
300.586
300.603
300.621
300.639
300.656
300.674
300.691
300.709
300.726
300.744
300.761
300.779
300.796
300.813
300.83
300.847
300.864
300.881
300.897
300.914
300.93
300.946
300.962
300.978
300.993
301.009
301.024
301.039
301.054
301.069
301.083
301.097
301.112
301.125
300.003
300.009
300.015
300.021
300.028
300.035
300.042
300.049
300.057
300.065
300.073
300.082
300.091
300.1
300.109
300.119
300.129
300.139
300.15
300.161
300.172
300.184
300.196
300.208
300.22
300.233
300.246
300.259
300.272
300.286
300.3
300.314
300.329
300.344
300.358
300.374
300.389
300.404
300.42
300.436
300.452
300.468
300.484
300.5
300.516
300.533
300.549
300.566
300.582
300.599
300.615
300.632
300.648
300.665
300.681
300.698
300.714
300.731
300.747
300.763
300.779
300.795
300.811
300.827
300.842
300.858
300.873
300.888
300.903
300.918
300.933
300.947
300.962
300.976
300.99
301.004
301.017
301.031
301.044
301.057
301.07
300.003
300.009
300.015
300.021
300.027
300.034
300.041
300.048
300.056
300.064
300.072
300.08
300.089
300.098
300.107
300.117
300.126
300.136
300.147
300.158
300.168
300.18
300.191
300.203
300.215
300.227
300.24
300.253
300.266
300.279
300.292
300.306
300.32
300.334
300.348
300.363
300.377
300.392
300.407
300.422
300.437
300.452
300.468
300.483
300.499
300.514
300.53
300.545
300.561
300.576
300.592
300.608
300.623
300.639
300.654
300.67
300.685
300.7
300.716
300.731
300.746
300.761
300.775
300.79
300.805
300.819
300.833
300.848
300.862
300.875
300.889
300.903
300.916
300.929
300.942
300.955
300.968
300.98
300.993
301.005
301.017
300.003
300.008
300.014
300.02
300.027
300.033
300.04
300.047
300.055
300.062
300.07
300.079
300.087
300.096
300.105
300.114
300.124
300.134
300.144
300.154
300.165
300.176
300.187
300.198
300.21
300.222
300.234
300.246
300.259
300.271
300.284
300.297
300.311
300.324
300.338
300.352
300.366
300.38
300.394
300.408
300.423
300.437
300.452
300.466
300.481
300.495
300.51
300.525
300.54
300.554
300.569
300.584
300.598
300.613
300.627
300.642
300.656
300.671
300.685
300.699
300.713
300.727
300.741
300.755
300.768
300.782
300.795
300.808
300.821
300.834
300.847
300.86
300.872
300.884
300.897
300.909
300.921
300.932
300.944
300.955
300.966
300.003
300.008
300.014
300.02
300.026
300.033
300.039
300.046
300.054
300.061
300.069
300.077
300.085
300.094
300.103
300.112
300.121
300.13
300.14
300.15
300.161
300.171
300.182
300.193
300.204
300.216
300.227
300.239
300.251
300.264
300.276
300.289
300.301
300.314
300.327
300.341
300.354
300.367
300.381
300.394
300.408
300.422
300.435
300.449
300.463
300.477
300.491
300.505
300.519
300.533
300.546
300.56
300.574
300.588
300.601
300.615
300.629
300.642
300.655
300.669
300.682
300.695
300.708
300.721
300.733
300.746
300.758
300.771
300.783
300.795
300.807
300.819
300.83
300.842
300.853
300.865
300.876
300.887
300.897
300.908
300.918
300.003
300.008
300.014
300.02
300.026
300.032
300.039
300.045
300.053
300.06
300.067
300.075
300.083
300.092
300.1
300.109
300.118
300.127
300.137
300.147
300.157
300.167
300.177
300.188
300.199
300.21
300.221
300.232
300.244
300.256
300.268
300.28
300.292
300.304
300.317
300.33
300.342
300.355
300.368
300.381
300.394
300.407
300.42
300.433
300.446
300.459
300.472
300.485
300.499
300.512
300.525
300.538
300.551
300.564
300.576
300.589
300.602
300.615
300.627
300.64
300.652
300.664
300.676
300.688
300.7
300.712
300.724
300.735
300.747
300.758
300.769
300.78
300.791
300.802
300.813
300.823
300.834
300.844
300.854
300.864
300.874
300.003
300.008
300.013
300.019
300.025
300.031
300.038
300.044
300.051
300.058
300.066
300.073
300.081
300.089
300.098
300.106
300.115
300.124
300.133
300.143
300.153
300.162
300.173
300.183
300.193
300.204
300.215
300.226
300.237
300.248
300.26
300.271
300.283
300.295
300.307
300.319
300.331
300.343
300.355
300.368
300.38
300.392
300.405
300.417
300.43
300.442
300.455
300.467
300.479
300.492
300.504
300.516
300.529
300.541
300.553
300.565
300.577
300.589
300.601
300.612
300.624
300.636
300.647
300.658
300.67
300.681
300.692
300.702
300.713
300.724
300.734
300.745
300.755
300.765
300.775
300.785
300.795
300.804
300.814
300.823
300.832
300.003
300.008
300.013
300.019
300.025
300.031
300.037
300.043
300.05
300.057
300.064
300.072
300.079
300.087
300.095
300.104
300.112
300.121
300.13
300.139
300.149
300.158
300.168
300.178
300.188
300.198
300.209
300.219
300.23
300.241
300.252
300.263
300.274
300.286
300.297
300.309
300.32
300.332
300.344
300.355
300.367
300.379
300.391
300.403
300.414
300.426
300.438
300.45
300.462
300.473
300.485
300.497
300.508
300.52
300.531
300.543
300.554
300.565
300.577
300.588
300.599
300.609
300.62
300.631
300.641
300.652
300.662
300.673
300.683
300.693
300.703
300.712
300.722
300.731
300.741
300.75
300.759
300.768
300.777
300.786
300.795
300.002
300.008
300.013
300.018
300.024
300.03
300.036
300.043
300.049
300.056
300.063
300.07
300.078
300.085
300.093
300.101
300.11
300.118
300.127
300.136
300.145
300.154
300.164
300.173
300.183
300.193
300.203
300.213
300.224
300.234
300.245
300.256
300.266
300.277
300.288
300.299
300.311
300.322
300.333
300.344
300.355
300.367
300.378
300.389
300.401
300.412
300.423
300.435
300.446
300.457
300.468
300.479
300.49
300.501
300.512
300.523
300.534
300.544
300.555
300.565
300.576
300.586
300.596
300.606
300.617
300.626
300.636
300.646
300.656
300.665
300.674
300.684
300.693
300.702
300.711
300.719
300.728
300.737
300.745
300.753
300.761
300.002
300.007
300.013
300.018
300.024
300.029
300.035
300.042
300.048
300.055
300.062
300.069
300.076
300.084
300.091
300.099
300.107
300.116
300.124
300.133
300.142
300.151
300.16
300.169
300.179
300.188
300.198
300.208
300.218
300.228
300.239
300.249
300.26
300.27
300.281
300.291
300.302
300.313
300.324
300.334
300.345
300.356
300.367
300.378
300.389
300.4
300.41
300.421
300.432
300.443
300.453
300.464
300.475
300.485
300.495
300.506
300.516
300.526
300.536
300.546
300.556
300.566
300.576
300.586
300.595
300.605
300.614
300.623
300.632
300.641
300.65
300.659
300.668
300.676
300.685
300.693
300.702
300.71
300.718
300.726
300.733
300.002
300.007
300.012
300.018
300.023
300.029
300.035
300.041
300.047
300.054
300.061
300.067
300.075
300.082
300.09
300.097
300.105
300.113
300.122
300.13
300.139
300.148
300.157
300.166
300.175
300.185
300.194
300.204
300.214
300.224
300.234
300.244
300.254
300.264
300.274
300.285
300.295
300.306
300.316
300.326
300.337
300.348
300.358
300.369
300.379
300.39
300.4
300.41
300.421
300.431
300.441
300.452
300.462
300.472
300.482
300.492
300.502
300.512
300.522
300.531
300.541
300.55
300.56
300.569
300.578
300.587
300.596
300.605
300.614
300.623
300.631
300.64
300.648
300.656
300.664
300.672
300.68
300.688
300.696
300.704
300.711
300.002
300.007
300.012
300.017
300.023
300.029
300.034
300.04
300.047
300.053
300.06
300.067
300.074
300.081
300.088
300.096
300.104
300.112
300.12
300.128
300.137
300.146
300.154
300.163
300.173
300.182
300.191
300.201
300.21
300.22
300.23
300.24
300.25
300.26
300.27
300.28
300.29
300.3
300.311
300.321
300.331
300.341
300.352
300.362
300.372
300.382
300.393
300.403
300.413
300.423
300.433
300.443
300.453
300.463
300.473
300.482
300.492
300.502
300.511
300.52
300.53
300.539
300.548
300.557
300.566
300.575
300.584
300.592
300.601
300.609
300.618
300.626
300.634
300.642
300.65
300.658
300.665
300.673
300.681
300.688
300.695
300.002
300.007
300.012
300.017
300.023
300.028
300.034
300.04
300.046
300.053
300.059
300.066
300.073
300.08
300.088
300.095
300.103
300.111
300.119
300.127
300.136
300.144
300.153
300.162
300.171
300.18
300.19
300.199
300.208
300.218
300.228
300.238
300.247
300.257
300.267
300.277
300.287
300.297
300.308
300.318
300.328
300.338
300.348
300.358
300.368
300.378
300.389
300.399
300.409
300.419
300.428
300.438
300.448
300.458
300.467
300.477
300.487
300.496
300.505
300.515
300.524
300.533
300.542
300.551
300.56
300.568
300.577
300.585
300.594
300.602
300.61
300.619
300.627
300.634
300.642
300.65
300.657
300.665
300.672
300.68
300.687
303.029
303.159
303.236
303.309
303.372
303.424
303.459
303.499
303.539
303.576
303.608
303.642
303.677
303.711
303.745
303.778
303.81
303.837
303.867
303.897
303.926
303.956
303.985
304.014
304.044
304.072
304.1
304.128
304.156
304.183
304.211
304.238
304.264
304.29
304.316
304.342
304.367
304.393
304.418
304.443
304.468
304.491
304.517
304.544
304.571
304.596
304.619
304.644
304.67
304.696
304.72
304.742
304.766
304.791
304.816
304.842
304.868
304.893
304.918
304.942
304.962
304.985
305.008
305.032
305.057
305.081
305.105
305.129
305.153
305.176
305.199
305.222
305.244
305.267
305.29
305.312
305.334
305.356
305.377
305.401
305.427
305.451
305.473
305.494
305.514
305.533
305.555
305.58
305.602
305.622
305.64
305.661
305.685
305.704
305.726
305.749
305.77
305.789
305.81
305.83
305.848
305.868
305.885
305.904
305.924
305.945
305.964
305.979
305.996
306.011
306.028
306.046
306.064
306.083
306.099
306.111
306.126
306.142
306.158
306.172
306.182
306.194
306.207
306.219
306.231
306.239
306.248
306.257
306.266
306.274
306.281
306.286
306.291
306.294
306.296
306.297
306.296
306.293
306.29
306.284
306.277
306.268
306.257
306.244
306.229
306.211
306.191
306.168
306.142
306.11
306.072
306.033
305.993
305.947
305.895
305.837
305.773
305.666
305.568
305.445
305.285
302.928
303.042
303.13
303.206
303.271
303.327
303.373
303.417
303.459
303.498
303.535
303.571
303.607
303.643
303.677
303.711
303.743
303.774
303.804
303.835
303.865
303.895
303.925
303.955
303.985
304.014
304.043
304.071
304.099
304.127
304.154
304.182
304.209
304.235
304.262
304.288
304.314
304.34
304.365
304.391
304.416
304.441
304.467
304.493
304.519
304.545
304.569
304.595
304.62
304.646
304.67
304.694
304.718
304.743
304.769
304.794
304.82
304.845
304.87
304.894
304.916
304.939
304.963
304.987
305.011
305.035
305.059
305.083
305.107
305.131
305.154
305.178
305.2
305.223
305.246
305.269
305.291
305.314
305.336
305.359
305.385
305.408
305.431
305.452
305.473
305.493
305.515
305.539
305.561
305.581
305.601
305.622
305.645
305.665
305.687
305.71
305.731
305.75
305.772
305.792
305.81
305.83
305.847
305.867
305.887
305.908
305.926
305.942
305.96
305.975
305.992
306.01
306.029
306.047
306.063
306.076
306.092
306.107
306.123
306.137
306.148
306.16
306.173
306.185
306.197
306.206
306.215
306.224
306.233
306.241
306.247
306.253
306.258
306.261
306.263
306.264
306.263
306.261
306.257
306.252
306.245
306.236
306.225
306.212
306.197
306.179
306.159
306.135
306.108
306.077
306.039
305.999
305.958
305.912
305.859
305.798
305.73
305.626
305.523
305.394
305.218
302.846
302.945
303.032
303.107
303.174
303.232
303.284
303.331
303.376
303.418
303.458
303.496
303.533
303.57
303.606
303.64
303.674
303.706
303.738
303.769
303.8
303.831
303.862
303.892
303.922
303.952
303.981
304.01
304.039
304.067
304.095
304.123
304.15
304.177
304.204
304.231
304.257
304.283
304.309
304.335
304.361
304.387
304.413
304.439
304.465
304.491
304.516
304.542
304.567
304.593
304.618
304.642
304.667
304.692
304.718
304.743
304.769
304.794
304.819
304.843
304.866
304.89
304.914
304.938
304.962
304.987
305.011
305.035
305.059
305.083
305.107
305.13
305.153
305.177
305.2
305.223
305.245
305.268
305.291
305.314
305.339
305.363
305.385
305.407
305.429
305.45
305.472
305.495
305.517
305.538
305.559
305.58
305.602
305.623
305.645
305.668
305.689
305.709
305.73
305.75
305.769
305.789
305.808
305.827
305.847
305.867
305.886
305.903
305.921
305.937
305.954
305.972
305.99
306.008
306.025
306.039
306.054
306.07
306.085
306.099
306.111
306.124
306.137
306.149
306.16
306.17
306.179
306.189
306.197
306.205
306.212
306.218
306.222
306.226
306.228
306.229
306.228
306.226
306.223
306.217
306.21
306.201
306.19
306.177
306.162
306.144
306.124
306.1
306.073
306.041
306.004
305.964
305.922
305.874
305.82
305.758
305.685
305.584
305.476
305.341
305.155
302.772
302.86
302.94
303.014
303.08
303.14
303.194
303.244
303.291
303.335
303.377
303.417
303.456
303.494
303.531
303.566
303.601
303.634
303.667
303.7
303.732
303.763
303.795
303.825
303.856
303.886
303.916
303.945
303.975
304.003
304.032
304.06
304.088
304.115
304.143
304.17
304.197
304.223
304.25
304.276
304.302
304.329
304.355
304.381
304.408
304.434
304.459
304.485
304.511
304.537
304.562
304.587
304.612
304.638
304.663
304.689
304.714
304.74
304.765
304.789
304.813
304.837
304.861
304.886
304.91
304.935
304.959
304.984
305.008
305.032
305.056
305.08
305.103
305.127
305.15
305.173
305.196
305.219
305.243
305.266
305.291
305.314
305.337
305.36
305.381
305.403
305.426
305.448
305.471
305.492
305.513
305.535
305.557
305.579
305.601
305.623
305.644
305.665
305.686
305.707
305.726
305.746
305.765
305.785
305.805
305.825
305.844
305.861
305.879
305.896
305.914
305.932
305.95
305.967
305.984
305.999
306.015
306.03
306.046
306.06
306.072
306.085
306.098
306.11
306.122
306.132
306.141
306.151
306.159
306.167
306.174
306.18
306.185
306.189
306.191
306.192
306.191
306.189
306.186
306.181
306.174
306.165
306.154
306.141
306.126
306.108
306.087
306.063
306.036
306.004
305.967
305.927
305.883
305.834
305.779
305.715
305.639
305.538
305.427
305.287
305.095
302.702
302.781
302.855
302.925
302.99
303.049
303.105
303.156
303.204
303.25
303.294
303.335
303.376
303.414
303.452
303.489
303.524
303.559
303.593
303.626
303.659
303.692
303.723
303.755
303.786
303.817
303.847
303.877
303.907
303.936
303.965
303.994
304.022
304.05
304.078
304.105
304.133
304.16
304.187
304.213
304.24
304.267
304.293
304.32
304.346
304.373
304.399
304.425
304.451
304.477
304.503
304.528
304.554
304.579
304.605
304.631
304.657
304.682
304.707
304.732
304.757
304.781
304.806
304.83
304.855
304.88
304.904
304.929
304.953
304.978
305.002
305.026
305.05
305.074
305.097
305.121
305.144
305.168
305.191
305.215
305.239
305.263
305.286
305.309
305.331
305.353
305.376
305.399
305.421
305.443
305.465
305.487
305.509
305.531
305.553
305.575
305.597
305.618
305.639
305.66
305.68
305.7
305.72
305.74
305.76
305.78
305.799
305.817
305.835
305.853
305.87
305.888
305.906
305.924
305.941
305.957
305.972
305.988
306.003
306.017
306.031
306.044
306.057
306.069
306.08
306.091
306.101
306.11
306.119
306.127
306.134
306.14
306.145
306.149
306.151
306.152
306.152
306.15
306.147
306.142
306.135
306.126
306.115
306.102
306.087
306.069
306.048
306.024
305.996
305.964
305.927
305.887
305.842
305.792
305.735
305.669
305.591
305.491
305.376
305.232
305.038
302.634
302.705
302.774
302.84
302.902
302.961
303.016
303.068
303.117
303.164
303.208
303.251
303.292
303.332
303.371
303.408
303.445
303.481
303.515
303.55
303.583
303.616
303.649
303.681
303.712
303.744
303.775
303.805
303.835
303.865
303.894
303.923
303.952
303.981
304.009
304.037
304.065
304.092
304.12
304.147
304.174
304.201
304.228
304.255
304.282
304.308
304.335
304.361
304.388
304.414
304.44
304.466
304.492
304.517
304.543
304.569
304.595
304.621
304.646
304.672
304.696
304.721
304.746
304.771
304.796
304.821
304.846
304.871
304.895
304.92
304.944
304.969
304.993
305.017
305.041
305.065
305.089
305.112
305.136
305.16
305.184
305.208
305.232
305.255
305.278
305.3
305.323
305.346
305.369
305.391
305.413
305.435
305.458
305.48
305.502
305.525
305.547
305.568
305.589
305.61
305.631
305.651
305.671
305.691
305.712
305.732
305.751
305.77
305.788
305.806
305.824
305.842
305.86
305.878
305.895
305.911
305.927
305.943
305.958
305.973
305.986
306
306.013
306.025
306.037
306.047
306.058
306.067
306.076
306.084
306.092
306.098
306.103
306.107
306.109
306.11
306.11
306.108
306.105
306.1
306.093
306.085
306.074
306.061
306.045
306.027
306.006
305.982
305.954
305.922
305.885
305.844
305.799
305.748
305.69
305.622
305.541
305.441
305.323
305.177
304.983
302.567
302.633
302.696
302.758
302.818
302.874
302.928
302.98
303.029
303.076
303.121
303.165
303.207
303.247
303.287
303.325
303.362
303.399
303.434
303.469
303.503
303.537
303.57
303.603
303.635
303.667
303.698
303.729
303.76
303.79
303.82
303.849
303.879
303.908
303.936
303.965
303.993
304.021
304.049
304.077
304.104
304.131
304.159
304.186
304.213
304.24
304.267
304.294
304.32
304.347
304.373
304.399
304.426
304.452
304.478
304.504
304.53
304.556
304.582
304.607
304.633
304.658
304.683
304.708
304.733
304.759
304.784
304.809
304.834
304.859
304.883
304.908
304.932
304.957
304.981
305.005
305.029
305.054
305.078
305.102
305.126
305.15
305.174
305.197
305.221
305.244
305.267
305.29
305.313
305.336
305.358
305.381
305.403
305.426
305.448
305.471
305.493
305.515
305.536
305.557
305.578
305.599
305.62
305.64
305.66
305.68
305.7
305.719
305.738
305.756
305.775
305.793
305.811
305.829
305.846
305.863
305.879
305.895
305.91
305.925
305.939
305.953
305.966
305.978
305.99
306.001
306.012
306.021
306.03
306.039
306.046
306.052
306.058
306.062
306.064
306.066
306.066
306.064
306.061
306.056
306.049
306.041
306.03
306.017
306.002
305.984
305.962
305.938
305.91
305.878
305.841
305.799
305.753
305.701
305.642
305.572
305.49
305.389
305.269
305.122
304.93
302.501
302.561
302.621
302.679
302.735
302.79
302.842
302.893
302.941
302.988
303.033
303.077
303.119
303.16
303.2
303.239
303.277
303.314
303.35
303.386
303.421
303.455
303.488
303.522
303.554
303.586
303.618
303.65
303.681
303.711
303.742
303.772
303.801
303.831
303.86
303.889
303.918
303.946
303.974
304.002
304.03
304.058
304.086
304.113
304.14
304.168
304.195
304.222
304.249
304.276
304.302
304.329
304.356
304.382
304.408
304.435
304.461
304.487
304.513
304.539
304.565
304.59
304.616
304.642
304.667
304.692
304.718
304.743
304.768
304.794
304.819
304.843
304.868
304.893
304.918
304.942
304.967
304.991
305.015
305.04
305.064
305.089
305.113
305.136
305.16
305.183
305.207
305.23
305.254
305.277
305.3
305.322
305.345
305.368
305.391
305.413
305.436
305.458
305.48
305.501
305.523
305.544
305.564
305.585
305.606
305.626
305.646
305.665
305.684
305.703
305.722
305.74
305.759
305.777
305.794
305.811
305.828
305.844
305.859
305.874
305.889
305.902
305.916
305.929
305.941
305.952
305.963
305.973
305.982
305.99
305.998
306.004
306.01
306.014
306.017
306.018
306.018
306.017
306.014
306.009
306.003
305.994
305.984
305.971
305.955
305.937
305.916
305.891
305.863
305.831
305.793
305.752
305.705
305.652
305.591
305.521
305.437
305.335
305.214
305.066
304.878
302.435
302.491
302.547
302.601
302.654
302.706
302.757
302.806
302.854
302.9
302.945
302.988
303.031
303.072
303.112
303.151
303.189
303.227
303.263
303.299
303.334
303.369
303.403
303.437
303.47
303.503
303.535
303.567
303.598
303.629
303.66
303.69
303.72
303.75
303.78
303.809
303.838
303.867
303.896
303.924
303.952
303.98
304.008
304.036
304.064
304.092
304.119
304.146
304.174
304.201
304.228
304.255
304.282
304.308
304.335
304.362
304.388
304.415
304.441
304.467
304.493
304.519
304.545
304.571
304.597
304.622
304.648
304.674
304.699
304.725
304.75
304.775
304.8
304.825
304.85
304.875
304.9
304.925
304.949
304.974
304.999
305.023
305.048
305.072
305.096
305.12
305.143
305.167
305.191
305.214
305.237
305.261
305.284
305.307
305.33
305.353
305.375
305.398
305.42
305.442
305.463
305.485
305.506
305.527
305.548
305.568
305.588
305.608
305.628
305.647
305.666
305.685
305.703
305.721
305.739
305.756
305.773
305.789
305.805
305.82
305.835
305.849
305.863
305.876
305.888
305.9
305.91
305.921
305.93
305.939
305.946
305.953
305.959
305.963
305.966
305.968
305.968
305.967
305.964
305.96
305.953
305.945
305.934
305.921
305.906
305.888
305.867
305.842
305.814
305.781
305.744
305.702
305.654
305.6
305.539
305.467
305.381
305.28
305.158
305.011
304.829
302.37
302.422
302.473
302.524
302.575
302.624
302.673
302.72
302.767
302.812
302.856
302.899
302.941
302.982
303.022
303.061
303.099
303.137
303.174
303.21
303.246
303.281
303.315
303.349
303.382
303.415
303.448
303.48
303.512
303.543
303.574
303.605
303.636
303.666
303.696
303.725
303.755
303.784
303.813
303.842
303.871
303.899
303.927
303.955
303.984
304.011
304.039
304.067
304.094
304.122
304.149
304.176
304.204
304.231
304.258
304.285
304.311
304.338
304.365
304.391
304.418
304.444
304.47
304.496
304.522
304.548
304.574
304.6
304.626
304.652
304.677
304.703
304.728
304.754
304.779
304.804
304.829
304.854
304.879
304.904
304.929
304.954
304.979
305.003
305.028
305.052
305.076
305.1
305.124
305.148
305.171
305.195
305.218
305.242
305.265
305.288
305.311
305.334
305.356
305.378
305.4
305.422
305.444
305.465
305.486
305.507
305.527
305.548
305.567
305.587
305.606
305.625
305.644
305.662
305.68
305.698
305.715
305.731
305.748
305.763
305.778
305.792
305.806
305.82
305.832
305.844
305.855
305.866
305.875
305.884
305.892
305.899
305.905
305.909
305.913
305.914
305.915
305.914
305.911
305.907
305.901
305.892
305.882
305.869
305.854
305.836
305.814
305.79
305.761
305.728
305.691
305.649
305.601
305.546
305.483
305.41
305.324
305.222
305.101
304.956
304.78
302.304
302.353
302.401
302.449
302.496
302.543
302.59
302.635
302.68
302.724
302.767
302.809
302.85
302.891
302.931
302.97
303.008
303.045
303.082
303.119
303.154
303.189
303.224
303.258
303.292
303.325
303.358
303.39
303.422
303.454
303.486
303.517
303.547
303.578
303.608
303.638
303.668
303.697
303.727
303.756
303.785
303.814
303.842
303.871
303.899
303.927
303.955
303.983
304.011
304.039
304.067
304.094
304.122
304.149
304.176
304.203
304.23
304.257
304.284
304.311
304.338
304.364
304.391
304.417
304.444
304.47
304.496
304.523
304.549
304.575
304.601
304.626
304.652
304.678
304.704
304.729
304.755
304.78
304.805
304.831
304.856
304.881
304.906
304.931
304.955
304.98
305.004
305.029
305.053
305.077
305.101
305.125
305.149
305.173
305.196
305.22
305.243
305.266
305.289
305.311
305.334
305.356
305.378
305.399
305.421
305.442
305.463
305.483
305.503
305.523
305.543
305.562
305.581
305.6
305.618
305.636
305.653
305.67
305.686
305.702
305.718
305.732
305.746
305.76
305.773
305.785
305.796
305.807
305.817
305.826
305.834
305.841
305.847
305.852
305.856
305.858
305.858
305.858
305.855
305.851
305.845
305.837
305.826
305.814
305.799
305.78
305.759
305.734
305.706
305.673
305.636
305.593
305.545
305.489
305.426
305.352
305.266
305.164
305.044
304.901
304.732
302.239
302.284
302.329
302.374
302.419
302.463
302.507
302.551
302.594
302.636
302.678
302.719
302.76
302.799
302.838
302.877
302.915
302.952
302.989
303.025
303.061
303.096
303.13
303.165
303.198
303.232
303.265
303.297
303.33
303.362
303.393
303.425
303.456
303.486
303.517
303.547
303.577
303.607
303.637
303.666
303.695
303.724
303.753
303.782
303.811
303.839
303.868
303.896
303.924
303.952
303.98
304.008
304.035
304.063
304.091
304.118
304.145
304.173
304.2
304.227
304.254
304.281
304.308
304.334
304.361
304.388
304.414
304.441
304.467
304.494
304.52
304.546
304.572
304.598
304.624
304.65
304.676
304.701
304.727
304.753
304.778
304.804
304.829
304.854
304.879
304.904
304.929
304.954
304.978
305.003
305.027
305.051
305.076
305.1
305.123
305.147
305.171
305.194
305.217
305.24
305.263
305.285
305.308
305.33
305.351
305.373
305.394
305.415
305.435
305.456
305.476
305.495
305.515
305.534
305.552
305.57
305.588
305.605
305.622
305.638
305.653
305.668
305.683
305.697
305.71
305.722
305.734
305.745
305.755
305.764
305.773
305.78
305.786
305.791
305.795
305.798
305.799
305.798
305.796
305.792
305.786
305.778
305.768
305.755
305.74
305.722
305.701
305.676
305.648
305.615
305.577
305.534
305.486
305.43
305.366
305.292
305.205
305.104
304.985
304.846
304.684
302.173
302.215
302.257
302.299
302.342
302.384
302.425
302.467
302.508
302.549
302.589
302.629
302.668
302.707
302.746
302.783
302.821
302.858
302.894
302.93
302.965
303
303.035
303.069
303.103
303.136
303.169
303.202
303.234
303.266
303.298
303.329
303.361
303.392
303.422
303.453
303.483
303.513
303.543
303.573
303.602
303.631
303.661
303.69
303.719
303.747
303.776
303.804
303.833
303.861
303.889
303.917
303.945
303.973
304.001
304.029
304.056
304.084
304.111
304.139
304.166
304.193
304.22
304.247
304.274
304.301
304.328
304.355
304.382
304.408
304.435
304.461
304.488
304.514
304.54
304.566
304.593
304.619
304.645
304.67
304.696
304.722
304.748
304.773
304.799
304.824
304.849
304.874
304.899
304.924
304.949
304.973
304.998
305.022
305.047
305.071
305.095
305.118
305.142
305.165
305.188
305.211
305.234
305.256
305.278
305.3
305.321
305.343
305.364
305.384
305.404
305.424
305.444
305.463
305.482
305.501
305.519
305.536
305.553
305.57
305.585
305.601
305.615
305.63
305.643
305.656
305.668
305.679
305.69
305.699
305.708
305.715
305.722
305.727
305.731
305.734
305.735
305.735
305.733
305.729
305.723
305.716
305.706
305.693
305.678
305.661
305.639
305.615
305.586
305.553
305.516
305.473
305.424
305.368
305.304
305.229
305.143
305.043
304.926
304.791
304.637
302.107
302.146
302.186
302.225
302.265
302.305
302.344
302.384
302.423
302.462
302.501
302.539
302.577
302.615
302.652
302.689
302.726
302.762
302.798
302.833
302.868
302.903
302.937
302.971
303.005
303.038
303.071
303.104
303.136
303.168
303.2
303.231
303.263
303.294
303.325
303.355
303.386
303.416
303.446
303.476
303.505
303.535
303.564
303.593
303.623
303.652
303.68
303.709
303.738
303.766
303.795
303.823
303.851
303.879
303.907
303.935
303.963
303.991
304.019
304.046
304.074
304.101
304.129
304.156
304.183
304.21
304.238
304.265
304.292
304.319
304.345
304.372
304.399
304.426
304.452
304.479
304.505
304.532
304.558
304.584
304.61
304.636
304.662
304.688
304.714
304.74
304.765
304.791
304.816
304.841
304.866
304.891
304.916
304.941
304.965
304.99
305.014
305.038
305.062
305.086
305.109
305.132
305.155
305.178
305.201
305.223
305.245
305.266
305.287
305.308
305.329
305.349
305.369
305.389
305.408
305.427
305.445
305.463
305.48
305.497
305.513
305.529
305.544
305.559
305.572
305.585
305.598
305.609
305.62
305.63
305.639
305.647
305.653
305.659
305.663
305.666
305.668
305.668
305.666
305.663
305.657
305.65
305.64
305.628
305.613
305.595
305.575
305.55
305.522
305.489
305.451
305.408
305.359
305.303
305.239
305.165
305.08
304.981
304.867
304.736
304.589
302.04
302.077
302.114
302.151
302.189
302.226
302.264
302.301
302.338
302.376
302.413
302.45
302.486
302.523
302.559
302.595
302.631
302.666
302.701
302.736
302.77
302.804
302.838
302.872
302.905
302.938
302.971
303.003
303.036
303.067
303.099
303.131
303.162
303.193
303.224
303.255
303.285
303.315
303.345
303.375
303.405
303.435
303.464
303.494
303.523
303.552
303.581
303.61
303.639
303.668
303.696
303.725
303.753
303.781
303.81
303.838
303.866
303.894
303.922
303.95
303.978
304.005
304.033
304.061
304.088
304.116
304.143
304.17
304.198
304.225
304.252
304.279
304.306
304.333
304.36
304.387
304.413
304.44
304.467
304.493
304.52
304.546
304.573
304.599
304.625
304.651
304.677
304.703
304.728
304.754
304.779
304.805
304.83
304.855
304.88
304.905
304.929
304.954
304.978
305.002
305.026
305.049
305.073
305.096
305.119
305.141
305.164
305.186
305.207
305.229
305.25
305.27
305.291
305.31
305.33
305.349
305.368
305.386
305.404
305.421
305.437
305.453
305.469
305.483
305.498
305.511
305.524
305.535
305.546
305.557
305.566
305.574
305.581
305.587
305.592
305.595
305.597
305.597
305.596
305.593
305.588
305.58
305.571
305.559
305.544
305.527
305.506
305.482
305.454
305.421
305.384
305.341
305.292
305.236
305.172
305.099
305.014
304.917
304.807
304.681
304.541
301.974
302.008
302.043
302.078
302.113
302.148
302.184
302.219
302.254
302.29
302.325
302.361
302.396
302.431
302.466
302.501
302.535
302.569
302.604
302.638
302.671
302.705
302.738
302.771
302.804
302.837
302.869
302.901
302.933
302.965
302.996
303.028
303.059
303.09
303.121
303.151
303.182
303.212
303.242
303.272
303.302
303.332
303.361
303.391
303.42
303.449
303.478
303.508
303.536
303.565
303.594
303.623
303.651
303.68
303.708
303.737
303.765
303.793
303.821
303.849
303.877
303.905
303.933
303.961
303.989
304.017
304.044
304.072
304.099
304.127
304.154
304.182
304.209
304.236
304.263
304.29
304.318
304.345
304.371
304.398
304.425
304.452
304.478
304.505
304.531
304.558
304.584
304.61
304.636
304.662
304.688
304.714
304.739
304.765
304.79
304.815
304.84
304.865
304.889
304.914
304.938
304.962
304.986
305.009
305.032
305.055
305.078
305.1
305.122
305.144
305.166
305.187
305.207
305.228
305.247
305.267
305.286
305.304
305.322
305.34
305.357
305.373
305.389
305.404
305.418
305.432
305.445
305.457
305.469
305.479
305.489
305.497
305.505
305.511
305.516
305.52
305.522
305.522
305.521
305.519
305.514
305.507
305.498
305.486
305.472
305.455
305.434
305.41
305.382
305.35
305.313
305.27
305.222
305.166
305.103
305.03
304.947
304.853
304.745
304.625
304.492
301.907
301.939
301.972
302.005
302.038
302.071
302.104
302.138
302.171
302.205
302.238
302.272
302.306
302.339
302.373
302.406
302.44
302.473
302.506
302.539
302.572
302.605
302.637
302.67
302.702
302.734
302.766
302.797
302.829
302.86
302.892
302.923
302.954
302.984
303.015
303.046
303.076
303.106
303.136
303.166
303.196
303.226
303.255
303.285
303.314
303.343
303.373
303.402
303.431
303.46
303.489
303.517
303.546
303.575
303.603
303.632
303.66
303.689
303.717
303.745
303.773
303.802
303.83
303.858
303.886
303.914
303.941
303.969
303.997
304.025
304.052
304.08
304.108
304.135
304.163
304.19
304.217
304.245
304.272
304.299
304.326
304.353
304.38
304.407
304.434
304.46
304.487
304.513
304.54
304.566
304.592
304.618
304.644
304.67
304.696
304.721
304.746
304.772
304.797
304.821
304.846
304.87
304.894
304.918
304.942
304.965
304.988
305.011
305.033
305.055
305.077
305.098
305.12
305.14
305.16
305.18
305.2
305.218
305.237
305.255
305.272
305.289
305.305
305.32
305.335
305.349
305.362
305.375
305.387
305.397
305.407
305.416
305.424
305.431
305.436
305.44
305.442
305.443
305.443
305.44
305.436
305.429
305.421
305.409
305.395
305.378
305.358
305.335
305.307
305.275
305.239
305.197
305.148
305.094
305.031
304.96
304.879
304.787
304.683
304.568
304.441
301.841
301.871
301.901
301.932
301.963
301.994
302.025
302.057
302.088
302.12
302.152
302.184
302.216
302.248
302.28
302.313
302.345
302.377
302.409
302.441
302.473
302.504
302.536
302.568
302.599
302.63
302.662
302.693
302.724
302.755
302.786
302.816
302.847
302.877
302.908
302.938
302.968
302.998
303.028
303.058
303.087
303.117
303.146
303.176
303.205
303.234
303.264
303.293
303.322
303.351
303.38
303.409
303.437
303.466
303.495
303.523
303.552
303.58
303.609
303.637
303.666
303.694
303.722
303.75
303.779
303.807
303.835
303.863
303.891
303.919
303.947
303.974
304.002
304.03
304.058
304.085
304.113
304.141
304.168
304.195
304.223
304.25
304.277
304.304
304.332
304.359
304.385
304.412
304.439
304.466
304.492
304.518
304.545
304.571
304.597
304.623
304.648
304.674
304.699
304.724
304.749
304.774
304.798
304.822
304.846
304.87
304.894
304.917
304.939
304.962
304.984
305.006
305.027
305.048
305.069
305.089
305.109
305.128
305.147
305.165
305.182
305.199
305.216
305.232
305.247
305.261
305.275
305.288
305.3
305.311
305.321
305.331
305.339
305.346
305.351
305.356
305.359
305.36
305.36
305.358
305.354
305.348
305.339
305.328
305.315
305.298
305.279
305.255
305.228
305.197
305.161
305.119
305.072
305.018
304.957
304.887
304.808
304.719
304.62
304.51
304.39
301.774
301.802
301.83
301.859
301.888
301.917
301.947
301.977
302.007
302.037
302.067
302.097
302.128
302.158
302.189
302.22
302.25
302.281
302.312
302.343
302.373
302.404
302.435
302.465
302.496
302.527
302.557
302.588
302.618
302.648
302.679
302.709
302.739
302.769
302.799
302.829
302.858
302.888
302.918
302.947
302.977
303.006
303.035
303.065
303.094
303.123
303.152
303.181
303.21
303.239
303.268
303.297
303.326
303.354
303.383
303.412
303.44
303.469
303.497
303.526
303.554
303.583
303.611
303.64
303.668
303.696
303.724
303.753
303.781
303.809
303.837
303.865
303.893
303.921
303.949
303.977
304.005
304.032
304.06
304.088
304.115
304.143
304.17
304.198
304.225
304.252
304.28
304.307
304.334
304.361
304.387
304.414
304.441
304.467
304.493
304.52
304.546
304.571
304.597
304.623
304.648
304.673
304.698
304.722
304.747
304.771
304.794
304.818
304.841
304.864
304.886
304.908
304.93
304.952
304.972
304.993
305.013
305.033
305.052
305.07
305.088
305.106
305.122
305.139
305.154
305.169
305.183
305.196
305.209
305.22
305.231
305.24
305.249
305.256
305.262
305.267
305.27
305.272
305.272
305.271
305.267
305.261
305.253
305.243
305.23
305.214
305.195
305.172
305.146
305.115
305.079
305.039
304.992
304.94
304.88
304.812
304.736
304.65
304.555
304.45
304.337
301.707
301.734
301.76
301.787
301.814
301.842
301.869
301.897
301.926
301.954
301.982
302.011
302.04
302.069
302.098
302.127
302.157
302.186
302.216
302.245
302.275
302.304
302.334
302.364
302.393
302.423
302.453
302.482
302.512
302.541
302.571
302.601
302.63
302.659
302.689
302.718
302.748
302.777
302.806
302.835
302.864
302.894
302.923
302.952
302.981
303.01
303.039
303.067
303.096
303.125
303.154
303.183
303.211
303.24
303.269
303.297
303.326
303.354
303.383
303.412
303.44
303.468
303.497
303.525
303.554
303.582
303.61
303.639
303.667
303.695
303.724
303.752
303.78
303.808
303.836
303.864
303.892
303.92
303.948
303.976
304.004
304.032
304.059
304.087
304.115
304.142
304.17
304.197
304.224
304.252
304.279
304.306
304.332
304.359
304.386
304.412
304.439
304.465
304.491
304.516
304.542
304.567
304.593
304.617
304.642
304.666
304.691
304.714
304.738
304.761
304.784
304.806
304.828
304.85
304.871
304.892
304.913
304.933
304.952
304.971
304.989
305.007
305.024
305.041
305.056
305.072
305.086
305.1
305.112
305.124
305.135
305.145
305.154
305.162
305.168
305.174
305.177
305.18
305.18
305.179
305.176
305.171
305.163
305.153
305.141
305.125
305.107
305.085
305.059
305.029
304.994
304.955
304.91
304.858
304.8
304.735
304.661
304.579
304.488
304.389
304.282
301.641
301.666
301.69
301.716
301.741
301.767
301.793
301.819
301.845
301.872
301.899
301.926
301.954
301.981
302.009
302.036
302.064
302.092
302.121
302.149
302.177
302.206
302.234
302.263
302.291
302.32
302.348
302.377
302.406
302.435
302.463
302.492
302.521
302.55
302.579
302.607
302.636
302.665
302.694
302.722
302.751
302.78
302.808
302.837
302.866
302.895
302.923
302.952
302.98
303.009
303.038
303.066
303.095
303.123
303.152
303.18
303.209
303.237
303.266
303.294
303.323
303.351
303.38
303.408
303.437
303.465
303.493
303.522
303.55
303.578
303.607
303.635
303.663
303.692
303.72
303.748
303.776
303.804
303.833
303.861
303.889
303.917
303.945
303.972
304
304.028
304.056
304.083
304.111
304.138
304.166
304.193
304.22
304.247
304.274
304.301
304.327
304.354
304.38
304.406
304.432
304.457
304.483
304.508
304.533
304.558
304.582
304.606
304.63
304.654
304.677
304.7
304.722
304.744
304.766
304.787
304.807
304.828
304.847
304.867
304.885
304.903
304.921
304.938
304.954
304.97
304.984
304.998
305.011
305.024
305.035
305.045
305.055
305.063
305.07
305.075
305.08
305.082
305.083
305.083
305.08
305.075
305.068
305.059
305.047
305.032
305.014
304.993
304.968
304.939
304.905
304.867
304.823
304.774
304.718
304.654
304.584
304.506
304.42
304.326
304.224
301.575
301.598
301.621
301.645
301.669
301.693
301.717
301.742
301.767
301.792
301.817
301.843
301.868
301.894
301.92
301.947
301.973
302
302.027
302.054
302.081
302.108
302.135
302.162
302.19
302.217
302.245
302.273
302.301
302.328
302.356
302.384
302.412
302.44
302.468
302.496
302.524
302.553
302.581
302.609
302.637
302.665
302.693
302.722
302.75
302.778
302.807
302.835
302.863
302.891
302.92
302.948
302.976
303.005
303.033
303.061
303.09
303.118
303.146
303.175
303.203
303.232
303.26
303.288
303.317
303.345
303.373
303.402
303.43
303.459
303.487
303.515
303.544
303.572
303.6
303.629
303.657
303.685
303.713
303.742
303.77
303.798
303.826
303.854
303.882
303.91
303.938
303.966
303.993
304.021
304.048
304.076
304.103
304.13
304.158
304.185
304.211
304.238
304.265
304.291
304.317
304.343
304.369
304.394
304.419
304.444
304.469
304.494
304.518
304.541
304.565
304.588
304.611
304.633
304.655
304.676
304.697
304.718
304.738
304.758
304.777
304.795
304.813
304.83
304.847
304.862
304.878
304.892
304.905
304.918
304.93
304.941
304.95
304.959
304.966
304.972
304.977
304.98
304.981
304.981
304.979
304.975
304.969
304.96
304.949
304.935
304.917
304.897
304.873
304.845
304.813
304.776
304.733
304.686
304.632
304.571
304.504
304.43
304.348
304.26
304.164
301.51
301.531
301.553
301.575
301.597
301.62
301.642
301.665
301.689
301.712
301.736
301.76
301.784
301.809
301.834
301.858
301.884
301.909
301.934
301.96
301.986
302.011
302.037
302.064
302.09
302.116
302.143
302.169
302.196
302.223
302.25
302.277
302.304
302.331
302.358
302.386
302.413
302.44
302.468
302.495
302.523
302.551
302.578
302.606
302.634
302.661
302.689
302.717
302.745
302.773
302.801
302.829
302.857
302.885
302.913
302.941
302.969
302.997
303.025
303.053
303.082
303.11
303.138
303.166
303.195
303.223
303.251
303.279
303.308
303.336
303.364
303.393
303.421
303.449
303.478
303.506
303.534
303.563
303.591
303.619
303.648
303.676
303.704
303.732
303.76
303.788
303.816
303.844
303.872
303.9
303.928
303.955
303.983
304.01
304.037
304.065
304.092
304.119
304.145
304.172
304.198
304.224
304.25
304.276
304.301
304.327
304.352
304.376
304.401
304.425
304.448
304.472
304.495
304.517
304.54
304.561
304.583
304.603
304.624
304.644
304.663
304.682
304.7
304.717
304.734
304.75
304.766
304.78
304.794
304.807
304.819
304.831
304.841
304.85
304.857
304.864
304.869
304.873
304.875
304.875
304.873
304.87
304.864
304.856
304.845
304.832
304.816
304.796
304.773
304.747
304.716
304.68
304.64
304.594
304.543
304.485
304.421
304.351
304.274
304.191
304.101
301.445
301.465
301.485
301.506
301.527
301.548
301.569
301.591
301.612
301.635
301.657
301.679
301.702
301.725
301.749
301.772
301.796
301.819
301.844
301.868
301.892
301.917
301.942
301.966
301.992
302.017
302.042
302.068
302.093
302.119
302.145
302.171
302.197
302.223
302.25
302.276
302.302
302.329
302.356
302.382
302.409
302.436
302.463
302.49
302.517
302.545
302.572
302.599
302.626
302.654
302.681
302.709
302.736
302.764
302.792
302.819
302.847
302.875
302.903
302.931
302.959
302.987
303.015
303.043
303.071
303.099
303.127
303.155
303.183
303.211
303.24
303.268
303.296
303.324
303.353
303.381
303.409
303.438
303.466
303.494
303.522
303.551
303.579
303.607
303.635
303.663
303.691
303.719
303.747
303.775
303.803
303.831
303.859
303.886
303.913
303.941
303.968
303.995
304.022
304.049
304.075
304.101
304.128
304.154
304.179
304.205
304.23
304.255
304.279
304.304
304.327
304.351
304.374
304.397
304.419
304.441
304.463
304.484
304.505
304.525
304.544
304.563
304.582
304.6
304.617
304.633
304.649
304.664
304.678
304.691
304.704
304.715
304.726
304.735
304.743
304.75
304.756
304.76
304.763
304.763
304.762
304.759
304.754
304.747
304.737
304.725
304.71
304.691
304.669
304.644
304.614
304.58
304.542
304.499
304.45
304.395
304.335
304.269
304.197
304.118
304.034
301.381
301.4
301.419
301.438
301.457
301.477
301.497
301.517
301.538
301.558
301.579
301.6
301.622
301.643
301.665
301.687
301.71
301.732
301.755
301.778
301.801
301.824
301.848
301.871
301.895
301.919
301.943
301.968
301.992
302.017
302.042
302.067
302.092
302.117
302.142
302.168
302.193
302.219
302.245
302.271
302.297
302.323
302.349
302.375
302.402
302.428
302.455
302.481
302.508
302.535
302.562
302.589
302.616
302.643
302.67
302.698
302.725
302.752
302.78
302.807
302.835
302.862
302.89
302.918
302.946
302.973
303.001
303.029
303.057
303.085
303.113
303.141
303.169
303.198
303.226
303.254
303.282
303.31
303.339
303.367
303.395
303.423
303.451
303.479
303.508
303.536
303.564
303.592
303.62
303.648
303.676
303.703
303.731
303.759
303.786
303.814
303.841
303.868
303.895
303.922
303.948
303.975
304.001
304.027
304.053
304.078
304.104
304.129
304.154
304.178
304.202
304.226
304.249
304.272
304.295
304.317
304.339
304.36
304.381
304.401
304.421
304.44
304.459
304.477
304.494
304.511
304.527
304.542
304.557
304.571
304.583
304.595
304.606
304.616
304.624
304.632
304.638
304.642
304.645
304.647
304.646
304.644
304.64
304.633
304.624
304.613
304.598
304.581
304.561
304.536
304.508
304.477
304.44
304.399
304.353
304.302
304.246
304.183
304.116
304.043
303.964
301.319
301.336
301.354
301.371
301.39
301.408
301.427
301.445
301.465
301.484
301.503
301.523
301.543
301.564
301.584
301.605
301.626
301.647
301.668
301.69
301.712
301.734
301.756
301.779
301.801
301.824
301.847
301.87
301.893
301.917
301.941
301.964
301.988
302.013
302.037
302.061
302.086
302.111
302.135
302.16
302.186
302.211
302.236
302.262
302.287
302.313
302.339
302.365
302.391
302.417
302.443
302.47
302.496
302.523
302.549
302.576
302.603
302.63
302.657
302.684
302.711
302.738
302.765
302.793
302.82
302.847
302.875
302.903
302.93
302.958
302.986
303.014
303.041
303.069
303.097
303.125
303.153
303.181
303.209
303.237
303.265
303.293
303.322
303.35
303.378
303.406
303.434
303.462
303.49
303.517
303.545
303.573
303.601
303.628
303.656
303.683
303.71
303.738
303.765
303.791
303.818
303.845
303.871
303.897
303.923
303.948
303.974
303.999
304.024
304.048
304.072
304.096
304.12
304.143
304.166
304.188
304.21
304.231
304.252
304.273
304.293
304.312
304.331
304.349
304.367
304.384
304.4
304.416
304.431
304.445
304.458
304.47
304.481
304.491
304.5
304.508
304.514
304.52
304.523
304.525
304.525
304.524
304.52
304.514
304.506
304.496
304.482
304.466
304.447
304.424
304.398
304.368
304.334
304.296
304.253
304.205
304.152
304.094
304.031
303.963
303.89
301.257
301.273
301.29
301.307
301.323
301.341
301.358
301.376
301.393
301.411
301.43
301.448
301.467
301.486
301.505
301.525
301.544
301.564
301.584
301.605
301.625
301.646
301.667
301.688
301.71
301.731
301.753
301.775
301.797
301.819
301.842
301.865
301.888
301.911
301.934
301.957
301.981
302.005
302.028
302.052
302.077
302.101
302.125
302.15
302.175
302.2
302.225
302.25
302.275
302.3
302.326
302.352
302.377
302.403
302.429
302.455
302.481
302.508
302.534
302.561
302.587
302.614
302.641
302.668
302.694
302.721
302.749
302.776
302.803
302.83
302.858
302.885
302.913
302.94
302.968
302.996
303.023
303.051
303.079
303.107
303.134
303.162
303.19
303.218
303.246
303.274
303.302
303.329
303.357
303.385
303.413
303.44
303.468
303.495
303.523
303.55
303.577
303.604
303.631
303.658
303.685
303.711
303.737
303.763
303.789
303.815
303.84
303.865
303.89
303.915
303.939
303.963
303.987
304.01
304.033
304.055
304.077
304.098
304.12
304.14
304.16
304.18
304.199
304.217
304.235
304.252
304.269
304.285
304.3
304.314
304.327
304.34
304.351
304.362
304.371
304.379
304.386
304.392
304.396
304.398
304.399
304.398
304.395
304.391
304.383
304.374
304.362
304.347
304.329
304.308
304.284
304.256
304.224
304.188
304.148
304.103
304.054
304
303.942
303.879
303.811
301.197
301.212
301.228
301.243
301.259
301.275
301.291
301.308
301.324
301.341
301.358
301.376
301.393
301.411
301.429
301.447
301.466
301.484
301.503
301.522
301.542
301.561
301.581
301.601
301.621
301.641
301.662
301.683
301.704
301.725
301.746
301.768
301.79
301.812
301.834
301.856
301.879
301.901
301.924
301.947
301.97
301.994
302.017
302.041
302.065
302.089
302.113
302.137
302.161
302.186
302.211
302.236
302.26
302.286
302.311
302.336
302.362
302.387
302.413
302.439
302.465
302.491
302.517
302.543
302.57
302.596
302.623
302.649
302.676
302.703
302.73
302.757
302.784
302.811
302.838
302.866
302.893
302.92
302.948
302.975
303.003
303.03
303.058
303.086
303.113
303.141
303.168
303.196
303.223
303.251
303.278
303.306
303.333
303.36
303.388
303.415
303.442
303.469
303.496
303.522
303.549
303.575
303.601
303.627
303.653
303.678
303.704
303.729
303.753
303.778
303.802
303.826
303.85
303.873
303.896
303.918
303.94
303.962
303.983
304.003
304.023
304.043
304.062
304.081
304.099
304.116
304.133
304.149
304.164
304.178
304.192
304.205
304.217
304.227
304.237
304.246
304.253
304.259
304.264
304.267
304.268
304.268
304.266
304.262
304.256
304.247
304.236
304.223
304.206
304.187
304.164
304.139
304.109
304.076
304.039
303.998
303.952
303.903
303.848
303.79
303.728
301.139
301.153
301.168
301.182
301.197
301.212
301.227
301.242
301.258
301.273
301.289
301.305
301.322
301.338
301.355
301.372
301.39
301.407
301.425
301.443
301.461
301.479
301.498
301.517
301.536
301.555
301.574
301.594
301.614
301.634
301.654
301.675
301.695
301.716
301.737
301.758
301.78
301.801
301.823
301.845
301.867
301.889
301.912
301.935
301.958
301.981
302.004
302.027
302.051
302.074
302.098
302.122
302.146
302.17
302.195
302.219
302.244
302.269
302.294
302.319
302.344
302.37
302.395
302.421
302.447
302.472
302.498
302.524
302.551
302.577
302.603
302.63
302.656
302.683
302.71
302.736
302.763
302.79
302.817
302.844
302.871
302.898
302.925
302.953
302.98
303.007
303.034
303.062
303.089
303.116
303.143
303.17
303.197
303.224
303.251
303.278
303.305
303.331
303.358
303.384
303.411
303.437
303.463
303.488
303.514
303.539
303.564
303.589
303.614
303.638
303.662
303.686
303.709
303.732
303.755
303.778
303.799
303.821
303.842
303.863
303.883
303.903
303.922
303.94
303.958
303.976
303.993
304.009
304.024
304.039
304.053
304.066
304.078
304.089
304.099
304.108
304.115
304.122
304.127
304.131
304.133
304.133
304.132
304.129
304.123
304.116
304.106
304.094
304.079
304.062
304.041
304.017
303.99
303.96
303.926
303.888
303.846
303.8
303.751
303.697
303.64
301.083
301.096
301.109
301.123
301.137
301.15
301.165
301.179
301.193
301.208
301.223
301.238
301.253
301.269
301.285
301.301
301.317
301.333
301.35
301.367
301.384
301.401
301.418
301.436
301.454
301.472
301.49
301.509
301.527
301.546
301.565
301.585
301.604
301.624
301.644
301.664
301.684
301.705
301.726
301.747
301.768
301.789
301.81
301.832
301.854
301.876
301.898
301.921
301.943
301.966
301.989
302.012
302.035
302.058
302.082
302.106
302.129
302.153
302.178
302.202
302.226
302.251
302.276
302.301
302.326
302.351
302.376
302.401
302.427
302.452
302.478
302.504
302.53
302.556
302.582
302.608
302.635
302.661
302.687
302.714
302.74
302.767
302.794
302.82
302.847
302.874
302.901
302.927
302.954
302.981
303.008
303.034
303.061
303.087
303.114
303.14
303.167
303.193
303.219
303.245
303.271
303.297
303.323
303.348
303.373
303.398
303.423
303.448
303.472
303.496
303.52
303.544
303.567
303.59
303.612
303.634
303.656
303.678
303.699
303.719
303.739
303.759
303.778
303.797
303.815
303.832
303.849
303.865
303.881
303.895
303.909
303.923
303.935
303.946
303.956
303.966
303.974
303.981
303.986
303.99
303.993
303.994
303.994
303.991
303.987
303.981
303.972
303.961
303.948
303.932
303.913
303.892
303.867
303.84
303.808
303.774
303.736
303.694
303.649
303.6
303.547
301.029
301.041
301.054
301.066
301.079
301.092
301.105
301.118
301.132
301.146
301.16
301.174
301.188
301.202
301.217
301.232
301.247
301.263
301.278
301.294
301.31
301.326
301.342
301.359
301.376
301.393
301.41
301.427
301.445
301.463
301.481
301.499
301.517
301.536
301.555
301.574
301.593
301.613
301.632
301.652
301.672
301.693
301.713
301.734
301.754
301.775
301.797
301.818
301.84
301.861
301.883
301.905
301.928
301.95
301.973
301.995
302.018
302.042
302.065
302.088
302.112
302.136
302.16
302.184
302.208
302.232
302.257
302.281
302.306
302.331
302.356
302.381
302.406
302.431
302.457
302.482
302.508
302.534
302.559
302.585
302.611
302.637
302.663
302.689
302.715
302.742
302.768
302.794
302.82
302.846
302.873
302.899
302.925
302.951
302.977
303.003
303.029
303.055
303.08
303.106
303.132
303.157
303.182
303.207
303.232
303.257
303.281
303.305
303.329
303.353
303.376
303.4
303.423
303.445
303.467
303.489
303.511
303.532
303.553
303.573
303.593
303.613
303.632
303.65
303.668
303.686
303.703
303.719
303.734
303.749
303.763
303.776
303.789
303.8
303.811
303.82
303.829
303.836
303.842
303.847
303.85
303.852
303.852
303.851
303.847
303.842
303.835
303.825
303.813
303.799
303.783
303.763
303.741
303.716
303.688
303.656
303.622
303.584
303.543
303.498
303.451
300.978
300.989
301
301.012
301.024
301.036
301.048
301.061
301.073
301.086
301.099
301.112
301.126
301.139
301.153
301.167
301.181
301.196
301.21
301.225
301.24
301.255
301.27
301.286
301.302
301.318
301.334
301.35
301.367
301.384
301.401
301.418
301.435
301.453
301.471
301.489
301.507
301.525
301.544
301.563
301.582
301.601
301.62
301.64
301.66
301.68
301.7
301.72
301.741
301.761
301.782
301.803
301.825
301.846
301.868
301.89
301.912
301.934
301.956
301.979
302.002
302.024
302.047
302.071
302.094
302.117
302.141
302.165
302.189
302.213
302.237
302.261
302.286
302.31
302.335
302.359
302.384
302.409
302.434
302.459
302.485
302.51
302.535
302.561
302.586
302.612
302.637
302.663
302.688
302.714
302.739
302.765
302.79
302.816
302.841
302.867
302.892
302.917
302.942
302.967
302.992
303.017
303.042
303.066
303.091
303.115
303.139
303.162
303.186
303.209
303.232
303.255
303.278
303.3
303.322
303.343
303.365
303.386
303.406
303.426
303.446
303.465
303.484
303.503
303.52
303.538
303.554
303.571
303.586
303.601
303.615
303.628
303.641
303.652
303.663
303.673
303.682
303.689
303.696
303.701
303.705
303.707
303.708
303.707
303.705
303.701
303.694
303.686
303.676
303.664
303.649
303.632
303.612
303.589
303.564
303.536
303.505
303.471
303.434
303.393
303.35
300.929
300.939
300.95
300.961
300.972
300.984
300.995
301.007
301.018
301.03
301.043
301.055
301.067
301.08
301.093
301.106
301.119
301.133
301.146
301.16
301.174
301.188
301.203
301.217
301.232
301.247
301.262
301.278
301.293
301.309
301.325
301.341
301.358
301.374
301.391
301.408
301.425
301.443
301.46
301.478
301.496
301.514
301.533
301.551
301.57
301.589
301.608
301.627
301.647
301.667
301.687
301.707
301.727
301.748
301.768
301.789
301.81
301.831
301.853
301.874
301.896
301.918
301.94
301.962
301.985
302.007
302.03
302.053
302.076
302.099
302.122
302.146
302.169
302.193
302.217
302.241
302.265
302.289
302.313
302.337
302.362
302.386
302.411
302.435
302.46
302.485
302.51
302.534
302.559
302.584
302.609
302.634
302.658
302.683
302.708
302.733
302.757
302.782
302.806
302.831
302.855
302.879
302.903
302.927
302.951
302.974
302.998
303.021
303.044
303.067
303.089
303.111
303.133
303.155
303.177
303.198
303.219
303.239
303.26
303.279
303.299
303.318
303.336
303.355
303.372
303.389
303.406
303.422
303.437
303.452
303.466
303.479
303.492
303.504
303.515
303.524
303.533
303.541
303.548
303.554
303.558
303.561
303.562
303.562
303.561
303.558
303.553
303.546
303.537
303.526
303.513
303.498
303.481
303.461
303.438
303.413
303.385
303.355
303.322
303.286
303.247
300.883
300.893
300.903
300.914
300.924
300.935
300.945
300.956
300.967
300.978
300.99
301.001
301.013
301.025
301.037
301.049
301.062
301.074
301.087
301.1
301.113
301.126
301.14
301.154
301.168
301.182
301.196
301.21
301.225
301.24
301.255
301.27
301.286
301.301
301.317
301.333
301.349
301.366
301.382
301.399
301.416
301.433
301.451
301.468
301.486
301.504
301.522
301.541
301.559
301.578
301.597
301.616
301.635
301.655
301.675
301.694
301.715
301.735
301.755
301.776
301.797
301.818
301.839
301.86
301.881
301.903
301.925
301.947
301.969
301.991
302.013
302.036
302.059
302.081
302.104
302.127
302.15
302.174
302.197
302.22
302.244
302.267
302.291
302.315
302.339
302.363
302.386
302.41
302.434
302.458
302.482
302.506
302.53
302.554
302.578
302.602
302.626
302.65
302.674
302.697
302.721
302.744
302.767
302.791
302.814
302.837
302.859
302.882
302.904
302.926
302.948
302.97
302.992
303.013
303.034
303.055
303.075
303.095
303.115
303.134
303.153
303.172
303.19
303.208
303.225
303.242
303.259
303.274
303.29
303.304
303.318
303.331
303.344
303.356
303.367
303.377
303.386
303.394
303.401
303.407
303.411
303.415
303.417
303.418
303.417
303.415
303.411
303.406
303.398
303.389
303.378
303.365
303.349
303.332
303.312
303.29
303.265
303.238
303.208
303.176
303.141
300.841
300.851
300.86
300.87
300.879
300.889
300.899
300.91
300.92
300.93
300.941
300.952
300.963
300.974
300.985
300.997
301.009
301.02
301.032
301.045
301.057
301.069
301.082
301.095
301.108
301.121
301.135
301.148
301.162
301.176
301.19
301.205
301.219
301.234
301.249
301.264
301.279
301.295
301.311
301.326
301.342
301.359
301.375
301.392
301.409
301.426
301.443
301.46
301.478
301.496
301.514
301.532
301.55
301.569
301.588
301.607
301.626
301.645
301.664
301.684
301.704
301.724
301.744
301.764
301.785
301.806
301.826
301.847
301.868
301.89
301.911
301.933
301.954
301.976
301.998
302.02
302.042
302.065
302.087
302.11
302.132
302.155
302.178
302.201
302.223
302.246
302.269
302.293
302.316
302.339
302.362
302.385
302.408
302.431
302.454
302.477
302.5
302.523
302.546
302.569
302.592
302.614
302.637
302.659
302.682
302.704
302.726
302.748
302.769
302.791
302.812
302.833
302.854
302.875
302.895
302.916
302.935
302.955
302.974
302.993
303.012
303.03
303.048
303.065
303.082
303.099
303.115
303.13
303.145
303.16
303.174
303.187
303.199
303.211
303.222
303.232
303.241
303.249
303.256
303.262
303.267
303.271
303.274
303.276
303.276
303.274
303.271
303.267
303.261
303.253
303.244
303.233
303.219
303.204
303.187
303.167
303.145
303.122
303.095
303.067
303.036
300.803
300.812
300.821
300.83
300.839
300.848
300.858
300.867
300.877
300.887
300.897
300.907
300.918
300.928
300.939
300.95
300.961
300.972
300.983
300.995
301.006
301.018
301.03
301.042
301.054
301.067
301.08
301.092
301.105
301.119
301.132
301.146
301.159
301.173
301.187
301.202
301.216
301.231
301.246
301.261
301.276
301.291
301.307
301.323
301.339
301.355
301.371
301.388
301.404
301.421
301.438
301.456
301.473
301.491
301.509
301.527
301.545
301.563
301.582
301.6
301.619
301.638
301.657
301.677
301.696
301.716
301.736
301.756
301.776
301.797
301.817
301.838
301.858
301.879
301.9
301.921
301.943
301.964
301.985
302.007
302.029
302.05
302.072
302.094
302.116
302.138
302.16
302.182
302.205
302.227
302.249
302.271
302.293
302.316
302.338
302.36
302.382
302.404
302.426
302.448
302.47
302.492
302.514
302.535
302.557
302.578
302.6
302.621
302.642
302.663
302.683
302.704
302.724
302.744
302.764
302.783
302.803
302.822
302.84
302.859
302.877
302.895
302.912
302.929
302.946
302.962
302.977
302.993
303.007
303.021
303.035
303.048
303.06
303.071
303.082
303.092
303.101
303.11
303.117
303.123
303.129
303.133
303.136
303.138
303.139
303.139
303.137
303.133
303.129
303.122
303.114
303.105
303.093
303.08
303.065
303.048
303.029
303.008
302.985
302.96
302.932
300.77
300.778
300.786
300.795
300.804
300.812
300.821
300.83
300.84
300.849
300.858
300.868
300.878
300.888
300.898
300.908
300.919
300.929
300.94
300.951
300.962
300.973
300.984
300.996
301.007
301.019
301.031
301.043
301.056
301.068
301.081
301.094
301.107
301.12
301.133
301.147
301.16
301.174
301.188
301.203
301.217
301.232
301.247
301.262
301.277
301.292
301.308
301.323
301.339
301.355
301.371
301.388
301.405
301.421
301.438
301.455
301.473
301.49
301.508
301.526
301.544
301.562
301.58
301.599
301.617
301.636
301.655
301.674
301.694
301.713
301.733
301.752
301.772
301.792
301.812
301.832
301.853
301.873
301.894
301.914
301.935
301.956
301.977
301.998
302.019
302.04
302.061
302.082
302.104
302.125
302.146
302.168
302.189
302.21
302.232
302.253
302.274
302.295
302.317
302.338
302.359
302.38
302.401
302.422
302.442
302.463
302.484
302.504
302.524
302.544
302.564
302.584
302.604
302.623
302.642
302.661
302.68
302.698
302.716
302.734
302.752
302.769
302.786
302.802
302.818
302.834
302.849
302.864
302.878
302.892
302.905
302.918
302.93
302.941
302.952
302.962
302.971
302.979
302.987
302.993
302.999
303.003
303.007
303.009
303.011
303.011
303.01
303.008
303.004
302.999
302.992
302.984
302.974
302.963
302.95
302.935
302.919
302.9
302.88
302.858
302.834
300.741
300.749
300.757
300.765
300.773
300.782
300.79
300.799
300.808
300.817
300.826
300.835
300.844
300.854
300.863
300.873
300.883
300.893
300.903
300.913
300.924
300.935
300.945
300.956
300.967
300.979
300.99
301.002
301.013
301.025
301.037
301.05
301.062
301.075
301.087
301.1
301.113
301.126
301.14
301.154
301.167
301.181
301.195
301.21
301.224
301.239
301.254
301.268
301.284
301.299
301.315
301.33
301.346
301.362
301.378
301.395
301.411
301.428
301.445
301.462
301.479
301.496
301.514
301.532
301.549
301.567
301.586
301.604
301.622
301.641
301.66
301.679
301.697
301.717
301.736
301.755
301.775
301.794
301.814
301.834
301.854
301.874
301.894
301.914
301.934
301.954
301.975
301.995
302.015
302.036
302.056
302.077
302.097
302.118
302.138
302.159
302.179
302.2
302.22
302.241
302.261
302.281
302.301
302.321
302.341
302.361
302.381
302.401
302.42
302.44
302.459
302.478
302.497
302.516
302.534
302.553
302.571
302.589
302.606
302.623
302.64
302.657
302.673
302.689
302.705
302.72
302.735
302.749
302.763
302.777
302.789
302.802
302.813
302.824
302.835
302.845
302.854
302.862
302.869
302.876
302.882
302.887
302.891
302.893
302.895
302.896
302.896
302.894
302.891
302.887
302.882
302.875
302.867
302.857
302.846
302.833
302.819
302.803
302.785
302.765
302.744
300.718
300.726
300.734
300.742
300.749
300.758
300.766
300.774
300.782
300.791
300.8
300.808
300.817
300.827
300.836
300.845
300.855
300.864
300.874
300.884
300.894
300.904
300.914
300.925
300.936
300.946
300.957
300.969
300.98
300.991
301.003
301.015
301.026
301.038
301.051
301.063
301.076
301.088
301.101
301.114
301.127
301.141
301.154
301.168
301.182
301.196
301.21
301.225
301.239
301.254
301.269
301.284
301.299
301.315
301.33
301.346
301.362
301.378
301.394
301.41
301.427
301.444
301.461
301.478
301.495
301.512
301.529
301.547
301.565
301.583
301.601
301.619
301.637
301.655
301.674
301.693
301.711
301.73
301.749
301.768
301.787
301.807
301.826
301.845
301.865
301.884
301.904
301.923
301.943
301.963
301.983
302.002
302.022
302.042
302.062
302.081
302.101
302.121
302.141
302.16
302.18
302.2
302.219
302.239
302.258
302.277
302.296
302.315
302.334
302.353
302.372
302.39
302.409
302.427
302.445
302.462
302.48
302.497
302.514
302.531
302.548
302.564
302.58
302.595
302.61
302.625
302.639
302.653
302.667
302.68
302.692
302.704
302.716
302.726
302.737
302.746
302.755
302.763
302.771
302.777
302.783
302.788
302.792
302.796
302.798
302.799
302.799
302.798
302.796
302.793
302.789
302.783
302.776
302.768
302.758
302.746
302.734
302.72
302.704
302.686
302.667
300.702
300.71
300.717
300.725
300.733
300.74
300.748
300.756
300.765
300.773
300.781
300.79
300.798
300.807
300.816
300.825
300.834
300.844
300.853
300.863
300.873
300.883
300.893
300.903
300.913
300.924
300.934
300.945
300.956
300.967
300.978
300.99
301.001
301.013
301.025
301.037
301.049
301.061
301.074
301.086
301.099
301.112
301.125
301.139
301.152
301.166
301.18
301.193
301.208
301.222
301.236
301.251
301.266
301.281
301.296
301.311
301.326
301.342
301.358
301.374
301.39
301.406
301.422
301.439
301.455
301.472
301.489
301.506
301.523
301.541
301.558
301.576
301.593
301.611
301.629
301.647
301.665
301.684
301.702
301.721
301.739
301.758
301.777
301.795
301.814
301.833
301.852
301.871
301.89
301.91
301.929
301.948
301.967
301.986
302.006
302.025
302.044
302.063
302.083
302.102
302.121
302.14
302.159
302.178
302.197
302.215
302.234
302.253
302.271
302.289
302.308
302.326
302.343
302.361
302.379
302.396
302.413
302.43
302.446
302.463
302.479
302.495
302.51
302.525
302.54
302.554
302.568
302.582
302.595
302.608
302.62
302.631
302.643
302.653
302.663
302.673
302.681
302.689
302.697
302.704
302.709
302.715
302.719
302.722
302.725
302.726
302.727
302.726
302.725
302.722
302.719
302.714
302.707
302.7
302.691
302.681
302.67
302.657
302.642
302.627
302.609
300.694
300.701
300.708
300.716
300.723
300.731
300.739
300.747
300.755
300.763
300.771
300.78
300.788
300.797
300.806
300.815
300.824
300.833
300.842
300.852
300.861
300.871
300.881
300.891
300.901
300.911
300.922
300.932
300.943
300.954
300.965
300.976
300.988
300.999
301.011
301.023
301.035
301.047
301.059
301.071
301.084
301.097
301.11
301.123
301.136
301.149
301.163
301.177
301.191
301.205
301.219
301.233
301.248
301.262
301.277
301.292
301.307
301.323
301.338
301.354
301.37
301.386
301.402
301.418
301.434
301.451
301.467
301.484
301.501
301.518
301.535
301.552
301.57
301.587
301.605
301.623
301.641
301.659
301.677
301.695
301.713
301.731
301.75
301.768
301.787
301.806
301.824
301.843
301.862
301.881
301.899
301.918
301.937
301.956
301.975
301.994
302.013
302.032
302.051
302.069
302.088
302.107
302.126
302.144
302.163
302.181
302.2
302.218
302.236
302.254
302.272
302.29
302.308
302.325
302.342
302.359
302.376
302.393
302.409
302.425
302.441
302.456
302.471
302.486
302.501
302.515
302.529
302.542
302.555
302.567
302.579
302.591
302.602
302.612
302.622
302.632
302.64
302.648
302.656
302.662
302.668
302.673
302.678
302.681
302.684
302.685
302.686
302.686
302.685
302.683
302.679
302.675
302.669
302.662
302.654
302.645
302.634
302.622
302.608
302.593
302.576
304.459
303.849
303.397
303.029
302.715
302.441
302.199
301.984
301.789
301.614
301.454
301.31
301.177
301.057
300.947
300.847
300.755
300.672
300.596
300.528
300.465
300.409
300.358
300.312
300.271
300.235
300.202
300.173
300.148
300.126
300.107
300.09
300.075
300.063
300.052
300.043
300.035
300.029
300.023
300.019
300.015
300.012
300.009
300.007
300.006
300.005
300.003
300.003
300.002
300.002
300.002
304.457
303.848
303.397
303.028
302.715
302.441
302.199
301.984
301.789
301.614
301.455
301.31
301.178
301.057
300.947
300.847
300.755
300.672
300.596
300.528
300.465
300.409
300.358
300.312
300.271
300.235
300.202
300.173
300.148
300.126
300.107
300.09
300.075
300.063
300.052
300.043
300.035
300.029
300.023
300.019
300.015
300.012
300.009
300.007
300.006
300.005
300.003
300.003
300.002
300.002
300.002
304.453
303.847
303.397
303.028
302.715
302.441
302.2
301.984
301.789
301.614
301.455
301.31
301.178
301.057
300.947
300.847
300.756
300.672
300.596
300.528
300.465
300.409
300.358
300.312
300.271
300.235
300.202
300.174
300.148
300.126
300.107
300.09
300.075
300.063
300.052
300.043
300.035
300.029
300.023
300.019
300.015
300.012
300.009
300.007
300.006
300.005
300.003
300.003
300.002
300.002
300.002
304.446
303.846
303.396
303.028
302.715
302.441
302.2
301.984
301.79
301.614
301.455
301.31
301.178
301.057
300.947
300.847
300.756
300.672
300.597
300.528
300.465
300.409
300.358
300.312
300.271
300.235
300.202
300.174
300.148
300.126
300.107
300.09
300.075
300.063
300.052
300.043
300.035
300.029
300.023
300.019
300.015
300.012
300.01
300.007
300.006
300.005
300.003
300.003
300.002
300.002
300.002
304.437
303.843
303.395
303.028
302.714
302.441
302.2
301.984
301.79
301.614
301.455
301.31
301.178
301.058
300.948
300.847
300.756
300.673
300.597
300.528
300.466
300.409
300.358
300.313
300.272
300.235
300.202
300.174
300.148
300.126
300.107
300.09
300.075
300.063
300.052
300.043
300.035
300.029
300.023
300.019
300.015
300.012
300.01
300.007
300.006
300.005
300.003
300.003
300.002
300.002
300.002
304.425
303.84
303.394
303.027
302.714
302.442
302.2
301.984
301.79
301.615
301.456
301.311
301.179
301.058
300.948
300.848
300.756
300.673
300.597
300.528
300.466
300.409
300.359
300.313
300.272
300.235
300.203
300.174
300.148
300.126
300.107
300.09
300.075
300.063
300.052
300.043
300.035
300.029
300.023
300.019
300.015
300.012
300.01
300.007
300.006
300.005
300.003
300.003
300.002
300.002
300.002
304.411
303.837
303.393
303.027
302.714
302.442
302.201
301.985
301.791
301.615
301.456
301.311
301.179
301.059
300.949
300.848
300.757
300.673
300.598
300.529
300.466
300.41
300.359
300.313
300.272
300.235
300.203
300.174
300.149
300.126
300.107
300.09
300.075
300.063
300.052
300.043
300.035
300.029
300.023
300.019
300.015
300.012
300.01
300.007
300.006
300.005
300.004
300.003
300.002
300.002
300.002
304.395
303.832
303.391
303.026
302.715
302.442
302.201
301.986
301.792
301.616
301.457
301.312
301.18
301.059
300.949
300.849
300.757
300.674
300.598
300.529
300.467
300.41
300.359
300.313
300.272
300.236
300.203
300.174
300.149
300.126
300.107
300.09
300.076
300.063
300.052
300.043
300.035
300.029
300.023
300.019
300.015
300.012
300.01
300.008
300.006
300.005
300.004
300.003
300.002
300.002
300.002
304.377
303.826
303.389
303.026
302.715
302.443
302.202
301.987
301.793
301.617
301.458
301.313
301.181
301.06
300.95
300.85
300.758
300.675
300.599
300.53
300.467
300.411
300.36
300.314
300.273
300.236
300.203
300.174
300.149
300.127
300.107
300.09
300.076
300.063
300.052
300.043
300.035
300.029
300.023
300.019
300.015
300.012
300.01
300.008
300.006
300.005
300.004
300.003
300.002
300.002
300.002
304.357
303.82
303.387
303.025
302.715
302.444
302.203
301.988
301.794
301.618
301.459
301.314
301.182
301.061
300.951
300.851
300.759
300.676
300.6
300.531
300.468
300.411
300.36
300.314
300.273
300.236
300.204
300.175
300.149
300.127
300.107
300.09
300.076
300.063
300.052
300.043
300.036
300.029
300.024
300.019
300.015
300.012
300.01
300.008
300.006
300.005
300.004
300.003
300.002
300.002
300.002
304.335
303.812
303.384
303.025
302.716
302.445
302.204
301.989
301.795
301.62
301.461
301.316
301.183
301.063
300.952
300.852
300.76
300.677
300.601
300.531
300.469
300.412
300.361
300.315
300.274
300.237
300.204
300.175
300.15
300.127
300.108
300.091
300.076
300.063
300.053
300.043
300.036
300.029
300.024
300.019
300.015
300.012
300.01
300.008
300.006
300.005
300.004
300.003
300.002
300.002
300.002
304.311
303.803
303.381
303.025
302.717
302.446
302.206
301.991
301.797
301.622
301.463
301.317
301.185
301.064
300.954
300.853
300.762
300.678
300.602
300.533
300.47
300.413
300.362
300.316
300.274
300.237
300.205
300.176
300.15
300.128
300.108
300.091
300.076
300.064
300.053
300.044
300.036
300.029
300.024
300.019
300.015
300.012
300.01
300.008
300.006
300.005
300.004
300.003
300.002
300.002
300.002
304.285
303.793
303.378
303.024
302.718
302.448
302.208
301.994
301.8
301.624
301.465
301.32
301.187
301.066
300.956
300.855
300.763
300.679
300.603
300.534
300.471
300.414
300.363
300.316
300.275
300.238
300.205
300.176
300.15
300.128
300.108
300.091
300.076
300.064
300.053
300.044
300.036
300.029
300.024
300.019
300.015
300.012
300.01
300.008
300.006
300.005
300.004
300.003
300.002
300.002
300.002
304.257
303.782
303.374
303.024
302.719
302.45
302.211
301.996
301.803
301.627
301.468
301.322
301.19
301.069
300.958
300.857
300.765
300.681
300.605
300.535
300.472
300.415
300.364
300.317
300.276
300.239
300.206
300.177
300.151
300.128
300.109
300.092
300.077
300.064
300.053
300.044
300.036
300.029
300.024
300.019
300.015
300.012
300.01
300.008
300.006
300.005
300.004
300.003
300.002
300.002
300.002
304.228
303.77
303.37
303.023
302.72
302.453
302.214
302
301.806
301.63
301.471
301.325
301.193
301.071
300.961
300.86
300.767
300.683
300.607
300.537
300.474
300.417
300.365
300.318
300.277
300.24
300.207
300.177
300.152
300.129
300.109
300.092
300.077
300.064
300.053
300.044
300.036
300.03
300.024
300.019
300.016
300.012
300.01
300.008
300.006
300.005
300.004
300.003
300.002
300.002
300.002
304.196
303.756
303.365
303.023
302.722
302.456
302.218
302.003
301.81
301.634
301.475
301.329
301.196
301.075
300.964
300.862
300.77
300.686
300.609
300.539
300.475
300.418
300.366
300.32
300.278
300.241
300.207
300.178
300.152
300.129
300.11
300.092
300.077
300.065
300.054
300.044
300.036
300.03
300.024
300.019
300.016
300.012
300.01
300.008
300.006
300.005
300.004
300.003
300.002
300.002
300.002
304.162
303.741
303.359
303.022
302.724
302.459
302.222
302.008
301.814
301.639
301.479
301.333
301.2
301.078
300.967
300.866
300.773
300.688
300.611
300.541
300.477
300.42
300.368
300.321
300.279
300.242
300.208
300.179
300.153
300.13
300.11
300.093
300.078
300.065
300.054
300.045
300.037
300.03
300.024
300.02
300.016
300.013
300.01
300.008
300.006
300.005
300.004
300.003
300.002
300.002
300.002
304.126
303.723
303.352
303.021
302.726
302.463
302.226
302.013
301.819
301.644
301.484
301.338
301.204
301.083
300.971
300.869
300.776
300.691
300.614
300.544
300.48
300.422
300.37
300.323
300.281
300.243
300.209
300.18
300.154
300.131
300.111
300.093
300.078
300.065
300.054
300.045
300.037
300.03
300.024
300.02
300.016
300.013
300.01
300.008
300.006
300.005
300.004
300.003
300.002
300.002
300.002
304.087
303.704
303.344
303.019
302.728
302.466
302.231
302.018
301.825
301.649
301.489
301.343
301.21
301.087
300.976
300.873
300.78
300.695
300.617
300.546
300.482
300.424
300.372
300.324
300.282
300.244
300.211
300.181
300.155
300.132
300.111
300.094
300.079
300.066
300.055
300.045
300.037
300.03
300.025
300.02
300.016
300.013
300.01
300.008
300.006
300.005
300.004
300.003
300.002
300.002
300.002
304.046
303.682
303.334
303.017
302.729
302.47
302.236
302.024
301.831
301.656
301.496
301.349
301.215
301.093
300.98
300.878
300.784
300.698
300.62
300.549
300.485
300.426
300.374
300.326
300.284
300.246
300.212
300.182
300.156
300.132
300.112
300.094
300.079
300.066
300.055
300.045
300.037
300.03
300.025
300.02
300.016
300.013
300.01
300.008
300.006
300.005
300.004
300.003
300.002
300.002
300.002
304.002
303.657
303.322
303.013
302.73
302.474
302.242
302.031
301.838
301.663
301.502
301.356
301.222
301.099
300.986
300.883
300.789
300.703
300.624
300.553
300.488
300.429
300.376
300.328
300.286
300.247
300.213
300.183
300.157
300.133
300.113
300.095
300.08
300.067
300.055
300.046
300.038
300.031
300.025
300.02
300.016
300.013
300.01
300.008
300.006
300.005
300.004
300.003
300.002
300.002
300.002
303.955
303.628
303.308
303.007
302.73
302.478
302.247
302.037
301.846
301.67
301.51
301.363
301.229
301.105
300.992
300.889
300.794
300.707
300.628
300.557
300.491
300.432
300.379
300.331
300.288
300.249
300.215
300.184
300.158
300.134
300.114
300.096
300.08
300.067
300.056
300.046
300.038
300.031
300.025
300.02
300.016
300.013
300.01
300.008
300.006
300.005
300.004
300.003
300.002
300.002
300.002
303.904
303.597
303.29
302.999
302.729
302.48
302.253
302.044
301.853
301.678
301.518
301.371
301.236
301.112
300.999
300.895
300.8
300.713
300.633
300.561
300.495
300.435
300.382
300.333
300.29
300.251
300.216
300.186
300.159
300.135
300.114
300.097
300.081
300.068
300.056
300.046
300.038
300.031
300.025
300.02
300.016
300.013
300.01
300.008
300.006
300.005
300.004
300.003
300.002
300.002
300.002
303.85
303.561
303.269
302.989
302.726
302.482
302.257
302.051
301.861
301.687
301.527
301.379
301.244
301.12
301.006
300.902
300.806
300.718
300.638
300.565
300.499
300.439
300.385
300.336
300.292
300.253
300.218
300.187
300.16
300.136
300.115
300.097
300.082
300.068
300.057
300.047
300.038
300.031
300.026
300.021
300.017
300.013
300.011
300.008
300.006
300.005
300.004
300.003
300.002
300.002
300.002
303.792
303.521
303.244
302.975
302.72
302.482
302.261
302.057
301.869
301.695
301.536
301.388
301.253
301.129
301.014
300.909
300.813
300.724
300.644
300.57
300.503
300.443
300.388
300.339
300.295
300.255
300.22
300.189
300.161
300.137
300.116
300.098
300.082
300.069
300.057
300.047
300.039
300.032
300.026
300.021
300.017
300.013
300.011
300.008
300.007
300.005
300.004
300.003
300.002
300.002
300.002
303.729
303.476
303.215
302.958
302.712
302.48
302.264
302.062
301.876
301.704
301.545
301.398
301.262
301.138
301.023
300.917
300.82
300.731
300.65
300.576
300.508
300.447
300.392
300.342
300.297
300.257
300.222
300.191
300.163
300.139
300.117
300.099
300.083
300.069
300.058
300.048
300.039
300.032
300.026
300.021
300.017
300.014
300.011
300.008
300.007
300.005
300.004
300.003
300.002
300.002
300.002
303.662
303.426
303.181
302.937
302.701
302.476
302.264
302.067
301.883
301.712
301.554
301.408
301.272
301.147
301.032
300.925
300.828
300.738
300.656
300.581
300.513
300.452
300.396
300.345
300.3
300.26
300.224
300.192
300.164
300.14
300.119
300.1
300.084
300.07
300.058
300.048
300.039
300.032
300.026
300.021
300.017
300.014
300.011
300.009
300.007
300.005
300.004
300.003
300.002
300.002
300.002
303.59
303.372
303.142
302.911
302.685
302.468
302.263
302.07
301.889
301.72
301.563
301.417
301.282
301.157
301.041
300.934
300.836
300.746
300.663
300.588
300.519
300.456
300.4
300.349
300.303
300.263
300.226
300.194
300.166
300.141
300.12
300.101
300.085
300.071
300.059
300.048
300.04
300.033
300.027
300.021
300.017
300.014
300.011
300.009
300.007
300.005
300.004
300.003
300.002
300.002
300.002
303.513
303.312
303.098
302.881
302.666
302.458
302.259
302.071
301.893
301.727
301.572
301.427
301.292
301.167
301.051
300.944
300.845
300.754
300.671
300.594
300.525
300.462
300.404
300.353
300.307
300.266
300.229
300.196
300.168
300.143
300.121
300.102
300.085
300.071
300.059
300.049
300.04
300.033
300.027
300.022
300.017
300.014
300.011
300.009
300.007
300.005
300.004
300.003
300.003
300.002
300.002
303.431
303.246
303.048
302.845
302.642
302.443
302.252
302.069
301.896
301.733
301.58
301.436
301.302
301.177
301.061
300.954
300.854
300.762
300.678
300.601
300.531
300.467
300.409
300.357
300.31
300.269
300.232
300.199
300.17
300.144
300.122
300.103
300.086
300.072
300.06
300.049
300.041
300.033
300.027
300.022
300.018
300.014
300.011
300.009
300.007
300.005
300.004
300.003
300.003
300.002
300.002
303.345
303.176
302.993
302.804
302.613
302.425
302.242
302.065
301.897
301.738
301.587
301.445
301.312
301.187
301.071
300.963
300.864
300.771
300.686
300.609
300.537
300.473
300.414
300.362
300.314
300.272
300.234
300.201
300.172
300.146
300.123
300.104
300.087
300.073
300.06
300.05
300.041
300.034
300.027
300.022
300.018
300.014
300.011
300.009
300.007
300.005
300.004
300.003
300.003
300.002
300.002
303.254
303.1
302.933
302.758
302.58
302.402
302.228
302.058
301.896
301.74
301.592
301.453
301.321
301.197
301.081
300.973
300.873
300.78
300.695
300.616
300.544
300.479
300.42
300.366
300.318
300.275
300.237
300.203
300.174
300.147
300.125
300.105
300.088
300.073
300.061
300.05
300.041
300.034
300.028
300.022
300.018
300.014
300.011
300.009
300.007
300.005
300.004
300.003
300.003
300.002
300.002
303.16
303.021
302.869
302.708
302.542
302.375
302.21
302.048
301.892
301.741
301.597
301.459
301.329
301.207
301.091
300.983
300.883
300.79
300.703
300.624
300.551
300.485
300.425
300.371
300.322
300.279
300.24
300.206
300.176
300.149
300.126
300.106
300.089
300.074
300.062
300.051
300.042
300.034
300.028
300.022
300.018
300.014
300.011
300.009
300.007
300.006
300.004
300.003
300.003
300.002
300.002
303.064
302.939
302.8
302.653
302.5
302.344
302.189
302.035
301.885
301.74
301.599
301.465
301.337
301.215
301.101
300.993
300.892
300.799
300.712
300.632
300.558
300.491
300.431
300.376
300.326
300.282
300.243
300.208
300.178
300.151
300.128
300.107
300.09
300.075
300.062
300.051
300.042
300.034
300.028
300.023
300.018
300.015
300.012
300.009
300.007
300.006
300.004
300.003
300.003
300.002
300.002
302.967
302.855
302.73
302.596
302.455
302.31
302.165
302.019
301.876
301.736
301.6
301.469
301.343
301.223
301.11
301.002
300.902
300.808
300.72
300.64
300.566
300.498
300.436
300.381
300.331
300.286
300.246
300.211
300.18
300.153
300.129
300.108
300.091
300.076
300.063
300.052
300.043
300.035
300.028
300.023
300.018
300.015
300.012
300.009
300.007
300.006
300.004
300.003
300.003
300.002
300.002
302.871
302.771
302.659
302.537
302.408
302.274
302.138
302.001
301.865
301.73
301.599
301.472
301.348
301.23
301.118
301.011
300.911
300.817
300.729
300.648
300.573
300.504
300.442
300.385
300.335
300.289
300.249
300.213
300.182
300.154
300.13
300.11
300.092
300.076
300.063
300.052
300.043
300.035
300.028
300.023
300.019
300.015
300.012
300.009
300.007
300.006
300.004
300.003
300.003
300.002
300.002
302.78
302.69
302.589
302.479
302.361
302.238
302.111
301.982
301.852
301.724
301.597
301.473
301.352
301.236
301.125
301.019
300.919
300.825
300.737
300.655
300.58
300.51
300.447
300.39
300.339
300.293
300.252
300.216
300.184
300.156
300.132
300.111
300.093
300.077
300.064
300.053
300.043
300.035
300.029
300.023
300.019
300.015
300.012
300.009
300.007
300.006
300.004
300.003
300.003
300.002
300.002
302.696
302.616
302.525
302.425
302.316
302.202
302.084
301.962
301.839
301.716
301.594
301.473
301.356
301.241
301.132
301.026
300.927
300.832
300.744
300.662
300.586
300.516
300.452
300.395
300.343
300.296
300.255
300.218
300.186
300.157
300.133
300.112
300.093
300.078
300.064
300.053
300.044
300.036
300.029
300.023
300.019
300.015
300.012
300.009
300.007
300.006
300.004
300.003
300.003
300.002
300.002
302.624
302.552
302.469
302.377
302.277
302.171
302.059
301.944
301.827
301.709
301.59
301.473
301.358
301.246
301.137
301.033
300.933
300.839
300.75
300.668
300.591
300.521
300.457
300.399
300.346
300.299
300.257
300.22
300.187
300.159
300.134
300.112
300.094
300.078
300.065
300.053
300.044
300.036
300.029
300.023
300.019
300.015
300.012
300.009
300.007
300.006
300.004
300.003
300.003
300.002
300.002
302.57
302.503
302.427
302.341
302.247
302.146
302.041
301.93
301.817
301.703
301.587
301.473
301.359
301.249
301.141
301.037
300.938
300.844
300.755
300.673
300.596
300.525
300.46
300.402
300.349
300.301
300.259
300.221
300.189
300.16
300.135
300.113
300.095
300.079
300.065
300.054
300.044
300.036
300.029
300.024
300.019
300.015
300.012
300.009
300.007
300.006
300.004
300.003
300.003
300.002
300.002
302.539
302.476
302.403
302.32
302.23
302.133
302.03
301.922
301.812
301.699
301.586
301.473
301.361
301.251
301.143
301.04
300.941
300.847
300.758
300.676
300.598
300.527
300.462
300.403
300.35
300.302
300.26
300.222
300.189
300.16
300.135
300.114
300.095
300.079
300.065
300.054
300.044
300.036
300.029
300.024
300.019
300.015
300.012
300.009
300.007
300.006
300.004
300.003
300.003
300.002
300.002
)
;

boundaryField
{
    inlet
    {
        type            fixedValue;
        value           uniform 300;
    }
    outlet
    {
        type            zeroGradient;
    }
    top
    {
        type            zeroGradient;
    }
    slip-bottom
    {
        type            zeroGradient;
    }
    bottom
    {
        type            zeroGradient;
    }
    interface
    {
        type            fixedGradient;
        gradient        nonuniform List<scalar> 
161
(
68.0983
68.0983
46.2503
46.2503
46.2503
46.2503
34.2991
34.2991
34.2991
34.2991
29.4539
29.4539
29.4539
28.6496
28.6496
28.6496
28.6496
26.0274
26.0274
26.0274
25.1507
25.1507
25.1507
24.6387
24.6387
24.6387
23.9788
23.9788
23.9788
23.3826
23.3826
23.3826
22.8287
22.8287
22.8287
22.2817
22.2817
22.2817
21.7592
21.7592
21.7592
20.7119
20.7119
21.4553
21.4553
21.4553
20.41
20.41
20.8852
20.8852
20.8852
19.8502
19.8502
19.8392
19.8392
19.8392
19.9723
19.9723
20.3072
20.3072
19.057
19.057
18.943
18.943
18.9825
18.9825
18.8367
18.8367
18.8367
18.6574
18.6574
18.4828
18.2998
18.2998
18.0762
18.0762
17.8735
17.8735
17.1483
17.1483
18.0455
18.0455
17.6739
17.6739
17.255
16.5581
16.5581
17.3194
17.3194
16.9885
16.1284
16.1284
16.8694
16.0789
16.0789
16.5689
16.5689
15.7764
16.2615
16.2615
15.5284
16.0137
15.2962
15.2962
15.3417
15.8293
15.8293
14.9849
15.3755
14.7174
14.7174
14.7318
14.8706
15.1275
15.1275
14.367
14.4045
14.5319
14.7311
14.7311
14.0877
14.111
14.2109
14.2102
14.3604
13.8837
13.8837
13.8542
13.893
13.8691
13.8376
13.8012
13.7619
13.7213
13.6803
13.6398
13.6008
13.5642
13.5311
13.5028
13.4812
13.4681
13.4655
13.4754
13.5004
13.5441
13.613
13.7212
13.9
14.0597
13.7164
13.7917
14.3796
14.8073
15.3786
16.0709
18.7129
16.3826
19.1473
21.8126
31.2861
)
;
    }
    defaultFaces
    {
        type            empty;
    }
}


// ************************************************************************* //
