/*--------------------------------*- C++ -*----------------------------------*\
| =========                 |                                                 |
| \\      /  F ield         | OpenFOAM: The Open Source CFD Toolbox           |
|  \\    /   O peration     | Version:  2106                                  |
|   \\  /    A nd           | Website:  www.openfoam.com                      |
|    \\/     M anipulation  |                                                 |
\*---------------------------------------------------------------------------*/
FoamFile
{
    version     2.0;
    format      ascii;
    arch        "LSB;label=32;scalar=64";
    class       volScalarField;
    location    "0.8";
    object      T;
}
// * * * * * * * * * * * * * * * * * * * * * * * * * * * * * * * * * * * * * //

dimensions      [0 0 0 1 0 0 0];

internalField   nonuniform List<scalar> 
12013
(
300
300
300.001
300.001
300.001
300.001
300.002
300.002
300.003
300.004
300.004
300.005
300.006
300.008
300.009
300.011
300.013
300.015
300.017
300.02
300.023
300.026
300.03
300.034
300.039
300.044
300.049
300.055
300.062
300.069
300.077
300.086
300.095
300.105
300.115
300.127
300.139
300.152
300.165
300.18
300.196
300.212
300.229
300.248
300.267
300.287
300.309
300.331
300.355
300.379
300.405
300.432
300.461
300.49
300.521
300.553
300.586
300.621
300.657
300.695
300.734
300.774
300.817
300.861
300.907
300.954
301.004
301.056
301.11
301.166
301.226
301.288
301.353
301.422
301.495
301.574
301.658
301.749
301.851
301.967
302.106
300
300
300.001
300.001
300.001
300.001
300.002
300.002
300.003
300.004
300.004
300.005
300.006
300.008
300.009
300.011
300.013
300.015
300.017
300.02
300.023
300.026
300.03
300.034
300.039
300.044
300.049
300.055
300.062
300.069
300.077
300.086
300.095
300.105
300.115
300.127
300.139
300.152
300.165
300.18
300.195
300.212
300.229
300.248
300.267
300.287
300.309
300.331
300.355
300.379
300.405
300.432
300.46
300.49
300.52
300.552
300.586
300.62
300.657
300.694
300.733
300.774
300.816
300.86
300.906
300.953
301.003
301.055
301.109
301.165
301.224
301.286
301.351
301.419
301.492
301.569
301.651
301.741
301.838
301.946
302.064
300
300
300.001
300.001
300.001
300.001
300.002
300.002
300.003
300.004
300.004
300.005
300.006
300.008
300.009
300.011
300.013
300.015
300.017
300.02
300.023
300.026
300.03
300.034
300.039
300.044
300.049
300.055
300.062
300.069
300.077
300.086
300.095
300.105
300.115
300.126
300.139
300.151
300.165
300.18
300.195
300.212
300.229
300.247
300.267
300.287
300.308
300.331
300.354
300.379
300.405
300.432
300.46
300.489
300.52
300.552
300.585
300.62
300.656
300.693
300.732
300.773
300.815
300.858
300.904
300.951
301.001
301.052
301.106
301.161
301.22
301.281
301.345
301.412
301.484
301.559
301.638
301.723
301.814
301.91
302.011
300
300
300.001
300.001
300.001
300.001
300.002
300.002
300.003
300.004
300.004
300.005
300.006
300.008
300.009
300.011
300.013
300.015
300.017
300.02
300.023
300.026
300.03
300.034
300.039
300.044
300.049
300.055
300.062
300.069
300.077
300.085
300.095
300.104
300.115
300.126
300.138
300.151
300.165
300.18
300.195
300.211
300.229
300.247
300.266
300.287
300.308
300.33
300.354
300.378
300.404
300.431
300.459
300.488
300.519
300.551
300.584
300.618
300.654
300.691
300.73
300.77
300.812
300.856
300.901
300.948
300.997
301.048
301.101
301.156
301.213
301.273
301.336
301.402
301.471
301.543
301.619
301.698
301.781
301.867
301.953
300
300
300.001
300.001
300.001
300.001
300.002
300.002
300.003
300.004
300.004
300.005
300.006
300.008
300.009
300.011
300.012
300.015
300.017
300.02
300.023
300.026
300.03
300.034
300.039
300.044
300.049
300.055
300.062
300.069
300.077
300.085
300.094
300.104
300.115
300.126
300.138
300.151
300.165
300.179
300.195
300.211
300.228
300.247
300.266
300.286
300.307
300.329
300.353
300.377
300.403
300.43
300.458
300.487
300.517
300.549
300.582
300.616
300.652
300.689
300.727
300.767
300.809
300.852
300.897
300.943
300.991
301.042
301.094
301.148
301.204
301.263
301.324
301.387
301.453
301.522
301.593
301.667
301.742
301.818
301.894
300
300
300.001
300.001
300.001
300.001
300.002
300.002
300.003
300.004
300.004
300.005
300.006
300.008
300.009
300.011
300.012
300.015
300.017
300.02
300.023
300.026
300.03
300.034
300.039
300.044
300.049
300.055
300.062
300.069
300.077
300.085
300.094
300.104
300.115
300.126
300.138
300.151
300.164
300.179
300.194
300.21
300.228
300.246
300.265
300.285
300.306
300.328
300.352
300.376
300.402
300.428
300.456
300.485
300.515
300.547
300.579
300.613
300.649
300.685
300.724
300.763
300.804
300.847
300.891
300.937
300.984
301.033
301.084
301.137
301.192
301.249
301.307
301.368
301.431
301.496
301.562
301.63
301.698
301.767
301.834
300
300
300.001
300.001
300.001
300.001
300.002
300.002
300.003
300.004
300.004
300.005
300.006
300.008
300.009
300.011
300.012
300.015
300.017
300.02
300.023
300.026
300.03
300.034
300.038
300.043
300.049
300.055
300.062
300.069
300.076
300.085
300.094
300.104
300.114
300.125
300.137
300.15
300.164
300.178
300.193
300.21
300.227
300.245
300.264
300.284
300.305
300.327
300.35
300.374
300.4
300.426
300.454
300.482
300.512
300.544
300.576
300.61
300.645
300.681
300.719
300.758
300.798
300.84
300.883
300.928
300.974
301.022
301.072
301.123
301.176
301.231
301.287
301.345
301.404
301.465
301.526
301.588
301.651
301.712
301.773
300
300
300.001
300.001
300.001
300.001
300.002
300.002
300.003
300.004
300.004
300.005
300.006
300.008
300.009
300.011
300.012
300.014
300.017
300.02
300.023
300.026
300.03
300.034
300.038
300.043
300.049
300.055
300.061
300.068
300.076
300.085
300.094
300.103
300.114
300.125
300.137
300.149
300.163
300.177
300.193
300.209
300.226
300.244
300.263
300.282
300.303
300.325
300.348
300.372
300.397
300.423
300.451
300.479
300.509
300.54
300.572
300.605
300.639
300.675
300.712
300.75
300.79
300.831
300.874
300.917
300.963
301.009
301.057
301.107
301.157
301.209
301.263
301.317
301.373
301.429
301.486
301.543
301.6
301.656
301.711
300
300
300.001
300.001
300.001
300.001
300.002
300.002
300.003
300.004
300.004
300.005
300.006
300.007
300.009
300.011
300.012
300.014
300.017
300.019
300.022
300.026
300.029
300.034
300.038
300.043
300.049
300.055
300.061
300.068
300.076
300.084
300.093
300.103
300.113
300.124
300.136
300.149
300.162
300.176
300.191
300.207
300.224
300.242
300.261
300.281
300.301
300.323
300.346
300.369
300.394
300.42
300.447
300.475
300.504
300.535
300.566
300.599
300.633
300.668
300.704
300.742
300.781
300.821
300.862
300.904
300.948
300.993
301.039
301.087
301.135
301.184
301.235
301.286
301.338
301.39
301.443
301.495
301.547
301.598
301.648
300
300
300.001
300.001
300.001
300.001
300.002
300.002
300.003
300.004
300.004
300.005
300.006
300.007
300.009
300.01
300.012
300.014
300.017
300.019
300.022
300.026
300.029
300.033
300.038
300.043
300.048
300.054
300.061
300.068
300.075
300.084
300.093
300.102
300.112
300.123
300.135
300.148
300.161
300.175
300.19
300.206
300.223
300.24
300.259
300.278
300.299
300.32
300.343
300.366
300.391
300.416
300.443
300.47
300.499
300.529
300.56
300.592
300.625
300.659
300.695
300.731
300.769
300.808
300.848
300.889
300.931
300.974
301.018
301.063
301.109
301.156
301.203
301.251
301.3
301.348
301.396
301.444
301.492
301.539
301.584
300
300
300.001
300.001
300.001
300.001
300.002
300.002
300.003
300.003
300.004
300.005
300.006
300.007
300.009
300.01
300.012
300.014
300.017
300.019
300.022
300.025
300.029
300.033
300.038
300.043
300.048
300.054
300.06
300.067
300.075
300.083
300.092
300.101
300.111
300.122
300.134
300.146
300.16
300.174
300.188
300.204
300.221
300.238
300.256
300.276
300.296
300.317
300.339
300.362
300.386
300.411
300.437
300.464
300.493
300.522
300.552
300.583
300.616
300.649
300.683
300.719
300.755
300.793
300.831
300.871
300.911
300.952
300.994
301.037
301.08
301.124
301.168
301.213
301.258
301.303
301.347
301.391
301.435
301.478
301.519
300
300
300.001
300.001
300.001
300.001
300.002
300.002
300.003
300.003
300.004
300.005
300.006
300.007
300.009
300.01
300.012
300.014
300.016
300.019
300.022
300.025
300.029
300.033
300.037
300.042
300.048
300.053
300.06
300.067
300.074
300.082
300.091
300.1
300.11
300.121
300.133
300.145
300.158
300.172
300.186
300.202
300.218
300.235
300.253
300.272
300.292
300.313
300.334
300.357
300.381
300.405
300.431
300.457
300.485
300.513
300.543
300.573
300.604
300.637
300.67
300.704
300.739
300.775
300.812
300.85
300.888
300.927
300.967
301.007
301.048
301.089
301.13
301.172
301.213
301.254
301.295
301.336
301.376
301.415
301.453
300
300
300.001
300.001
300.001
300.001
300.002
300.002
300.003
300.003
300.004
300.005
300.006
300.007
300.009
300.01
300.012
300.014
300.016
300.019
300.022
300.025
300.029
300.033
300.037
300.042
300.047
300.053
300.059
300.066
300.073
300.081
300.09
300.099
300.109
300.12
300.131
300.143
300.156
300.17
300.184
300.199
300.215
300.232
300.25
300.268
300.288
300.308
300.329
300.351
300.374
300.398
300.423
300.449
300.476
300.503
300.532
300.561
300.591
300.623
300.655
300.687
300.721
300.755
300.79
300.826
300.862
300.899
300.937
300.974
301.012
301.051
301.089
301.127
301.166
301.204
301.241
301.279
301.315
301.351
301.386
300
300
300.001
300.001
300.001
300.001
300.002
300.002
300.003
300.003
300.004
300.005
300.006
300.007
300.009
300.01
300.012
300.014
300.016
300.019
300.022
300.025
300.028
300.032
300.037
300.041
300.046
300.052
300.058
300.065
300.072
300.08
300.089
300.098
300.108
300.118
300.129
300.141
300.154
300.167
300.181
300.196
300.212
300.228
300.245
300.264
300.282
300.302
300.323
300.345
300.367
300.39
300.414
300.439
300.465
300.492
300.519
300.548
300.577
300.607
300.637
300.668
300.7
300.733
300.766
300.8
300.834
300.869
300.904
300.939
300.974
301.01
301.045
301.081
301.116
301.151
301.185
301.22
301.253
301.286
301.318
300
300
300
300.001
300.001
300.001
300.002
300.002
300.003
300.003
300.004
300.005
300.006
300.007
300.008
300.01
300.012
300.014
300.016
300.018
300.021
300.024
300.028
300.032
300.036
300.041
300.046
300.051
300.058
300.064
300.071
300.079
300.087
300.096
300.106
300.116
300.127
300.139
300.151
300.164
300.178
300.192
300.207
300.224
300.24
300.258
300.277
300.296
300.316
300.337
300.358
300.381
300.404
300.428
300.453
300.479
300.505
300.532
300.56
300.588
300.617
300.647
300.677
300.708
300.739
300.771
300.803
300.835
300.868
300.901
300.933
300.966
300.999
301.031
301.064
301.096
301.128
301.159
301.19
301.22
301.249
300
300
300
300.001
300.001
300.001
300.002
300.002
300.003
300.003
300.004
300.005
300.006
300.007
300.008
300.01
300.012
300.013
300.016
300.018
300.021
300.024
300.027
300.031
300.035
300.04
300.045
300.051
300.056
300.063
300.07
300.078
300.086
300.094
300.104
300.114
300.124
300.136
300.148
300.16
300.174
300.188
300.203
300.218
300.235
300.252
300.27
300.288
300.308
300.328
300.349
300.37
300.393
300.416
300.439
300.464
300.489
300.515
300.541
300.568
300.595
300.623
300.652
300.681
300.71
300.74
300.769
300.799
300.83
300.86
300.89
300.92
300.95
300.98
301.01
301.039
301.068
301.097
301.125
301.153
301.18
300
300
300
300.001
300.001
300.001
300.002
300.002
300.003
300.003
300.004
300.005
300.006
300.007
300.008
300.01
300.011
300.013
300.015
300.018
300.021
300.024
300.027
300.031
300.035
300.039
300.044
300.049
300.055
300.062
300.068
300.076
300.084
300.092
300.101
300.111
300.121
300.132
300.144
300.156
300.169
300.183
300.197
300.212
300.228
300.245
300.262
300.28
300.298
300.318
300.338
300.358
300.38
300.401
300.424
300.447
300.471
300.495
300.52
300.546
300.571
300.598
300.624
300.651
300.678
300.706
300.733
300.761
300.789
300.817
300.845
300.872
300.9
300.927
300.954
300.981
301.007
301.034
301.059
301.084
301.109
300
300
300
300.001
300.001
300.001
300.002
300.002
300.003
300.003
300.004
300.005
300.006
300.007
300.008
300.009
300.011
300.013
300.015
300.017
300.02
300.023
300.026
300.03
300.034
300.038
300.043
300.048
300.054
300.06
300.067
300.074
300.082
300.09
300.099
300.108
300.118
300.129
300.14
300.152
300.164
300.177
300.191
300.206
300.221
300.237
300.253
300.27
300.288
300.306
300.325
300.345
300.365
300.386
300.407
300.429
300.451
300.474
300.497
300.521
300.545
300.57
300.594
300.619
300.644
300.67
300.695
300.721
300.746
300.772
300.797
300.822
300.848
300.872
300.897
300.922
300.946
300.969
300.993
301.015
301.038
300
300
300
300.001
300.001
300.001
300.002
300.002
300.003
300.003
300.004
300.005
300.006
300.007
300.008
300.009
300.011
300.013
300.015
300.017
300.02
300.022
300.026
300.029
300.033
300.037
300.042
300.047
300.052
300.058
300.065
300.072
300.079
300.087
300.096
300.105
300.114
300.124
300.135
300.147
300.158
300.171
300.184
300.198
300.212
300.228
300.243
300.259
300.276
300.294
300.311
300.33
300.349
300.368
300.388
300.409
300.43
300.451
300.473
300.495
300.517
300.54
300.562
300.585
300.609
300.632
300.655
300.678
300.702
300.725
300.748
300.771
300.794
300.817
300.839
300.861
300.883
300.904
300.925
300.946
300.966
300
300
300
300.001
300.001
300.001
300.002
300.002
300.002
300.003
300.004
300.004
300.005
300.006
300.008
300.009
300.01
300.012
300.014
300.016
300.019
300.022
300.025
300.028
300.032
300.036
300.04
300.045
300.051
300.056
300.062
300.069
300.076
300.084
300.092
300.101
300.11
300.12
300.13
300.141
300.152
300.164
300.177
300.19
300.203
300.217
300.232
300.247
300.263
300.28
300.296
300.314
300.331
300.35
300.368
300.387
300.407
300.426
300.446
300.467
300.487
300.508
300.529
300.55
300.571
300.592
300.613
300.634
300.656
300.677
300.698
300.718
300.739
300.76
300.78
300.8
300.819
300.839
300.858
300.876
300.895
300
300
300
300.001
300.001
300.001
300.002
300.002
300.002
300.003
300.004
300.004
300.005
300.006
300.007
300.009
300.01
300.012
300.014
300.016
300.018
300.021
300.024
300.027
300.031
300.035
300.039
300.044
300.049
300.054
300.06
300.066
300.073
300.08
300.088
300.096
300.105
300.114
300.124
300.134
300.145
300.156
300.168
300.18
300.193
300.206
300.22
300.235
300.249
300.265
300.28
300.296
300.313
300.329
300.347
300.364
300.382
300.4
300.418
300.437
300.456
300.475
300.494
300.513
300.532
300.551
300.57
300.589
300.608
300.627
300.646
300.665
300.684
300.702
300.72
300.738
300.756
300.773
300.79
300.807
300.823
300
300
300
300.001
300.001
300.001
300.001
300.002
300.002
300.003
300.003
300.004
300.005
300.006
300.007
300.008
300.01
300.011
300.013
300.015
300.017
300.02
300.023
300.026
300.029
300.033
300.037
300.042
300.046
300.052
300.057
300.063
300.07
300.076
300.084
300.091
300.1
300.108
300.118
300.127
300.137
300.148
300.159
300.17
300.182
300.195
300.207
300.221
300.234
300.248
300.263
300.277
300.293
300.308
300.324
300.34
300.356
300.372
300.389
300.406
300.423
300.44
300.457
300.474
300.492
300.509
300.526
300.543
300.56
300.577
300.594
300.611
300.628
300.644
300.66
300.676
300.692
300.708
300.723
300.738
300.753
300
300
300
300.001
300.001
300.001
300.001
300.002
300.002
300.003
300.003
300.004
300.005
300.006
300.007
300.008
300.009
300.011
300.013
300.014
300.017
300.019
300.022
300.025
300.028
300.031
300.035
300.039
300.044
300.049
300.054
300.06
300.066
300.072
300.079
300.086
300.094
300.102
300.111
300.119
300.129
300.139
300.149
300.159
300.17
300.182
300.194
300.206
300.218
300.231
300.244
300.258
300.271
300.285
300.3
300.314
300.329
300.344
300.359
300.374
300.389
300.405
300.42
300.435
300.451
300.466
300.481
300.497
300.512
300.527
300.542
300.557
300.572
300.586
300.601
300.615
300.629
300.643
300.656
300.669
300.683
300
300
300
300.001
300.001
300.001
300.001
300.002
300.002
300.003
300.003
300.004
300.004
300.005
300.006
300.007
300.009
300.01
300.012
300.014
300.016
300.018
300.02
300.023
300.026
300.03
300.033
300.037
300.041
300.046
300.051
300.056
300.062
300.068
300.074
300.081
300.088
300.095
300.103
300.111
300.12
300.129
300.138
300.148
300.158
300.168
300.179
300.19
300.201
300.213
300.225
300.237
300.249
300.262
300.275
300.288
300.301
300.314
300.328
300.341
300.355
300.368
300.382
300.396
300.409
300.423
300.437
300.45
300.464
300.477
300.49
300.503
300.516
300.529
300.542
300.554
300.566
300.579
300.591
300.602
300.614
300
300
300
300.001
300.001
300.001
300.001
300.002
300.002
300.002
300.003
300.004
300.004
300.005
300.006
300.007
300.008
300.01
300.011
300.013
300.015
300.017
300.019
300.022
300.024
300.028
300.031
300.034
300.038
300.043
300.047
300.052
300.057
300.063
300.068
300.075
300.081
300.088
300.095
300.102
300.11
300.118
300.127
300.136
300.145
300.154
300.164
300.174
300.184
300.194
300.205
300.216
300.227
300.238
300.249
300.261
300.273
300.284
300.296
300.308
300.32
300.332
300.344
300.356
300.368
300.38
300.392
300.404
300.416
300.427
300.439
300.45
300.462
300.473
300.484
300.495
300.505
300.516
300.526
300.537
300.547
300
300
300
300
300.001
300.001
300.001
300.001
300.002
300.002
300.003
300.003
300.004
300.005
300.006
300.006
300.008
300.009
300.01
300.012
300.014
300.016
300.018
300.02
300.023
300.025
300.028
300.032
300.035
300.039
300.043
300.048
300.052
300.057
300.063
300.068
300.074
300.08
300.087
300.093
300.1
300.108
300.115
300.123
300.131
300.14
300.148
300.157
300.166
300.175
300.185
300.194
300.204
300.214
300.224
300.234
300.244
300.254
300.265
300.275
300.286
300.296
300.306
300.317
300.327
300.338
300.348
300.358
300.368
300.379
300.389
300.398
300.408
300.418
300.428
300.437
300.446
300.455
300.464
300.473
300.482
300
300
300
300
300.001
300.001
300.001
300.001
300.002
300.002
300.002
300.003
300.004
300.004
300.005
300.006
300.007
300.008
300.009
300.011
300.012
300.014
300.016
300.018
300.021
300.023
300.026
300.029
300.032
300.036
300.039
300.043
300.047
300.052
300.057
300.062
300.067
300.072
300.078
300.084
300.09
300.097
300.103
300.11
300.117
300.125
300.132
300.14
300.148
300.156
300.164
300.172
300.181
300.19
300.198
300.207
300.216
300.225
300.234
300.243
300.252
300.261
300.27
300.279
300.287
300.296
300.305
300.314
300.323
300.331
300.34
300.348
300.357
300.365
300.373
300.381
300.389
300.397
300.405
300.413
300.42
300
300
300
300
300.001
300.001
300.001
300.001
300.001
300.002
300.002
300.003
300.003
300.004
300.005
300.005
300.006
300.007
300.008
300.01
300.011
300.013
300.015
300.016
300.019
300.021
300.023
300.026
300.029
300.032
300.035
300.039
300.042
300.046
300.05
300.055
300.059
300.064
300.069
300.074
300.08
300.085
300.091
300.097
300.104
300.11
300.116
300.123
300.13
300.137
300.144
300.151
300.158
300.166
300.173
300.181
300.188
300.196
300.203
300.211
300.219
300.226
300.234
300.241
300.249
300.257
300.264
300.272
300.279
300.286
300.294
300.301
300.308
300.315
300.322
300.329
300.335
300.342
300.348
300.355
300.361
300
300
300
300
300
300.001
300.001
300.001
300.001
300.002
300.002
300.002
300.003
300.003
300.004
300.005
300.006
300.007
300.008
300.009
300.01
300.011
300.013
300.015
300.016
300.018
300.021
300.023
300.025
300.028
300.031
300.034
300.037
300.041
300.044
300.048
300.052
300.056
300.06
300.065
300.07
300.074
300.079
300.085
300.09
300.095
300.101
300.106
300.112
300.118
300.124
300.13
300.136
300.143
300.149
300.155
300.161
300.168
300.174
300.181
300.187
300.193
300.2
300.206
300.212
300.219
300.225
300.231
300.237
300.244
300.25
300.256
300.262
300.267
300.273
300.279
300.284
300.29
300.295
300.301
300.306
300
300
300
300
300
300.001
300.001
300.001
300.001
300.001
300.002
300.002
300.003
300.003
300.004
300.004
300.005
300.006
300.007
300.008
300.009
300.01
300.011
300.013
300.014
300.016
300.018
300.02
300.022
300.024
300.027
300.029
300.032
300.035
300.038
300.041
300.045
300.048
300.052
300.056
300.06
300.064
300.068
300.072
300.077
300.081
300.086
300.091
300.095
300.1
300.105
300.11
300.115
300.12
300.126
300.131
300.136
300.141
300.147
300.152
300.157
300.163
300.168
300.173
300.178
300.183
300.189
300.194
300.199
300.204
300.209
300.214
300.219
300.223
300.228
300.233
300.237
300.242
300.246
300.251
300.255
300
300
300
300
300
300
300.001
300.001
300.001
300.001
300.001
300.002
300.002
300.003
300.003
300.004
300.004
300.005
300.006
300.006
300.007
300.008
300.01
300.011
300.012
300.014
300.015
300.017
300.019
300.021
300.023
300.025
300.027
300.03
300.032
300.035
300.038
300.041
300.044
300.047
300.05
300.053
300.057
300.06
300.064
300.068
300.072
300.075
300.079
300.083
300.087
300.092
300.096
300.1
300.104
300.108
300.113
300.117
300.121
300.125
300.13
300.134
300.138
300.142
300.147
300.151
300.155
300.159
300.163
300.167
300.171
300.175
300.179
300.183
300.187
300.191
300.194
300.198
300.202
300.205
300.209
300
300
300
300
300
300
300.001
300.001
300.001
300.001
300.001
300.001
300.002
300.002
300.003
300.003
300.003
300.004
300.005
300.005
300.006
300.007
300.008
300.009
300.01
300.011
300.013
300.014
300.015
300.017
300.019
300.021
300.022
300.024
300.027
300.029
300.031
300.033
300.036
300.038
300.041
300.044
300.047
300.049
300.052
300.055
300.058
300.061
300.065
300.068
300.071
300.074
300.078
300.081
300.084
300.088
300.091
300.095
300.098
300.101
300.105
300.108
300.112
300.115
300.118
300.122
300.125
300.128
300.131
300.135
300.138
300.141
300.144
300.147
300.15
300.153
300.156
300.159
300.162
300.165
300.167
300
300
300
300
300
300
300
300.001
300.001
300.001
300.001
300.001
300.001
300.002
300.002
300.002
300.003
300.003
300.004
300.004
300.005
300.006
300.006
300.007
300.008
300.009
300.01
300.011
300.013
300.014
300.015
300.017
300.018
300.02
300.021
300.023
300.025
300.027
300.029
300.031
300.033
300.035
300.037
300.039
300.042
300.044
300.046
300.049
300.051
300.054
300.056
300.059
300.062
300.064
300.067
300.069
300.072
300.075
300.077
300.08
300.083
300.085
300.088
300.09
300.093
300.096
300.098
300.101
300.103
300.106
300.108
300.111
300.113
300.115
300.118
300.12
300.122
300.124
300.127
300.129
300.131
300
300
300
300
300
300
300
300
300
300.001
300.001
300.001
300.001
300.001
300.002
300.002
300.002
300.003
300.003
300.003
300.004
300.004
300.005
300.006
300.006
300.007
300.008
300.009
300.01
300.011
300.012
300.013
300.014
300.015
300.017
300.018
300.019
300.021
300.022
300.024
300.025
300.027
300.029
300.031
300.032
300.034
300.036
300.038
300.04
300.042
300.044
300.045
300.047
300.049
300.051
300.053
300.055
300.057
300.059
300.061
300.063
300.065
300.067
300.069
300.071
300.073
300.075
300.077
300.079
300.081
300.083
300.084
300.086
300.088
300.09
300.092
300.093
300.095
300.097
300.098
300.1
300
300
300
300
300
300
300
300
300
300
300.001
300.001
300.001
300.001
300.001
300.001
300.002
300.002
300.002
300.003
300.003
300.003
300.004
300.004
300.005
300.005
300.006
300.007
300.007
300.008
300.009
300.01
300.011
300.012
300.013
300.014
300.015
300.016
300.017
300.018
300.019
300.02
300.022
300.023
300.024
300.026
300.027
300.028
300.03
300.031
300.033
300.034
300.035
300.037
300.038
300.04
300.041
300.043
300.044
300.046
300.047
300.049
300.05
300.051
300.053
300.054
300.056
300.057
300.059
300.06
300.061
300.063
300.064
300.065
300.067
300.068
300.069
300.07
300.072
300.073
300.074
300
300
300
300
300
300
300
300
300
300
300
300
300.001
300.001
300.001
300.001
300.001
300.001
300.002
300.002
300.002
300.002
300.003
300.003
300.003
300.004
300.004
300.005
300.005
300.006
300.006
300.007
300.008
300.008
300.009
300.01
300.011
300.011
300.012
300.013
300.014
300.015
300.016
300.017
300.018
300.018
300.019
300.02
300.021
300.022
300.023
300.024
300.026
300.027
300.028
300.029
300.03
300.031
300.032
300.033
300.034
300.035
300.036
300.037
300.038
300.039
300.04
300.041
300.042
300.043
300.044
300.045
300.046
300.047
300.048
300.049
300.05
300.05
300.051
300.052
300.053
300
300
300
300
300
300
300
300
300
300
300
300
300
300
300.001
300.001
300.001
300.001
300.001
300.001
300.001
300.002
300.002
300.002
300.002
300.003
300.003
300.003
300.004
300.004
300.004
300.005
300.005
300.006
300.006
300.007
300.007
300.008
300.008
300.009
300.01
300.01
300.011
300.012
300.012
300.013
300.014
300.014
300.015
300.016
300.016
300.017
300.018
300.018
300.019
300.02
300.021
300.021
300.022
300.023
300.023
300.024
300.025
300.026
300.026
300.027
300.028
300.028
300.029
300.03
300.03
300.031
300.032
300.032
300.033
300.034
300.034
300.035
300.035
300.036
300.037
300
300
300
300
300
300
300
300
300
300
300
300
300
300
300
300
300
300.001
300.001
300.001
300.001
300.001
300.001
300.001
300.002
300.002
300.002
300.002
300.002
300.003
300.003
300.003
300.004
300.004
300.004
300.004
300.005
300.005
300.006
300.006
300.006
300.007
300.007
300.008
300.008
300.009
300.009
300.009
300.01
300.01
300.011
300.011
300.012
300.012
300.013
300.013
300.014
300.014
300.015
300.015
300.016
300.016
300.017
300.017
300.017
300.018
300.018
300.019
300.019
300.02
300.02
300.021
300.021
300.022
300.022
300.022
300.023
300.023
300.024
300.024
300.024
300
300
300
300
300
300
300
300
300
300
300
300
300
300
300
300
300
300
300
300
300
300.001
300.001
300.001
300.001
300.001
300.001
300.001
300.001
300.002
300.002
300.002
300.002
300.002
300.003
300.003
300.003
300.003
300.004
300.004
300.004
300.004
300.005
300.005
300.005
300.005
300.006
300.006
300.006
300.007
300.007
300.007
300.008
300.008
300.008
300.008
300.009
300.009
300.009
300.01
300.01
300.01
300.011
300.011
300.011
300.012
300.012
300.012
300.012
300.013
300.013
300.013
300.014
300.014
300.014
300.014
300.015
300.015
300.015
300.015
300.016
300
300
300
300
300
300
300
300
300
300
300
300
300
300
300
300
300
300
300
300
300
300
300
300
300
300.001
300.001
300.001
300.001
300.001
300.001
300.001
300.001
300.001
300.002
300.002
300.002
300.002
300.002
300.002
300.003
300.003
300.003
300.003
300.003
300.003
300.004
300.004
300.004
300.004
300.004
300.005
300.005
300.005
300.005
300.005
300.006
300.006
300.006
300.006
300.006
300.007
300.007
300.007
300.007
300.007
300.008
300.008
300.008
300.008
300.008
300.009
300.009
300.009
300.009
300.009
300.01
300.01
300.01
300.01
300.01
300
300
300
300
300
300
300
300
300
300
300
300
300
300
300
300
300
300
300
300
300
300
300
300
300
300
300
300
300
300.001
300.001
300.001
300.001
300.001
300.001
300.001
300.001
300.001
300.001
300.002
300.002
300.002
300.002
300.002
300.002
300.002
300.003
300.003
300.003
300.003
300.003
300.003
300.003
300.004
300.004
300.004
300.004
300.004
300.004
300.005
300.005
300.005
300.005
300.005
300.005
300.005
300.006
300.006
300.006
300.006
300.006
300.006
300.006
300.007
300.007
300.007
300.007
300.007
300.007
300.007
300.007
302.291
302.412
302.484
302.55
302.607
302.653
302.683
302.717
302.751
302.783
302.809
302.837
302.866
302.893
302.92
302.946
302.971
302.992
303.014
303.037
303.058
303.08
303.102
303.122
303.143
303.163
303.182
303.202
303.22
303.238
303.256
303.273
303.29
303.307
303.323
303.338
303.354
303.369
303.384
303.398
303.412
303.425
303.44
303.454
303.468
303.481
303.493
303.506
303.519
303.531
303.543
303.553
303.564
303.576
303.587
303.598
303.609
303.619
303.629
303.638
303.646
303.655
303.663
303.672
303.68
303.689
303.696
303.704
303.711
303.718
303.725
303.732
303.738
303.744
303.75
303.755
303.76
303.765
303.77
303.775
303.78
303.785
303.789
303.792
303.796
303.799
303.802
303.806
303.809
303.811
303.814
303.816
303.819
303.821
303.823
303.825
303.827
303.828
303.83
303.831
303.832
303.833
303.834
303.835
303.835
303.836
303.837
303.837
303.837
303.838
303.838
303.838
303.838
303.838
303.839
303.839
303.838
303.838
303.838
303.838
303.838
303.837
303.837
303.836
303.835
303.834
303.833
303.832
303.83
303.828
303.826
303.823
303.82
303.816
303.812
303.807
303.802
303.796
303.789
303.782
303.773
303.764
303.753
303.742
303.729
303.714
303.698
303.68
303.659
303.635
303.604
303.573
303.54
303.502
303.458
303.407
303.349
303.246
303.148
303.018
302.84
302.193
302.299
302.38
302.449
302.507
302.556
302.597
302.635
302.67
302.704
302.734
302.764
302.793
302.822
302.849
302.876
302.901
302.925
302.948
302.971
302.993
303.015
303.037
303.058
303.079
303.1
303.119
303.139
303.158
303.176
303.194
303.212
303.229
303.245
303.262
303.278
303.293
303.309
303.324
303.338
303.352
303.366
303.381
303.395
303.409
303.422
303.435
303.447
303.46
303.472
303.484
303.495
303.506
303.517
303.528
303.539
303.55
303.561
303.571
303.58
303.588
303.597
303.606
303.614
303.622
303.631
303.638
303.646
303.653
303.66
303.667
303.674
303.68
303.686
303.692
303.697
303.702
303.708
303.712
303.717
303.722
303.727
303.731
303.735
303.738
303.741
303.744
303.748
303.751
303.754
303.756
303.758
303.761
303.763
303.765
303.767
303.769
303.77
303.772
303.773
303.774
303.775
303.776
303.777
303.778
303.778
303.779
303.779
303.78
303.78
303.78
303.781
303.781
303.781
303.781
303.781
303.781
303.781
303.781
303.78
303.78
303.78
303.779
303.778
303.778
303.777
303.776
303.774
303.772
303.77
303.768
303.765
303.762
303.759
303.754
303.75
303.744
303.738
303.732
303.724
303.716
303.707
303.696
303.685
303.672
303.657
303.641
303.623
303.602
303.578
303.548
303.516
303.483
303.444
303.399
303.347
303.284
303.185
303.082
302.946
302.751
302.112
302.204
302.283
302.351
302.411
302.463
302.508
302.549
302.587
302.622
302.655
302.687
302.717
302.747
302.775
302.802
302.828
302.853
302.877
302.901
302.924
302.947
302.969
302.991
303.012
303.032
303.053
303.072
303.091
303.11
303.128
303.146
303.164
303.181
303.197
303.213
303.229
303.245
303.26
303.275
303.289
303.303
303.318
303.332
303.346
303.359
303.372
303.385
303.397
303.41
303.422
303.433
303.444
303.455
303.467
303.477
303.488
303.498
303.508
303.518
303.527
303.535
303.544
303.553
303.561
303.569
303.577
303.584
303.592
303.599
303.606
303.612
303.618
303.625
303.63
303.636
303.641
303.646
303.651
303.656
303.661
303.665
303.669
303.673
303.677
303.68
303.683
303.687
303.69
303.692
303.695
303.697
303.7
303.702
303.704
303.706
303.708
303.709
303.711
303.712
303.713
303.714
303.715
303.716
303.717
303.717
303.718
303.718
303.719
303.719
303.719
303.719
303.72
303.72
303.72
303.72
303.72
303.72
303.719
303.719
303.719
303.718
303.718
303.717
303.716
303.715
303.714
303.713
303.711
303.709
303.707
303.704
303.701
303.697
303.693
303.689
303.683
303.678
303.671
303.664
303.655
303.646
303.636
303.624
303.611
303.597
303.581
303.563
303.542
303.517
303.488
303.456
303.422
303.383
303.337
303.283
303.217
303.121
303.014
302.873
302.667
302.038
302.119
302.192
302.258
302.318
302.37
302.418
302.461
302.501
302.538
302.573
302.606
302.638
302.668
302.698
302.726
302.752
302.778
302.803
302.828
302.851
302.874
302.897
302.919
302.94
302.961
302.982
303.002
303.021
303.04
303.059
303.077
303.095
303.112
303.129
303.145
303.161
303.177
303.192
303.207
303.222
303.237
303.251
303.265
303.279
303.293
303.306
303.319
303.331
303.344
303.356
303.367
303.379
303.39
303.401
303.412
303.422
303.433
303.443
303.452
303.461
303.47
303.479
303.487
303.496
303.504
303.512
303.519
303.527
303.534
303.541
303.547
303.553
303.559
303.565
303.571
303.576
303.581
303.586
303.591
303.596
303.6
303.604
303.608
303.612
303.615
303.618
303.622
303.625
303.627
303.63
303.632
303.635
303.637
303.639
303.641
303.643
303.644
303.646
303.647
303.648
303.649
303.65
303.651
303.652
303.652
303.653
303.653
303.654
303.654
303.654
303.654
303.655
303.655
303.655
303.655
303.655
303.655
303.654
303.654
303.654
303.653
303.653
303.652
303.651
303.651
303.649
303.648
303.646
303.644
303.642
303.639
303.636
303.633
303.629
303.624
303.619
303.613
303.607
303.599
303.591
303.582
303.572
303.56
303.547
303.533
303.517
303.498
303.477
303.453
303.424
303.392
303.358
303.318
303.271
303.216
303.147
303.052
302.942
302.797
302.586
301.968
302.04
302.107
302.17
302.227
302.28
302.328
302.372
302.413
302.452
302.488
302.522
302.555
302.586
302.616
302.645
302.673
302.7
302.725
302.75
302.774
302.798
302.821
302.844
302.865
302.887
302.907
302.928
302.948
302.967
302.986
303.004
303.022
303.039
303.057
303.073
303.09
303.106
303.121
303.136
303.151
303.166
303.18
303.195
303.209
303.222
303.235
303.248
303.261
303.274
303.286
303.297
303.309
303.32
303.331
303.342
303.353
303.363
303.373
303.383
303.392
303.401
303.41
303.418
303.427
303.435
303.443
303.45
303.458
303.465
303.471
303.478
303.484
303.49
303.496
303.502
303.507
303.512
303.517
303.522
303.527
303.531
303.535
303.539
303.543
303.546
303.55
303.553
303.556
303.558
303.561
303.563
303.566
303.568
303.57
303.572
303.574
303.575
303.577
303.578
303.579
303.58
303.581
303.582
303.583
303.584
303.584
303.585
303.585
303.585
303.586
303.586
303.586
303.586
303.586
303.586
303.586
303.586
303.586
303.585
303.585
303.585
303.584
303.583
303.583
303.582
303.581
303.579
303.578
303.576
303.573
303.571
303.568
303.564
303.56
303.556
303.55
303.545
303.538
303.531
303.523
303.514
303.504
303.492
303.48
303.465
303.449
303.431
303.41
303.385
303.356
303.325
303.29
303.249
303.202
303.145
303.075
302.981
302.868
302.72
302.508
301.9
301.964
302.026
302.085
302.14
302.191
302.239
302.283
302.325
302.364
302.401
302.436
302.47
302.502
302.532
302.562
302.59
302.617
302.644
302.669
302.694
302.718
302.741
302.764
302.786
302.808
302.829
302.85
302.87
302.889
302.908
302.927
302.945
302.963
302.98
302.997
303.014
303.03
303.046
303.061
303.076
303.091
303.106
303.12
303.134
303.148
303.161
303.174
303.187
303.2
303.212
303.224
303.235
303.247
303.258
303.269
303.279
303.29
303.3
303.309
303.319
303.328
303.336
303.345
303.353
303.362
303.369
303.377
303.384
303.392
303.398
303.405
303.411
303.417
303.423
303.429
303.434
303.439
303.444
303.449
303.454
303.458
303.462
303.466
303.47
303.473
303.477
303.48
303.483
303.486
303.488
303.491
303.493
303.495
303.497
303.499
303.501
303.502
303.504
303.505
303.506
303.507
303.508
303.509
303.51
303.511
303.511
303.512
303.512
303.512
303.513
303.513
303.513
303.513
303.513
303.513
303.513
303.513
303.513
303.513
303.512
303.512
303.511
303.511
303.51
303.509
303.508
303.506
303.505
303.503
303.501
303.498
303.495
303.491
303.488
303.483
303.478
303.472
303.466
303.459
303.451
303.442
303.432
303.421
303.408
303.394
303.377
303.359
303.338
303.313
303.285
303.253
303.218
303.177
303.129
303.071
302.999
302.905
302.791
302.641
302.432
301.832
301.891
301.948
302.002
302.054
302.103
302.15
302.194
302.235
302.275
302.312
302.348
302.382
302.414
302.445
302.475
302.504
302.532
302.559
302.585
302.61
302.634
302.658
302.681
302.704
302.726
302.747
302.768
302.788
302.808
302.827
302.846
302.865
302.883
302.9
302.917
302.934
302.95
302.966
302.982
302.997
303.012
303.027
303.041
303.056
303.069
303.083
303.096
303.109
303.122
303.134
303.146
303.157
303.169
303.18
303.191
303.202
303.212
303.222
303.232
303.241
303.25
303.259
303.268
303.276
303.284
303.292
303.3
303.307
303.314
303.321
303.328
303.334
303.34
303.346
303.352
303.357
303.362
303.367
303.372
303.377
303.381
303.385
303.389
303.393
303.396
303.4
303.403
303.406
303.409
303.411
303.414
303.416
303.418
303.42
303.422
303.424
303.425
303.427
303.428
303.429
303.43
303.431
303.432
303.433
303.434
303.434
303.435
303.435
303.436
303.436
303.436
303.436
303.436
303.436
303.436
303.436
303.436
303.436
303.436
303.435
303.435
303.434
303.434
303.433
303.432
303.431
303.429
303.428
303.426
303.424
303.421
303.418
303.415
303.411
303.406
303.402
303.396
303.39
303.383
303.375
303.366
303.356
303.345
303.332
303.318
303.302
303.283
303.262
303.238
303.21
303.178
303.142
303.101
303.052
302.993
302.92
302.827
302.712
302.562
302.358
301.765
301.818
301.87
301.921
301.97
302.017
302.062
302.105
302.146
302.185
302.222
302.257
302.291
302.324
302.356
302.386
302.415
302.443
302.47
302.497
302.522
302.547
302.571
302.594
302.617
302.639
302.661
302.682
302.703
302.723
302.742
302.761
302.78
302.798
302.816
302.833
302.85
302.867
302.883
302.899
302.914
302.929
302.944
302.959
302.973
302.987
303
303.014
303.027
303.039
303.052
303.064
303.075
303.087
303.098
303.109
303.12
303.13
303.14
303.15
303.159
303.169
303.178
303.186
303.195
303.203
303.211
303.218
303.226
303.233
303.24
303.246
303.253
303.259
303.265
303.27
303.276
303.281
303.286
303.291
303.295
303.3
303.304
303.308
303.311
303.315
303.318
303.321
303.324
303.327
303.33
303.332
303.335
303.337
303.339
303.341
303.342
303.344
303.345
303.347
303.348
303.349
303.35
303.351
303.352
303.352
303.353
303.353
303.354
303.354
303.354
303.355
303.355
303.355
303.355
303.355
303.355
303.355
303.355
303.354
303.354
303.354
303.353
303.352
303.352
303.351
303.35
303.348
303.347
303.345
303.342
303.34
303.337
303.334
303.33
303.326
303.321
303.315
303.309
303.302
303.294
303.285
303.276
303.264
303.252
303.238
303.222
303.203
303.182
303.158
303.13
303.099
303.062
303.02
302.971
302.911
302.838
302.745
302.63
302.482
302.285
301.697
301.746
301.794
301.841
301.887
301.932
301.974
302.016
302.055
302.094
302.13
302.166
302.199
302.232
302.263
302.294
302.323
302.351
302.379
302.405
302.431
302.456
302.48
302.504
302.527
302.549
302.571
302.592
302.613
302.633
302.653
302.672
302.691
302.709
302.727
302.745
302.762
302.779
302.795
302.811
302.827
302.842
302.857
302.872
302.886
302.9
302.913
302.927
302.94
302.953
302.965
302.977
302.989
303.001
303.012
303.023
303.033
303.044
303.054
303.064
303.073
303.083
303.091
303.1
303.109
303.117
303.125
303.132
303.14
303.147
303.154
303.16
303.167
303.173
303.179
303.184
303.19
303.195
303.2
303.205
303.209
303.214
303.218
303.222
303.226
303.229
303.232
303.236
303.238
303.241
303.244
303.246
303.249
303.251
303.253
303.255
303.257
303.258
303.26
303.261
303.262
303.263
303.264
303.265
303.266
303.267
303.267
303.268
303.268
303.268
303.269
303.269
303.269
303.269
303.269
303.269
303.269
303.269
303.269
303.269
303.268
303.268
303.267
303.267
303.266
303.265
303.264
303.262
303.261
303.259
303.257
303.254
303.251
303.248
303.244
303.24
303.235
303.23
303.224
303.217
303.209
303.201
303.191
303.18
303.168
303.153
303.137
303.119
303.098
303.074
303.046
303.015
302.978
302.936
302.886
302.826
302.752
302.66
302.546
302.401
302.213
301.629
301.674
301.718
301.762
301.805
301.847
301.888
301.927
301.965
302.002
302.038
302.073
302.106
302.138
302.169
302.2
302.229
302.257
302.284
302.311
302.337
302.362
302.386
302.41
302.433
302.456
302.478
302.499
302.52
302.54
302.56
302.579
302.598
302.617
302.635
302.653
302.67
302.687
302.703
302.719
302.735
302.75
302.765
302.78
302.794
302.809
302.822
302.836
302.849
302.862
302.874
302.886
302.898
302.91
302.921
302.932
302.943
302.953
302.963
302.973
302.983
302.992
303.001
303.01
303.018
303.026
303.034
303.042
303.049
303.056
303.063
303.07
303.076
303.082
303.088
303.094
303.099
303.105
303.11
303.114
303.119
303.123
303.127
303.131
303.135
303.139
303.142
303.145
303.148
303.151
303.153
303.156
303.158
303.16
303.162
303.164
303.166
303.168
303.169
303.17
303.172
303.173
303.174
303.175
303.175
303.176
303.177
303.177
303.178
303.178
303.178
303.179
303.179
303.179
303.179
303.179
303.179
303.179
303.178
303.178
303.178
303.177
303.177
303.176
303.175
303.174
303.173
303.172
303.17
303.169
303.167
303.164
303.161
303.158
303.154
303.15
303.146
303.14
303.134
303.128
303.12
303.111
303.102
303.091
303.079
303.065
303.049
303.031
303.01
302.986
302.958
302.927
302.89
302.848
302.798
302.737
302.664
302.573
302.46
302.319
302.141
301.561
301.602
301.643
301.683
301.723
301.762
301.801
301.838
301.875
301.911
301.945
301.979
302.011
302.043
302.074
302.103
302.132
302.16
302.188
302.214
302.24
302.265
302.289
302.313
302.336
302.359
302.381
302.402
302.423
302.443
302.463
302.483
302.502
302.52
302.538
302.556
302.573
302.59
302.607
302.623
302.639
302.654
302.67
302.684
302.699
302.713
302.727
302.74
302.753
302.766
302.779
302.791
302.803
302.814
302.826
302.837
302.848
302.858
302.868
302.878
302.888
302.897
302.906
302.915
302.923
302.931
302.939
302.947
302.954
302.961
302.968
302.975
302.981
302.987
302.993
302.999
303.004
303.01
303.015
303.019
303.024
303.028
303.032
303.036
303.04
303.044
303.047
303.05
303.053
303.056
303.058
303.061
303.063
303.065
303.067
303.069
303.071
303.073
303.074
303.075
303.077
303.078
303.079
303.079
303.08
303.081
303.082
303.082
303.083
303.083
303.083
303.083
303.084
303.084
303.084
303.084
303.084
303.084
303.083
303.083
303.083
303.082
303.082
303.081
303.08
303.079
303.078
303.077
303.075
303.074
303.072
303.069
303.066
303.063
303.06
303.056
303.051
303.046
303.04
303.033
303.026
303.018
303.008
302.997
302.985
302.971
302.956
302.938
302.917
302.893
302.866
302.834
302.798
302.755
302.705
302.645
302.572
302.482
302.372
302.235
302.067
301.491
301.529
301.567
301.604
301.642
301.678
301.714
301.75
301.785
301.819
301.852
301.884
301.916
301.946
301.976
302.006
302.034
302.062
302.088
302.115
302.14
302.165
302.189
302.213
302.236
302.258
302.28
302.302
302.322
302.343
302.363
302.382
302.401
302.42
302.438
302.456
302.473
302.49
302.507
302.523
302.539
302.554
302.57
302.584
302.599
302.613
302.627
302.64
302.654
302.666
302.679
302.691
302.703
302.715
302.726
302.737
302.748
302.758
302.768
302.778
302.788
302.797
302.806
302.815
302.823
302.832
302.839
302.847
302.855
302.862
302.869
302.875
302.882
302.888
302.894
302.899
302.905
302.91
302.915
302.92
302.924
302.928
302.933
302.936
302.94
302.944
302.947
302.95
302.953
302.956
302.958
302.961
302.963
302.965
302.967
302.969
302.971
302.973
302.974
302.975
302.977
302.978
302.979
302.98
302.98
302.981
302.982
302.982
302.983
302.983
302.983
302.984
302.984
302.984
302.984
302.984
302.984
302.984
302.984
302.983
302.983
302.982
302.982
302.981
302.98
302.98
302.978
302.977
302.976
302.974
302.972
302.97
302.967
302.964
302.96
302.956
302.952
302.947
302.941
302.935
302.927
302.919
302.91
302.899
302.887
302.873
302.858
302.84
302.819
302.796
302.769
302.738
302.701
302.659
302.609
302.549
302.477
302.389
302.282
302.151
301.993
301.421
301.456
301.491
301.526
301.56
301.594
301.628
301.661
301.694
301.726
301.758
301.789
301.819
301.849
301.878
301.906
301.934
301.961
301.987
302.013
302.038
302.063
302.086
302.11
302.133
302.155
302.177
302.198
302.219
302.239
302.259
302.278
302.297
302.316
302.334
302.352
302.369
302.386
302.403
302.419
302.435
302.45
302.465
302.48
302.495
302.509
302.523
302.536
302.549
302.562
302.575
302.587
302.599
302.611
302.622
302.633
302.644
302.654
302.664
302.674
302.684
302.693
302.702
302.711
302.719
302.727
302.735
302.743
302.75
302.757
302.764
302.771
302.777
302.783
302.789
302.795
302.8
302.805
302.81
302.815
302.82
302.824
302.828
302.832
302.836
302.839
302.842
302.845
302.848
302.851
302.854
302.856
302.859
302.861
302.863
302.865
302.866
302.868
302.869
302.871
302.872
302.873
302.874
302.875
302.876
302.876
302.877
302.877
302.878
302.878
302.879
302.879
302.879
302.879
302.879
302.879
302.879
302.879
302.879
302.879
302.878
302.878
302.877
302.877
302.876
302.875
302.874
302.873
302.871
302.869
302.867
302.865
302.862
302.859
302.856
302.852
302.848
302.843
302.837
302.831
302.824
302.816
302.806
302.796
302.784
302.771
302.755
302.738
302.717
302.694
302.667
302.636
302.6
302.558
302.509
302.449
302.378
302.293
302.189
302.065
301.918
301.35
301.382
301.414
301.446
301.478
301.51
301.542
301.573
301.604
301.634
301.664
301.693
301.722
301.751
301.779
301.806
301.833
301.859
301.885
301.91
301.934
301.958
301.982
302.005
302.027
302.049
302.07
302.091
302.112
302.132
302.152
302.171
302.19
302.208
302.226
302.244
302.261
302.278
302.295
302.311
302.327
302.342
302.357
302.372
302.386
302.401
302.414
302.428
302.441
302.454
302.466
302.479
302.49
302.502
302.513
302.524
302.535
302.545
302.556
302.565
302.575
302.584
302.593
302.602
302.61
302.618
302.626
302.634
302.641
302.648
302.655
302.662
302.668
302.674
302.68
302.686
302.691
302.696
302.701
302.706
302.71
302.715
302.719
302.722
302.726
302.73
302.733
302.736
302.739
302.742
302.744
302.747
302.749
302.751
302.753
302.755
302.757
302.758
302.76
302.761
302.762
302.763
302.764
302.765
302.766
302.767
302.767
302.768
302.768
302.769
302.769
302.769
302.769
302.77
302.77
302.77
302.77
302.769
302.769
302.769
302.769
302.768
302.768
302.767
302.766
302.765
302.764
302.763
302.762
302.76
302.758
302.756
302.753
302.75
302.747
302.743
302.739
302.734
302.729
302.723
302.715
302.708
302.699
302.688
302.677
302.663
302.648
302.631
302.611
302.588
302.561
302.531
302.495
302.454
302.405
302.346
302.277
302.194
302.095
301.977
301.841
301.279
301.308
301.338
301.367
301.397
301.426
301.455
301.484
301.513
301.542
301.57
301.598
301.625
301.652
301.679
301.705
301.73
301.756
301.78
301.805
301.828
301.852
301.875
301.897
301.919
301.941
301.962
301.982
302.002
302.022
302.042
302.061
302.079
302.097
302.115
302.133
302.15
302.167
302.183
302.199
302.215
302.23
302.245
302.26
302.274
302.288
302.302
302.315
302.328
302.341
302.354
302.366
302.378
302.389
302.4
302.411
302.422
302.432
302.442
302.452
302.462
302.471
302.48
302.488
302.497
302.505
302.513
302.52
302.528
302.535
302.541
302.548
302.554
302.56
302.566
302.572
302.577
302.582
302.587
302.592
302.596
302.601
302.605
302.608
302.612
302.616
302.619
302.622
302.625
302.628
302.63
302.633
302.635
302.637
302.639
302.641
302.642
302.644
302.645
302.647
302.648
302.649
302.65
302.651
302.652
302.652
302.653
302.653
302.654
302.654
302.655
302.655
302.655
302.655
302.655
302.655
302.655
302.655
302.655
302.655
302.654
302.654
302.653
302.653
302.652
302.651
302.65
302.649
302.647
302.646
302.644
302.642
302.639
302.636
302.633
302.63
302.625
302.621
302.615
302.609
302.603
302.595
302.586
302.576
302.565
302.552
302.537
302.52
302.5
302.477
302.451
302.421
302.386
302.345
302.297
302.24
302.173
302.093
301.999
301.888
301.762
301.206
301.233
301.26
301.287
301.315
301.342
301.369
301.396
301.423
301.449
301.476
301.502
301.528
301.553
301.578
301.603
301.628
301.652
301.675
301.699
301.722
301.744
301.766
301.788
301.809
301.83
301.851
301.871
301.891
301.91
301.929
301.948
301.966
301.984
302.001
302.019
302.035
302.052
302.068
302.084
302.1
302.115
302.13
302.144
302.158
302.172
302.186
302.199
302.212
302.225
302.237
302.249
302.261
302.272
302.284
302.294
302.305
302.315
302.325
302.335
302.344
302.353
302.362
302.371
302.379
302.387
302.395
302.402
302.41
302.417
302.423
302.43
302.436
302.442
302.448
302.453
302.459
302.464
302.469
302.473
302.478
302.482
302.486
302.49
302.493
302.497
302.5
302.503
302.506
302.509
302.511
302.514
302.516
302.518
302.52
302.522
302.523
302.525
302.526
302.528
302.529
302.53
302.531
302.532
302.533
302.533
302.534
302.534
302.535
302.535
302.536
302.536
302.536
302.536
302.536
302.536
302.536
302.536
302.536
302.536
302.535
302.535
302.534
302.534
302.533
302.532
302.531
302.53
302.529
302.527
302.525
302.523
302.521
302.518
302.515
302.511
302.507
302.503
302.498
302.492
302.485
302.477
302.469
302.459
302.448
302.435
302.421
302.404
302.385
302.363
302.337
302.307
302.273
302.233
302.186
302.131
302.066
301.99
301.901
301.797
301.68
301.133
301.158
301.183
301.208
301.233
301.258
301.283
301.307
301.332
301.357
301.381
301.406
301.43
301.454
301.478
301.501
301.524
301.547
301.57
301.592
301.614
301.635
301.657
301.678
301.698
301.718
301.738
301.758
301.777
301.796
301.814
301.832
301.85
301.868
301.885
301.902
301.918
301.934
301.95
301.966
301.981
301.996
302.011
302.025
302.039
302.053
302.066
302.079
302.092
302.105
302.117
302.129
302.14
302.152
302.163
302.173
302.184
302.194
302.204
302.214
302.223
302.232
302.241
302.249
302.257
302.265
302.273
302.28
302.288
302.294
302.301
302.308
302.314
302.32
302.325
302.331
302.336
302.341
302.346
302.35
302.355
302.359
302.363
302.367
302.37
302.374
302.377
302.38
302.383
302.385
302.388
302.39
302.392
302.395
302.396
302.398
302.4
302.401
302.403
302.404
302.405
302.406
302.407
302.408
302.409
302.41
302.41
302.411
302.411
302.412
302.412
302.412
302.412
302.413
302.413
302.413
302.413
302.412
302.412
302.412
302.412
302.411
302.411
302.41
302.409
302.409
302.408
302.406
302.405
302.404
302.402
302.4
302.398
302.395
302.392
302.389
302.385
302.38
302.375
302.37
302.363
302.356
302.347
302.338
302.327
302.315
302.3
302.284
302.265
302.244
302.219
302.19
302.156
302.117
302.072
302.019
301.957
301.884
301.801
301.705
301.597
301.06
301.083
301.105
301.128
301.151
301.174
301.196
301.219
301.242
301.265
301.288
301.31
301.333
301.355
301.377
301.399
301.421
301.443
301.464
301.485
301.506
301.526
301.546
301.566
301.586
301.605
301.624
301.643
301.662
301.68
301.698
301.715
301.733
301.75
301.766
301.783
301.799
301.815
301.83
301.845
301.86
301.875
301.889
301.903
301.917
301.931
301.944
301.957
301.969
301.981
301.993
302.005
302.017
302.028
302.039
302.049
302.059
302.069
302.079
302.089
302.098
302.107
302.115
302.124
302.132
302.139
302.147
302.154
302.161
302.168
302.175
302.181
302.187
302.193
302.199
302.204
302.209
302.214
302.219
302.223
302.228
302.232
302.236
302.239
302.243
302.246
302.249
302.252
302.255
302.258
302.26
302.263
302.265
302.267
302.269
302.271
302.272
302.274
302.275
302.276
302.278
302.279
302.28
302.28
302.281
302.282
302.282
302.283
302.283
302.284
302.284
302.284
302.285
302.285
302.285
302.285
302.285
302.285
302.284
302.284
302.284
302.283
302.283
302.282
302.282
302.281
302.28
302.279
302.277
302.276
302.274
302.272
302.27
302.268
302.265
302.261
302.258
302.253
302.249
302.243
302.237
302.23
302.222
302.212
302.202
302.19
302.176
302.16
302.142
302.121
302.097
302.069
302.036
301.999
301.955
301.904
301.845
301.777
301.699
301.61
301.511
300.987
301.007
301.027
301.048
301.069
301.09
301.111
301.132
301.153
301.173
301.194
301.215
301.236
301.257
301.277
301.298
301.318
301.338
301.358
301.378
301.397
301.417
301.436
301.455
301.473
301.492
301.51
301.528
301.545
301.563
301.58
301.597
301.614
301.63
301.646
301.662
301.678
301.693
301.708
301.723
301.737
301.751
301.765
301.779
301.792
301.806
301.818
301.831
301.843
301.855
301.867
301.879
301.89
301.901
301.911
301.922
301.932
301.941
301.951
301.96
301.969
301.978
301.986
301.995
302.003
302.01
302.018
302.025
302.032
302.039
302.045
302.051
302.057
302.063
302.068
302.074
302.079
302.084
302.088
302.093
302.097
302.101
302.105
302.108
302.112
302.115
302.118
302.121
302.124
302.127
302.129
302.131
302.133
302.135
302.137
302.139
302.141
302.142
302.143
302.145
302.146
302.147
302.148
302.149
302.149
302.15
302.151
302.151
302.152
302.152
302.152
302.153
302.153
302.153
302.153
302.153
302.153
302.153
302.153
302.152
302.152
302.152
302.151
302.151
302.15
302.149
302.148
302.147
302.146
302.144
302.143
302.141
302.139
302.136
302.134
302.131
302.127
302.123
302.118
302.113
302.107
302.1
302.092
302.083
302.073
302.061
302.048
302.033
302.015
301.995
301.971
301.944
301.913
301.877
301.836
301.787
301.732
301.668
301.595
301.514
301.424
300.913
300.931
300.95
300.969
300.988
301.006
301.025
301.044
301.064
301.083
301.102
301.121
301.14
301.159
301.178
301.197
301.216
301.234
301.253
301.271
301.289
301.307
301.325
301.343
301.361
301.378
301.395
301.412
301.429
301.446
301.462
301.478
301.494
301.51
301.525
301.54
301.555
301.57
301.584
301.599
301.613
301.626
301.64
301.653
301.666
301.679
301.691
301.703
301.715
301.727
301.738
301.75
301.76
301.771
301.781
301.791
301.801
301.811
301.82
301.829
301.838
301.847
301.855
301.863
301.871
301.878
301.885
301.892
301.899
301.906
301.912
301.918
301.924
301.93
301.935
301.94
301.945
301.95
301.954
301.959
301.963
301.967
301.97
301.974
301.977
301.981
301.984
301.987
301.989
301.992
301.994
301.996
301.998
302
302.002
302.004
302.005
302.007
302.008
302.009
302.011
302.012
302.013
302.013
302.014
302.015
302.015
302.016
302.016
302.017
302.017
302.017
302.017
302.017
302.018
302.018
302.018
302.017
302.017
302.017
302.017
302.016
302.016
302.015
302.015
302.014
302.013
302.012
302.011
302.009
302.008
302.006
302.004
302.002
301.999
301.996
301.993
301.989
301.984
301.979
301.974
301.967
301.959
301.951
301.941
301.93
301.917
301.902
301.885
301.866
301.843
301.818
301.788
301.754
301.714
301.669
301.617
301.557
301.49
301.416
301.334
300.84
300.856
300.873
300.89
300.907
300.924
300.941
300.958
300.976
300.993
301.01
301.028
301.045
301.062
301.08
301.097
301.114
301.131
301.149
301.166
301.182
301.199
301.216
301.232
301.249
301.265
301.281
301.297
301.313
301.328
301.344
301.359
301.374
301.389
301.404
301.418
301.432
301.446
301.46
301.474
301.487
301.5
301.513
301.526
301.538
301.551
301.563
301.574
301.586
301.597
301.608
301.619
301.629
301.64
301.65
301.659
301.669
301.678
301.687
301.696
301.705
301.713
301.721
301.729
301.736
301.743
301.751
301.757
301.764
301.77
301.776
301.782
301.788
301.794
301.799
301.804
301.809
301.813
301.818
301.822
301.826
301.83
301.833
301.837
301.84
301.843
301.846
301.849
301.852
301.854
301.856
301.859
301.861
301.863
301.864
301.866
301.867
301.869
301.87
301.871
301.872
301.873
301.874
301.875
301.876
301.876
301.877
301.878
301.878
301.878
301.879
301.879
301.879
301.879
301.879
301.879
301.879
301.879
301.879
301.879
301.878
301.878
301.878
301.877
301.876
301.876
301.875
301.874
301.873
301.872
301.87
301.868
301.866
301.864
301.862
301.859
301.856
301.852
301.848
301.843
301.837
301.831
301.824
301.816
301.806
301.796
301.783
301.769
301.753
301.734
301.713
301.689
301.66
301.628
301.591
301.549
301.5
301.446
301.385
301.317
301.243
300.767
300.782
300.797
300.812
300.827
300.843
300.858
300.873
300.889
300.905
300.92
300.936
300.952
300.967
300.983
300.999
301.015
301.03
301.046
301.061
301.077
301.092
301.108
301.123
301.138
301.153
301.168
301.183
301.198
301.212
301.226
301.241
301.255
301.269
301.283
301.296
301.31
301.323
301.336
301.349
301.362
301.374
301.386
301.398
301.41
301.422
301.433
301.445
301.456
301.466
301.477
301.487
301.497
301.507
301.517
301.526
301.535
301.544
301.553
301.561
301.57
301.578
301.585
301.593
301.6
301.607
301.614
301.621
301.627
301.633
301.639
301.645
301.65
301.656
301.661
301.666
301.67
301.675
301.679
301.683
301.687
301.691
301.694
301.698
301.701
301.704
301.707
301.709
301.712
301.714
301.716
301.719
301.721
301.722
301.724
301.726
301.727
301.729
301.73
301.731
301.732
301.733
301.734
301.735
301.735
301.736
301.736
301.737
301.737
301.738
301.738
301.738
301.738
301.739
301.739
301.739
301.739
301.738
301.738
301.738
301.738
301.737
301.737
301.737
301.736
301.735
301.734
301.734
301.733
301.731
301.73
301.728
301.726
301.724
301.722
301.719
301.716
301.713
301.709
301.704
301.699
301.693
301.686
301.678
301.669
301.659
301.648
301.634
301.619
301.601
301.581
301.558
301.532
301.501
301.467
301.428
301.383
301.333
301.278
301.217
301.15
300.696
300.709
300.722
300.735
300.749
300.763
300.776
300.79
300.804
300.818
300.832
300.846
300.86
300.874
300.888
300.903
300.917
300.931
300.945
300.959
300.973
300.987
301.001
301.015
301.029
301.043
301.057
301.07
301.084
301.097
301.111
301.124
301.137
301.15
301.163
301.175
301.188
301.2
301.213
301.225
301.237
301.248
301.26
301.271
301.283
301.294
301.304
301.315
301.326
301.336
301.346
301.356
301.365
301.375
301.384
301.393
301.401
301.41
301.418
301.426
301.434
301.442
301.449
301.456
301.463
301.47
301.477
301.483
301.489
301.495
301.501
301.506
301.512
301.517
301.522
301.526
301.531
301.535
301.539
301.543
301.547
301.55
301.554
301.557
301.56
301.563
301.566
301.568
301.571
301.573
301.575
301.577
301.579
301.581
301.583
301.584
301.585
301.587
301.588
301.589
301.59
301.591
301.592
301.593
301.593
301.594
301.594
301.595
301.595
301.596
301.596
301.596
301.596
301.596
301.596
301.596
301.596
301.596
301.596
301.596
301.596
301.595
301.595
301.595
301.594
301.593
301.593
301.592
301.591
301.59
301.588
301.587
301.585
301.583
301.581
301.578
301.575
301.572
301.568
301.564
301.559
301.553
301.547
301.54
301.531
301.522
301.511
301.498
301.484
301.467
301.449
301.427
301.402
301.374
301.343
301.307
301.266
301.221
301.171
301.116
301.057
300.625
300.637
300.649
300.66
300.672
300.684
300.697
300.709
300.721
300.733
300.746
300.758
300.771
300.784
300.796
300.809
300.822
300.834
300.847
300.86
300.872
300.885
300.898
300.91
300.923
300.935
300.948
300.96
300.973
300.985
300.997
301.009
301.021
301.033
301.045
301.057
301.068
301.08
301.091
301.102
301.113
301.124
301.135
301.146
301.156
301.167
301.177
301.187
301.196
301.206
301.216
301.225
301.234
301.243
301.251
301.26
301.268
301.276
301.284
301.292
301.299
301.306
301.313
301.32
301.327
301.333
301.339
301.345
301.351
301.357
301.362
301.368
301.373
301.377
301.382
301.387
301.391
301.395
301.399
301.403
301.406
301.41
301.413
301.416
301.419
301.422
301.424
301.427
301.429
301.431
301.433
301.435
301.437
301.439
301.44
301.442
301.443
301.444
301.446
301.447
301.448
301.449
301.449
301.45
301.451
301.451
301.452
301.452
301.453
301.453
301.453
301.453
301.454
301.454
301.454
301.454
301.454
301.454
301.454
301.453
301.453
301.453
301.452
301.452
301.451
301.451
301.45
301.449
301.448
301.447
301.446
301.445
301.443
301.441
301.439
301.437
301.434
301.431
301.427
301.423
301.419
301.414
301.408
301.401
301.393
301.384
301.374
301.362
301.349
301.333
301.316
301.296
301.273
301.248
301.219
301.186
301.15
301.109
301.064
301.015
300.963
300.557
300.567
300.577
300.588
300.598
300.609
300.619
300.63
300.641
300.652
300.663
300.674
300.685
300.696
300.707
300.718
300.729
300.741
300.752
300.763
300.775
300.786
300.797
300.808
300.82
300.831
300.842
300.853
300.865
300.876
300.887
300.898
300.909
300.919
300.93
300.941
300.951
300.962
300.972
300.983
300.993
301.003
301.013
301.023
301.032
301.042
301.051
301.06
301.07
301.078
301.087
301.096
301.104
301.113
301.121
301.129
301.136
301.144
301.151
301.158
301.165
301.172
301.179
301.185
301.191
301.198
301.203
301.209
301.215
301.22
301.225
301.23
301.235
301.239
301.244
301.248
301.252
301.256
301.26
301.263
301.266
301.27
301.273
301.276
301.278
301.281
301.284
301.286
301.288
301.29
301.292
301.294
301.296
301.297
301.299
301.3
301.302
301.303
301.304
301.305
301.306
301.307
301.307
301.308
301.309
301.309
301.31
301.31
301.31
301.311
301.311
301.311
301.311
301.312
301.312
301.312
301.312
301.311
301.311
301.311
301.311
301.311
301.31
301.31
301.309
301.309
301.308
301.307
301.307
301.306
301.304
301.303
301.302
301.3
301.298
301.296
301.293
301.29
301.287
301.283
301.279
301.274
301.269
301.262
301.255
301.247
301.237
301.227
301.214
301.2
301.184
301.166
301.146
301.122
301.096
301.067
301.034
300.998
300.959
300.916
300.869
300.491
300.499
300.508
300.517
300.526
300.536
300.545
300.554
300.564
300.573
300.583
300.592
300.602
300.612
300.621
300.631
300.641
300.651
300.661
300.671
300.681
300.691
300.701
300.711
300.721
300.731
300.741
300.75
300.76
300.77
300.78
300.79
300.8
300.81
300.819
300.829
300.838
300.848
300.857
300.867
300.876
300.885
300.894
300.903
300.912
300.92
300.929
300.938
300.946
300.954
300.962
300.97
300.978
300.985
300.993
301
301.007
301.014
301.021
301.028
301.034
301.041
301.047
301.053
301.059
301.064
301.07
301.075
301.08
301.085
301.09
301.094
301.099
301.103
301.107
301.111
301.115
301.119
301.122
301.125
301.129
301.132
301.135
301.137
301.14
301.142
301.145
301.147
301.149
301.151
301.153
301.155
301.156
301.158
301.159
301.16
301.162
301.163
301.164
301.165
301.166
301.166
301.167
301.168
301.168
301.169
301.169
301.17
301.17
301.17
301.171
301.171
301.171
301.171
301.171
301.171
301.171
301.171
301.171
301.171
301.17
301.17
301.17
301.169
301.169
301.169
301.168
301.167
301.166
301.166
301.164
301.163
301.162
301.16
301.159
301.157
301.154
301.152
301.149
301.145
301.141
301.137
301.132
301.126
301.119
301.112
301.103
301.093
301.082
301.069
301.055
301.039
301.02
300.999
300.976
300.95
300.921
300.889
300.855
300.817
300.777
300.427
300.435
300.443
300.45
300.458
300.466
300.474
300.482
300.49
300.498
300.506
300.515
300.523
300.531
300.54
300.548
300.557
300.565
300.574
300.583
300.591
300.6
300.609
300.617
300.626
300.635
300.644
300.652
300.661
300.67
300.678
300.687
300.696
300.704
300.713
300.722
300.73
300.738
300.747
300.755
300.763
300.772
300.78
300.788
300.796
300.804
300.811
300.819
300.826
300.834
300.841
300.848
300.855
300.862
300.869
300.876
300.882
300.889
300.895
300.901
300.907
300.913
300.918
300.924
300.929
300.934
300.94
300.944
300.949
300.954
300.958
300.962
300.967
300.97
300.974
300.978
300.981
300.985
300.988
300.991
300.994
300.997
301
301.002
301.005
301.007
301.009
301.011
301.013
301.015
301.017
301.018
301.02
301.021
301.022
301.024
301.025
301.026
301.027
301.028
301.028
301.029
301.03
301.03
301.031
301.031
301.032
301.032
301.033
301.033
301.033
301.033
301.033
301.033
301.034
301.034
301.033
301.033
301.033
301.033
301.033
301.033
301.032
301.032
301.032
301.031
301.031
301.03
301.029
301.028
301.028
301.026
301.025
301.024
301.022
301.02
301.018
301.016
301.013
301.01
301.007
301.002
300.998
300.993
300.987
300.98
300.972
300.963
300.953
300.942
300.929
300.914
300.898
300.879
300.859
300.836
300.811
300.783
300.753
300.721
300.686
300.367
300.374
300.38
300.387
300.393
300.4
300.407
300.414
300.42
300.427
300.434
300.441
300.448
300.456
300.463
300.47
300.477
300.485
300.492
300.499
300.507
300.514
300.522
300.529
300.537
300.544
300.552
300.56
300.567
300.575
300.582
300.59
300.597
300.605
300.612
300.62
300.627
300.635
300.642
300.649
300.657
300.664
300.671
300.678
300.685
300.692
300.699
300.706
300.713
300.719
300.726
300.732
300.738
300.745
300.751
300.757
300.763
300.768
300.774
300.78
300.785
300.79
300.795
300.8
300.805
300.81
300.814
300.819
300.823
300.827
300.831
300.835
300.839
300.843
300.846
300.849
300.853
300.856
300.859
300.861
300.864
300.867
300.869
300.871
300.874
300.876
300.878
300.88
300.881
300.883
300.885
300.886
300.888
300.889
300.89
300.891
300.892
300.893
300.894
300.895
300.896
300.896
300.897
300.897
300.898
300.898
300.899
300.899
300.899
300.9
300.9
300.9
300.9
300.9
300.9
300.9
300.9
300.9
300.9
300.9
300.9
300.9
300.899
300.899
300.899
300.898
300.898
300.897
300.897
300.896
300.895
300.894
300.893
300.892
300.89
300.889
300.887
300.885
300.882
300.879
300.876
300.873
300.868
300.864
300.858
300.852
300.845
300.838
300.829
300.819
300.807
300.794
300.78
300.764
300.746
300.727
300.705
300.681
300.656
300.628
300.599
300.311
300.317
300.322
300.327
300.333
300.338
300.344
300.35
300.356
300.361
300.367
300.373
300.379
300.385
300.391
300.397
300.403
300.41
300.416
300.422
300.428
300.435
300.441
300.447
300.454
300.46
300.467
300.473
300.48
300.486
300.492
300.499
300.505
300.512
300.518
300.525
300.531
300.538
300.544
300.55
300.557
300.563
300.569
300.575
300.581
300.588
300.594
300.599
300.605
300.611
300.617
300.623
300.628
300.634
300.639
300.644
300.649
300.655
300.66
300.664
300.669
300.674
300.678
300.683
300.687
300.691
300.695
300.699
300.703
300.707
300.711
300.714
300.717
300.721
300.724
300.727
300.73
300.733
300.735
300.738
300.74
300.743
300.745
300.747
300.749
300.751
300.753
300.754
300.756
300.757
300.759
300.76
300.761
300.763
300.764
300.765
300.766
300.767
300.767
300.768
300.769
300.769
300.77
300.77
300.771
300.771
300.772
300.772
300.772
300.772
300.773
300.773
300.773
300.773
300.773
300.773
300.773
300.773
300.773
300.773
300.773
300.772
300.772
300.772
300.772
300.771
300.771
300.77
300.77
300.769
300.768
300.767
300.766
300.765
300.764
300.763
300.761
300.759
300.757
300.754
300.752
300.748
300.745
300.741
300.736
300.731
300.725
300.718
300.71
300.701
300.691
300.68
300.668
300.654
300.639
300.622
300.604
300.584
300.562
300.539
300.514
300.259
300.264
300.268
300.273
300.277
300.282
300.286
300.291
300.296
300.301
300.305
300.31
300.315
300.32
300.325
300.33
300.335
300.341
300.346
300.351
300.356
300.361
300.367
300.372
300.377
300.383
300.388
300.393
300.399
300.404
300.41
300.415
300.421
300.426
300.432
300.437
300.442
300.448
300.453
300.459
300.464
300.469
300.475
300.48
300.485
300.49
300.496
300.501
300.506
300.511
300.516
300.521
300.525
300.53
300.535
300.539
300.544
300.548
300.553
300.557
300.561
300.565
300.569
300.573
300.577
300.581
300.584
300.588
300.591
300.594
300.597
300.601
300.604
300.606
300.609
300.612
300.614
300.617
300.619
300.621
300.624
300.626
300.628
300.63
300.631
300.633
300.635
300.636
300.638
300.639
300.64
300.641
300.643
300.644
300.645
300.645
300.646
300.647
300.648
300.648
300.649
300.65
300.65
300.651
300.651
300.651
300.652
300.652
300.652
300.652
300.653
300.653
300.653
300.653
300.653
300.653
300.653
300.653
300.653
300.653
300.653
300.652
300.652
300.652
300.652
300.651
300.651
300.651
300.65
300.649
300.649
300.648
300.647
300.646
300.645
300.644
300.642
300.641
300.639
300.637
300.634
300.632
300.628
300.625
300.621
300.616
300.611
300.605
300.599
300.591
300.583
300.573
300.563
300.551
300.539
300.525
300.509
300.493
300.475
300.455
300.435
300.212
300.216
300.219
300.223
300.227
300.23
300.234
300.238
300.242
300.246
300.25
300.253
300.257
300.261
300.266
300.27
300.274
300.278
300.282
300.286
300.291
300.295
300.299
300.304
300.308
300.312
300.317
300.321
300.326
300.33
300.335
300.339
300.344
300.348
300.353
300.357
300.362
300.366
300.371
300.375
300.38
300.384
300.389
300.393
300.398
300.402
300.406
300.411
300.415
300.419
300.423
300.427
300.431
300.435
300.439
300.443
300.447
300.451
300.455
300.458
300.462
300.465
300.469
300.472
300.475
300.478
300.482
300.485
300.487
300.49
300.493
300.496
300.498
300.501
300.503
300.506
300.508
300.51
300.512
300.514
300.516
300.518
300.519
300.521
300.523
300.524
300.525
300.527
300.528
300.529
300.53
300.531
300.532
300.533
300.534
300.535
300.536
300.536
300.537
300.538
300.538
300.539
300.539
300.539
300.54
300.54
300.54
300.541
300.541
300.541
300.541
300.541
300.541
300.541
300.541
300.542
300.542
300.541
300.541
300.541
300.541
300.541
300.541
300.541
300.54
300.54
300.54
300.539
300.539
300.539
300.538
300.537
300.537
300.536
300.535
300.534
300.532
300.531
300.529
300.528
300.526
300.523
300.521
300.518
300.514
300.51
300.506
300.501
300.495
300.489
300.482
300.474
300.466
300.456
300.446
300.434
300.422
300.408
300.393
300.378
300.361
300.17
300.173
300.176
300.179
300.181
300.184
300.187
300.19
300.193
300.197
300.2
300.203
300.206
300.209
300.212
300.216
300.219
300.222
300.226
300.229
300.232
300.236
300.239
300.243
300.246
300.25
300.253
300.257
300.261
300.264
300.268
300.271
300.275
300.279
300.282
300.286
300.29
300.293
300.297
300.301
300.304
300.308
300.312
300.315
300.319
300.323
300.326
300.33
300.333
300.337
300.34
300.344
300.347
300.35
300.354
300.357
300.36
300.363
300.366
300.369
300.372
300.375
300.378
300.381
300.384
300.386
300.389
300.391
300.394
300.396
300.399
300.401
300.403
300.405
300.407
300.409
300.411
300.413
300.415
300.416
300.418
300.419
300.421
300.422
300.424
300.425
300.426
300.427
300.428
300.429
300.43
300.431
300.432
300.433
300.434
300.434
300.435
300.435
300.436
300.436
300.437
300.437
300.438
300.438
300.438
300.439
300.439
300.439
300.439
300.439
300.44
300.44
300.44
300.44
300.44
300.44
300.44
300.44
300.44
300.44
300.44
300.44
300.439
300.439
300.439
300.439
300.438
300.438
300.438
300.437
300.437
300.436
300.436
300.435
300.434
300.433
300.432
300.431
300.43
300.428
300.427
300.425
300.422
300.42
300.417
300.414
300.41
300.406
300.402
300.397
300.391
300.385
300.378
300.37
300.361
300.352
300.342
300.331
300.319
300.307
300.294
300.133
300.135
300.137
300.14
300.142
300.144
300.147
300.149
300.151
300.154
300.156
300.159
300.161
300.163
300.166
300.169
300.171
300.174
300.176
300.179
300.182
300.184
300.187
300.19
300.193
300.195
300.198
300.201
300.204
300.207
300.209
300.212
300.215
300.218
300.221
300.224
300.227
300.23
300.233
300.236
300.238
300.241
300.244
300.247
300.25
300.253
300.256
300.259
300.261
300.264
300.267
300.27
300.273
300.275
300.278
300.281
300.283
300.286
300.288
300.291
300.293
300.295
300.298
300.3
300.302
300.305
300.307
300.309
300.311
300.313
300.315
300.317
300.318
300.32
300.322
300.323
300.325
300.326
300.328
300.329
300.331
300.332
300.333
300.334
300.335
300.337
300.338
300.338
300.339
300.34
300.341
300.342
300.343
300.343
300.344
300.344
300.345
300.345
300.346
300.346
300.347
300.347
300.347
300.348
300.348
300.348
300.348
300.349
300.349
300.349
300.349
300.349
300.349
300.349
300.349
300.349
300.349
300.349
300.349
300.349
300.349
300.349
300.349
300.349
300.348
300.348
300.348
300.348
300.347
300.347
300.347
300.346
300.346
300.345
300.345
300.344
300.343
300.342
300.341
300.34
300.338
300.337
300.335
300.333
300.331
300.328
300.325
300.322
300.318
300.314
300.31
300.305
300.299
300.293
300.286
300.279
300.271
300.263
300.253
300.244
300.233
300.102
300.103
300.105
300.107
300.108
300.11
300.112
300.113
300.115
300.117
300.119
300.121
300.123
300.125
300.126
300.128
300.13
300.132
300.134
300.136
300.138
300.14
300.142
300.145
300.147
300.149
300.151
300.153
300.155
300.157
300.16
300.162
300.164
300.166
300.168
300.171
300.173
300.175
300.177
300.18
300.182
300.184
300.186
300.189
300.191
300.193
300.195
300.198
300.2
300.202
300.204
300.206
300.209
300.211
300.213
300.215
300.217
300.219
300.221
300.223
300.225
300.227
300.229
300.23
300.232
300.234
300.236
300.237
300.239
300.24
300.242
300.244
300.245
300.246
300.248
300.249
300.25
300.252
300.253
300.254
300.255
300.256
300.257
300.258
300.259
300.26
300.26
300.261
300.262
300.263
300.263
300.264
300.265
300.265
300.266
300.266
300.267
300.267
300.267
300.268
300.268
300.268
300.269
300.269
300.269
300.269
300.269
300.27
300.27
300.27
300.27
300.27
300.27
300.27
300.27
300.27
300.27
300.27
300.27
300.27
300.27
300.27
300.27
300.27
300.269
300.269
300.269
300.269
300.269
300.268
300.268
300.268
300.267
300.267
300.266
300.266
300.265
300.264
300.263
300.262
300.261
300.26
300.259
300.257
300.255
300.253
300.251
300.248
300.246
300.242
300.239
300.235
300.231
300.226
300.221
300.215
300.209
300.203
300.196
300.188
300.181
300.075
300.076
300.078
300.079
300.08
300.081
300.083
300.084
300.085
300.087
300.088
300.089
300.091
300.092
300.093
300.095
300.096
300.098
300.099
300.101
300.102
300.104
300.105
300.107
300.108
300.11
300.112
300.113
300.115
300.116
300.118
300.12
300.121
300.123
300.125
300.126
300.128
300.13
300.131
300.133
300.135
300.137
300.138
300.14
300.142
300.143
300.145
300.147
300.148
300.15
300.152
300.153
300.155
300.157
300.158
300.16
300.161
300.163
300.164
300.166
300.167
300.169
300.17
300.172
300.173
300.174
300.176
300.177
300.178
300.18
300.181
300.182
300.183
300.184
300.185
300.186
300.187
300.188
300.189
300.19
300.191
300.192
300.192
300.193
300.194
300.195
300.195
300.196
300.196
300.197
300.197
300.198
300.198
300.199
300.199
300.2
300.2
300.2
300.201
300.201
300.201
300.201
300.202
300.202
300.202
300.202
300.202
300.202
300.203
300.203
300.203
300.203
300.203
300.203
300.203
300.203
300.203
300.203
300.203
300.203
300.203
300.203
300.203
300.202
300.202
300.202
300.202
300.202
300.202
300.202
300.201
300.201
300.201
300.2
300.2
300.199
300.199
300.198
300.198
300.197
300.196
300.195
300.194
300.193
300.191
300.19
300.188
300.186
300.184
300.182
300.179
300.176
300.173
300.169
300.166
300.161
300.157
300.152
300.147
300.142
300.136
300.054
300.055
300.056
300.056
300.057
300.058
300.059
300.06
300.061
300.062
300.063
300.064
300.065
300.066
300.067
300.068
300.069
300.07
300.071
300.072
300.073
300.074
300.075
300.077
300.078
300.079
300.08
300.081
300.082
300.083
300.085
300.086
300.087
300.088
300.089
300.091
300.092
300.093
300.094
300.096
300.097
300.098
300.099
300.1
300.102
300.103
300.104
300.105
300.107
300.108
300.109
300.11
300.112
300.113
300.114
300.115
300.116
300.117
300.118
300.12
300.121
300.122
300.123
300.124
300.125
300.126
300.127
300.128
300.129
300.13
300.131
300.132
300.132
300.133
300.134
300.135
300.136
300.136
300.137
300.138
300.138
300.139
300.139
300.14
300.141
300.141
300.142
300.142
300.143
300.143
300.143
300.144
300.144
300.144
300.145
300.145
300.145
300.146
300.146
300.146
300.146
300.146
300.147
300.147
300.147
300.147
300.147
300.147
300.147
300.147
300.147
300.147
300.147
300.147
300.148
300.148
300.148
300.148
300.147
300.147
300.147
300.147
300.147
300.147
300.147
300.147
300.147
300.147
300.147
300.147
300.146
300.146
300.146
300.146
300.145
300.145
300.145
300.144
300.144
300.143
300.142
300.142
300.141
300.14
300.139
300.138
300.137
300.135
300.134
300.132
300.13
300.128
300.126
300.123
300.12
300.117
300.114
300.111
300.107
300.103
300.099
300.037
300.038
300.038
300.039
300.04
300.04
300.041
300.041
300.042
300.043
300.043
300.044
300.045
300.046
300.046
300.047
300.048
300.048
300.049
300.05
300.051
300.051
300.052
300.053
300.054
300.054
300.055
300.056
300.057
300.058
300.058
300.059
300.06
300.061
300.062
300.063
300.064
300.064
300.065
300.066
300.067
300.068
300.069
300.07
300.071
300.071
300.072
300.073
300.074
300.075
300.076
300.077
300.077
300.078
300.079
300.08
300.081
300.082
300.082
300.083
300.084
300.085
300.086
300.086
300.087
300.088
300.088
300.089
300.09
300.091
300.091
300.092
300.092
300.093
300.094
300.094
300.095
300.095
300.096
300.096
300.097
300.097
300.098
300.098
300.098
300.099
300.099
300.1
300.1
300.1
300.1
300.101
300.101
300.101
300.101
300.102
300.102
300.102
300.102
300.102
300.103
300.103
300.103
300.103
300.103
300.103
300.103
300.103
300.103
300.103
300.103
300.103
300.104
300.104
300.104
300.104
300.104
300.104
300.104
300.104
300.104
300.103
300.103
300.103
300.103
300.103
300.103
300.103
300.103
300.103
300.103
300.103
300.102
300.102
300.102
300.102
300.101
300.101
300.101
300.1
300.1
300.099
300.099
300.098
300.097
300.097
300.096
300.095
300.094
300.092
300.091
300.09
300.088
300.086
300.084
300.082
300.08
300.078
300.075
300.072
300.069
300.025
300.025
300.026
300.026
300.026
300.027
300.027
300.028
300.028
300.028
300.029
300.029
300.03
300.03
300.031
300.031
300.032
300.032
300.033
300.033
300.034
300.034
300.035
300.035
300.036
300.036
300.037
300.037
300.038
300.038
300.039
300.04
300.04
300.041
300.041
300.042
300.042
300.043
300.044
300.044
300.045
300.045
300.046
300.047
300.047
300.048
300.048
300.049
300.05
300.05
300.051
300.051
300.052
300.052
300.053
300.054
300.054
300.055
300.055
300.056
300.056
300.057
300.057
300.058
300.059
300.059
300.06
300.06
300.06
300.061
300.061
300.062
300.062
300.063
300.063
300.063
300.064
300.064
300.065
300.065
300.065
300.066
300.066
300.066
300.066
300.067
300.067
300.067
300.068
300.068
300.068
300.068
300.068
300.069
300.069
300.069
300.069
300.069
300.069
300.069
300.069
300.07
300.07
300.07
300.07
300.07
300.07
300.07
300.07
300.07
300.07
300.07
300.07
300.07
300.07
300.07
300.07
300.07
300.07
300.07
300.07
300.07
300.07
300.07
300.07
300.07
300.07
300.07
300.07
300.07
300.07
300.069
300.069
300.069
300.069
300.069
300.069
300.068
300.068
300.068
300.068
300.067
300.067
300.066
300.066
300.065
300.065
300.064
300.063
300.063
300.062
300.061
300.059
300.058
300.057
300.056
300.054
300.052
300.051
300.049
300.047
300.016
300.016
300.016
300.017
300.017
300.017
300.018
300.018
300.018
300.018
300.019
300.019
300.019
300.02
300.02
300.02
300.021
300.021
300.021
300.021
300.022
300.022
300.023
300.023
300.023
300.024
300.024
300.024
300.025
300.025
300.025
300.026
300.026
300.026
300.027
300.027
300.028
300.028
300.028
300.029
300.029
300.03
300.03
300.03
300.031
300.031
300.032
300.032
300.032
300.033
300.033
300.033
300.034
300.034
300.035
300.035
300.035
300.036
300.036
300.037
300.037
300.037
300.038
300.038
300.038
300.039
300.039
300.039
300.04
300.04
300.04
300.041
300.041
300.041
300.041
300.042
300.042
300.042
300.042
300.043
300.043
300.043
300.043
300.044
300.044
300.044
300.044
300.044
300.044
300.045
300.045
300.045
300.045
300.045
300.045
300.045
300.045
300.046
300.046
300.046
300.046
300.046
300.046
300.046
300.046
300.046
300.046
300.046
300.046
300.046
300.046
300.046
300.046
300.046
300.046
300.046
300.046
300.046
300.046
300.046
300.046
300.046
300.046
300.046
300.046
300.046
300.046
300.046
300.046
300.046
300.046
300.046
300.046
300.046
300.046
300.045
300.045
300.045
300.045
300.045
300.045
300.044
300.044
300.044
300.043
300.043
300.043
300.042
300.042
300.041
300.041
300.04
300.039
300.038
300.038
300.037
300.036
300.035
300.033
300.032
300.031
300.01
300.011
300.011
300.011
300.011
300.011
300.011
300.012
300.012
300.012
300.012
300.012
300.013
300.013
300.013
300.013
300.013
300.014
300.014
300.014
300.014
300.014
300.015
300.015
300.015
300.015
300.016
300.016
300.016
300.016
300.017
300.017
300.017
300.017
300.018
300.018
300.018
300.018
300.019
300.019
300.019
300.019
300.02
300.02
300.02
300.02
300.021
300.021
300.021
300.022
300.022
300.022
300.022
300.023
300.023
300.023
300.023
300.024
300.024
300.024
300.024
300.025
300.025
300.025
300.025
300.026
300.026
300.026
300.026
300.026
300.027
300.027
300.027
300.027
300.027
300.028
300.028
300.028
300.028
300.028
300.028
300.029
300.029
300.029
300.029
300.029
300.029
300.029
300.03
300.03
300.03
300.03
300.03
300.03
300.03
300.03
300.03
300.03
300.03
300.03
300.031
300.031
300.031
300.031
300.031
300.031
300.031
300.031
300.031
300.031
300.031
300.031
300.031
300.031
300.031
300.031
300.031
300.031
300.031
300.031
300.031
300.031
300.031
300.031
300.031
300.031
300.031
300.031
300.031
300.031
300.031
300.031
300.031
300.03
300.03
300.03
300.03
300.03
300.03
300.03
300.03
300.03
300.029
300.029
300.029
300.029
300.028
300.028
300.028
300.027
300.027
300.027
300.026
300.026
300.025
300.024
300.024
300.023
300.022
300.021
300.021
300.008
300.008
300.008
300.008
300.008
300.008
300.008
300.008
300.009
300.009
300.009
300.009
300.009
300.009
300.01
300.01
300.01
300.01
300.01
300.01
300.01
300.011
300.011
300.011
300.011
300.011
300.012
300.012
300.012
300.012
300.012
300.012
300.013
300.013
300.013
300.013
300.013
300.014
300.014
300.014
300.014
300.014
300.015
300.015
300.015
300.015
300.015
300.016
300.016
300.016
300.016
300.016
300.017
300.017
300.017
300.017
300.017
300.018
300.018
300.018
300.018
300.018
300.018
300.019
300.019
300.019
300.019
300.019
300.02
300.02
300.02
300.02
300.02
300.02
300.02
300.021
300.021
300.021
300.021
300.021
300.021
300.021
300.021
300.022
300.022
300.022
300.022
300.022
300.022
300.022
300.022
300.022
300.022
300.022
300.023
300.023
300.023
300.023
300.023
300.023
300.023
300.023
300.023
300.023
300.023
300.023
300.023
300.023
300.023
300.023
300.023
300.023
300.023
300.023
300.023
300.023
300.023
300.023
300.023
300.023
300.023
300.023
300.023
300.023
300.023
300.023
300.023
300.023
300.023
300.023
300.023
300.023
300.023
300.023
300.023
300.023
300.023
300.023
300.022
300.022
300.022
300.022
300.022
300.022
300.022
300.021
300.021
300.021
300.021
300.02
300.02
300.02
300.019
300.019
300.019
300.018
300.018
300.017
300.017
300.016
300.015
301.845
301.234
300.848
300.582
300.394
300.263
300.172
300.11
300.068
300.042
300.025
300.014
300.008
300.004
300.002
300.001
300
300
300
300
300
300
300
300
300
300
300
300
300
300
300
300
300
300
300
300
300
300
300
300
300
300
300
300
300
300
300
300
300
300
300
301.842
301.233
300.848
300.582
300.394
300.263
300.172
300.11
300.068
300.042
300.025
300.014
300.008
300.004
300.002
300.001
300
300
300
300
300
300
300
300
300
300
300
300
300
300
300
300
300
300
300
300
300
300
300
300
300
300
300
300
300
300
300
300
300
300
300
301.836
301.232
300.847
300.582
300.394
300.263
300.172
300.11
300.068
300.042
300.025
300.014
300.008
300.004
300.002
300.001
300
300
300
300
300
300
300
300
300
300
300
300
300
300
300
300
300
300
300
300
300
300
300
300
300
300
300
300
300
300
300
300
300
300
300
301.827
301.23
300.847
300.581
300.394
300.263
300.172
300.11
300.068
300.042
300.025
300.014
300.008
300.004
300.002
300.001
300
300
300
300
300
300
300
300
300
300
300
300
300
300
300
300
300
300
300
300
300
300
300
300
300
300
300
300
300
300
300
300
300
300
300
301.814
301.227
300.846
300.581
300.394
300.263
300.172
300.11
300.068
300.042
300.025
300.014
300.008
300.004
300.002
300.001
300
300
300
300
300
300
300
300
300
300
300
300
300
300
300
300
300
300
300
300
300
300
300
300
300
300
300
300
300
300
300
300
300
300
300
301.798
301.223
300.844
300.58
300.394
300.263
300.172
300.11
300.068
300.042
300.025
300.014
300.008
300.004
300.002
300.001
300
300
300
300
300
300
300
300
300
300
300
300
300
300
300
300
300
300
300
300
300
300
300
300
300
300
300
300
300
300
300
300
300
300
300
301.778
301.217
300.842
300.579
300.393
300.262
300.172
300.11
300.068
300.042
300.025
300.014
300.008
300.004
300.002
300.001
300
300
300
300
300
300
300
300
300
300
300
300
300
300
300
300
300
300
300
300
300
300
300
300
300
300
300
300
300
300
300
300
300
300
300
301.754
301.21
300.838
300.578
300.393
300.262
300.171
300.11
300.068
300.042
300.025
300.014
300.008
300.004
300.002
300.001
300
300
300
300
300
300
300
300
300
300
300
300
300
300
300
300
300
300
300
300
300
300
300
300
300
300
300
300
300
300
300
300
300
300
300
301.726
301.2
300.834
300.575
300.391
300.262
300.171
300.109
300.068
300.042
300.025
300.014
300.008
300.004
300.002
300.001
300
300
300
300
300
300
300
300
300
300
300
300
300
300
300
300
300
300
300
300
300
300
300
300
300
300
300
300
300
300
300
300
300
300
300
301.694
301.188
300.829
300.573
300.39
300.261
300.171
300.109
300.068
300.042
300.025
300.014
300.008
300.004
300.002
300.001
300
300
300
300
300
300
300
300
300
300
300
300
300
300
300
300
300
300
300
300
300
300
300
300
300
300
300
300
300
300
300
300
300
300
300
301.658
301.173
300.822
300.569
300.388
300.26
300.17
300.109
300.068
300.041
300.025
300.014
300.008
300.004
300.002
300.001
300
300
300
300
300
300
300
300
300
300
300
300
300
300
300
300
300
300
300
300
300
300
300
300
300
300
300
300
300
300
300
300
300
300
300
301.618
301.156
300.813
300.565
300.386
300.258
300.169
300.109
300.068
300.041
300.025
300.014
300.008
300.004
300.002
300.001
300
300
300
300
300
300
300
300
300
300
300
300
300
300
300
300
300
300
300
300
300
300
300
300
300
300
300
300
300
300
300
300
300
300
300
301.573
301.135
300.803
300.559
300.382
300.256
300.168
300.108
300.068
300.041
300.024
300.014
300.008
300.004
300.002
300.001
300
300
300
300
300
300
300
300
300
300
300
300
300
300
300
300
300
300
300
300
300
300
300
300
300
300
300
300
300
300
300
300
300
300
300
301.525
301.111
300.79
300.552
300.378
300.254
300.167
300.107
300.067
300.041
300.024
300.014
300.008
300.004
300.002
300.001
300
300
300
300
300
300
300
300
300
300
300
300
300
300
300
300
300
300
300
300
300
300
300
300
300
300
300
300
300
300
300
300
300
300
300
301.472
301.083
300.775
300.543
300.373
300.251
300.165
300.106
300.067
300.041
300.024
300.014
300.008
300.004
300.002
300.001
300
300
300
300
300
300
300
300
300
300
300
300
300
300
300
300
300
300
300
300
300
300
300
300
300
300
300
300
300
300
300
300
300
300
300
301.416
301.052
300.757
300.533
300.367
300.248
300.163
300.105
300.066
300.04
300.024
300.014
300.008
300.004
300.002
300.001
300
300
300
300
300
300
300
300
300
300
300
300
300
300
300
300
300
300
300
300
300
300
300
300
300
300
300
300
300
300
300
300
300
300
300
301.355
301.017
300.737
300.521
300.36
300.243
300.161
300.103
300.065
300.04
300.024
300.014
300.008
300.004
300.002
300.001
300
300
300
300
300
300
300
300
300
300
300
300
300
300
300
300
300
300
300
300
300
300
300
300
300
300
300
300
300
300
300
300
300
300
300
301.291
300.978
300.714
300.507
300.352
300.238
300.158
300.102
300.064
300.039
300.023
300.013
300.008
300.004
300.002
300.001
300
300
300
300
300
300
300
300
300
300
300
300
300
300
300
300
300
300
300
300
300
300
300
300
300
300
300
300
300
300
300
300
300
300
300
301.224
300.936
300.688
300.492
300.342
300.232
300.154
300.099
300.063
300.038
300.023
300.013
300.007
300.004
300.002
300.001
300
300
300
300
300
300
300
300
300
300
300
300
300
300
300
300
300
300
300
300
300
300
300
300
300
300
300
300
300
300
300
300
300
300
300
301.153
300.89
300.659
300.474
300.331
300.225
300.15
300.097
300.061
300.038
300.022
300.013
300.007
300.004
300.002
300.001
300
300
300
300
300
300
300
300
300
300
300
300
300
300
300
300
300
300
300
300
300
300
300
300
300
300
300
300
300
300
300
300
300
300
300
301.08
300.841
300.628
300.453
300.318
300.218
300.145
300.094
300.059
300.036
300.022
300.013
300.007
300.004
300.002
300.001
300
300
300
300
300
300
300
300
300
300
300
300
300
300
300
300
300
300
300
300
300
300
300
300
300
300
300
300
300
300
300
300
300
300
300
301.004
300.788
300.593
300.431
300.304
300.209
300.139
300.091
300.057
300.035
300.021
300.012
300.007
300.004
300.002
300.001
300
300
300
300
300
300
300
300
300
300
300
300
300
300
300
300
300
300
300
300
300
300
300
300
300
300
300
300
300
300
300
300
300
300
300
300.927
300.733
300.556
300.406
300.288
300.199
300.133
300.087
300.055
300.034
300.02
300.012
300.007
300.004
300.002
300.001
300
300
300
300
300
300
300
300
300
300
300
300
300
300
300
300
300
300
300
300
300
300
300
300
300
300
300
300
300
300
300
300
300
300
300
300.848
300.676
300.516
300.38
300.271
300.187
300.126
300.082
300.052
300.032
300.019
300.011
300.006
300.003
300.002
300.001
300
300
300
300
300
300
300
300
300
300
300
300
300
300
300
300
300
300
300
300
300
300
300
300
300
300
300
300
300
300
300
300
300
300
300
300.769
300.617
300.475
300.352
300.252
300.175
300.118
300.078
300.049
300.031
300.018
300.011
300.006
300.003
300.002
300.001
300
300
300
300
300
300
300
300
300
300
300
300
300
300
300
300
300
300
300
300
300
300
300
300
300
300
300
300
300
300
300
300
300
300
300
300.689
300.557
300.432
300.322
300.232
300.162
300.11
300.072
300.046
300.029
300.017
300.01
300.006
300.003
300.001
300.001
300
300
300
300
300
300
300
300
300
300
300
300
300
300
300
300
300
300
300
300
300
300
300
300
300
300
300
300
300
300
300
300
300
300
300
300.611
300.497
300.388
300.291
300.211
300.148
300.101
300.067
300.043
300.027
300.016
300.009
300.005
300.003
300.001
300.001
300
300
300
300
300
300
300
300
300
300
300
300
300
300
300
300
300
300
300
300
300
300
300
300
300
300
300
300
300
300
300
300
300
300
300
300.534
300.437
300.343
300.26
300.189
300.134
300.091
300.061
300.039
300.024
300.015
300.009
300.005
300.002
300.001
300
300
300
300
300
300
300
300
300
300
300
300
300
300
300
300
300
300
300
300
300
300
300
300
300
300
300
300
300
300
300
300
300
300
300
300
300.461
300.379
300.3
300.228
300.167
300.119
300.082
300.054
300.035
300.022
300.013
300.008
300.004
300.002
300.001
300
300
300
300
300
300
300
300
300
300
300
300
300
300
300
300
300
300
300
300
300
300
300
300
300
300
300
300
300
300
300
300
300
300
300
300
300.391
300.323
300.257
300.197
300.145
300.104
300.072
300.048
300.031
300.019
300.012
300.007
300.004
300.002
300.001
300
300
300
300
300
300
300
300
300
300
300
300
300
300
300
300
300
300
300
300
300
300
300
300
300
300
300
300
300
300
300
300
300
300
300
300
300.325
300.27
300.216
300.167
300.124
300.089
300.062
300.041
300.027
300.017
300.01
300.006
300.003
300.002
300.001
300
300
300
300
300
300
300
300
300
300
300
300
300
300
300
300
300
300
300
300
300
300
300
300
300
300
300
300
300
300
300
300
300
300
300
300
300.265
300.221
300.178
300.138
300.103
300.074
300.052
300.035
300.023
300.014
300.009
300.005
300.003
300.001
300.001
300
300
300
300
300
300
300
300
300
300
300
300
300
300
300
300
300
300
300
300
300
300
300
300
300
300
300
300
300
300
300
300
300
300
300
300
300.211
300.177
300.143
300.111
300.084
300.061
300.043
300.029
300.019
300.012
300.007
300.004
300.002
300.001
300
300
300
300
300
300
300
299.999
299.999
299.999
299.999
299.999
299.999
299.999
299.999
299.999
299.999
299.999
299.999
299.999
299.999
299.999
299.999
299.999
299.999
299.999
299.999
299.999
299.999
299.999
299.999
299.999
299.999
299.999
299.999
299.999
299.999
300.164
300.138
300.112
300.088
300.066
300.048
300.034
300.023
300.015
300.009
300.006
300.003
300.002
300.001
300
300
300
300
300
299.999
299.999
299.999
299.999
299.999
299.999
299.999
299.999
299.999
299.999
299.999
299.999
299.999
299.999
299.999
299.999
299.999
299.999
299.999
299.999
299.999
299.999
299.999
299.999
299.999
299.999
299.999
299.999
299.999
299.999
299.999
299.999
300.123
300.104
300.085
300.067
300.051
300.037
300.026
300.018
300.012
300.007
300.004
300.002
300.001
300
300
300
300
300
299.999
299.999
299.999
299.999
299.999
299.999
299.999
299.999
299.999
299.999
299.999
299.999
299.999
299.999
299.999
299.999
299.999
299.999
299.999
299.999
299.999
299.999
299.999
299.999
299.999
299.999
299.999
299.999
299.999
299.999
299.999
299.999
299.999
300.09
300.076
300.062
300.049
300.038
300.028
300.02
300.013
300.009
300.005
300.003
300.002
300.001
300
300
300
300
299.999
299.999
299.999
299.999
299.999
299.999
299.999
299.999
299.999
299.999
299.999
299.999
299.999
299.999
299.999
299.999
299.999
299.999
299.999
299.999
299.999
299.999
299.999
299.999
299.999
299.999
299.999
299.999
299.999
299.999
299.999
299.999
299.999
299.999
300.063
300.054
300.044
300.035
300.027
300.02
300.014
300.01
300.006
300.004
300.002
300.001
300
300
300
300
299.999
299.999
299.999
299.999
299.999
299.999
299.999
299.999
299.999
299.999
299.999
299.999
299.999
299.999
299.999
299.999
299.999
299.999
299.999
299.999
299.999
299.999
299.999
299.999
299.999
299.999
299.999
299.999
299.999
299.999
299.999
299.999
299.999
299.999
299.999
300.043
300.036
300.03
300.024
300.018
300.014
300.01
300.007
300.004
300.003
300.001
300.001
300
300
300
299.999
299.999
299.999
299.999
299.999
299.999
299.999
299.999
299.999
299.999
299.999
299.999
299.999
299.999
299.999
299.999
299.999
299.999
299.999
299.999
299.999
299.999
299.999
299.999
299.999
299.999
299.999
299.999
299.999
299.999
299.999
299.999
299.999
299.999
299.999
299.999
300.028
300.024
300.02
300.016
300.012
300.009
300.006
300.004
300.003
300.002
300.001
300
300
300
300
299.999
299.999
299.999
299.999
299.999
299.999
299.999
299.999
299.999
299.999
299.999
299.999
299.999
299.999
299.999
299.999
299.999
299.999
299.999
299.999
299.999
299.999
299.999
299.999
299.999
299.999
299.999
299.999
299.999
299.999
299.999
299.999
299.999
299.999
299.999
299.999
300.019
300.016
300.013
300.011
300.008
300.006
300.004
300.003
300.002
300.001
300
300
300
300
299.999
299.999
299.999
299.999
299.999
299.999
299.999
299.999
299.999
299.999
299.999
299.999
299.999
299.999
299.999
299.999
299.999
299.999
299.999
299.999
299.999
299.999
299.999
299.999
299.999
299.999
299.999
299.999
299.999
299.999
299.999
299.999
299.999
299.999
299.999
299.999
299.999
300.014
300.012
300.01
300.008
300.006
300.004
300.003
300.002
300.001
300.001
300
300
300
299.999
299.999
299.999
299.999
299.999
299.999
299.999
299.999
299.999
299.999
299.999
299.999
299.999
299.999
299.999
299.999
299.999
299.999
299.999
299.999
299.999
299.999
299.999
299.999
299.999
299.999
299.999
299.999
299.999
299.999
299.999
299.999
299.999
299.999
299.999
299.999
299.999
299.999
)
;

boundaryField
{
    inlet
    {
        type            fixedValue;
        value           uniform 300;
    }
    outlet
    {
        type            zeroGradient;
    }
    top
    {
        type            zeroGradient;
    }
    slip-bottom
    {
        type            zeroGradient;
    }
    bottom
    {
        type            zeroGradient;
    }
    interface
    {
        type            fixedGradient;
        gradient        nonuniform List<scalar> 
161
(
66.0493
66.0493
45.5516
45.5516
45.5516
45.5516
34.6515
34.6515
34.6515
34.6515
30.5288
30.5288
30.5288
29.8465
29.8465
29.8465
29.8465
27.7985
27.7985
27.7985
27.1468
27.1468
27.1468
26.7991
26.7991
26.7991
26.3529
26.3529
26.3529
25.9743
25.9743
25.9743
25.6451
25.6451
25.6451
25.3383
25.3383
25.3383
25.0618
25.0618
25.0618
24.526
24.526
24.9594
24.9594
24.9594
24.4692
24.4692
24.7337
24.7337
24.7337
24.3006
24.3006
24.3456
24.3456
24.3456
24.4538
24.4538
24.6119
24.6119
24.1678
24.1678
24.1725
24.1725
24.2366
24.2366
24.2338
24.2338
24.2338
24.2215
24.2215
24.2058
24.1881
24.1881
24.1661
24.1661
24.1513
24.1513
24.0385
24.0385
24.246
24.246
24.1945
24.1945
24.1342
24.052
24.052
24.179
24.179
24.1461
24.0612
24.0612
24.1579
24.097
24.097
24.1517
24.1517
24.1014
24.141
24.141
24.1029
24.1287
24.099
24.099
24.101
24.114
24.114
24.088
24.0931
24.0825
24.0825
24.083
24.0858
24.0869
24.0869
24.0868
24.0897
24.0925
24.0896
24.0896
24.1049
24.1072
24.1059
24.1046
24.082
24.1258
24.1258
24.1263
24.1169
24.1108
24.1028
24.0926
24.0799
24.0646
24.0468
24.0264
24.0039
23.9794
23.9537
23.9275
23.9018
23.8779
23.8573
23.8411
23.831
23.8296
23.8423
23.8804
23.9704
24.0395
23.6771
23.6678
24.0653
24.341
24.7467
25.2689
27.6625
25.3265
27.9308
30.6238
41.3851
)
;
    }
    defaultFaces
    {
        type            empty;
    }
}


// ************************************************************************* //
