/*--------------------------------*- C++ -*----------------------------------*\
| =========                 |                                                 |
| \\      /  F ield         | OpenFOAM: The Open Source CFD Toolbox           |
|  \\    /   O peration     | Version:  2106                                  |
|   \\  /    A nd           | Website:  www.openfoam.com                      |
|    \\/     M anipulation  |                                                 |
\*---------------------------------------------------------------------------*/
FoamFile
{
    version     2.0;
    format      ascii;
    arch        "LSB;label=32;scalar=64";
    class       volScalarField;
    location    "2.8";
    object      T;
}
// * * * * * * * * * * * * * * * * * * * * * * * * * * * * * * * * * * * * * //

dimensions      [0 0 0 1 0 0 0];

internalField   nonuniform List<scalar> 
12013
(
300.002
300.006
300.01
300.015
300.02
300.025
300.03
300.036
300.042
300.048
300.055
300.062
300.069
300.077
300.086
300.094
300.104
300.113
300.124
300.135
300.146
300.158
300.171
300.184
300.198
300.212
300.227
300.243
300.259
300.277
300.294
300.313
300.332
300.352
300.373
300.395
300.417
300.441
300.465
300.489
300.515
300.542
300.569
300.598
300.627
300.657
300.688
300.721
300.754
300.788
300.823
300.859
300.897
300.935
300.974
301.015
301.057
301.1
301.145
301.19
301.238
301.286
301.336
301.388
301.441
301.496
301.553
301.612
301.673
301.737
301.803
301.872
301.944
302.02
302.1
302.184
302.275
302.374
302.482
302.605
302.751
300.002
300.006
300.01
300.015
300.02
300.025
300.03
300.036
300.042
300.048
300.055
300.062
300.069
300.077
300.086
300.094
300.104
300.113
300.124
300.135
300.146
300.158
300.171
300.184
300.198
300.212
300.227
300.243
300.259
300.276
300.294
300.313
300.332
300.352
300.373
300.395
300.417
300.44
300.465
300.489
300.515
300.542
300.569
300.598
300.627
300.657
300.688
300.72
300.754
300.788
300.823
300.859
300.896
300.935
300.974
301.015
301.057
301.1
301.144
301.19
301.237
301.286
301.336
301.387
301.44
301.495
301.552
301.611
301.672
301.735
301.801
301.87
301.942
302.017
302.096
302.18
302.269
302.365
302.469
302.583
302.709
300.002
300.006
300.01
300.015
300.02
300.025
300.03
300.036
300.042
300.048
300.055
300.062
300.069
300.077
300.085
300.094
300.104
300.113
300.124
300.135
300.146
300.158
300.171
300.184
300.198
300.212
300.227
300.243
300.259
300.276
300.294
300.313
300.332
300.352
300.373
300.395
300.417
300.44
300.464
300.489
300.515
300.542
300.569
300.597
300.627
300.657
300.688
300.72
300.753
300.787
300.822
300.859
300.896
300.934
300.974
301.014
301.056
301.099
301.143
301.189
301.236
301.284
301.334
301.386
301.439
301.493
301.55
301.609
301.669
301.732
301.797
301.865
301.936
302.01
302.088
302.17
302.256
302.348
302.445
302.548
302.655
300.002
300.006
300.01
300.015
300.02
300.025
300.03
300.036
300.042
300.048
300.055
300.062
300.069
300.077
300.085
300.094
300.104
300.113
300.124
300.135
300.146
300.158
300.17
300.184
300.197
300.212
300.227
300.243
300.259
300.276
300.294
300.313
300.332
300.352
300.373
300.394
300.417
300.44
300.464
300.489
300.515
300.541
300.569
300.597
300.626
300.656
300.688
300.72
300.753
300.787
300.822
300.858
300.895
300.933
300.973
301.013
301.055
301.098
301.142
301.187
301.234
301.282
301.332
301.383
301.436
301.49
301.547
301.605
301.665
301.727
301.791
301.858
301.928
302
302.076
302.154
302.237
302.323
302.412
302.504
302.597
300.002
300.006
300.01
300.015
300.02
300.025
300.03
300.036
300.042
300.048
300.055
300.062
300.069
300.077
300.085
300.094
300.104
300.113
300.124
300.134
300.146
300.158
300.17
300.184
300.197
300.212
300.227
300.243
300.259
300.276
300.294
300.313
300.332
300.352
300.373
300.394
300.417
300.44
300.464
300.489
300.514
300.541
300.568
300.596
300.626
300.656
300.687
300.719
300.752
300.786
300.821
300.857
300.894
300.932
300.971
301.011
301.053
301.096
301.14
301.185
301.231
301.279
301.329
301.379
301.432
301.486
301.541
301.599
301.658
301.719
301.782
301.848
301.915
301.986
302.058
302.134
302.211
302.291
302.373
302.456
302.538
300.002
300.006
300.01
300.015
300.02
300.025
300.03
300.036
300.042
300.048
300.055
300.062
300.069
300.077
300.085
300.094
300.103
300.113
300.124
300.134
300.146
300.158
300.17
300.183
300.197
300.212
300.227
300.242
300.259
300.276
300.294
300.312
300.331
300.352
300.372
300.394
300.416
300.439
300.463
300.488
300.514
300.54
300.567
300.596
300.625
300.655
300.686
300.718
300.751
300.784
300.819
300.855
300.892
300.93
300.969
301.009
301.051
301.093
301.137
301.182
301.228
301.275
301.324
301.374
301.426
301.479
301.534
301.591
301.649
301.709
301.77
301.834
301.9
301.967
302.037
302.108
302.181
302.255
302.33
302.405
302.479
300.002
300.006
300.01
300.015
300.02
300.025
300.03
300.036
300.042
300.048
300.055
300.062
300.069
300.077
300.085
300.094
300.103
300.113
300.123
300.134
300.146
300.158
300.17
300.183
300.197
300.211
300.226
300.242
300.259
300.276
300.293
300.312
300.331
300.351
300.372
300.393
300.416
300.439
300.463
300.487
300.513
300.539
300.567
300.595
300.624
300.654
300.684
300.716
300.749
300.783
300.817
300.853
300.89
300.928
300.966
301.006
301.047
301.089
301.133
301.177
301.223
301.27
301.318
301.368
301.419
301.471
301.525
301.58
301.637
301.696
301.755
301.817
301.88
301.944
302.01
302.078
302.146
302.214
302.283
302.351
302.418
300.002
300.006
300.01
300.015
300.02
300.025
300.03
300.036
300.042
300.048
300.055
300.062
300.069
300.077
300.085
300.094
300.103
300.113
300.123
300.134
300.145
300.157
300.17
300.183
300.197
300.211
300.226
300.242
300.258
300.275
300.293
300.311
300.331
300.351
300.371
300.393
300.415
300.438
300.462
300.486
300.512
300.538
300.565
300.593
300.622
300.652
300.683
300.714
300.747
300.781
300.815
300.85
300.887
300.924
300.963
301.003
301.043
301.085
301.128
301.172
301.217
301.263
301.311
301.36
301.41
301.461
301.514
301.568
301.623
301.679
301.737
301.796
301.857
301.918
301.98
302.043
302.107
302.17
302.234
302.296
302.357
300.002
300.006
300.01
300.015
300.02
300.025
300.03
300.036
300.042
300.048
300.054
300.062
300.069
300.077
300.085
300.094
300.103
300.113
300.123
300.134
300.145
300.157
300.17
300.183
300.196
300.211
300.226
300.241
300.258
300.275
300.292
300.311
300.33
300.35
300.37
300.392
300.414
300.437
300.461
300.485
300.511
300.537
300.564
300.592
300.62
300.65
300.681
300.712
300.744
300.778
300.812
300.847
300.883
300.921
300.959
300.998
301.038
301.079
301.122
301.165
301.209
301.255
301.302
301.35
301.398
301.449
301.5
301.552
301.606
301.66
301.716
301.772
301.83
301.888
301.946
302.005
302.065
302.123
302.182
302.239
302.296
300.002
300.006
300.01
300.015
300.02
300.025
300.03
300.036
300.042
300.048
300.054
300.061
300.069
300.077
300.085
300.094
300.103
300.113
300.123
300.134
300.145
300.157
300.169
300.182
300.196
300.21
300.225
300.241
300.257
300.274
300.292
300.31
300.329
300.349
300.369
300.391
300.413
300.436
300.459
300.484
300.509
300.535
300.562
300.59
300.618
300.648
300.678
300.709
300.741
300.774
300.808
300.843
300.879
300.916
300.953
300.992
301.032
301.072
301.114
301.157
301.2
301.245
301.291
301.337
301.385
301.434
301.483
301.534
301.585
301.638
301.691
301.745
301.799
301.854
301.909
301.964
302.019
302.074
302.128
302.181
302.233
300.002
300.006
300.01
300.015
300.02
300.025
300.03
300.036
300.041
300.048
300.054
300.061
300.069
300.076
300.085
300.093
300.103
300.112
300.123
300.133
300.145
300.156
300.169
300.182
300.196
300.21
300.225
300.24
300.256
300.273
300.291
300.309
300.328
300.348
300.368
300.389
300.411
300.434
300.458
300.482
300.507
300.533
300.56
300.587
300.615
300.645
300.675
300.706
300.737
300.77
300.804
300.838
300.874
300.91
300.947
300.985
301.024
301.064
301.105
301.147
301.189
301.233
301.277
301.323
301.369
301.416
301.464
301.513
301.562
301.612
301.663
301.714
301.765
301.817
301.869
301.92
301.972
302.023
302.073
302.122
302.17
300.002
300.006
300.01
300.015
300.02
300.025
300.03
300.035
300.041
300.048
300.054
300.061
300.068
300.076
300.085
300.093
300.102
300.112
300.122
300.133
300.144
300.156
300.168
300.181
300.195
300.209
300.224
300.239
300.256
300.272
300.29
300.308
300.327
300.346
300.367
300.388
300.41
300.432
300.456
300.48
300.505
300.53
300.557
300.584
300.612
300.641
300.671
300.701
300.733
300.765
300.798
300.832
300.867
300.903
300.939
300.977
301.015
301.054
301.094
301.135
301.176
301.219
301.262
301.306
301.351
301.396
301.442
301.489
301.536
301.584
301.632
301.68
301.729
301.777
301.826
301.874
301.922
301.969
302.016
302.061
302.106
300.002
300.006
300.01
300.015
300.02
300.025
300.03
300.035
300.041
300.047
300.054
300.061
300.068
300.076
300.084
300.093
300.102
300.112
300.122
300.132
300.144
300.155
300.168
300.181
300.194
300.208
300.223
300.238
300.254
300.271
300.289
300.307
300.325
300.345
300.365
300.386
300.408
300.43
300.453
300.477
300.502
300.527
300.553
300.58
300.608
300.637
300.666
300.696
300.727
300.759
300.792
300.825
300.859
300.894
300.93
300.967
301.004
301.042
301.081
301.121
301.162
301.203
301.244
301.287
301.33
301.374
301.418
301.462
301.507
301.552
301.598
301.643
301.689
301.735
301.78
301.825
301.87
301.914
301.957
302
302.041
300.002
300.006
300.01
300.015
300.019
300.024
300.03
300.035
300.041
300.047
300.054
300.061
300.068
300.076
300.084
300.093
300.102
300.111
300.121
300.132
300.143
300.155
300.167
300.18
300.193
300.207
300.222
300.237
300.253
300.27
300.287
300.305
300.324
300.343
300.363
300.384
300.405
300.427
300.45
300.474
300.498
300.523
300.549
300.576
300.603
300.632
300.661
300.69
300.721
300.752
300.784
300.817
300.85
300.885
300.92
300.955
300.992
301.029
301.067
301.105
301.144
301.184
301.224
301.265
301.306
301.348
301.39
301.433
301.475
301.518
301.561
301.604
301.647
301.69
301.732
301.774
301.816
301.857
301.897
301.937
301.976
300.002
300.006
300.01
300.015
300.019
300.024
300.03
300.035
300.041
300.047
300.054
300.06
300.068
300.075
300.084
300.092
300.101
300.111
300.121
300.131
300.142
300.154
300.166
300.179
300.192
300.206
300.221
300.236
300.252
300.268
300.285
300.303
300.322
300.341
300.361
300.381
300.402
300.424
300.447
300.47
300.494
300.519
300.545
300.571
300.598
300.626
300.654
300.683
300.713
300.744
300.775
300.807
300.84
300.873
300.907
300.942
300.978
301.014
301.05
301.087
301.125
301.163
301.202
301.241
301.28
301.32
301.36
301.4
301.441
301.481
301.522
301.562
301.602
301.642
301.682
301.721
301.76
301.798
301.836
301.873
301.909
300.002
300.006
300.01
300.015
300.019
300.024
300.029
300.035
300.041
300.047
300.053
300.06
300.067
300.075
300.083
300.092
300.101
300.11
300.12
300.131
300.142
300.153
300.165
300.178
300.191
300.205
300.219
300.234
300.25
300.266
300.283
300.301
300.319
300.338
300.358
300.378
300.399
300.42
300.443
300.466
300.49
300.514
300.539
300.565
300.591
300.619
300.647
300.675
300.704
300.734
300.765
300.796
300.828
300.86
300.894
300.927
300.961
300.996
301.031
301.067
301.103
301.14
301.177
301.214
301.252
301.289
301.327
301.365
301.403
301.442
301.479
301.517
301.555
301.592
301.629
301.666
301.702
301.738
301.773
301.808
301.841
300.002
300.006
300.01
300.015
300.019
300.024
300.029
300.035
300.04
300.046
300.053
300.06
300.067
300.075
300.083
300.091
300.1
300.109
300.119
300.13
300.141
300.152
300.164
300.176
300.19
300.203
300.218
300.232
300.248
300.264
300.281
300.298
300.316
300.335
300.354
300.374
300.395
300.416
300.438
300.461
300.484
300.508
300.533
300.558
300.584
300.611
300.638
300.666
300.694
300.723
300.753
300.783
300.814
300.846
300.878
300.91
300.943
300.977
301.01
301.045
301.079
301.114
301.149
301.185
301.22
301.256
301.292
301.328
301.364
301.399
301.435
301.471
301.506
301.541
301.575
301.609
301.643
301.676
301.709
301.741
301.773
300.002
300.006
300.01
300.014
300.019
300.024
300.029
300.034
300.04
300.046
300.053
300.059
300.066
300.074
300.082
300.09
300.099
300.108
300.118
300.129
300.139
300.151
300.162
300.175
300.188
300.201
300.215
300.23
300.245
300.261
300.278
300.295
300.313
300.331
300.35
300.37
300.39
300.411
300.433
300.455
300.478
300.501
300.525
300.55
300.575
300.601
300.628
300.655
300.683
300.711
300.74
300.769
300.799
300.829
300.86
300.891
300.923
300.955
300.987
301.02
301.053
301.086
301.12
301.153
301.187
301.22
301.254
301.288
301.322
301.355
301.388
301.422
301.455
301.487
301.519
301.551
301.583
301.614
301.644
301.674
301.704
300.002
300.006
300.01
300.014
300.019
300.024
300.029
300.034
300.04
300.046
300.052
300.059
300.066
300.073
300.081
300.089
300.098
300.107
300.117
300.127
300.138
300.149
300.161
300.173
300.186
300.199
300.213
300.228
300.243
300.258
300.275
300.291
300.309
300.327
300.346
300.365
300.385
300.405
300.426
300.448
300.47
300.493
300.517
300.541
300.566
300.591
300.616
300.643
300.67
300.697
300.725
300.753
300.782
300.811
300.84
300.87
300.901
300.931
300.962
300.993
301.024
301.056
301.087
301.119
301.151
301.182
301.214
301.246
301.277
301.309
301.34
301.371
301.401
301.432
301.462
301.492
301.521
301.55
301.578
301.606
301.633
300.002
300.006
300.01
300.014
300.019
300.023
300.028
300.034
300.039
300.045
300.052
300.058
300.065
300.073
300.08
300.089
300.097
300.106
300.116
300.126
300.136
300.147
300.159
300.171
300.184
300.197
300.21
300.225
300.239
300.255
300.271
300.287
300.304
300.322
300.34
300.359
300.379
300.399
300.419
300.44
300.462
300.484
300.507
300.531
300.554
300.579
300.604
300.629
300.655
300.681
300.708
300.735
300.763
300.79
300.819
300.847
300.876
300.905
300.934
300.964
300.993
301.023
301.053
301.083
301.112
301.142
301.172
301.201
301.231
301.26
301.289
301.318
301.347
301.375
301.403
301.431
301.458
301.485
301.511
301.537
301.563
300.002
300.006
300.01
300.014
300.018
300.023
300.028
300.033
300.039
300.045
300.051
300.057
300.064
300.072
300.079
300.087
300.096
300.105
300.114
300.124
300.135
300.145
300.157
300.169
300.181
300.194
300.207
300.221
300.236
300.251
300.266
300.283
300.299
300.317
300.334
300.353
300.372
300.391
300.411
300.432
300.453
300.474
300.496
300.519
300.542
300.565
300.589
300.614
300.639
300.664
300.689
300.715
300.742
300.768
300.795
300.822
300.849
300.877
300.905
300.932
300.96
300.988
301.016
301.044
301.072
301.1
301.128
301.155
301.183
301.21
301.237
301.264
301.29
301.317
301.343
301.368
301.394
301.419
301.443
301.467
301.491
300.002
300.006
300.01
300.014
300.018
300.023
300.028
300.033
300.038
300.044
300.05
300.057
300.063
300.071
300.078
300.086
300.095
300.103
300.113
300.122
300.132
300.143
300.154
300.166
300.178
300.191
300.204
300.217
300.231
300.246
300.261
300.277
300.293
300.31
300.328
300.345
300.364
300.383
300.402
300.422
300.442
300.463
300.484
300.506
300.528
300.551
300.574
300.597
300.621
300.645
300.669
300.694
300.719
300.744
300.769
300.795
300.821
300.847
300.873
300.899
300.925
300.951
300.977
301.003
301.03
301.056
301.081
301.107
301.133
301.158
301.183
301.208
301.233
301.257
301.281
301.305
301.328
301.352
301.374
301.397
301.419
300.002
300.006
300.01
300.014
300.018
300.023
300.027
300.032
300.038
300.043
300.049
300.056
300.062
300.069
300.077
300.085
300.093
300.102
300.111
300.12
300.13
300.14
300.151
300.163
300.174
300.187
300.2
300.213
300.227
300.241
300.256
300.271
300.287
300.303
300.32
300.337
300.355
300.373
300.392
300.411
300.43
300.45
300.471
300.492
300.513
300.534
300.556
300.579
300.601
300.624
300.647
300.67
300.694
300.718
300.742
300.766
300.79
300.814
300.839
300.863
300.888
300.912
300.937
300.961
300.985
301.01
301.034
301.057
301.081
301.105
301.128
301.151
301.174
301.196
301.219
301.241
301.262
301.284
301.305
301.326
301.346
300.002
300.005
300.009
300.013
300.018
300.022
300.027
300.032
300.037
300.043
300.049
300.055
300.061
300.068
300.075
300.083
300.091
300.1
300.108
300.118
300.127
300.137
300.148
300.159
300.171
300.183
300.195
300.208
300.221
300.235
300.249
300.264
300.279
300.295
300.311
300.328
300.345
300.362
300.38
300.399
300.417
300.437
300.456
300.476
300.496
300.517
300.537
300.558
300.58
300.601
300.623
300.645
300.667
300.69
300.712
300.735
300.758
300.78
300.803
300.826
300.849
300.872
300.894
300.917
300.939
300.962
300.984
301.006
301.028
301.05
301.072
301.093
301.114
301.135
301.155
301.176
301.196
301.216
301.235
301.254
301.273
300.002
300.005
300.009
300.013
300.017
300.022
300.026
300.031
300.036
300.042
300.048
300.054
300.06
300.067
300.074
300.081
300.089
300.097
300.106
300.115
300.124
300.134
300.144
300.155
300.166
300.178
300.19
300.202
300.215
300.229
300.242
300.257
300.271
300.286
300.302
300.318
300.334
300.351
300.368
300.385
300.403
300.421
300.44
300.459
300.478
300.497
300.517
300.537
300.557
300.577
300.598
300.618
300.639
300.66
300.681
300.702
300.724
300.745
300.766
300.787
300.808
300.829
300.85
300.871
300.892
300.913
300.934
300.954
300.974
300.994
301.014
301.034
301.053
301.072
301.091
301.11
301.129
301.147
301.165
301.182
301.2
300.002
300.005
300.009
300.013
300.017
300.021
300.026
300.03
300.035
300.041
300.046
300.052
300.058
300.065
300.072
300.079
300.087
300.095
300.103
300.112
300.121
300.13
300.14
300.151
300.161
300.173
300.184
300.196
300.209
300.221
300.235
300.248
300.262
300.277
300.291
300.307
300.322
300.338
300.354
300.371
300.388
300.405
300.422
300.44
300.458
300.477
300.495
300.514
300.533
300.552
300.571
300.59
300.609
300.629
300.649
300.668
300.688
300.707
300.727
300.747
300.766
300.786
300.805
300.825
300.844
300.863
300.882
300.901
300.919
300.938
300.956
300.974
300.992
301.009
301.027
301.044
301.061
301.078
301.094
301.11
301.126
300.002
300.005
300.009
300.012
300.016
300.021
300.025
300.03
300.035
300.04
300.045
300.051
300.057
300.063
300.07
300.077
300.084
300.092
300.1
300.108
300.117
300.126
300.136
300.146
300.156
300.167
300.178
300.189
300.201
300.213
300.226
300.239
300.252
300.266
300.28
300.294
300.309
300.324
300.34
300.355
300.371
300.387
300.404
300.42
300.437
300.454
300.472
300.489
300.507
300.524
300.542
300.56
300.578
300.596
300.614
300.633
300.651
300.669
300.687
300.705
300.723
300.741
300.759
300.777
300.794
300.812
300.829
300.846
300.863
300.88
300.897
300.914
300.93
300.946
300.962
300.978
300.993
301.009
301.024
301.039
301.053
300.002
300.005
300.008
300.012
300.016
300.02
300.024
300.029
300.033
300.038
300.044
300.049
300.055
300.061
300.067
300.074
300.081
300.089
300.096
300.104
300.113
300.122
300.131
300.14
300.15
300.16
300.171
300.182
300.193
300.205
300.217
300.229
300.242
300.255
300.268
300.281
300.295
300.309
300.324
300.338
300.353
300.369
300.384
300.399
300.415
300.431
300.447
300.463
300.48
300.496
300.513
300.529
300.546
300.562
300.579
300.596
300.613
300.629
300.646
300.662
300.679
300.695
300.712
300.728
300.744
300.76
300.776
300.792
300.807
300.823
300.838
300.853
300.868
300.883
300.897
300.912
300.926
300.94
300.953
300.967
300.98
300.002
300.005
300.008
300.012
300.015
300.019
300.023
300.028
300.032
300.037
300.042
300.047
300.053
300.059
300.065
300.071
300.078
300.085
300.093
300.1
300.108
300.117
300.125
300.134
300.144
300.153
300.163
300.174
300.184
300.195
300.207
300.218
300.23
300.242
300.255
300.267
300.28
300.294
300.307
300.321
300.335
300.349
300.363
300.377
300.392
300.407
300.422
300.436
300.452
300.467
300.482
300.497
300.512
300.528
300.543
300.558
300.573
300.589
300.604
300.619
300.634
300.649
300.664
300.679
300.693
300.708
300.722
300.737
300.751
300.765
300.779
300.793
300.806
300.82
300.833
300.846
300.859
300.871
300.884
300.896
300.908
300.002
300.005
300.008
300.011
300.015
300.019
300.022
300.027
300.031
300.035
300.04
300.045
300.051
300.056
300.062
300.068
300.075
300.081
300.088
300.096
300.103
300.111
300.119
300.128
300.137
300.146
300.155
300.165
300.175
300.185
300.196
300.207
300.218
300.229
300.241
300.253
300.265
300.277
300.289
300.302
300.315
300.328
300.341
300.354
300.368
300.381
300.395
300.409
300.423
300.436
300.45
300.464
300.478
300.492
300.506
300.52
300.534
300.548
300.562
300.575
300.589
300.603
300.616
300.629
300.643
300.656
300.669
300.682
300.695
300.708
300.72
300.732
300.745
300.757
300.769
300.781
300.792
300.804
300.815
300.826
300.837
300.001
300.004
300.007
300.011
300.014
300.018
300.021
300.025
300.03
300.034
300.038
300.043
300.048
300.054
300.059
300.065
300.071
300.077
300.084
300.091
300.098
300.106
300.113
300.121
300.13
300.138
300.147
300.156
300.165
300.175
300.185
300.195
300.205
300.216
300.226
300.237
300.248
300.26
300.271
300.283
300.295
300.307
300.319
300.331
300.343
300.355
300.368
300.38
300.393
300.406
300.418
300.431
300.443
300.456
300.469
300.481
300.494
300.507
300.519
300.531
300.544
300.556
300.568
300.58
300.592
300.604
300.616
300.628
300.639
300.651
300.662
300.673
300.684
300.695
300.706
300.716
300.727
300.737
300.747
300.757
300.767
300.001
300.004
300.007
300.01
300.013
300.017
300.02
300.024
300.028
300.032
300.036
300.041
300.046
300.051
300.056
300.061
300.067
300.073
300.079
300.086
300.092
300.099
300.107
300.114
300.122
300.13
300.138
300.146
300.155
300.164
300.173
300.182
300.192
300.201
300.211
300.221
300.232
300.242
300.252
300.263
300.274
300.285
300.296
300.307
300.318
300.329
300.34
300.352
300.363
300.375
300.386
300.397
300.409
300.42
300.432
300.443
300.454
300.466
300.477
300.488
300.499
300.51
300.521
300.532
300.543
300.553
300.564
300.574
300.585
300.595
300.605
300.615
300.625
300.635
300.644
300.654
300.663
300.672
300.681
300.69
300.699
300.001
300.004
300.007
300.01
300.013
300.016
300.019
300.023
300.026
300.03
300.034
300.039
300.043
300.048
300.053
300.058
300.063
300.069
300.074
300.08
300.087
300.093
300.1
300.107
300.114
300.121
300.129
300.136
300.144
300.153
300.161
300.169
300.178
300.187
300.196
300.205
300.214
300.224
300.233
300.243
300.253
300.263
300.273
300.283
300.293
300.303
300.313
300.323
300.333
300.344
300.354
300.364
300.374
300.385
300.395
300.405
300.415
300.425
300.435
300.445
300.455
300.465
300.475
300.484
300.494
300.503
300.513
300.522
300.531
300.541
300.55
300.558
300.567
300.576
300.584
300.593
300.601
300.61
300.618
300.626
300.633
300.001
300.004
300.006
300.009
300.012
300.015
300.018
300.021
300.025
300.028
300.032
300.036
300.04
300.045
300.049
300.054
300.059
300.064
300.069
300.075
300.081
300.087
300.093
300.099
300.106
300.112
300.119
300.126
300.134
300.141
300.149
300.156
300.164
300.172
300.181
300.189
300.197
300.206
300.214
300.223
300.232
300.241
300.25
300.259
300.268
300.277
300.286
300.295
300.304
300.313
300.323
300.332
300.341
300.35
300.359
300.368
300.377
300.386
300.395
300.404
300.413
300.421
300.43
300.439
300.447
300.455
300.464
300.472
300.48
300.488
300.496
300.504
300.512
300.52
300.527
300.535
300.542
300.549
300.557
300.564
300.571
300.001
300.003
300.006
300.008
300.011
300.014
300.017
300.02
300.023
300.026
300.03
300.034
300.038
300.042
300.046
300.05
300.055
300.06
300.064
300.07
300.075
300.08
300.086
300.092
300.098
300.104
300.11
300.116
300.123
300.13
300.137
300.144
300.151
300.158
300.165
300.173
300.18
300.188
300.196
300.204
300.212
300.219
300.227
300.235
300.244
300.252
300.26
300.268
300.276
300.284
300.292
300.3
300.308
300.317
300.325
300.333
300.341
300.349
300.356
300.364
300.372
300.38
300.387
300.395
300.403
300.41
300.417
300.425
300.432
300.439
300.446
300.453
300.46
300.467
300.473
300.48
300.486
300.493
300.499
300.505
300.512
300.001
300.003
300.005
300.008
300.01
300.013
300.016
300.019
300.021
300.025
300.028
300.031
300.035
300.039
300.042
300.046
300.051
300.055
300.059
300.064
300.069
300.074
300.079
300.084
300.09
300.095
300.101
300.107
300.113
300.119
300.125
300.131
300.138
300.144
300.151
300.158
300.164
300.171
300.178
300.185
300.192
300.199
300.206
300.213
300.221
300.228
300.235
300.242
300.249
300.257
300.264
300.271
300.278
300.285
300.292
300.299
300.306
300.313
300.32
300.327
300.334
300.341
300.348
300.354
300.361
300.368
300.374
300.38
300.387
300.393
300.399
300.405
300.411
300.417
300.423
300.429
300.435
300.44
300.446
300.451
300.457
300.001
300.003
300.005
300.007
300.01
300.012
300.015
300.017
300.02
300.023
300.026
300.029
300.032
300.036
300.039
300.043
300.047
300.051
300.055
300.059
300.063
300.068
300.073
300.077
300.082
300.087
300.093
300.098
300.103
300.109
300.114
300.12
300.126
300.131
300.137
300.143
300.149
300.156
300.162
300.168
300.174
300.18
300.187
300.193
300.199
300.206
300.212
300.219
300.225
300.231
300.238
300.244
300.25
300.257
300.263
300.269
300.275
300.282
300.288
300.294
300.3
300.306
300.312
300.318
300.323
300.329
300.335
300.34
300.346
300.352
300.357
300.362
300.368
300.373
300.378
300.383
300.388
300.393
300.398
300.403
300.408
300.001
300.003
300.005
300.007
300.009
300.011
300.013
300.016
300.018
300.021
300.024
300.027
300.03
300.033
300.036
300.04
300.043
300.047
300.051
300.054
300.058
300.063
300.067
300.071
300.076
300.08
300.085
300.09
300.094
300.099
300.104
300.11
300.115
300.12
300.125
300.131
300.136
300.142
300.147
300.153
300.158
300.164
300.169
300.175
300.181
300.186
300.192
300.198
300.203
300.209
300.215
300.22
300.226
300.232
300.237
300.243
300.248
300.254
300.259
300.264
300.27
300.275
300.28
300.285
300.291
300.296
300.301
300.306
300.311
300.315
300.32
300.325
300.33
300.334
300.339
300.343
300.348
300.352
300.356
300.361
300.365
300.001
300.003
300.004
300.006
300.008
300.01
300.013
300.015
300.017
300.02
300.022
300.025
300.028
300.031
300.034
300.037
300.04
300.044
300.047
300.051
300.054
300.058
300.062
300.066
300.07
300.074
300.078
300.083
300.087
300.092
300.096
300.101
300.106
300.11
300.115
300.12
300.125
300.13
300.135
300.14
300.145
300.15
300.155
300.16
300.165
300.17
300.176
300.181
300.186
300.191
300.196
300.201
300.206
300.211
300.216
300.221
300.226
300.231
300.236
300.24
300.245
300.25
300.255
300.259
300.264
300.268
300.273
300.277
300.282
300.286
300.29
300.294
300.299
300.303
300.307
300.311
300.315
300.319
300.323
300.326
300.33
300.001
300.002
300.004
300.006
300.008
300.01
300.012
300.014
300.016
300.019
300.021
300.024
300.026
300.029
300.032
300.035
300.038
300.041
300.044
300.048
300.051
300.055
300.058
300.062
300.066
300.07
300.074
300.078
300.082
300.086
300.09
300.095
300.099
300.103
300.108
300.112
300.117
300.121
300.126
300.131
300.135
300.14
300.145
300.149
300.154
300.159
300.163
300.168
300.173
300.177
300.182
300.187
300.191
300.196
300.2
300.205
300.209
300.214
300.218
300.223
300.227
300.231
300.236
300.24
300.244
300.248
300.252
300.256
300.26
300.264
300.268
300.272
300.276
300.28
300.284
300.287
300.291
300.294
300.298
300.301
300.305
300.001
300.002
300.004
300.006
300.008
300.01
300.012
300.014
300.016
300.018
300.02
300.023
300.025
300.028
300.031
300.034
300.037
300.04
300.043
300.046
300.049
300.053
300.056
300.06
300.063
300.067
300.071
300.075
300.079
300.083
300.087
300.091
300.095
300.099
300.104
300.108
300.112
300.117
300.121
300.125
300.13
300.134
300.139
300.143
300.148
300.152
300.157
300.161
300.166
300.17
300.174
300.179
300.183
300.188
300.192
300.196
300.2
300.205
300.209
300.213
300.217
300.221
300.225
300.229
300.233
300.237
300.241
300.245
300.249
300.253
300.256
300.26
300.264
300.267
300.271
300.274
300.278
300.281
300.284
300.288
300.291
302.945
303.072
303.149
303.22
303.283
303.334
303.368
303.407
303.446
303.482
303.512
303.546
303.58
303.613
303.645
303.677
303.707
303.734
303.762
303.791
303.818
303.846
303.874
303.902
303.929
303.956
303.982
304.009
304.034
304.059
304.085
304.109
304.133
304.158
304.181
304.204
304.228
304.251
304.273
304.295
304.317
304.338
304.361
304.384
304.407
304.429
304.449
304.47
304.493
304.514
304.535
304.553
304.573
304.594
304.614
304.635
304.656
304.676
304.696
304.715
304.731
304.748
304.766
304.785
304.803
304.821
304.839
304.856
304.874
304.891
304.907
304.924
304.939
304.955
304.971
304.986
305.001
305.016
305.029
305.045
305.062
305.077
305.091
305.104
305.116
305.127
305.141
305.155
305.168
305.179
305.19
305.201
305.214
305.225
305.236
305.249
305.26
305.269
305.28
305.289
305.298
305.307
305.315
305.323
305.332
305.341
305.349
305.355
305.362
305.368
305.374
305.381
305.388
305.394
305.399
305.403
305.408
305.413
305.417
305.421
305.423
305.426
305.428
305.43
305.432
305.433
305.433
305.433
305.432
305.43
305.428
305.425
305.421
305.416
305.41
305.404
305.396
305.386
305.376
305.365
305.352
305.337
305.321
305.304
305.284
305.263
305.239
305.213
305.183
305.149
305.108
305.066
305.025
304.977
304.924
304.863
304.797
304.684
304.58
304.448
304.273
302.844
302.957
303.044
303.118
303.183
303.237
303.282
303.325
303.366
303.404
303.44
303.475
303.51
303.544
303.578
303.61
303.641
303.67
303.7
303.729
303.757
303.786
303.815
303.843
303.87
303.898
303.925
303.951
303.977
304.003
304.028
304.054
304.078
304.103
304.127
304.15
304.174
304.197
304.22
304.243
304.265
304.287
304.31
304.333
304.356
304.378
304.399
304.42
304.442
304.464
304.484
304.504
304.524
304.545
304.565
304.586
304.607
304.627
304.647
304.666
304.683
304.701
304.719
304.737
304.756
304.774
304.792
304.809
304.827
304.844
304.861
304.877
304.893
304.909
304.925
304.94
304.955
304.97
304.985
305
305.016
305.031
305.045
305.058
305.071
305.083
305.096
305.11
305.123
305.135
305.146
305.158
305.17
305.181
305.193
305.205
305.216
305.226
305.236
305.246
305.254
305.264
305.272
305.281
305.289
305.298
305.306
305.313
305.32
305.326
305.332
305.339
305.345
305.352
305.357
305.361
305.366
305.371
305.375
305.378
305.381
305.384
305.386
305.388
305.39
305.391
305.391
305.391
305.39
305.389
305.386
305.383
305.379
305.374
305.369
305.362
305.354
305.345
305.334
305.323
305.31
305.295
305.279
305.262
305.242
305.221
305.197
305.17
305.14
305.106
305.066
305.024
304.981
304.932
304.878
304.815
304.744
304.635
304.526
304.387
304.195
302.763
302.861
302.946
303.021
303.086
303.143
303.194
303.24
303.284
303.325
303.363
303.4
303.437
303.472
303.506
303.54
303.572
303.603
303.633
303.663
303.693
303.722
303.751
303.78
303.808
303.836
303.863
303.89
303.917
303.943
303.969
303.994
304.019
304.044
304.069
304.093
304.117
304.14
304.164
304.187
304.209
304.232
304.255
304.278
304.301
304.323
304.345
304.367
304.388
304.41
304.431
304.451
304.472
304.493
304.513
304.534
304.555
304.575
304.595
304.614
304.632
304.65
304.668
304.687
304.705
304.723
304.741
304.759
304.777
304.794
304.811
304.827
304.844
304.86
304.876
304.891
304.906
304.921
304.936
304.952
304.967
304.982
304.997
305.01
305.023
305.036
305.049
305.063
305.076
305.088
305.099
305.111
305.123
305.135
305.146
305.158
305.169
305.179
305.19
305.199
305.208
305.218
305.226
305.235
305.244
305.252
305.26
305.267
305.274
305.281
305.287
305.294
305.3
305.306
305.312
305.316
305.321
305.326
305.33
305.334
305.336
305.339
305.342
305.344
305.345
305.346
305.346
305.346
305.345
305.344
305.342
305.339
305.335
305.33
305.324
305.317
305.309
305.3
305.29
305.278
305.265
305.251
305.235
305.217
305.198
305.176
305.152
305.125
305.095
305.061
305.021
304.978
304.934
304.885
304.829
304.765
304.69
304.583
304.469
304.324
304.122
302.689
302.776
302.855
302.928
302.993
303.051
303.105
303.154
303.199
303.242
303.283
303.322
303.36
303.396
303.432
303.466
303.499
303.531
303.563
303.594
303.624
303.654
303.684
303.713
303.742
303.77
303.798
303.826
303.853
303.879
303.906
303.932
303.957
303.982
304.007
304.032
304.056
304.08
304.104
304.127
304.151
304.174
304.197
304.22
304.243
304.265
304.287
304.309
304.331
304.353
304.374
304.395
304.416
304.437
304.458
304.479
304.499
304.519
304.539
304.559
304.577
304.596
304.614
304.633
304.651
304.67
304.688
304.706
304.723
304.741
304.758
304.775
304.791
304.807
304.823
304.839
304.854
304.87
304.885
304.9
304.916
304.931
304.945
304.959
304.972
304.985
304.999
305.012
305.025
305.037
305.049
305.061
305.073
305.085
305.097
305.108
305.119
305.13
305.14
305.15
305.159
305.169
305.177
305.186
305.195
305.204
305.211
305.219
305.226
305.232
305.239
305.246
305.252
305.258
305.264
305.269
305.273
305.278
305.282
305.286
305.289
305.292
305.294
305.296
305.297
305.298
305.299
305.299
305.298
305.296
305.294
305.291
305.287
305.282
305.277
305.27
305.262
305.253
305.243
305.231
305.218
305.204
305.188
305.17
305.15
305.128
305.104
305.077
305.047
305.012
304.973
304.93
304.885
304.835
304.777
304.711
304.633
304.528
304.41
304.26
304.051
302.619
302.697
302.771
302.839
302.903
302.961
303.016
303.066
303.113
303.158
303.2
303.241
303.28
303.317
303.354
303.389
303.423
303.457
303.489
303.521
303.552
303.583
303.613
303.643
303.672
303.701
303.729
303.757
303.785
303.812
303.839
303.865
303.891
303.917
303.942
303.967
303.992
304.016
304.04
304.064
304.088
304.111
304.135
304.158
304.181
304.204
304.226
304.249
304.271
304.293
304.314
304.335
304.357
304.378
304.399
304.42
304.44
304.461
304.481
304.5
304.519
304.538
304.557
304.576
304.594
304.613
304.631
304.649
304.667
304.684
304.701
304.718
304.735
304.751
304.768
304.783
304.799
304.815
304.83
304.846
304.861
304.876
304.89
304.904
304.918
304.931
304.945
304.958
304.971
304.984
304.996
305.008
305.02
305.032
305.044
305.055
305.066
305.077
305.087
305.097
305.107
305.116
305.125
305.134
305.143
305.152
305.16
305.167
305.174
305.181
305.188
305.194
305.201
305.207
305.212
305.218
305.222
305.227
305.231
305.235
305.238
305.241
305.243
305.245
305.247
305.248
305.248
305.248
305.247
305.246
305.244
305.241
305.237
305.232
305.226
305.219
305.212
305.203
305.192
305.181
305.168
305.153
305.137
305.12
305.1
305.078
305.053
305.026
304.996
304.961
304.921
304.879
304.833
304.781
304.723
304.655
304.574
304.469
304.348
304.195
303.984
302.551
302.622
302.69
302.755
302.816
302.873
302.927
302.978
303.026
303.072
303.115
303.157
303.197
303.235
303.273
303.309
303.344
303.378
303.412
303.444
303.476
303.508
303.538
303.569
303.599
303.628
303.657
303.685
303.713
303.741
303.768
303.795
303.821
303.848
303.873
303.899
303.924
303.949
303.973
303.997
304.021
304.045
304.069
304.092
304.116
304.139
304.162
304.184
304.206
304.229
304.25
304.272
304.293
304.315
304.336
304.357
304.378
304.398
304.418
304.438
304.458
304.477
304.496
304.515
304.533
304.552
304.57
304.589
304.606
304.624
304.642
304.659
304.675
304.692
304.708
304.724
304.74
304.756
304.772
304.787
304.802
304.818
304.832
304.846
304.86
304.874
304.887
304.901
304.914
304.927
304.939
304.951
304.964
304.976
304.987
304.999
305.01
305.021
305.031
305.042
305.051
305.061
305.07
305.079
305.088
305.096
305.104
305.112
305.119
305.126
305.133
305.14
305.146
305.152
305.158
305.163
305.168
305.173
305.177
305.181
305.184
305.187
305.189
305.191
305.193
305.194
305.194
305.194
305.193
305.192
305.19
305.187
305.183
305.178
305.172
305.166
305.158
305.149
305.139
305.127
305.114
305.1
305.084
305.066
305.046
305.024
305
304.972
304.941
304.907
304.867
304.824
304.778
304.725
304.665
304.596
304.513
304.408
304.285
304.129
303.919
302.484
302.549
302.612
302.673
302.731
302.787
302.84
302.89
302.939
302.984
303.028
303.071
303.111
303.151
303.189
303.226
303.262
303.297
303.331
303.364
303.397
303.429
303.46
303.491
303.521
303.551
303.581
303.609
303.638
303.666
303.694
303.721
303.748
303.774
303.8
303.826
303.852
303.877
303.902
303.927
303.951
303.975
303.999
304.023
304.046
304.07
304.093
304.116
304.138
304.161
304.183
304.205
304.226
304.248
304.269
304.29
304.311
304.332
304.352
304.372
304.392
304.412
304.431
304.45
304.469
304.488
304.506
304.524
304.542
304.56
304.578
304.595
304.612
304.629
304.645
304.662
304.678
304.694
304.709
304.725
304.74
304.756
304.77
304.785
304.799
304.813
304.826
304.84
304.853
304.866
304.879
304.891
304.903
304.915
304.927
304.939
304.95
304.961
304.972
304.982
304.992
305.002
305.011
305.02
305.029
305.038
305.046
305.054
305.061
305.068
305.075
305.082
305.088
305.094
305.1
305.105
305.11
305.115
305.119
305.123
305.126
305.129
305.132
305.134
305.135
305.136
305.137
305.137
305.136
305.135
305.133
305.13
305.126
305.121
305.115
305.109
305.101
305.092
305.082
305.07
305.058
305.043
305.027
305.009
304.989
304.967
304.942
304.915
304.884
304.849
304.81
304.767
304.719
304.666
304.605
304.534
304.449
304.344
304.219
304.062
303.856
302.418
302.477
302.536
302.593
302.649
302.702
302.754
302.803
302.851
302.896
302.941
302.983
303.024
303.064
303.102
303.14
303.176
303.212
303.247
303.28
303.314
303.346
303.378
303.41
303.44
303.471
303.5
303.53
303.559
303.587
303.615
303.643
303.67
303.697
303.724
303.75
303.776
303.801
303.827
303.852
303.877
303.901
303.925
303.949
303.973
303.997
304.02
304.043
304.066
304.089
304.111
304.133
304.155
304.177
304.198
304.22
304.241
304.262
304.282
304.303
304.323
304.342
304.362
304.381
304.4
304.419
304.438
304.456
304.475
304.492
304.51
304.528
304.545
304.562
304.579
304.595
304.611
304.627
304.643
304.659
304.674
304.69
304.705
304.719
304.734
304.748
304.761
304.775
304.788
304.801
304.814
304.827
304.839
304.852
304.864
304.875
304.887
304.898
304.908
304.919
304.929
304.939
304.948
304.957
304.966
304.975
304.983
304.991
304.999
305.006
305.013
305.02
305.026
305.033
305.038
305.044
305.049
305.053
305.058
305.062
305.065
305.068
305.071
305.073
305.074
305.075
305.076
305.076
305.075
305.074
305.072
305.069
305.065
305.06
305.055
305.048
305.04
305.032
305.022
305.01
304.997
304.983
304.967
304.949
304.929
304.907
304.882
304.854
304.823
304.788
304.749
304.705
304.657
304.603
304.541
304.468
304.382
304.277
304.152
303.995
303.794
302.351
302.406
302.461
302.515
302.567
302.618
302.668
302.716
302.763
302.808
302.852
302.894
302.935
302.975
303.014
303.052
303.088
303.124
303.159
303.194
303.227
303.26
303.293
303.325
303.356
303.387
303.417
303.446
303.476
303.505
303.533
303.561
303.589
303.616
303.643
303.67
303.696
303.722
303.748
303.773
303.798
303.823
303.847
303.872
303.896
303.92
303.943
303.967
303.99
304.013
304.035
304.058
304.08
304.102
304.124
304.145
304.166
304.188
304.208
304.229
304.249
304.269
304.289
304.308
304.328
304.347
304.365
304.384
304.402
304.421
304.439
304.456
304.474
304.491
304.508
304.524
304.541
304.557
304.573
304.589
304.604
304.62
304.635
304.65
304.664
304.678
304.692
304.706
304.72
304.733
304.746
304.759
304.771
304.784
304.796
304.808
304.819
304.83
304.841
304.852
304.862
304.872
304.881
304.891
304.9
304.909
304.917
304.925
304.933
304.94
304.947
304.954
304.961
304.967
304.973
304.978
304.983
304.988
304.992
304.996
305
305.003
305.006
305.008
305.009
305.011
305.011
305.011
305.01
305.009
305.007
305.004
305
304.996
304.99
304.984
304.976
304.967
304.957
304.946
304.933
304.919
304.903
304.885
304.865
304.843
304.818
304.79
304.759
304.723
304.684
304.64
304.592
304.537
304.474
304.4
304.313
304.208
304.082
303.927
303.734
302.285
302.336
302.387
302.437
302.487
302.536
302.583
302.63
302.675
302.719
302.762
302.804
302.845
302.885
302.923
302.961
302.998
303.034
303.07
303.104
303.138
303.171
303.204
303.236
303.268
303.299
303.329
303.359
303.389
303.418
303.447
303.476
303.504
303.531
303.558
303.585
303.612
303.638
303.664
303.69
303.715
303.74
303.765
303.79
303.814
303.838
303.862
303.886
303.909
303.932
303.955
303.978
304
304.023
304.045
304.066
304.088
304.109
304.13
304.151
304.171
304.191
304.211
304.231
304.251
304.27
304.289
304.308
304.326
304.345
304.363
304.38
304.398
304.415
304.432
304.449
304.466
304.482
304.498
304.514
304.53
304.546
304.561
304.576
304.591
304.605
304.619
304.633
304.647
304.66
304.673
304.686
304.699
304.712
304.724
304.736
304.747
304.759
304.77
304.78
304.791
304.801
304.811
304.82
304.829
304.838
304.847
304.855
304.863
304.87
304.877
304.884
304.891
304.897
304.903
304.909
304.914
304.919
304.923
304.927
304.931
304.934
304.937
304.939
304.94
304.942
304.942
304.942
304.942
304.94
304.938
304.936
304.932
304.927
304.922
304.915
304.908
304.899
304.889
304.878
304.865
304.851
304.835
304.817
304.797
304.775
304.75
304.722
304.69
304.655
304.616
304.572
304.523
304.467
304.403
304.329
304.241
304.137
304.011
303.859
303.673
302.218
302.266
302.313
302.361
302.407
302.454
302.499
302.544
302.587
302.63
302.672
302.713
302.754
302.793
302.831
302.869
302.906
302.942
302.977
303.012
303.046
303.079
303.112
303.145
303.176
303.208
303.239
303.269
303.299
303.328
303.357
303.386
303.414
303.442
303.47
303.497
303.524
303.551
303.577
303.603
303.629
303.654
303.679
303.704
303.729
303.753
303.777
303.801
303.825
303.848
303.871
303.894
303.917
303.939
303.961
303.983
304.005
304.026
304.047
304.068
304.089
304.109
304.129
304.149
304.169
304.189
304.208
304.227
304.245
304.264
304.282
304.3
304.318
304.335
304.353
304.37
304.387
304.403
304.42
304.436
304.452
304.467
304.483
304.498
304.513
304.527
304.542
304.556
304.57
304.583
304.597
304.61
304.623
304.635
304.647
304.66
304.671
304.683
304.694
304.705
304.715
304.726
304.735
304.745
304.754
304.763
304.772
304.78
304.788
304.796
304.803
304.81
304.817
304.823
304.829
304.835
304.84
304.845
304.85
304.854
304.857
304.861
304.863
304.866
304.867
304.869
304.869
304.869
304.869
304.867
304.866
304.863
304.859
304.855
304.849
304.843
304.835
304.827
304.817
304.806
304.793
304.779
304.763
304.745
304.725
304.703
304.678
304.65
304.618
304.583
304.544
304.5
304.45
304.394
304.329
304.255
304.167
304.063
303.939
303.79
303.612
302.151
302.195
302.24
302.284
302.328
302.372
302.415
302.458
302.5
302.541
302.582
302.622
302.662
302.7
302.738
302.775
302.812
302.848
302.883
302.917
302.951
302.985
303.018
303.05
303.082
303.113
303.144
303.175
303.205
303.235
303.264
303.293
303.321
303.35
303.377
303.405
303.432
303.459
303.485
303.512
303.538
303.563
303.589
303.614
303.639
303.663
303.688
303.712
303.735
303.759
303.782
303.805
303.828
303.851
303.873
303.895
303.917
303.939
303.96
303.981
304.002
304.023
304.043
304.063
304.083
304.103
304.122
304.141
304.16
304.179
304.197
304.215
304.233
304.251
304.269
304.286
304.303
304.32
304.336
304.352
304.368
304.384
304.4
304.415
304.43
304.445
304.459
304.474
304.488
304.502
304.515
304.528
304.541
304.554
304.567
304.579
304.591
304.602
304.614
304.625
304.635
304.646
304.656
304.665
304.675
304.684
304.693
304.701
304.709
304.717
304.725
304.732
304.738
304.745
304.751
304.757
304.762
304.767
304.772
304.776
304.779
304.783
304.786
304.788
304.79
304.791
304.792
304.792
304.791
304.79
304.788
304.786
304.782
304.778
304.772
304.766
304.759
304.75
304.74
304.729
304.717
304.702
304.686
304.669
304.649
304.626
304.601
304.573
304.542
304.507
304.467
304.423
304.373
304.317
304.252
304.177
304.09
303.987
303.865
303.72
303.551
302.083
302.124
302.166
302.208
302.249
302.291
302.332
302.372
302.413
302.452
302.492
302.531
302.569
302.606
302.644
302.68
302.716
302.751
302.786
302.821
302.854
302.888
302.921
302.953
302.985
303.016
303.047
303.078
303.108
303.138
303.167
303.196
303.225
303.253
303.281
303.309
303.336
303.363
303.39
303.416
303.442
303.468
303.494
303.519
303.544
303.569
303.594
303.618
303.642
303.666
303.689
303.713
303.736
303.758
303.781
303.803
303.825
303.847
303.869
303.89
303.911
303.932
303.952
303.973
303.993
304.012
304.032
304.051
304.07
304.089
304.108
304.126
304.144
304.162
304.18
304.197
304.214
304.231
304.248
304.264
304.28
304.296
304.312
304.328
304.343
304.358
304.372
304.387
304.401
304.415
304.429
304.442
304.455
304.468
304.481
304.493
304.505
304.517
304.529
304.54
304.551
304.561
304.571
304.581
304.591
304.6
304.609
304.617
304.626
304.634
304.641
304.648
304.655
304.662
304.668
304.674
304.679
304.684
304.689
304.693
304.697
304.7
304.703
304.706
304.707
304.709
304.71
304.71
304.709
304.708
304.706
304.704
304.7
304.696
304.691
304.685
304.677
304.669
304.659
304.648
304.636
304.622
304.606
304.588
304.568
304.546
304.521
304.493
304.462
304.426
304.387
304.343
304.293
304.236
304.171
304.097
304.01
303.908
303.789
303.65
303.489
302.014
302.053
302.092
302.131
302.17
302.209
302.248
302.287
302.325
302.363
302.401
302.439
302.476
302.512
302.548
302.584
302.619
302.654
302.688
302.722
302.755
302.788
302.821
302.853
302.885
302.916
302.947
302.978
303.008
303.037
303.067
303.096
303.125
303.153
303.181
303.209
303.236
303.264
303.29
303.317
303.343
303.369
303.395
303.421
303.446
303.471
303.495
303.52
303.544
303.568
303.592
303.615
303.638
303.661
303.684
303.706
303.729
303.751
303.772
303.794
303.815
303.836
303.857
303.877
303.897
303.917
303.937
303.956
303.976
303.995
304.013
304.032
304.05
304.068
304.086
304.103
304.121
304.138
304.155
304.171
304.188
304.204
304.22
304.235
304.251
304.266
304.281
304.295
304.31
304.324
304.338
304.351
304.365
304.378
304.39
304.403
304.415
304.427
304.439
304.45
304.461
304.472
304.482
304.492
304.502
304.511
304.52
304.529
304.537
304.545
304.553
304.56
304.567
304.574
304.58
304.586
304.591
304.597
304.601
304.606
304.609
304.613
304.616
304.618
304.62
304.622
304.623
304.623
304.622
304.621
304.62
304.617
304.614
304.61
304.605
304.598
304.591
304.583
304.573
304.562
304.55
304.536
304.52
304.503
304.483
304.461
304.436
304.408
304.377
304.342
304.302
304.258
304.208
304.152
304.087
304.013
303.927
303.827
303.711
303.577
303.425
301.945
301.981
302.018
302.055
302.091
302.128
302.165
302.201
302.238
302.274
302.31
302.346
302.382
302.417
302.452
302.487
302.521
302.555
302.589
302.622
302.655
302.687
302.719
302.751
302.782
302.814
302.844
302.875
302.905
302.934
302.964
302.993
303.021
303.05
303.078
303.105
303.133
303.16
303.187
303.214
303.24
303.266
303.292
303.318
303.343
303.368
303.393
303.417
303.442
303.466
303.49
303.513
303.537
303.56
303.582
303.605
303.627
303.649
303.671
303.693
303.714
303.735
303.756
303.777
303.797
303.817
303.837
303.857
303.876
303.895
303.914
303.933
303.951
303.969
303.987
304.005
304.022
304.039
304.056
304.073
304.09
304.106
304.122
304.138
304.153
304.169
304.184
304.198
304.213
304.227
304.241
304.255
304.269
304.282
304.295
304.307
304.32
304.332
304.344
304.355
304.366
304.377
304.387
304.398
304.407
304.417
304.426
304.435
304.443
304.452
304.459
304.467
304.474
304.481
304.487
304.493
304.499
304.504
304.509
304.513
304.517
304.521
304.524
304.526
304.528
304.53
304.531
304.531
304.531
304.53
304.528
304.526
304.522
304.518
304.513
304.507
304.5
304.492
304.482
304.472
304.459
304.446
304.43
304.412
304.393
304.371
304.346
304.318
304.287
304.252
304.213
304.169
304.119
304.063
303.999
303.925
303.841
303.743
303.631
303.503
303.359
301.875
301.909
301.943
301.978
302.012
302.047
302.081
302.116
302.151
302.185
302.219
302.254
302.288
302.322
302.356
302.389
302.422
302.455
302.488
302.52
302.553
302.584
302.616
302.647
302.678
302.709
302.739
302.769
302.799
302.828
302.857
302.886
302.915
302.943
302.971
302.999
303.026
303.053
303.08
303.107
303.133
303.159
303.185
303.211
303.236
303.261
303.286
303.311
303.335
303.359
303.383
303.407
303.43
303.453
303.476
303.499
303.522
303.544
303.566
303.587
303.609
303.63
303.651
303.672
303.692
303.712
303.732
303.752
303.771
303.791
303.81
303.828
303.847
303.865
303.883
303.901
303.919
303.936
303.953
303.97
303.987
304.003
304.019
304.035
304.051
304.066
304.082
304.096
304.111
304.126
304.14
304.154
304.167
304.181
304.194
304.207
304.219
304.231
304.243
304.255
304.266
304.277
304.288
304.298
304.308
304.318
304.327
304.336
304.344
304.353
304.361
304.368
304.375
304.382
304.389
304.395
304.401
304.406
304.411
304.415
304.419
304.423
304.426
304.429
304.431
304.432
304.433
304.434
304.434
304.433
304.431
304.429
304.426
304.422
304.417
304.411
304.404
304.396
304.386
304.376
304.364
304.35
304.335
304.317
304.298
304.276
304.251
304.224
304.193
304.158
304.119
304.076
304.026
303.97
303.907
303.835
303.752
303.657
303.549
303.427
303.291
301.804
301.836
301.868
301.9
301.933
301.965
301.998
302.03
302.063
302.096
302.129
302.161
302.194
302.226
302.259
302.291
302.323
302.355
302.386
302.418
302.449
302.48
302.511
302.542
302.572
302.602
302.632
302.661
302.691
302.72
302.748
302.777
302.805
302.833
302.861
302.889
302.916
302.943
302.97
302.996
303.023
303.049
303.075
303.1
303.125
303.151
303.175
303.2
303.224
303.249
303.273
303.296
303.32
303.343
303.366
303.389
303.411
303.433
303.455
303.477
303.499
303.52
303.541
303.562
303.582
303.603
303.623
303.642
303.662
303.681
303.7
303.719
303.738
303.756
303.774
303.792
303.81
303.827
303.845
303.862
303.878
303.895
303.911
303.927
303.943
303.959
303.974
303.989
304.004
304.019
304.033
304.047
304.061
304.074
304.088
304.1
304.113
304.125
304.137
304.149
304.161
304.172
304.182
304.193
304.203
304.213
304.222
304.231
304.24
304.248
304.256
304.264
304.271
304.278
304.285
304.291
304.297
304.302
304.307
304.312
304.316
304.32
304.323
304.326
304.328
304.329
304.331
304.331
304.331
304.33
304.329
304.327
304.324
304.32
304.315
304.309
304.302
304.294
304.285
304.275
304.263
304.249
304.234
304.217
304.197
304.176
304.151
304.124
304.094
304.059
304.021
303.978
303.929
303.874
303.811
303.74
303.66
303.568
303.465
303.348
303.22
301.733
301.763
301.792
301.822
301.853
301.883
301.914
301.945
301.976
302.006
302.037
302.068
302.099
302.13
302.161
302.192
302.223
302.254
302.284
302.315
302.345
302.375
302.405
302.435
302.464
302.494
302.523
302.552
302.58
302.609
302.637
302.665
302.693
302.721
302.748
302.776
302.803
302.83
302.856
302.882
302.909
302.935
302.96
302.986
303.011
303.036
303.061
303.085
303.11
303.134
303.158
303.181
303.205
303.228
303.251
303.274
303.296
303.318
303.34
303.362
303.384
303.405
303.426
303.447
303.468
303.488
303.508
303.528
303.547
303.567
303.586
303.605
303.624
303.642
303.66
303.678
303.696
303.714
303.731
303.748
303.765
303.782
303.798
303.814
303.83
303.846
303.861
303.876
303.891
303.906
303.921
303.935
303.949
303.962
303.976
303.989
304.002
304.014
304.026
304.038
304.05
304.061
304.072
304.082
304.093
304.102
304.112
304.121
304.13
304.139
304.147
304.155
304.162
304.169
304.176
304.182
304.188
304.193
304.198
304.203
304.207
304.211
304.214
304.217
304.219
304.221
304.222
304.223
304.223
304.222
304.221
304.219
304.216
304.212
304.207
304.202
304.195
304.187
304.178
304.168
304.156
304.143
304.128
304.111
304.092
304.071
304.047
304.02
303.989
303.956
303.918
303.875
303.827
303.773
303.712
303.642
303.564
303.476
303.377
303.267
303.147
301.661
301.688
301.716
301.744
301.773
301.801
301.83
301.859
301.888
301.917
301.946
301.976
302.005
302.035
302.064
302.093
302.123
302.152
302.181
302.211
302.24
302.269
302.298
302.327
302.355
302.384
302.412
302.44
302.468
302.496
302.524
302.552
302.579
302.606
302.633
302.66
302.687
302.713
302.739
302.766
302.791
302.817
302.843
302.868
302.893
302.918
302.942
302.967
302.991
303.015
303.039
303.062
303.086
303.109
303.132
303.154
303.177
303.199
303.221
303.243
303.264
303.286
303.307
303.327
303.348
303.368
303.388
303.408
303.428
303.447
303.467
303.486
303.504
303.523
303.541
303.559
303.577
303.595
303.612
303.629
303.646
303.663
303.679
303.696
303.712
303.727
303.743
303.758
303.773
303.788
303.803
303.817
303.831
303.845
303.858
303.871
303.884
303.897
303.909
303.921
303.933
303.944
303.955
303.966
303.976
303.986
303.996
304.005
304.014
304.023
304.031
304.039
304.047
304.054
304.061
304.067
304.073
304.078
304.084
304.088
304.093
304.096
304.1
304.103
304.105
304.107
304.108
304.109
304.109
304.108
304.107
304.105
304.102
304.099
304.094
304.089
304.082
304.075
304.066
304.056
304.044
304.031
304.016
304
303.981
303.96
303.936
303.91
303.88
303.847
303.809
303.767
303.72
303.667
303.608
303.541
303.465
303.381
303.287
303.183
303.07
301.588
301.614
301.64
301.666
301.692
301.719
301.746
301.773
301.8
301.828
301.855
301.883
301.911
301.939
301.966
301.994
302.022
302.05
302.078
302.106
302.134
302.162
302.19
302.218
302.245
302.273
302.3
302.328
302.355
302.382
302.409
302.436
302.463
302.49
302.516
302.542
302.568
302.594
302.62
302.646
302.671
302.697
302.722
302.747
302.771
302.796
302.82
302.845
302.869
302.892
302.916
302.939
302.963
302.986
303.008
303.031
303.053
303.075
303.097
303.119
303.14
303.161
303.182
303.203
303.224
303.244
303.264
303.284
303.304
303.323
303.342
303.361
303.38
303.398
303.417
303.435
303.453
303.47
303.488
303.505
303.522
303.539
303.555
303.571
303.588
303.603
303.619
303.634
303.65
303.665
303.679
303.694
303.708
303.722
303.735
303.749
303.762
303.774
303.787
303.799
303.811
303.822
303.833
303.844
303.854
303.865
303.874
303.884
303.893
303.902
303.91
303.918
303.925
303.933
303.94
303.946
303.952
303.958
303.963
303.968
303.972
303.976
303.98
303.983
303.985
303.987
303.988
303.989
303.989
303.989
303.988
303.986
303.983
303.98
303.975
303.97
303.964
303.956
303.948
303.938
303.927
303.914
303.899
303.883
303.864
303.844
303.821
303.794
303.765
303.733
303.696
303.655
303.609
303.558
303.5
303.435
303.363
303.282
303.193
303.095
302.989
301.515
301.539
301.563
301.587
301.612
301.637
301.662
301.687
301.713
301.738
301.764
301.79
301.816
301.843
301.869
301.895
301.922
301.948
301.975
302.002
302.028
302.055
302.082
302.108
302.135
302.161
302.188
302.214
302.241
302.267
302.293
302.319
302.345
302.371
302.397
302.422
302.448
302.473
302.499
302.524
302.549
302.574
302.598
302.623
302.647
302.671
302.695
302.719
302.743
302.766
302.79
302.813
302.836
302.859
302.881
302.903
302.926
302.947
302.969
302.991
303.012
303.033
303.054
303.075
303.095
303.115
303.135
303.155
303.175
303.194
303.213
303.232
303.251
303.269
303.287
303.305
303.323
303.341
303.358
303.375
303.392
303.409
303.426
303.442
303.458
303.474
303.49
303.505
303.52
303.535
303.55
303.565
303.579
303.593
303.607
303.62
303.633
303.646
303.658
303.67
303.682
303.694
303.705
303.716
303.727
303.737
303.747
303.756
303.765
303.774
303.783
303.791
303.798
303.806
303.813
303.819
303.825
303.831
303.836
303.841
303.846
303.85
303.853
303.856
303.859
303.861
303.862
303.863
303.864
303.863
303.862
303.861
303.858
303.855
303.851
303.845
303.839
303.832
303.824
303.814
303.803
303.791
303.776
303.76
303.742
303.722
303.699
303.674
303.645
303.614
303.578
303.538
303.493
303.444
303.388
303.326
303.257
303.18
303.096
303.004
302.905
301.441
301.463
301.485
301.508
301.531
301.554
301.578
301.601
301.625
301.649
301.673
301.698
301.722
301.747
301.772
301.797
301.822
301.847
301.872
301.897
301.922
301.948
301.973
301.998
302.024
302.049
302.075
302.1
302.125
302.151
302.176
302.201
302.226
302.251
302.276
302.301
302.326
302.351
302.375
302.4
302.424
302.448
302.472
302.496
302.52
302.544
302.568
302.591
302.614
302.637
302.66
302.683
302.706
302.728
302.75
302.772
302.794
302.816
302.837
302.859
302.88
302.901
302.921
302.942
302.962
302.982
303.002
303.021
303.041
303.06
303.079
303.098
303.116
303.135
303.153
303.171
303.189
303.206
303.224
303.241
303.258
303.275
303.291
303.307
303.324
303.339
303.355
303.371
303.386
303.401
303.416
303.43
303.444
303.458
303.472
303.486
303.499
303.512
303.524
303.536
303.548
303.56
303.571
303.582
303.593
303.603
303.613
303.623
303.632
303.641
303.649
303.658
303.665
303.673
303.68
303.686
303.693
303.698
303.704
303.709
303.713
303.717
303.721
303.724
303.727
303.729
303.731
303.732
303.732
303.732
303.731
303.729
303.727
303.724
303.72
303.715
303.709
303.702
303.694
303.684
303.674
303.662
303.648
303.632
303.614
303.595
303.573
303.548
303.52
303.489
303.455
303.416
303.373
303.325
303.271
303.212
303.146
303.074
302.995
302.909
302.816
301.366
301.387
301.408
301.429
301.45
301.472
301.493
301.515
301.538
301.56
301.583
301.605
301.628
301.651
301.675
301.698
301.721
301.745
301.769
301.793
301.817
301.84
301.865
301.889
301.913
301.937
301.961
301.985
302.01
302.034
302.058
302.082
302.106
302.13
302.154
302.178
302.202
302.226
302.25
302.274
302.298
302.321
302.345
302.368
302.391
302.414
302.437
302.46
302.483
302.506
302.528
302.55
302.572
302.594
302.616
302.638
302.659
302.681
302.702
302.723
302.744
302.764
302.785
302.805
302.825
302.845
302.864
302.884
302.903
302.922
302.941
302.959
302.978
302.996
303.014
303.032
303.049
303.067
303.084
303.101
303.118
303.135
303.151
303.168
303.184
303.2
303.215
303.231
303.246
303.261
303.276
303.29
303.305
303.319
303.332
303.346
303.359
303.372
303.384
303.397
303.409
303.42
303.432
303.443
303.454
303.464
303.474
303.484
303.493
303.502
303.51
303.519
303.526
303.534
303.541
303.548
303.554
303.56
303.565
303.57
303.575
303.579
303.583
303.586
303.589
303.591
303.593
303.594
303.594
303.594
303.593
303.592
303.59
303.587
303.583
303.578
303.573
303.566
303.558
303.549
303.539
303.527
303.513
303.498
303.481
303.462
303.44
303.416
303.39
303.36
303.326
303.289
303.248
303.202
303.151
303.094
303.032
302.964
302.89
302.809
302.723
301.292
301.311
301.33
301.35
301.369
301.389
301.409
301.43
301.45
301.471
301.492
301.513
301.535
301.556
301.578
301.6
301.622
301.644
301.666
301.689
301.711
301.734
301.756
301.779
301.802
301.825
301.848
301.871
301.894
301.917
301.94
301.963
301.986
302.009
302.032
302.055
302.078
302.101
302.124
302.147
302.17
302.192
302.215
302.238
302.26
302.283
302.305
302.327
302.349
302.371
302.393
302.415
302.437
302.458
302.479
302.501
302.522
302.543
302.563
302.584
302.604
302.624
302.644
302.664
302.684
302.703
302.723
302.742
302.761
302.78
302.798
302.816
302.835
302.853
302.871
302.888
302.906
302.923
302.94
302.957
302.974
302.99
303.007
303.023
303.039
303.055
303.07
303.086
303.101
303.116
303.131
303.145
303.159
303.173
303.187
303.201
303.214
303.227
303.239
303.252
303.264
303.275
303.287
303.298
303.308
303.319
303.329
303.339
303.348
303.357
303.366
303.374
303.382
303.389
303.396
303.403
303.409
303.415
303.421
303.426
303.431
303.435
303.439
303.442
303.445
303.447
303.449
303.45
303.451
303.451
303.45
303.449
303.447
303.444
303.44
303.436
303.43
303.424
303.416
303.408
303.398
303.386
303.373
303.359
303.342
303.324
303.303
303.28
303.254
303.225
303.193
303.157
303.118
303.074
303.026
302.973
302.914
302.85
302.781
302.706
302.626
301.217
301.235
301.252
301.27
301.289
301.307
301.326
301.344
301.364
301.383
301.402
301.422
301.442
301.462
301.482
301.502
301.523
301.543
301.564
301.585
301.606
301.627
301.649
301.67
301.691
301.713
301.735
301.756
301.778
301.8
301.822
301.844
301.866
301.887
301.909
301.931
301.953
301.975
301.997
302.019
302.041
302.063
302.085
302.106
302.128
302.15
302.171
302.193
302.214
302.235
302.257
302.278
302.299
302.32
302.34
302.361
302.381
302.402
302.422
302.442
302.462
302.482
302.501
302.521
302.54
302.559
302.578
302.597
302.615
302.634
302.652
302.67
302.688
302.706
302.723
302.741
302.758
302.775
302.792
302.808
302.825
302.841
302.858
302.874
302.89
302.905
302.921
302.936
302.951
302.966
302.981
302.995
303.009
303.023
303.037
303.05
303.063
303.076
303.089
303.101
303.113
303.125
303.136
303.147
303.158
303.168
303.178
303.188
303.197
303.207
303.215
303.223
303.231
303.239
303.246
303.253
303.259
303.265
303.271
303.276
303.281
303.285
303.289
303.292
303.295
303.298
303.299
303.301
303.301
303.302
303.301
303.3
303.298
303.295
303.292
303.288
303.283
303.276
303.269
303.261
303.251
303.24
303.228
303.214
303.198
303.18
303.16
303.138
303.113
303.086
303.055
303.021
302.984
302.942
302.897
302.846
302.792
302.732
302.667
302.598
302.524
301.142
301.158
301.175
301.191
301.208
301.225
301.242
301.26
301.277
301.295
301.313
301.331
301.349
301.368
301.387
301.405
301.424
301.444
301.463
301.482
301.502
301.522
301.542
301.562
301.582
301.602
301.622
301.643
301.663
301.683
301.704
301.725
301.745
301.766
301.787
301.808
301.829
301.85
301.87
301.891
301.912
301.933
301.954
301.975
301.995
302.016
302.037
302.057
302.078
302.098
302.119
302.139
302.159
302.179
302.199
302.219
302.239
302.259
302.278
302.298
302.317
302.336
302.355
302.374
302.393
302.412
302.43
302.448
302.466
302.484
302.502
302.52
302.538
302.555
302.572
302.589
302.606
302.623
302.64
302.656
302.672
302.689
302.705
302.72
302.736
302.751
302.767
302.782
302.797
302.811
302.826
302.84
302.854
302.868
302.882
302.895
302.908
302.921
302.933
302.946
302.958
302.969
302.981
302.992
303.002
303.013
303.023
303.032
303.042
303.051
303.059
303.068
303.076
303.083
303.09
303.097
303.104
303.11
303.115
303.12
303.125
303.13
303.134
303.137
303.14
303.142
303.144
303.146
303.147
303.147
303.147
303.146
303.144
303.142
303.138
303.134
303.129
303.124
303.117
303.109
303.099
303.089
303.077
303.064
303.048
303.031
303.012
302.991
302.968
302.942
302.913
302.88
302.845
302.806
302.763
302.716
302.665
302.61
302.55
302.486
302.418
301.068
301.083
301.097
301.113
301.128
301.144
301.159
301.175
301.191
301.208
301.224
301.241
301.258
301.275
301.292
301.31
301.327
301.345
301.363
301.381
301.399
301.417
301.436
301.454
301.473
301.492
301.511
301.53
301.549
301.568
301.587
301.607
301.626
301.646
301.665
301.685
301.704
301.724
301.744
301.764
301.783
301.803
301.823
301.843
301.862
301.882
301.902
301.921
301.941
301.96
301.98
301.999
302.019
302.038
302.057
302.076
302.096
302.114
302.133
302.152
302.171
302.189
302.208
302.226
302.244
302.262
302.28
302.298
302.315
302.333
302.35
302.367
302.385
302.402
302.418
302.435
302.452
302.468
302.484
302.5
302.516
302.532
302.548
302.563
302.579
302.594
302.609
302.624
302.639
302.653
302.667
302.682
302.695
302.709
302.722
302.736
302.749
302.761
302.774
302.786
302.798
302.809
302.82
302.831
302.842
302.852
302.862
302.872
302.881
302.89
302.899
302.907
302.915
302.923
302.93
302.937
302.943
302.949
302.955
302.96
302.965
302.969
302.973
302.977
302.98
302.982
302.984
302.986
302.987
302.987
302.987
302.986
302.985
302.982
302.979
302.976
302.971
302.966
302.959
302.952
302.943
302.933
302.921
302.909
302.894
302.878
302.86
302.84
302.818
302.793
302.766
302.736
302.702
302.666
302.626
302.582
302.535
302.484
302.429
302.37
302.307
300.994
301.007
301.021
301.035
301.049
301.063
301.077
301.092
301.107
301.122
301.137
301.152
301.168
301.183
301.199
301.215
301.231
301.247
301.264
301.281
301.297
301.314
301.331
301.348
301.366
301.383
301.401
301.418
301.436
301.454
301.472
301.49
301.508
301.526
301.544
301.563
301.581
301.6
301.618
301.637
301.655
301.674
301.692
301.711
301.73
301.748
301.767
301.786
301.804
301.823
301.841
301.86
301.878
301.897
301.915
301.933
301.951
301.969
301.988
302.005
302.023
302.041
302.059
302.076
302.094
302.111
302.128
302.146
302.163
302.179
302.196
302.213
302.23
302.246
302.262
302.279
302.295
302.311
302.326
302.342
302.358
302.373
302.389
302.404
302.419
302.434
302.448
302.463
302.477
302.492
302.506
302.519
302.533
302.546
302.56
302.573
302.585
302.598
302.61
302.622
302.634
302.645
302.656
302.667
302.678
302.688
302.698
302.707
302.717
302.725
302.734
302.742
302.75
302.758
302.765
302.772
302.778
302.784
302.79
302.795
302.8
302.804
302.808
302.812
302.815
302.817
302.819
302.821
302.822
302.823
302.823
302.822
302.821
302.819
302.816
302.813
302.808
302.803
302.797
302.79
302.782
302.772
302.762
302.75
302.736
302.721
302.704
302.685
302.664
302.641
302.615
302.587
302.556
302.522
302.485
302.445
302.401
302.354
302.304
302.25
302.192
300.92
300.933
300.945
300.958
300.97
300.983
300.996
301.01
301.023
301.037
301.051
301.065
301.079
301.093
301.107
301.122
301.137
301.152
301.167
301.182
301.197
301.213
301.228
301.244
301.26
301.276
301.292
301.309
301.325
301.341
301.358
301.375
301.392
301.408
301.425
301.442
301.46
301.477
301.494
301.511
301.529
301.546
301.563
301.581
301.598
301.616
301.633
301.651
301.668
301.686
301.703
301.721
301.738
301.755
301.773
301.79
301.807
301.825
301.842
301.859
301.876
301.893
301.91
301.926
301.943
301.96
301.976
301.993
302.009
302.025
302.041
302.057
302.073
302.089
302.105
302.121
302.136
302.152
302.167
302.182
302.197
302.212
302.227
302.242
302.257
302.271
302.285
302.3
302.314
302.328
302.341
302.355
302.368
302.381
302.394
302.407
302.419
302.432
302.444
302.455
302.467
302.478
302.489
302.5
302.51
302.52
302.53
302.539
302.548
302.557
302.566
302.574
302.582
302.589
302.596
302.603
302.609
302.615
302.621
302.626
302.631
302.635
302.639
302.643
302.646
302.649
302.651
302.653
302.654
302.655
302.655
302.654
302.653
302.651
302.649
302.646
302.642
302.637
302.631
302.625
302.617
302.608
302.598
302.587
302.574
302.56
302.544
302.526
302.507
302.485
302.461
302.435
302.407
302.375
302.341
302.304
302.264
302.221
302.175
302.126
302.074
300.848
300.859
300.87
300.882
300.893
300.905
300.917
300.929
300.941
300.953
300.966
300.979
300.991
301.004
301.018
301.031
301.044
301.058
301.072
301.085
301.099
301.114
301.128
301.142
301.157
301.171
301.186
301.201
301.216
301.231
301.247
301.262
301.277
301.293
301.309
301.324
301.34
301.356
301.372
301.388
301.404
301.42
301.436
301.452
301.469
301.485
301.501
301.518
301.534
301.55
301.567
301.583
301.599
301.616
301.632
301.648
301.665
301.681
301.697
301.713
301.729
301.745
301.761
301.777
301.793
301.809
301.824
301.84
301.856
301.871
301.886
301.902
301.917
301.932
301.947
301.962
301.977
301.992
302.007
302.022
302.036
302.051
302.065
302.079
302.093
302.107
302.121
302.135
302.149
302.162
302.175
302.189
302.202
302.214
302.227
302.239
302.251
302.263
302.275
302.286
302.298
302.309
302.319
302.33
302.34
302.35
302.359
302.369
302.378
302.386
302.395
302.403
302.41
302.418
302.425
302.431
302.438
302.444
302.449
302.454
302.459
302.464
302.468
302.471
302.474
302.477
302.479
302.481
302.482
302.483
302.484
302.483
302.482
302.481
302.479
302.476
302.472
302.468
302.462
302.456
302.449
302.441
302.432
302.421
302.409
302.396
302.381
302.365
302.347
302.327
302.305
302.281
302.255
302.226
302.195
302.161
302.125
302.086
302.044
301.999
301.952
300.777
300.787
300.797
300.807
300.818
300.828
300.839
300.85
300.861
300.872
300.883
300.895
300.906
300.918
300.93
300.942
300.954
300.966
300.979
300.991
301.004
301.017
301.03
301.043
301.056
301.069
301.083
301.096
301.11
301.124
301.138
301.152
301.166
301.18
301.195
301.209
301.223
301.238
301.253
301.267
301.282
301.297
301.312
301.327
301.342
301.357
301.372
301.387
301.402
301.417
301.433
301.448
301.463
301.478
301.493
301.509
301.524
301.539
301.554
301.569
301.584
301.599
301.614
301.629
301.644
301.659
301.674
301.689
301.704
301.718
301.733
301.747
301.762
301.776
301.791
301.805
301.819
301.833
301.847
301.862
301.875
301.889
301.903
301.917
301.93
301.944
301.957
301.97
301.984
301.996
302.009
302.022
302.035
302.047
302.059
302.071
302.083
302.094
302.106
302.117
302.128
302.138
302.149
302.159
302.169
302.178
302.188
302.197
302.206
302.214
302.222
302.23
302.238
302.245
302.252
302.258
302.264
302.27
302.276
302.281
302.286
302.29
302.294
302.298
302.301
302.304
302.306
302.308
302.309
302.31
302.311
302.311
302.31
302.309
302.307
302.304
302.301
302.297
302.292
302.286
302.28
302.272
302.264
302.254
302.243
302.231
302.217
302.202
302.186
302.167
302.147
302.125
302.101
302.075
302.047
302.016
301.983
301.948
301.91
301.87
301.827
300.708
300.717
300.726
300.735
300.745
300.754
300.764
300.773
300.783
300.793
300.803
300.814
300.824
300.834
300.845
300.856
300.867
300.878
300.889
300.9
300.912
300.923
300.935
300.947
300.959
300.971
300.983
300.995
301.008
301.02
301.033
301.045
301.058
301.071
301.084
301.097
301.11
301.124
301.137
301.15
301.164
301.178
301.191
301.205
301.219
301.232
301.246
301.26
301.274
301.288
301.302
301.316
301.33
301.344
301.358
301.372
301.386
301.401
301.415
301.429
301.443
301.457
301.471
301.485
301.499
301.513
301.526
301.54
301.554
301.568
301.582
301.595
301.609
301.623
301.636
301.65
301.663
301.677
301.69
301.703
301.717
301.73
301.743
301.756
301.769
301.782
301.795
301.807
301.82
301.832
301.844
301.857
301.869
301.88
301.892
301.904
301.915
301.926
301.937
301.948
301.958
301.969
301.979
301.988
301.998
302.007
302.016
302.025
302.034
302.042
302.05
302.057
302.065
302.072
302.078
302.085
302.091
302.097
302.102
302.107
302.112
302.116
302.12
302.124
302.127
302.13
302.132
302.134
302.136
302.137
302.137
302.137
302.137
302.136
302.134
302.132
302.129
302.125
302.121
302.116
302.11
302.103
302.095
302.086
302.076
302.065
302.053
302.039
302.024
302.007
301.989
301.969
301.947
301.924
301.898
301.871
301.841
301.809
301.776
301.739
301.701
300.641
300.649
300.657
300.666
300.674
300.682
300.691
300.7
300.708
300.717
300.726
300.735
300.745
300.754
300.764
300.773
300.783
300.793
300.803
300.813
300.823
300.834
300.844
300.855
300.865
300.876
300.887
300.898
300.909
300.92
300.932
300.943
300.955
300.966
300.978
300.99
301.002
301.014
301.026
301.038
301.05
301.063
301.075
301.088
301.1
301.113
301.125
301.138
301.151
301.163
301.176
301.189
301.202
301.215
301.228
301.241
301.254
301.267
301.279
301.292
301.305
301.318
301.331
301.344
301.357
301.37
301.383
301.396
301.409
301.422
301.435
301.447
301.46
301.473
301.486
301.498
301.511
301.524
301.536
301.549
301.561
301.574
301.586
301.598
301.611
301.623
301.635
301.647
301.659
301.671
301.682
301.694
301.705
301.717
301.728
301.739
301.75
301.76
301.771
301.781
301.791
301.801
301.811
301.82
301.829
301.838
301.847
301.855
301.863
301.871
301.879
301.886
301.894
301.9
301.907
301.913
301.919
301.925
301.93
301.935
301.94
301.944
301.948
301.951
301.955
301.957
301.96
301.962
301.963
301.964
301.965
301.965
301.965
301.964
301.963
301.961
301.958
301.955
301.951
301.947
301.941
301.935
301.928
301.92
301.911
301.901
301.89
301.877
301.864
301.849
301.832
301.814
301.795
301.774
301.751
301.726
301.7
301.671
301.641
301.609
301.575
300.578
300.585
300.592
300.599
300.606
300.614
300.622
300.629
300.637
300.645
300.653
300.661
300.669
300.678
300.686
300.695
300.703
300.712
300.721
300.73
300.739
300.748
300.758
300.767
300.777
300.786
300.796
300.806
300.816
300.826
300.836
300.846
300.857
300.867
300.877
300.888
300.899
300.91
300.92
300.931
300.942
300.953
300.965
300.976
300.987
300.998
301.01
301.021
301.033
301.044
301.056
301.068
301.079
301.091
301.103
301.115
301.127
301.138
301.15
301.162
301.174
301.186
301.198
301.21
301.222
301.234
301.246
301.257
301.269
301.281
301.293
301.305
301.317
301.329
301.341
301.352
301.364
301.376
301.388
301.4
301.411
301.423
301.435
301.446
301.458
301.469
301.48
301.492
301.503
301.514
301.525
301.536
301.547
301.558
301.568
301.579
301.589
301.599
301.609
301.619
301.628
301.638
301.647
301.656
301.664
301.673
301.681
301.689
301.697
301.705
301.712
301.719
301.726
301.733
301.739
301.745
301.751
301.756
301.761
301.766
301.771
301.775
301.779
301.782
301.785
301.788
301.791
301.793
301.794
301.796
301.796
301.797
301.797
301.796
301.795
301.793
301.791
301.788
301.785
301.781
301.776
301.77
301.764
301.757
301.749
301.74
301.73
301.719
301.706
301.693
301.678
301.662
301.645
301.626
301.606
301.584
301.56
301.535
301.508
301.48
301.45
300.518
300.524
300.53
300.537
300.543
300.55
300.556
300.563
300.57
300.577
300.584
300.591
300.599
300.606
300.613
300.621
300.629
300.636
300.644
300.652
300.66
300.668
300.677
300.685
300.693
300.702
300.711
300.719
300.728
300.737
300.746
300.755
300.764
300.774
300.783
300.793
300.802
300.812
300.821
300.831
300.841
300.851
300.861
300.871
300.881
300.891
300.902
300.912
300.922
300.933
300.943
300.954
300.964
300.975
300.986
300.996
301.007
301.018
301.029
301.039
301.05
301.061
301.072
301.083
301.094
301.105
301.116
301.127
301.137
301.148
301.159
301.17
301.181
301.192
301.203
301.214
301.225
301.236
301.247
301.258
301.269
301.28
301.29
301.301
301.312
301.323
301.333
301.344
301.354
301.365
301.375
301.385
301.395
301.405
301.415
301.425
301.435
301.444
301.454
301.463
301.472
301.481
301.49
301.498
301.506
301.514
301.522
301.53
301.538
301.545
301.552
301.559
301.565
301.571
301.578
301.583
301.589
301.594
301.599
301.604
301.608
301.612
301.616
301.619
301.622
301.625
301.628
301.63
301.631
301.633
301.634
301.634
301.634
301.634
301.633
301.632
301.63
301.627
301.624
301.621
301.617
301.612
301.606
301.6
301.592
301.584
301.575
301.566
301.555
301.543
301.53
301.515
301.5
301.483
301.465
301.446
301.425
301.403
301.38
301.355
301.328
300.462
300.468
300.473
300.479
300.485
300.49
300.496
300.502
300.508
300.514
300.521
300.527
300.533
300.54
300.546
300.553
300.56
300.567
300.574
300.581
300.588
300.595
300.602
300.61
300.617
300.625
300.632
300.64
300.648
300.656
300.664
300.672
300.68
300.688
300.696
300.705
300.713
300.722
300.731
300.739
300.748
300.757
300.766
300.775
300.784
300.793
300.802
300.811
300.821
300.83
300.839
300.849
300.858
300.868
300.878
300.887
300.897
300.907
300.916
300.926
300.936
300.946
300.956
300.966
300.975
300.985
300.995
301.005
301.015
301.025
301.035
301.045
301.055
301.065
301.076
301.086
301.096
301.106
301.116
301.126
301.136
301.146
301.156
301.166
301.176
301.186
301.196
301.206
301.215
301.225
301.235
301.244
301.254
301.263
301.272
301.281
301.29
301.299
301.308
301.317
301.325
301.334
301.342
301.35
301.358
301.365
301.373
301.38
301.387
301.394
301.401
301.407
301.413
301.419
301.425
301.431
301.436
301.441
301.446
301.45
301.454
301.458
301.462
301.465
301.468
301.471
301.473
301.476
301.477
301.479
301.48
301.48
301.481
301.48
301.48
301.479
301.477
301.475
301.473
301.469
301.466
301.461
301.456
301.451
301.444
301.437
301.429
301.421
301.411
301.4
301.389
301.376
301.363
301.348
301.332
301.315
301.297
301.278
301.257
301.235
301.212
300.412
300.417
300.422
300.427
300.432
300.437
300.442
300.448
300.453
300.458
300.464
300.469
300.475
300.481
300.486
300.492
300.498
300.504
300.51
300.516
300.523
300.529
300.535
300.542
300.549
300.555
300.562
300.569
300.576
300.583
300.59
300.597
300.604
300.611
300.619
300.626
300.634
300.641
300.649
300.657
300.665
300.672
300.68
300.688
300.696
300.705
300.713
300.721
300.729
300.738
300.746
300.755
300.763
300.772
300.78
300.789
300.798
300.807
300.815
300.824
300.833
300.842
300.851
300.86
300.869
300.878
300.887
300.896
300.905
300.914
300.923
300.933
300.942
300.951
300.96
300.97
300.979
300.988
300.997
301.007
301.016
301.025
301.034
301.043
301.053
301.062
301.071
301.08
301.089
301.098
301.107
301.116
301.125
301.133
301.142
301.15
301.159
301.167
301.175
301.183
301.191
301.199
301.207
301.214
301.222
301.229
301.236
301.243
301.249
301.256
301.262
301.268
301.274
301.28
301.285
301.29
301.296
301.3
301.305
301.309
301.313
301.317
301.321
301.324
301.327
301.329
301.332
301.334
301.336
301.337
301.338
301.339
301.339
301.339
301.339
301.338
301.337
301.335
301.333
301.33
301.327
301.323
301.319
301.314
301.308
301.302
301.295
301.287
301.279
301.27
301.26
301.249
301.237
301.224
301.21
301.195
301.179
301.162
301.144
301.125
301.104
300.369
300.373
300.378
300.382
300.386
300.391
300.395
300.4
300.405
300.41
300.414
300.419
300.424
300.429
300.434
300.44
300.445
300.45
300.456
300.461
300.467
300.472
300.478
300.484
300.489
300.495
300.501
300.507
300.513
300.52
300.526
300.532
300.539
300.545
300.552
300.558
300.565
300.572
300.579
300.586
300.592
300.6
300.607
300.614
300.621
300.628
300.636
300.643
300.65
300.658
300.666
300.673
300.681
300.689
300.696
300.704
300.712
300.72
300.728
300.736
300.744
300.752
300.76
300.768
300.777
300.785
300.793
300.801
300.81
300.818
300.826
300.835
300.843
300.852
300.86
300.869
300.877
300.886
300.894
300.903
300.911
300.92
300.928
300.937
300.945
300.954
300.962
300.97
300.979
300.987
300.995
301.004
301.012
301.02
301.028
301.036
301.044
301.051
301.059
301.066
301.074
301.081
301.088
301.095
301.102
301.109
301.115
301.122
301.128
301.134
301.14
301.146
301.151
301.157
301.162
301.167
301.172
301.176
301.181
301.185
301.189
301.192
301.196
301.199
301.202
301.204
301.207
301.209
301.211
301.212
301.213
301.214
301.215
301.215
301.214
301.214
301.213
301.211
301.21
301.207
301.204
301.201
301.197
301.193
301.188
301.183
301.176
301.17
301.162
301.154
301.145
301.135
301.125
301.114
301.101
301.088
301.074
301.059
301.043
301.026
301.009
300.334
300.338
300.341
300.345
300.349
300.353
300.357
300.362
300.366
300.37
300.374
300.379
300.383
300.388
300.392
300.397
300.402
300.406
300.411
300.416
300.421
300.426
300.431
300.436
300.441
300.447
300.452
300.457
300.463
300.469
300.474
300.48
300.486
300.491
300.497
300.503
300.509
300.515
300.521
300.528
300.534
300.54
300.547
300.553
300.56
300.566
300.573
300.58
300.586
300.593
300.6
300.607
300.614
300.621
300.628
300.635
300.642
300.65
300.657
300.664
300.672
300.679
300.687
300.694
300.702
300.709
300.717
300.724
300.732
300.74
300.747
300.755
300.763
300.771
300.779
300.786
300.794
300.802
300.81
300.818
300.826
300.834
300.842
300.849
300.857
300.865
300.873
300.881
300.889
300.896
300.904
300.912
300.919
300.927
300.934
300.941
300.949
300.956
300.963
300.97
300.977
300.984
300.991
300.997
301.004
301.01
301.016
301.022
301.028
301.034
301.039
301.045
301.05
301.055
301.06
301.065
301.07
301.074
301.078
301.082
301.086
301.089
301.092
301.096
301.098
301.101
301.103
301.105
301.107
301.109
301.11
301.111
301.111
301.111
301.111
301.111
301.11
301.109
301.107
301.105
301.103
301.1
301.097
301.093
301.089
301.084
301.078
301.072
301.066
301.058
301.05
301.042
301.032
301.022
301.011
301
300.987
300.974
300.96
300.945
300.929
300.308
300.312
300.315
300.319
300.322
300.326
300.33
300.334
300.337
300.341
300.345
300.349
300.353
300.357
300.362
300.366
300.37
300.374
300.379
300.383
300.388
300.392
300.397
300.402
300.407
300.411
300.416
300.421
300.426
300.431
300.437
300.442
300.447
300.452
300.458
300.463
300.469
300.474
300.48
300.486
300.492
300.497
300.503
300.509
300.515
300.521
300.528
300.534
300.54
300.546
300.553
300.559
300.566
300.572
300.579
300.585
300.592
300.599
300.605
300.612
300.619
300.626
300.633
300.64
300.647
300.654
300.661
300.668
300.676
300.683
300.69
300.697
300.705
300.712
300.719
300.727
300.734
300.741
300.749
300.756
300.764
300.771
300.778
300.786
300.793
300.801
300.808
300.815
300.823
300.83
300.837
300.844
300.851
300.858
300.865
300.872
300.879
300.886
300.893
300.9
300.906
300.913
300.919
300.925
300.931
300.937
300.943
300.949
300.955
300.96
300.965
300.971
300.976
300.981
300.985
300.99
300.994
300.998
301.002
301.006
301.01
301.013
301.016
301.019
301.022
301.025
301.027
301.029
301.031
301.032
301.033
301.034
301.035
301.035
301.035
301.035
301.034
301.033
301.032
301.03
301.028
301.026
301.023
301.019
301.015
301.011
301.006
301
300.994
300.988
300.98
300.972
300.964
300.955
300.945
300.934
300.923
300.911
300.898
300.884
300.87
300.294
300.297
300.301
300.304
300.308
300.311
300.315
300.318
300.322
300.325
300.329
300.333
300.337
300.341
300.345
300.349
300.353
300.357
300.361
300.365
300.37
300.374
300.378
300.383
300.388
300.392
300.397
300.401
300.406
300.411
300.416
300.421
300.426
300.431
300.436
300.441
300.447
300.452
300.457
300.463
300.468
300.474
300.48
300.485
300.491
300.497
300.503
300.509
300.515
300.521
300.527
300.533
300.539
300.545
300.552
300.558
300.564
300.571
300.577
300.584
300.59
300.597
300.604
300.61
300.617
300.624
300.631
300.638
300.645
300.652
300.659
300.666
300.673
300.68
300.687
300.694
300.701
300.708
300.715
300.722
300.729
300.737
300.744
300.751
300.758
300.765
300.772
300.779
300.786
300.793
300.8
300.807
300.814
300.821
300.828
300.834
300.841
300.848
300.854
300.861
300.867
300.873
300.879
300.885
300.891
300.897
300.903
300.909
300.914
300.919
300.925
300.93
300.935
300.939
300.944
300.948
300.953
300.957
300.961
300.964
300.968
300.971
300.974
300.977
300.98
300.983
300.985
300.987
300.989
300.99
300.991
300.992
300.993
300.993
300.993
300.993
300.993
300.992
300.99
300.989
300.987
300.984
300.982
300.978
300.975
300.97
300.966
300.96
300.955
300.948
300.942
300.934
300.926
300.917
300.908
300.898
300.887
300.876
300.864
300.851
300.837
303.343
302.693
302.232
301.868
301.57
301.321
301.11
300.93
300.777
300.646
300.535
300.44
300.36
300.293
300.236
300.189
300.15
300.119
300.093
300.072
300.055
300.042
300.032
300.024
300.017
300.013
300.009
300.007
300.005
300.003
300.002
300.001
300.001
300
300
300
300
300
300
300
300
300
300
300
300
300
300
300
300
300
300
303.34
302.693
302.231
301.868
301.57
301.321
301.11
300.93
300.777
300.646
300.535
300.44
300.36
300.293
300.236
300.189
300.15
300.119
300.093
300.072
300.055
300.042
300.032
300.024
300.017
300.013
300.009
300.007
300.005
300.003
300.002
300.001
300.001
300
300
300
300
300
300
300
300
300
300
300
300
300
300
300
300
300
300
303.335
302.691
302.231
301.868
301.57
301.321
301.11
300.93
300.777
300.646
300.535
300.44
300.36
300.293
300.236
300.189
300.15
300.119
300.093
300.072
300.055
300.042
300.032
300.024
300.017
300.013
300.009
300.007
300.005
300.003
300.002
300.001
300.001
300
300
300
300
300
300
300
300
300
300
300
300
300
300
300
300
300
300
303.327
302.689
302.23
301.868
301.57
301.321
301.11
300.93
300.777
300.646
300.535
300.44
300.36
300.293
300.236
300.189
300.15
300.119
300.093
300.072
300.055
300.042
300.032
300.024
300.017
300.013
300.009
300.007
300.005
300.003
300.002
300.001
300.001
300
300
300
300
300
300
300
300
300
300
300
300
300
300
300
300
300
300
303.316
302.687
302.229
301.867
301.57
301.321
301.11
300.93
300.777
300.646
300.535
300.44
300.36
300.293
300.236
300.189
300.151
300.119
300.093
300.072
300.055
300.042
300.032
300.024
300.018
300.013
300.009
300.007
300.005
300.003
300.002
300.001
300.001
300
300
300
300
300
300
300
300
300
300
300
300
300
300
300
300
300
300
303.302
302.683
302.228
301.867
301.57
301.321
301.11
300.93
300.777
300.647
300.535
300.44
300.36
300.293
300.236
300.189
300.151
300.119
300.093
300.072
300.055
300.042
300.032
300.024
300.018
300.013
300.009
300.007
300.005
300.003
300.002
300.001
300.001
300
300
300
300
300
300
300
300
300
300
300
300
300
300
300
300
300
300
303.285
302.678
302.225
301.866
301.569
301.321
301.11
300.93
300.777
300.647
300.535
300.441
300.361
300.293
300.237
300.19
300.151
300.119
300.093
300.072
300.055
300.042
300.032
300.024
300.018
300.013
300.009
300.007
300.005
300.003
300.002
300.001
300.001
300
300
300
300
300
300
300
300
300
300
300
300
300
300
300
300
300
300
303.265
302.672
302.223
301.864
301.569
301.32
301.11
300.931
300.778
300.647
300.536
300.441
300.361
300.293
300.237
300.19
300.151
300.119
300.093
300.072
300.055
300.042
300.032
300.024
300.018
300.013
300.009
300.007
300.005
300.003
300.002
300.001
300.001
300
300
300
300
300
300
300
300
300
300
300
300
300
300
300
300
300
300
303.242
302.664
302.219
301.863
301.568
301.32
301.11
300.931
300.778
300.647
300.536
300.441
300.361
300.294
300.237
300.19
300.151
300.119
300.093
300.072
300.056
300.042
300.032
300.024
300.018
300.013
300.009
300.007
300.005
300.003
300.002
300.001
300.001
300
300
300
300
300
300
300
300
300
300
300
300
300
300
300
300
300
300
303.216
302.654
302.215
301.861
301.567
301.32
301.11
300.931
300.778
300.647
300.536
300.441
300.361
300.294
300.237
300.19
300.151
300.119
300.093
300.072
300.056
300.042
300.032
300.024
300.018
300.013
300.009
300.007
300.005
300.003
300.002
300.001
300.001
300
300
300
300
300
300
300
300
300
300
300
300
300
300
300
300
300
300
303.187
302.643
302.21
301.858
301.565
301.319
301.109
300.931
300.778
300.648
300.536
300.442
300.362
300.294
300.237
300.19
300.151
300.119
300.093
300.073
300.056
300.042
300.032
300.024
300.018
300.013
300.009
300.007
300.005
300.003
300.002
300.001
300.001
300
300
300
300
300
300
300
300
300
300
300
300
300
300
300
300
300
300
303.154
302.629
302.204
301.855
301.564
301.318
301.109
300.931
300.778
300.648
300.537
300.442
300.362
300.294
300.238
300.191
300.152
300.12
300.094
300.073
300.056
300.043
300.032
300.024
300.018
300.013
300.009
300.007
300.005
300.003
300.002
300.001
300.001
300
300
300
300
300
300
300
300
300
300
300
300
300
300
300
300
300
300
303.118
302.613
302.196
301.85
301.561
301.317
301.108
300.93
300.778
300.648
300.537
300.442
300.362
300.295
300.238
300.191
300.152
300.12
300.094
300.073
300.056
300.043
300.032
300.024
300.018
300.013
300.009
300.007
300.005
300.003
300.002
300.001
300.001
300
300
300
300
300
300
300
300
300
300
300
300
300
300
300
300
300
300
303.078
302.594
302.186
301.845
301.558
301.315
301.107
300.93
300.778
300.648
300.537
300.442
300.362
300.295
300.238
300.191
300.152
300.12
300.094
300.073
300.056
300.043
300.032
300.024
300.018
300.013
300.009
300.007
300.005
300.003
300.002
300.001
300.001
300
300
300
300
300
300
300
300
300
300
300
300
300
300
300
300
300
300
303.034
302.572
302.174
301.838
301.554
301.312
301.106
300.929
300.777
300.648
300.537
300.442
300.362
300.295
300.238
300.191
300.152
300.12
300.094
300.073
300.056
300.043
300.032
300.024
300.018
300.013
300.009
300.007
300.005
300.003
300.002
300.001
300.001
300
300
300
300
300
300
300
300
300
300
300
300
300
300
300
300
300
300
302.987
302.546
302.159
301.83
301.549
301.309
301.104
300.928
300.777
300.647
300.536
300.442
300.362
300.295
300.238
300.191
300.152
300.12
300.094
300.073
300.056
300.043
300.032
300.024
300.018
300.013
300.009
300.007
300.005
300.003
300.002
300.001
300.001
300
300
300
300
300
300
300
300
300
300
300
300
300
300
300
300
300
300
302.935
302.517
302.142
301.819
301.543
301.305
301.101
300.926
300.775
300.646
300.536
300.442
300.362
300.295
300.238
300.191
300.152
300.12
300.094
300.073
300.056
300.043
300.032
300.024
300.018
300.013
300.009
300.007
300.005
300.003
300.002
300.001
300.001
300
300
300
300
300
300
300
300
300
300
300
300
300
300
300
300
300
300
302.88
302.483
302.122
301.807
301.534
301.3
301.097
300.923
300.774
300.645
300.535
300.441
300.362
300.295
300.238
300.191
300.152
300.12
300.094
300.073
300.056
300.043
300.033
300.024
300.018
300.013
300.01
300.007
300.005
300.003
300.002
300.001
300.001
300
300
300
300
300
300
300
300
300
300
300
300
300
300
300
300
300
300
302.82
302.445
302.098
301.791
301.524
301.293
301.093
300.92
300.771
300.644
300.534
300.441
300.361
300.294
300.238
300.191
300.152
300.12
300.094
300.073
300.056
300.043
300.033
300.024
300.018
300.013
300.01
300.007
300.005
300.003
300.002
300.001
300.001
300
300
300
300
300
300
300
300
300
300
300
300
300
300
300
300
300
300
302.756
302.403
302.071
301.773
301.512
301.284
301.087
300.916
300.768
300.641
300.532
300.439
300.361
300.294
300.238
300.191
300.152
300.12
300.094
300.073
300.056
300.043
300.033
300.024
300.018
300.013
300.01
300.007
300.005
300.003
300.002
300.001
300.001
300
300
300
300
300
300
300
300
300
300
300
300
300
300
300
300
300
300
302.687
302.355
302.038
301.751
301.497
301.274
301.079
300.91
300.764
300.638
300.53
300.438
300.359
300.293
300.237
300.19
300.152
300.12
300.094
300.073
300.056
300.043
300.033
300.024
300.018
300.013
300.01
300.007
300.005
300.003
300.002
300.001
300.001
300
300
300
300
300
300
300
300
300
300
300
300
300
300
300
300
300
300
302.613
302.302
302.002
301.726
301.479
301.261
301.07
300.903
300.759
300.635
300.527
300.436
300.358
300.292
300.236
300.19
300.151
300.12
300.094
300.073
300.056
300.043
300.033
300.024
300.018
300.013
300.01
300.007
300.005
300.003
300.002
300.001
300.001
300
300
300
300
300
300
300
300
300
300
300
300
300
300
300
300
300
300
302.534
302.245
301.96
301.696
301.457
301.245
301.058
300.895
300.753
300.63
300.524
300.433
300.356
300.29
300.235
300.189
300.151
300.119
300.094
300.073
300.056
300.043
300.032
300.024
300.018
300.013
300.01
300.007
300.005
300.003
300.002
300.001
300.001
300
300
300
300
300
300
300
300
300
300
300
300
300
300
300
300
300
300
302.451
302.181
301.914
301.662
301.433
301.227
301.045
300.885
300.745
300.624
300.519
300.43
300.353
300.288
300.233
300.188
300.15
300.119
300.093
300.072
300.056
300.043
300.032
300.024
300.018
300.013
300.01
300.007
300.005
300.003
300.002
300.001
300.001
300
300
300
300
300
300
300
300
300
300
300
300
300
300
300
300
300
300
302.362
302.112
301.862
301.623
301.404
301.205
301.028
300.872
300.736
300.617
300.514
300.425
300.35
300.286
300.232
300.186
300.149
300.118
300.093
300.072
300.056
300.042
300.032
300.024
300.018
300.013
300.009
300.007
300.005
300.003
300.002
300.001
300.001
300
300
300
300
300
300
300
300
300
300
300
300
300
300
300
300
300
300
302.269
302.038
301.804
301.58
301.371
301.18
301.009
300.858
300.724
300.608
300.507
300.42
300.346
300.283
300.229
300.185
300.147
300.117
300.092
300.071
300.055
300.042
300.032
300.024
300.018
300.013
300.009
300.007
300.005
300.003
300.002
300.001
300.001
300
300
300
300
300
300
300
300
300
300
300
300
300
300
300
300
300
300
302.17
301.958
301.741
301.531
301.333
301.151
300.987
300.841
300.711
300.598
300.499
300.414
300.341
300.279
300.226
300.182
300.146
300.115
300.091
300.071
300.055
300.042
300.032
300.024
300.018
300.013
300.009
300.007
300.005
300.003
300.002
300.001
300.001
300
300
300
300
300
300
300
300
300
300
300
300
300
300
300
300
300
300
302.067
301.873
301.673
301.477
301.291
301.118
300.962
300.821
300.696
300.586
300.49
300.407
300.335
300.274
300.223
300.18
300.144
300.114
300.09
300.07
300.054
300.041
300.031
300.023
300.017
300.013
300.009
300.007
300.005
300.003
300.002
300.001
300.001
300
300
300
300
300
300
300
300
300
300
300
300
300
300
300
300
300
300
301.96
301.783
301.599
301.418
301.244
301.081
300.933
300.798
300.678
300.572
300.479
300.398
300.329
300.269
300.219
300.176
300.141
300.112
300.088
300.069
300.053
300.041
300.031
300.023
300.017
300.013
300.009
300.007
300.005
300.003
300.002
300.001
300.001
300
300
300
300
300
300
300
300
300
300
300
300
300
300
300
300
300
300
301.849
301.688
301.521
301.354
301.193
301.04
300.9
300.772
300.658
300.556
300.466
300.388
300.321
300.263
300.214
300.173
300.138
300.11
300.087
300.068
300.052
300.04
300.03
300.023
300.017
300.012
300.009
300.006
300.004
300.003
300.002
300.001
300.001
300
300
300
300
300
300
300
300
300
300
300
300
300
300
300
300
300
300
301.734
301.59
301.438
301.285
301.137
300.996
300.864
300.744
300.635
300.538
300.452
300.377
300.312
300.256
300.209
300.169
300.135
300.107
300.085
300.066
300.051
300.039
300.03
300.022
300.017
300.012
300.009
300.006
300.004
300.003
300.002
300.001
300.001
300
300
300
300
300
300
300
300
300
300
300
300
300
300
300
300
300
300
301.618
301.488
301.352
301.213
301.077
300.947
300.825
300.712
300.61
300.518
300.436
300.364
300.302
300.248
300.203
300.164
300.132
300.105
300.082
300.064
300.05
300.038
300.029
300.022
300.016
300.012
300.009
300.006
300.004
300.003
300.002
300.001
300.001
300
300
300
300
300
300
300
300
300
300
300
300
300
300
300
300
300
300
301.501
301.385
301.263
301.138
301.015
300.896
300.783
300.678
300.582
300.496
300.419
300.351
300.291
300.24
300.196
300.159
300.127
300.101
300.08
300.063
300.049
300.037
300.028
300.021
300.016
300.012
300.008
300.006
300.004
300.003
300.002
300.001
300.001
300
300
300
300
300
300
300
300
300
300
300
300
300
300
300
300
300
300
301.384
301.282
301.173
301.062
300.951
300.842
300.739
300.642
300.553
300.473
300.4
300.336
300.28
300.231
300.189
300.153
300.123
300.098
300.077
300.061
300.047
300.036
300.027
300.021
300.015
300.011
300.008
300.006
300.004
300.003
300.002
300.001
300.001
300
300
300
300
300
300
300
300
300
300
300
300
300
300
300
299.999
299.999
299.999
301.27
301.18
301.084
300.985
300.885
300.788
300.694
300.605
300.523
300.448
300.381
300.32
300.267
300.221
300.181
300.147
300.118
300.095
300.075
300.059
300.045
300.035
300.027
300.02
300.015
300.011
300.008
300.006
300.004
300.003
300.002
300.001
300.001
300
300
300
300
300
300
300
300
300
300
300
300
299.999
299.999
299.999
299.999
299.999
299.999
301.161
301.082
300.998
300.91
300.821
300.734
300.649
300.568
300.493
300.424
300.361
300.304
300.254
300.211
300.173
300.141
300.114
300.091
300.072
300.056
300.044
300.034
300.026
300.019
300.014
300.011
300.008
300.005
300.004
300.003
300.002
300.001
300.001
300
300
300
300
300
300
300
300
300
300
299.999
299.999
299.999
299.999
299.999
299.999
299.999
299.999
301.06
300.991
300.916
300.839
300.76
300.682
300.605
300.532
300.463
300.399
300.341
300.289
300.242
300.201
300.165
300.135
300.109
300.087
300.069
300.054
300.042
300.032
300.025
300.019
300.014
300.01
300.007
300.005
300.004
300.002
300.002
300.001
300.001
300
300
300
300
300
300
300
300
300
299.999
299.999
299.999
299.999
299.999
299.999
299.999
299.999
299.999
300.97
300.909
300.843
300.775
300.704
300.634
300.565
300.499
300.436
300.377
300.323
300.274
300.23
300.192
300.158
300.129
300.104
300.084
300.066
300.052
300.041
300.031
300.024
300.018
300.013
300.01
300.007
300.005
300.004
300.002
300.002
300.001
300
300
300
300
300
300
300
300
300
300
299.999
299.999
299.999
299.999
299.999
299.999
299.999
299.999
299.999
300.894
300.84
300.782
300.721
300.657
300.594
300.531
300.47
300.412
300.357
300.307
300.261
300.22
300.183
300.152
300.124
300.1
300.081
300.064
300.05
300.039
300.03
300.023
300.017
300.013
300.01
300.007
300.005
300.003
300.002
300.001
300.001
300
300
300
300
300
300
300
300
300
299.999
299.999
299.999
299.999
299.999
299.999
299.999
299.999
299.999
299.999
300.839
300.789
300.736
300.68
300.622
300.563
300.505
300.448
300.394
300.343
300.295
300.251
300.212
300.177
300.147
300.12
300.097
300.078
300.062
300.049
300.038
300.029
300.022
300.017
300.013
300.009
300.007
300.005
300.003
300.002
300.001
300.001
300
300
300
300
300
300
300
300
300
299.999
299.999
299.999
299.999
299.999
299.999
299.999
299.999
299.999
299.999
300.808
300.761
300.711
300.658
300.602
300.546
300.491
300.436
300.384
300.334
300.288
300.246
300.208
300.174
300.144
300.118
300.096
300.077
300.061
300.048
300.038
300.029
300.022
300.017
300.012
300.009
300.007
300.005
300.003
300.002
300.001
300.001
300
300
300
300
300
300
300
300
300
299.999
299.999
299.999
299.999
299.999
299.999
299.999
299.999
299.999
299.999
)
;

boundaryField
{
    inlet
    {
        type            fixedValue;
        value           uniform 300;
    }
    outlet
    {
        type            zeroGradient;
    }
    top
    {
        type            zeroGradient;
    }
    slip-bottom
    {
        type            zeroGradient;
    }
    bottom
    {
        type            zeroGradient;
    }
    interface
    {
        type            fixedGradient;
        gradient        nonuniform List<scalar> 
161
(
67.4395
67.4395
45.8439
45.8439
45.8439
45.8439
34.0682
34.0682
34.0682
34.0682
29.3314
29.3314
29.3314
28.5309
28.5309
28.5309
28.5309
25.9956
25.9956
25.9956
25.1441
25.1441
25.1441
24.6474
24.6474
24.6474
24.0134
24.0134
24.0134
23.4464
23.4464
23.4464
22.9261
22.9261
22.9261
22.4204
22.4204
22.4204
21.9445
21.9445
21.9445
21.0238
21.0238
21.6698
21.6698
21.6698
20.7762
20.7762
21.1767
21.1767
21.1767
20.3227
20.3227
20.3245
20.3245
20.3245
20.4458
20.4458
20.7106
20.7106
19.7417
19.7417
19.6705
19.6705
19.7206
19.7206
19.6295
19.6295
19.6295
19.5161
19.5161
19.4061
19.2922
19.2922
19.1552
19.1552
19.0347
19.0347
18.5851
18.5851
19.1759
19.1759
18.9488
18.9488
18.694
18.2943
18.2943
18.753
18.753
18.5662
18.0965
18.0965
18.5131
18.1035
18.1035
18.3651
18.3651
17.9734
18.2169
18.2169
17.8732
18.1001
17.7827
17.7827
17.8083
18.0166
18.0166
17.6672
17.821
17.5765
17.5765
17.5885
17.6461
17.7322
17.7322
17.4866
17.506
17.5529
17.6043
17.6043
17.4468
17.4607
17.4897
17.4907
17.493
17.4577
17.4577
17.4619
17.4673
17.4652
17.4609
17.455
17.4478
17.4396
17.4307
17.4215
17.4127
17.4047
17.3986
17.3953
17.3964
17.4036
17.4187
17.4435
17.4802
17.5326
17.607
17.7176
17.8974
18.0495
17.6409
17.7014
18.2964
18.7094
19.2662
19.9458
22.6711
20.1646
23.0391
25.855
36.2738
)
;
    }
    defaultFaces
    {
        type            empty;
    }
}


// ************************************************************************* //
