/*--------------------------------*- C++ -*----------------------------------*\
| =========                 |                                                 |
| \\      /  F ield         | OpenFOAM: The Open Source CFD Toolbox           |
|  \\    /   O peration     | Version:  2106                                  |
|   \\  /    A nd           | Website:  www.openfoam.com                      |
|    \\/     M anipulation  |                                                 |
\*---------------------------------------------------------------------------*/
FoamFile
{
    version     2.0;
    format      ascii;
    arch        "LSB;label=32;scalar=64";
    class       volScalarField;
    location    "5.8";
    object      T;
}
// * * * * * * * * * * * * * * * * * * * * * * * * * * * * * * * * * * * * * //

dimensions      [0 0 0 1 0 0 0];

internalField   nonuniform List<scalar> 
12013
(
300.003
300.01
300.017
300.024
300.032
300.04
300.048
300.056
300.065
300.074
300.084
300.094
300.105
300.115
300.127
300.138
300.15
300.163
300.176
300.189
300.203
300.218
300.233
300.248
300.264
300.281
300.298
300.316
300.334
300.353
300.372
300.392
300.413
300.435
300.457
300.479
300.503
300.527
300.552
300.577
300.603
300.631
300.658
300.687
300.717
300.747
300.778
300.81
300.843
300.877
300.912
300.948
300.985
301.023
301.062
301.102
301.144
301.186
301.23
301.275
301.322
301.37
301.419
301.47
301.523
301.578
301.634
301.693
301.753
301.816
301.882
301.951
302.023
302.098
302.178
302.263
302.354
302.453
302.562
302.686
302.834
300.003
300.01
300.017
300.024
300.032
300.04
300.048
300.056
300.065
300.074
300.084
300.094
300.105
300.115
300.127
300.138
300.15
300.163
300.176
300.189
300.203
300.218
300.233
300.248
300.264
300.281
300.298
300.316
300.334
300.353
300.372
300.392
300.413
300.435
300.457
300.479
300.503
300.527
300.552
300.577
300.603
300.63
300.658
300.687
300.716
300.747
300.778
300.81
300.843
300.877
300.912
300.948
300.985
301.023
301.062
301.102
301.143
301.186
301.23
301.275
301.321
301.369
301.419
301.47
301.522
301.577
301.633
301.692
301.752
301.815
301.881
301.949
302.02
302.096
302.175
302.259
302.348
302.445
302.549
302.665
302.791
300.003
300.01
300.017
300.024
300.032
300.04
300.048
300.056
300.065
300.074
300.084
300.094
300.105
300.115
300.127
300.138
300.15
300.163
300.176
300.189
300.203
300.218
300.233
300.248
300.264
300.281
300.298
300.316
300.334
300.353
300.372
300.392
300.413
300.434
300.456
300.479
300.503
300.527
300.551
300.577
300.603
300.63
300.658
300.687
300.716
300.747
300.778
300.81
300.843
300.877
300.912
300.947
300.984
301.022
301.061
301.101
301.143
301.185
301.229
301.274
301.32
301.368
301.417
301.468
301.521
301.575
301.631
301.689
301.749
301.812
301.877
301.945
302.015
302.089
302.167
302.249
302.336
302.428
302.525
302.629
302.737
300.003
300.01
300.017
300.024
300.032
300.04
300.048
300.056
300.065
300.074
300.084
300.094
300.105
300.115
300.127
300.138
300.15
300.163
300.176
300.189
300.203
300.218
300.233
300.248
300.264
300.281
300.298
300.316
300.334
300.353
300.372
300.392
300.413
300.434
300.456
300.479
300.502
300.526
300.551
300.577
300.603
300.63
300.658
300.687
300.716
300.746
300.777
300.809
300.842
300.876
300.911
300.947
300.984
301.021
301.06
301.1
301.142
301.184
301.228
301.272
301.319
301.366
301.415
301.466
301.518
301.572
301.628
301.685
301.745
301.807
301.871
301.937
302.007
302.079
302.155
302.234
302.316
302.403
302.493
302.586
302.679
300.003
300.01
300.017
300.024
300.032
300.04
300.048
300.056
300.065
300.074
300.084
300.094
300.104
300.115
300.127
300.138
300.15
300.163
300.176
300.189
300.203
300.218
300.233
300.248
300.264
300.281
300.298
300.316
300.334
300.353
300.372
300.392
300.413
300.434
300.456
300.479
300.502
300.526
300.551
300.577
300.603
300.63
300.658
300.686
300.715
300.746
300.777
300.809
300.842
300.875
300.91
300.946
300.983
301.02
301.059
301.099
301.14
301.182
301.226
301.27
301.316
301.364
301.412
301.462
301.514
301.568
301.623
301.68
301.738
301.799
301.862
301.927
301.995
302.065
302.138
302.213
302.291
302.372
302.454
302.537
302.62
300.003
300.01
300.017
300.024
300.032
300.04
300.048
300.056
300.065
300.074
300.084
300.094
300.104
300.115
300.126
300.138
300.15
300.163
300.176
300.189
300.203
300.218
300.233
300.248
300.264
300.281
300.298
300.315
300.334
300.352
300.372
300.392
300.413
300.434
300.456
300.479
300.502
300.526
300.551
300.576
300.602
300.629
300.657
300.686
300.715
300.745
300.776
300.808
300.841
300.874
300.909
300.945
300.981
301.019
301.057
301.097
301.138
301.18
301.223
301.267
301.313
301.36
301.408
301.458
301.509
301.562
301.616
301.672
301.73
301.789
301.851
301.914
301.98
302.047
302.116
302.188
302.261
302.336
302.411
302.486
302.561
300.003
300.01
300.017
300.024
300.032
300.04
300.048
300.056
300.065
300.074
300.084
300.094
300.104
300.115
300.126
300.138
300.15
300.163
300.176
300.189
300.203
300.218
300.232
300.248
300.264
300.28
300.298
300.315
300.333
300.352
300.372
300.392
300.412
300.434
300.456
300.478
300.501
300.525
300.55
300.576
300.602
300.629
300.656
300.685
300.714
300.744
300.775
300.807
300.839
300.873
300.907
300.943
300.979
301.017
301.055
301.094
301.135
301.177
301.219
301.263
301.309
301.355
301.403
301.452
301.502
301.554
301.607
301.662
301.719
301.777
301.836
301.898
301.96
302.025
302.091
302.158
302.226
302.295
302.365
302.433
302.501
300.003
300.01
300.017
300.024
300.032
300.04
300.048
300.056
300.065
300.074
300.084
300.094
300.104
300.115
300.126
300.138
300.15
300.163
300.176
300.189
300.203
300.217
300.232
300.248
300.264
300.28
300.297
300.315
300.333
300.352
300.371
300.391
300.412
300.433
300.455
300.478
300.501
300.525
300.55
300.575
300.601
300.628
300.655
300.684
300.713
300.743
300.774
300.805
300.838
300.871
300.905
300.941
300.977
301.014
301.052
301.091
301.131
301.173
301.215
301.258
301.303
301.349
301.396
301.444
301.494
301.545
301.597
301.65
301.705
301.761
301.819
301.878
301.938
301.999
302.061
302.125
302.188
302.252
302.316
302.379
302.44
300.003
300.01
300.017
300.024
300.032
300.04
300.048
300.056
300.065
300.074
300.084
300.094
300.104
300.115
300.126
300.138
300.15
300.163
300.175
300.189
300.203
300.217
300.232
300.248
300.264
300.28
300.297
300.315
300.333
300.352
300.371
300.391
300.412
300.433
300.455
300.477
300.5
300.524
300.549
300.574
300.6
300.627
300.654
300.682
300.711
300.741
300.772
300.803
300.836
300.869
300.903
300.938
300.974
301.011
301.048
301.087
301.127
301.168
301.209
301.252
301.296
301.341
301.387
301.435
301.483
301.533
301.584
301.636
301.689
301.743
301.798
301.855
301.912
301.97
302.029
302.088
302.147
302.206
302.265
302.323
302.38
300.003
300.01
300.017
300.024
300.032
300.04
300.048
300.056
300.065
300.074
300.084
300.094
300.104
300.115
300.126
300.138
300.15
300.162
300.175
300.189
300.203
300.217
300.232
300.247
300.263
300.28
300.297
300.314
300.333
300.351
300.371
300.39
300.411
300.432
300.454
300.476
300.499
300.523
300.548
300.573
300.599
300.625
300.653
300.681
300.71
300.739
300.77
300.801
300.833
300.866
300.9
300.934
300.97
301.006
301.044
301.082
301.121
301.161
301.203
301.245
301.288
301.332
301.377
301.424
301.471
301.519
301.568
301.619
301.67
301.722
301.775
301.828
301.883
301.937
301.992
302.048
302.103
302.158
302.212
302.266
302.318
300.003
300.01
300.017
300.024
300.032
300.039
300.048
300.056
300.065
300.074
300.084
300.094
300.104
300.115
300.126
300.138
300.15
300.162
300.175
300.189
300.202
300.217
300.232
300.247
300.263
300.279
300.296
300.314
300.332
300.351
300.37
300.39
300.41
300.431
300.453
300.475
300.498
300.522
300.546
300.571
300.597
300.624
300.651
300.679
300.707
300.737
300.767
300.798
300.83
300.863
300.896
300.93
300.965
301.001
301.038
301.076
301.115
301.154
301.194
301.236
301.278
301.321
301.365
301.41
301.456
301.503
301.55
301.599
301.648
301.698
301.748
301.799
301.85
301.902
301.954
302.005
302.057
302.108
302.158
302.208
302.256
300.003
300.01
300.017
300.024
300.032
300.039
300.048
300.056
300.065
300.074
300.084
300.094
300.104
300.115
300.126
300.138
300.15
300.162
300.175
300.188
300.202
300.217
300.231
300.247
300.263
300.279
300.296
300.313
300.331
300.35
300.369
300.389
300.409
300.43
300.452
300.474
300.497
300.521
300.545
300.57
300.595
300.622
300.649
300.676
300.705
300.734
300.764
300.795
300.826
300.858
300.891
300.925
300.96
300.995
301.032
301.069
301.107
301.145
301.185
301.225
301.267
301.309
301.351
301.395
301.439
301.484
301.53
301.576
301.623
301.671
301.719
301.767
301.815
301.864
301.912
301.961
302.008
302.056
302.103
302.149
302.194
300.003
300.01
300.017
300.024
300.032
300.039
300.048
300.056
300.065
300.074
300.084
300.094
300.104
300.115
300.126
300.137
300.149
300.162
300.175
300.188
300.202
300.216
300.231
300.246
300.262
300.278
300.295
300.313
300.331
300.349
300.368
300.388
300.408
300.429
300.451
300.473
300.496
300.519
300.543
300.568
300.593
300.619
300.646
300.674
300.702
300.731
300.76
300.791
300.822
300.853
300.886
300.919
300.953
300.988
301.024
301.06
301.097
301.135
301.174
301.213
301.253
301.294
301.335
301.377
301.42
301.463
301.507
301.552
301.596
301.641
301.687
301.732
301.778
301.823
301.869
301.914
301.959
302.003
302.046
302.089
302.131
300.003
300.01
300.017
300.024
300.032
300.039
300.047
300.056
300.065
300.074
300.083
300.093
300.104
300.114
300.126
300.137
300.149
300.161
300.174
300.188
300.201
300.216
300.23
300.246
300.262
300.278
300.295
300.312
300.33
300.348
300.367
300.387
300.407
300.428
300.449
300.471
300.494
300.517
300.541
300.565
300.591
300.616
300.643
300.67
300.698
300.727
300.756
300.786
300.816
300.848
300.88
300.912
300.946
300.98
301.015
301.05
301.086
301.123
301.161
301.199
301.238
301.277
301.317
301.358
301.399
301.44
301.482
301.524
301.567
301.609
301.652
301.695
301.738
301.781
301.823
301.865
301.907
301.948
301.989
302.029
302.068
300.003
300.01
300.017
300.024
300.031
300.039
300.047
300.056
300.065
300.074
300.083
300.093
300.104
300.114
300.125
300.137
300.149
300.161
300.174
300.187
300.201
300.215
300.23
300.245
300.261
300.277
300.294
300.311
300.329
300.347
300.366
300.386
300.406
300.426
300.447
300.469
300.492
300.515
300.538
300.563
300.588
300.613
300.639
300.666
300.694
300.722
300.751
300.78
300.81
300.841
300.872
300.904
300.937
300.97
301.004
301.039
301.074
301.11
301.146
301.183
301.221
301.259
301.297
301.336
301.375
301.415
301.455
301.495
301.535
301.575
301.616
301.656
301.696
301.736
301.776
301.815
301.854
301.893
301.931
301.968
302.005
300.003
300.01
300.017
300.024
300.031
300.039
300.047
300.056
300.065
300.074
300.083
300.093
300.103
300.114
300.125
300.136
300.148
300.161
300.173
300.187
300.2
300.215
300.229
300.244
300.26
300.276
300.293
300.31
300.328
300.346
300.365
300.384
300.404
300.424
300.445
300.467
300.489
300.512
300.535
300.559
300.584
300.609
300.635
300.661
300.689
300.716
300.744
300.773
300.803
300.833
300.864
300.895
300.927
300.959
300.993
301.026
301.06
301.095
301.13
301.166
301.202
301.238
301.275
301.312
301.349
301.387
301.425
301.463
301.501
301.539
301.577
301.615
301.652
301.69
301.727
301.764
301.8
301.836
301.871
301.906
301.941
300.003
300.01
300.017
300.024
300.031
300.039
300.047
300.056
300.064
300.073
300.083
300.093
300.103
300.114
300.125
300.136
300.148
300.16
300.173
300.186
300.2
300.214
300.228
300.243
300.259
300.275
300.292
300.309
300.326
300.344
300.363
300.382
300.402
300.422
300.443
300.464
300.486
300.509
300.532
300.556
300.58
300.605
300.63
300.656
300.683
300.71
300.738
300.766
300.795
300.824
300.854
300.885
300.916
300.947
300.979
301.012
301.045
301.078
301.112
301.146
301.181
301.215
301.251
301.286
301.321
301.357
301.393
301.429
301.465
301.5
301.536
301.572
301.607
301.642
301.677
301.711
301.745
301.779
301.812
301.844
301.876
300.003
300.01
300.017
300.024
300.031
300.039
300.047
300.055
300.064
300.073
300.083
300.092
300.103
300.113
300.124
300.136
300.147
300.16
300.172
300.185
300.199
300.213
300.227
300.242
300.258
300.274
300.29
300.307
300.325
300.342
300.361
300.38
300.399
300.419
300.44
300.461
300.483
300.505
300.528
300.551
300.575
300.599
300.624
300.65
300.676
300.702
300.73
300.757
300.785
300.814
300.843
300.873
300.903
300.933
300.964
300.996
301.027
301.059
301.092
301.125
301.158
301.191
301.224
301.258
301.292
301.325
301.359
301.393
301.427
301.46
301.494
301.527
301.56
301.593
301.626
301.658
301.689
301.721
301.752
301.782
301.812
300.003
300.01
300.017
300.024
300.031
300.039
300.047
300.055
300.064
300.073
300.082
300.092
300.102
300.113
300.124
300.135
300.147
300.159
300.172
300.185
300.198
300.212
300.226
300.241
300.257
300.272
300.289
300.305
300.323
300.34
300.359
300.377
300.397
300.416
300.437
300.458
300.479
300.501
300.523
300.546
300.569
300.593
300.618
300.643
300.668
300.694
300.721
300.747
300.775
300.803
300.831
300.86
300.889
300.918
300.948
300.978
301.008
301.039
301.07
301.101
301.133
301.164
301.196
301.228
301.26
301.292
301.324
301.355
301.387
301.419
301.45
301.481
301.512
301.543
301.573
301.603
301.633
301.662
301.691
301.719
301.747
300.003
300.01
300.017
300.024
300.031
300.039
300.047
300.055
300.064
300.073
300.082
300.092
300.102
300.112
300.123
300.134
300.146
300.158
300.171
300.184
300.197
300.211
300.225
300.24
300.255
300.271
300.287
300.303
300.32
300.338
300.356
300.374
300.393
300.413
300.433
300.453
300.474
300.496
300.518
300.54
300.563
300.587
300.61
300.635
300.66
300.685
300.711
300.737
300.763
300.79
300.817
300.845
300.873
300.901
300.93
300.959
300.988
301.017
301.047
301.077
301.106
301.136
301.166
301.196
301.227
301.257
301.287
301.316
301.346
301.376
301.405
301.434
301.463
301.492
301.52
301.548
301.576
301.603
301.63
301.657
301.683
300.003
300.01
300.016
300.024
300.031
300.038
300.046
300.055
300.063
300.072
300.082
300.091
300.101
300.112
300.123
300.134
300.145
300.157
300.17
300.183
300.196
300.209
300.224
300.238
300.253
300.269
300.285
300.301
300.318
300.335
300.353
300.371
300.39
300.409
300.429
300.449
300.469
300.49
300.512
300.534
300.556
300.579
300.602
300.626
300.65
300.674
300.699
300.725
300.75
300.776
300.802
300.829
300.856
300.883
300.91
300.938
300.966
300.994
301.022
301.05
301.078
301.107
301.135
301.163
301.192
301.22
301.248
301.276
301.304
301.332
301.359
301.387
301.414
301.44
301.467
301.493
301.519
301.544
301.569
301.594
301.618
300.003
300.01
300.016
300.023
300.031
300.038
300.046
300.054
300.063
300.072
300.081
300.091
300.101
300.111
300.122
300.133
300.144
300.156
300.169
300.181
300.194
300.208
300.222
300.236
300.251
300.266
300.282
300.298
300.315
300.332
300.349
300.367
300.386
300.404
300.424
300.443
300.464
300.484
300.505
300.526
300.548
300.57
300.593
300.616
300.639
300.663
300.687
300.711
300.736
300.761
300.786
300.812
300.837
300.863
300.89
300.916
300.942
300.969
300.995
301.022
301.049
301.076
301.102
301.129
301.156
301.182
301.209
301.235
301.261
301.287
301.313
301.338
301.363
301.388
301.413
301.438
301.462
301.485
301.509
301.532
301.555
300.003
300.01
300.016
300.023
300.03
300.038
300.046
300.054
300.063
300.071
300.081
300.09
300.1
300.11
300.121
300.132
300.143
300.155
300.167
300.18
300.193
300.206
300.22
300.234
300.249
300.264
300.279
300.295
300.311
300.328
300.345
300.363
300.381
300.399
300.418
300.437
300.457
300.477
300.498
300.518
300.54
300.561
300.583
300.605
300.628
300.651
300.674
300.697
300.721
300.745
300.769
300.793
300.818
300.842
300.867
300.892
300.917
300.942
300.968
300.993
301.018
301.043
301.068
301.094
301.119
301.143
301.168
301.193
301.217
301.241
301.266
301.289
301.313
301.336
301.359
301.382
301.404
301.427
301.448
301.47
301.491
300.003
300.01
300.016
300.023
300.03
300.038
300.046
300.054
300.062
300.071
300.08
300.089
300.099
300.109
300.12
300.131
300.142
300.154
300.166
300.178
300.191
300.204
300.218
300.232
300.246
300.261
300.276
300.292
300.308
300.324
300.341
300.358
300.376
300.394
300.412
300.431
300.45
300.469
300.489
300.509
300.53
300.551
300.572
300.593
300.615
300.637
300.659
300.682
300.704
300.727
300.75
300.773
300.797
300.82
300.844
300.868
300.891
300.915
300.939
300.963
300.986
301.01
301.034
301.057
301.081
301.104
301.127
301.15
301.173
301.196
301.218
301.24
301.262
301.284
301.305
301.327
301.347
301.368
301.388
301.409
301.428
300.003
300.009
300.016
300.023
300.03
300.037
300.045
300.053
300.062
300.07
300.079
300.089
300.098
300.108
300.119
300.13
300.141
300.152
300.164
300.176
300.189
300.202
300.215
300.229
300.243
300.258
300.273
300.288
300.304
300.32
300.336
300.353
300.37
300.388
300.405
300.424
300.442
300.461
300.48
300.5
300.519
300.54
300.56
300.581
300.601
300.622
300.644
300.665
300.687
300.709
300.731
300.753
300.775
300.797
300.819
300.842
300.864
300.887
300.909
300.931
300.954
300.976
300.998
301.02
301.042
301.064
301.085
301.107
301.128
301.149
301.17
301.191
301.212
301.232
301.252
301.272
301.291
301.31
301.329
301.348
301.366
300.003
300.009
300.016
300.023
300.03
300.037
300.045
300.053
300.061
300.07
300.079
300.088
300.097
300.107
300.118
300.128
300.139
300.15
300.162
300.174
300.187
300.199
300.212
300.226
300.24
300.254
300.269
300.284
300.299
300.315
300.331
300.347
300.364
300.381
300.398
300.416
300.434
300.452
300.47
300.489
300.508
300.528
300.547
300.567
300.587
300.607
300.627
300.648
300.668
300.689
300.71
300.731
300.752
300.773
300.794
300.815
300.836
300.857
300.878
300.899
300.92
300.941
300.962
300.983
301.003
301.023
301.044
301.064
301.084
301.103
301.123
301.142
301.161
301.18
301.199
301.217
301.235
301.253
301.271
301.288
301.306
300.003
300.009
300.016
300.022
300.029
300.037
300.044
300.052
300.06
300.069
300.078
300.087
300.096
300.106
300.116
300.127
300.137
300.148
300.16
300.172
300.184
300.197
300.209
300.223
300.236
300.25
300.264
300.279
300.294
300.309
300.325
300.341
300.357
300.373
300.39
300.407
300.424
300.442
300.46
300.478
300.496
300.515
300.533
300.552
300.571
300.591
300.61
300.629
300.649
300.669
300.688
300.708
300.728
300.748
300.768
300.788
300.808
300.827
300.847
300.867
300.887
300.906
300.926
300.945
300.964
300.983
301.002
301.021
301.039
301.058
301.076
301.094
301.112
301.129
301.147
301.164
301.181
301.197
301.214
301.23
301.246
300.003
300.009
300.016
300.022
300.029
300.036
300.044
300.052
300.06
300.068
300.077
300.086
300.095
300.105
300.115
300.125
300.135
300.146
300.158
300.169
300.181
300.193
300.206
300.219
300.232
300.246
300.26
300.274
300.288
300.303
300.318
300.334
300.349
300.365
300.381
300.398
300.415
300.432
300.449
300.466
300.484
300.501
300.519
300.537
300.555
300.574
300.592
300.61
300.629
300.648
300.666
300.685
300.704
300.723
300.741
300.76
300.779
300.797
300.816
300.834
300.853
300.871
300.889
300.907
300.925
300.943
300.961
300.978
300.995
301.013
301.029
301.046
301.063
301.079
301.095
301.111
301.127
301.143
301.158
301.173
301.188
300.003
300.009
300.015
300.022
300.029
300.036
300.043
300.051
300.059
300.067
300.076
300.084
300.094
300.103
300.113
300.123
300.133
300.144
300.155
300.166
300.178
300.19
300.202
300.215
300.228
300.241
300.255
300.268
300.282
300.297
300.311
300.326
300.341
300.357
300.372
300.388
300.404
300.42
300.437
300.453
300.47
300.487
300.504
300.521
300.539
300.556
300.573
300.591
300.609
300.626
300.644
300.661
300.679
300.697
300.714
300.732
300.75
300.767
300.784
300.802
300.819
300.836
300.853
300.87
300.887
300.903
300.92
300.936
300.952
300.968
300.984
301
301.015
301.03
301.045
301.06
301.075
301.09
301.104
301.118
301.132
300.003
300.009
300.015
300.022
300.028
300.035
300.043
300.05
300.058
300.066
300.074
300.083
300.092
300.101
300.111
300.121
300.131
300.142
300.152
300.163
300.175
300.186
300.198
300.211
300.223
300.236
300.249
300.263
300.276
300.29
300.304
300.319
300.333
300.348
300.363
300.378
300.393
300.409
300.425
300.441
300.457
300.473
300.489
300.505
300.522
300.538
300.555
300.571
300.588
300.604
300.621
300.638
300.654
300.671
300.688
300.704
300.721
300.737
300.753
300.769
300.786
300.802
300.817
300.833
300.849
300.864
300.88
300.895
300.91
300.925
300.94
300.954
300.969
300.983
300.997
301.011
301.025
301.038
301.051
301.065
301.077
300.003
300.009
300.015
300.021
300.028
300.035
300.042
300.049
300.057
300.065
300.073
300.082
300.09
300.1
300.109
300.119
300.129
300.139
300.149
300.16
300.171
300.183
300.194
300.206
300.218
300.231
300.243
300.256
300.27
300.283
300.297
300.31
300.324
300.339
300.353
300.368
300.382
300.397
300.412
300.427
300.442
300.458
300.473
300.489
300.504
300.52
300.536
300.551
300.567
300.583
300.598
300.614
300.63
300.645
300.661
300.676
300.692
300.707
300.723
300.738
300.753
300.768
300.783
300.797
300.812
300.827
300.841
300.855
300.869
300.883
300.897
300.911
300.924
300.937
300.95
300.963
300.976
300.989
301.001
301.013
301.025
300.003
300.009
300.015
300.021
300.027
300.034
300.041
300.048
300.056
300.064
300.072
300.08
300.089
300.098
300.107
300.116
300.126
300.136
300.146
300.157
300.168
300.179
300.19
300.201
300.213
300.225
300.238
300.25
300.263
300.276
300.289
300.302
300.315
300.329
300.343
300.357
300.371
300.385
300.399
300.414
300.428
300.443
300.458
300.472
300.487
300.502
300.517
300.531
300.546
300.561
300.576
300.591
300.605
300.62
300.635
300.649
300.664
300.678
300.693
300.707
300.721
300.735
300.749
300.763
300.777
300.79
300.804
300.817
300.83
300.843
300.856
300.869
300.881
300.894
300.906
300.918
300.93
300.942
300.953
300.965
300.976
300.003
300.008
300.014
300.02
300.027
300.033
300.04
300.047
300.055
300.062
300.07
300.079
300.087
300.096
300.105
300.114
300.123
300.133
300.143
300.153
300.164
300.174
300.185
300.197
300.208
300.22
300.232
300.244
300.256
300.268
300.281
300.294
300.306
300.32
300.333
300.346
300.36
300.373
300.387
300.4
300.414
300.428
300.442
300.456
300.47
300.484
300.498
300.512
300.526
300.54
300.554
300.568
300.582
300.596
300.61
300.623
300.637
300.65
300.664
300.677
300.691
300.704
300.717
300.73
300.743
300.755
300.768
300.78
300.793
300.805
300.817
300.829
300.841
300.852
300.864
300.875
300.886
300.897
300.908
300.919
300.929
300.003
300.008
300.014
300.02
300.026
300.033
300.04
300.047
300.054
300.061
300.069
300.077
300.085
300.094
300.102
300.111
300.121
300.13
300.14
300.15
300.16
300.17
300.181
300.192
300.203
300.214
300.225
300.237
300.249
300.261
300.273
300.285
300.298
300.31
300.323
300.335
300.348
300.361
300.374
300.387
300.401
300.414
300.427
300.44
300.453
300.467
300.48
300.493
300.507
300.52
300.533
300.546
300.559
300.572
300.585
300.598
300.611
300.624
300.637
300.649
300.662
300.674
300.686
300.699
300.711
300.723
300.734
300.746
300.758
300.769
300.78
300.791
300.802
300.813
300.824
300.835
300.845
300.856
300.866
300.876
300.886
300.003
300.008
300.014
300.02
300.026
300.032
300.039
300.046
300.053
300.06
300.067
300.075
300.083
300.092
300.1
300.109
300.118
300.127
300.136
300.146
300.156
300.166
300.176
300.187
300.198
300.208
300.219
300.231
300.242
300.253
300.265
300.277
300.289
300.301
300.313
300.325
300.337
300.35
300.362
300.375
300.387
300.4
300.413
300.425
300.438
300.45
300.463
300.476
300.488
300.501
300.513
300.526
300.538
300.551
300.563
300.575
300.587
300.599
300.611
300.623
300.635
300.647
300.658
300.67
300.681
300.692
300.703
300.714
300.725
300.736
300.747
300.757
300.767
300.778
300.788
300.798
300.808
300.817
300.827
300.836
300.846
300.003
300.008
300.013
300.019
300.025
300.031
300.038
300.045
300.052
300.059
300.066
300.074
300.081
300.09
300.098
300.106
300.115
300.124
300.133
300.143
300.152
300.162
300.172
300.182
300.193
300.203
300.214
300.225
300.235
300.247
300.258
300.269
300.281
300.292
300.304
300.316
300.327
300.339
300.351
300.363
300.375
300.387
300.399
300.411
300.423
300.435
300.447
300.459
300.471
300.483
300.495
300.507
300.519
300.53
300.542
300.554
300.565
300.577
300.588
300.599
300.61
300.621
300.632
300.643
300.654
300.665
300.675
300.685
300.696
300.706
300.716
300.726
300.736
300.745
300.755
300.764
300.774
300.783
300.792
300.801
300.809
300.003
300.008
300.013
300.019
300.025
300.031
300.037
300.044
300.05
300.057
300.065
300.072
300.08
300.088
300.096
300.104
300.113
300.121
300.13
300.139
300.149
300.158
300.168
300.178
300.188
300.198
300.208
300.219
300.229
300.24
300.251
300.262
300.273
300.284
300.295
300.307
300.318
300.329
300.341
300.352
300.364
300.375
300.387
300.398
300.41
300.422
300.433
300.444
300.456
300.467
300.479
300.49
300.501
300.512
300.524
300.535
300.546
300.556
300.567
300.578
300.589
300.599
300.609
300.62
300.63
300.64
300.65
300.66
300.67
300.679
300.689
300.698
300.708
300.717
300.726
300.735
300.744
300.752
300.761
300.769
300.778
300.003
300.008
300.013
300.019
300.024
300.03
300.036
300.043
300.05
300.056
300.063
300.071
300.078
300.086
300.094
300.102
300.11
300.119
300.128
300.137
300.146
300.155
300.164
300.174
300.184
300.194
300.204
300.214
300.224
300.235
300.245
300.256
300.266
300.277
300.288
300.299
300.31
300.321
300.332
300.343
300.354
300.365
300.376
300.388
300.399
300.41
300.421
300.432
300.443
300.454
300.465
300.476
300.486
300.497
300.508
300.518
300.529
300.539
300.55
300.56
300.57
300.58
300.59
300.6
300.61
300.619
300.629
300.638
300.648
300.657
300.666
300.675
300.684
300.693
300.701
300.71
300.718
300.727
300.735
300.743
300.751
300.002
300.008
300.013
300.018
300.024
300.03
300.036
300.042
300.049
300.055
300.062
300.07
300.077
300.085
300.092
300.1
300.108
300.117
300.125
300.134
300.143
300.152
300.161
300.171
300.18
300.19
300.2
300.21
300.22
300.23
300.24
300.251
300.261
300.272
300.282
300.293
300.303
300.314
300.325
300.336
300.346
300.357
300.368
300.379
300.389
300.4
300.411
300.422
300.432
300.443
300.453
300.464
300.474
300.485
300.495
300.505
300.516
300.526
300.536
300.545
300.555
300.565
300.575
300.584
300.594
300.603
300.612
300.621
300.63
300.639
300.648
300.657
300.665
300.674
300.682
300.69
300.698
300.706
300.714
300.722
300.73
300.002
300.007
300.013
300.018
300.024
300.029
300.035
300.042
300.048
300.055
300.062
300.069
300.076
300.083
300.091
300.099
300.107
300.115
300.124
300.132
300.141
300.15
300.159
300.168
300.178
300.187
300.197
300.207
300.217
300.227
300.237
300.247
300.257
300.267
300.278
300.288
300.299
300.309
300.32
300.33
300.341
300.351
300.362
300.372
300.383
300.393
300.404
300.414
300.425
300.435
300.446
300.456
300.466
300.476
300.486
300.496
300.506
300.516
300.526
300.535
300.545
300.554
300.564
300.573
300.582
300.591
300.6
300.609
300.618
300.627
300.635
300.644
300.652
300.66
300.668
300.676
300.684
300.692
300.7
300.707
300.715
300.002
300.007
300.013
300.018
300.023
300.029
300.035
300.041
300.048
300.054
300.061
300.068
300.075
300.083
300.091
300.098
300.106
300.115
300.123
300.131
300.14
300.149
300.158
300.167
300.177
300.186
300.196
300.205
300.215
300.225
300.235
300.245
300.255
300.265
300.275
300.286
300.296
300.306
300.317
300.327
300.338
300.348
300.359
300.369
300.379
300.39
300.4
300.411
300.421
300.431
300.441
300.451
300.461
300.471
300.481
300.491
300.501
300.511
300.52
300.53
300.539
300.549
300.558
300.567
300.576
300.585
300.594
300.603
300.611
300.62
300.628
300.637
300.645
300.653
300.661
300.669
300.677
300.685
300.692
300.7
300.707
303.029
303.159
303.236
303.309
303.372
303.424
303.459
303.499
303.539
303.576
303.608
303.642
303.677
303.711
303.745
303.778
303.809
303.837
303.867
303.897
303.926
303.956
303.985
304.014
304.044
304.072
304.1
304.128
304.156
304.183
304.21
304.237
304.264
304.29
304.316
304.342
304.368
304.393
304.418
304.443
304.468
304.492
304.517
304.545
304.571
304.596
304.619
304.645
304.671
304.696
304.721
304.743
304.767
304.792
304.817
304.843
304.869
304.894
304.92
304.943
304.964
304.987
305.01
305.034
305.058
305.083
305.107
305.131
305.155
305.179
305.202
305.225
305.248
305.271
305.293
305.316
305.338
305.361
305.382
305.406
305.433
305.457
305.479
305.501
305.521
305.54
305.563
305.588
305.61
305.63
305.649
305.67
305.694
305.714
305.737
305.76
305.782
305.801
305.823
305.844
305.862
305.882
305.9
305.92
305.941
305.963
305.982
305.997
306.016
306.031
306.049
306.068
306.087
306.106
306.123
306.136
306.152
306.169
306.186
306.2
306.211
306.224
306.238
306.251
306.264
306.272
306.282
306.292
306.302
306.311
306.318
306.325
306.33
306.334
306.337
306.338
306.338
306.337
306.334
306.329
306.323
306.314
306.304
306.292
306.277
306.26
306.241
306.218
306.192
306.162
306.124
306.085
306.046
306
305.95
305.891
305.829
305.722
305.625
305.503
305.344
302.928
303.042
303.13
303.206
303.271
303.327
303.373
303.417
303.459
303.498
303.535
303.571
303.607
303.642
303.677
303.711
303.743
303.774
303.804
303.835
303.865
303.895
303.925
303.955
303.985
304.014
304.042
304.071
304.099
304.127
304.154
304.182
304.209
304.235
304.262
304.288
304.314
304.34
304.365
304.391
304.416
304.441
304.467
304.494
304.52
304.545
304.57
304.595
304.621
304.646
304.671
304.695
304.719
304.744
304.769
304.795
304.821
304.846
304.871
304.895
304.918
304.941
304.964
304.988
305.013
305.037
305.061
305.086
305.11
305.134
305.157
305.181
305.204
305.227
305.25
305.273
305.295
305.318
305.34
305.364
305.39
305.414
305.436
305.458
305.479
305.5
305.522
305.546
305.569
305.59
305.61
305.631
305.654
305.675
305.698
305.721
305.743
305.763
305.785
305.805
305.824
305.844
305.863
305.883
305.904
305.925
305.944
305.961
305.979
305.996
306.014
306.032
306.051
306.07
306.087
306.102
306.118
306.134
306.151
306.165
306.177
306.191
306.204
306.217
306.23
306.239
306.249
306.259
306.269
306.278
306.285
306.292
306.297
306.301
306.304
306.306
306.306
306.305
306.302
306.297
306.291
306.282
306.272
306.26
306.245
306.228
306.209
306.186
306.16
306.129
306.092
306.053
306.012
305.966
305.913
305.854
305.786
305.683
305.58
305.452
305.278
302.846
302.945
303.032
303.107
303.174
303.232
303.284
303.331
303.376
303.418
303.457
303.496
303.533
303.57
303.605
303.64
303.673
303.706
303.738
303.769
303.8
303.831
303.862
303.892
303.922
303.952
303.981
304.01
304.039
304.067
304.095
304.123
304.15
304.177
304.204
304.231
304.257
304.283
304.309
304.335
304.361
304.387
304.413
304.439
304.465
304.491
304.517
304.542
304.568
304.593
304.618
304.643
304.668
304.693
304.718
304.744
304.77
304.795
304.82
304.844
304.868
304.891
304.915
304.94
304.964
304.989
305.013
305.037
305.062
305.086
305.11
305.133
305.157
305.18
305.203
305.226
305.249
305.272
305.295
305.319
305.344
305.368
305.391
305.413
305.435
305.456
305.479
305.503
305.525
305.547
305.567
305.589
305.612
305.634
305.656
305.679
305.701
305.722
305.743
305.764
305.784
305.804
305.823
305.843
305.864
305.885
305.905
305.922
305.94
305.958
305.976
305.994
306.014
306.032
306.049
306.065
306.081
306.097
306.114
306.128
306.141
306.155
306.168
306.181
306.194
306.204
306.214
306.224
306.234
306.243
306.25
306.257
306.263
306.267
306.27
306.272
306.272
306.27
306.268
306.263
306.257
306.249
306.238
306.226
306.211
306.194
306.174
306.152
306.125
306.094
306.057
306.018
305.976
305.929
305.875
305.813
305.742
305.641
305.534
305.4
305.216
302.772
302.86
302.94
303.014
303.08
303.14
303.194
303.244
303.291
303.335
303.377
303.417
303.456
303.494
303.53
303.566
303.6
303.634
303.667
303.699
303.731
303.763
303.794
303.825
303.856
303.886
303.916
303.945
303.974
304.003
304.032
304.06
304.088
304.115
304.143
304.17
304.197
304.223
304.25
304.276
304.302
304.329
304.355
304.381
304.408
304.434
304.46
304.486
304.511
304.537
304.562
304.588
304.613
304.638
304.664
304.69
304.715
304.741
304.766
304.791
304.815
304.839
304.863
304.887
304.912
304.937
304.961
304.986
305.01
305.035
305.059
305.083
305.106
305.13
305.154
305.177
305.2
305.224
305.247
305.271
305.296
305.32
305.343
305.366
305.388
305.41
305.433
305.456
305.479
305.501
305.522
305.544
305.567
305.589
305.612
305.634
305.656
305.678
305.699
305.72
305.741
305.761
305.781
305.801
305.822
305.843
305.862
305.881
305.899
305.917
305.935
305.954
305.973
305.992
306.009
306.025
306.041
306.058
306.074
306.089
306.102
306.116
306.13
306.143
306.155
306.166
306.177
306.187
306.196
306.205
306.213
306.22
306.226
306.23
306.233
306.235
306.235
306.234
306.231
306.227
306.221
306.213
306.202
306.19
306.175
306.158
306.138
306.115
306.088
306.057
306.02
305.981
305.938
305.89
305.835
305.771
305.696
305.596
305.485
305.347
305.156
302.702
302.78
302.855
302.925
302.989
303.049
303.104
303.156
303.204
303.25
303.293
303.335
303.375
303.414
303.452
303.489
303.524
303.559
303.593
303.626
303.659
303.691
303.723
303.755
303.786
303.817
303.847
303.877
303.907
303.936
303.965
303.993
304.022
304.05
304.078
304.105
304.133
304.16
304.187
304.213
304.24
304.267
304.293
304.32
304.347
304.373
304.399
304.425
304.451
304.477
304.503
304.529
304.554
304.58
304.606
304.632
304.657
304.683
304.708
304.733
304.758
304.783
304.807
304.832
304.857
304.882
304.906
304.931
304.956
304.98
305.005
305.029
305.053
305.077
305.101
305.125
305.148
305.172
305.196
305.22
305.244
305.268
305.292
305.315
305.338
305.36
305.383
305.406
305.429
305.452
305.474
305.496
305.519
305.541
305.564
305.587
305.609
305.631
305.652
305.674
305.694
305.715
305.735
305.756
305.777
305.798
305.817
305.836
305.855
305.874
305.892
305.911
305.93
305.948
305.966
305.983
305.999
306.016
306.032
306.047
306.061
306.075
306.089
306.102
306.114
306.126
306.136
306.147
306.156
306.165
306.173
306.18
306.186
306.191
306.194
306.196
306.196
306.195
306.193
306.188
306.182
306.174
306.164
306.152
306.137
306.12
306.1
306.076
306.049
306.018
305.981
305.941
305.898
305.848
305.792
305.726
305.649
305.549
305.435
305.293
305.1
302.634
302.705
302.774
302.84
302.902
302.961
303.016
303.068
303.117
303.163
303.208
303.251
303.292
303.332
303.371
303.408
303.445
303.48
303.515
303.549
303.583
303.616
303.648
303.681
303.712
303.743
303.774
303.805
303.835
303.865
303.894
303.923
303.952
303.981
304.009
304.037
304.065
304.092
304.12
304.147
304.174
304.201
304.228
304.255
304.282
304.308
304.335
304.361
304.388
304.414
304.44
304.466
304.492
304.518
304.544
304.57
304.596
304.622
304.647
304.673
304.698
304.723
304.748
304.773
304.798
304.823
304.848
304.873
304.898
304.923
304.947
304.972
304.996
305.02
305.044
305.069
305.093
305.117
305.141
305.165
305.189
305.214
305.237
305.261
305.284
305.307
305.33
305.354
305.377
305.4
305.422
305.445
305.468
305.49
305.513
305.536
305.559
305.581
305.603
305.624
305.645
305.666
305.687
305.708
305.729
305.75
305.77
305.789
305.808
305.827
305.846
305.865
305.884
305.903
305.92
305.937
305.954
305.971
305.987
306.003
306.017
306.031
306.045
306.058
306.071
306.083
306.094
306.104
306.114
306.123
306.131
306.138
306.144
306.149
306.152
306.154
306.155
306.154
306.152
306.148
306.142
306.134
306.123
306.111
306.096
306.079
306.059
306.035
306.008
305.976
305.94
305.9
305.855
305.805
305.747
305.68
305.6
305.5
305.383
305.238
305.045
302.567
302.633
302.696
302.758
302.818
302.874
302.928
302.98
303.029
303.076
303.121
303.165
303.207
303.247
303.287
303.325
303.362
303.399
303.434
303.469
303.503
303.537
303.57
303.603
303.635
303.667
303.698
303.729
303.76
303.79
303.82
303.849
303.879
303.908
303.936
303.965
303.993
304.021
304.049
304.076
304.104
304.131
304.159
304.186
304.213
304.24
304.267
304.294
304.32
304.347
304.373
304.4
304.426
304.452
304.479
304.505
304.531
304.557
304.583
304.608
304.634
304.659
304.685
304.71
304.735
304.76
304.786
304.811
304.836
304.861
304.886
304.911
304.936
304.96
304.985
305.009
305.033
305.058
305.082
305.107
305.131
305.156
305.18
305.203
305.227
305.251
305.274
305.298
305.321
305.344
305.367
305.39
305.413
305.436
305.459
305.482
305.505
305.527
305.55
305.571
305.593
305.614
305.635
305.657
305.678
305.699
305.719
305.739
305.758
305.778
305.797
305.816
305.835
305.854
305.872
305.889
305.906
305.923
305.94
305.955
305.97
305.985
305.999
306.012
306.025
306.037
306.048
306.059
306.069
306.078
306.086
306.094
306.1
306.105
306.108
306.11
306.111
306.111
306.108
306.104
306.098
306.09
306.08
306.068
306.053
306.036
306.016
305.992
305.964
305.933
305.896
305.855
305.81
305.759
305.7
305.631
305.549
305.449
305.33
305.183
304.993
302.501
302.561
302.621
302.679
302.735
302.79
302.842
302.893
302.941
302.988
303.033
303.077
303.119
303.16
303.2
303.239
303.277
303.314
303.35
303.385
303.42
303.454
303.488
303.521
303.554
303.586
303.618
303.649
303.68
303.711
303.742
303.772
303.801
303.831
303.86
303.889
303.917
303.946
303.974
304.002
304.03
304.058
304.086
304.113
304.141
304.168
304.195
304.222
304.249
304.276
304.303
304.329
304.356
304.383
304.409
304.436
304.462
304.488
304.514
304.54
304.566
304.592
304.617
304.643
304.669
304.694
304.72
304.745
304.771
304.796
304.821
304.846
304.871
304.896
304.921
304.946
304.971
304.995
305.02
305.045
305.069
305.094
305.118
305.142
305.166
305.19
305.214
305.238
305.262
305.285
305.309
305.332
305.355
305.379
305.402
305.425
305.448
305.471
305.493
305.515
305.537
305.559
305.581
305.602
305.623
305.644
305.665
305.685
305.705
305.725
305.744
305.764
305.783
305.802
305.82
305.838
305.855
305.872
305.889
305.905
305.92
305.935
305.949
305.963
305.976
305.988
306
306.011
306.021
306.03
306.039
306.046
306.052
306.057
306.061
306.064
306.065
306.064
306.062
306.058
306.052
306.044
306.035
306.022
306.008
305.99
305.97
305.946
305.918
305.886
305.85
305.809
305.763
305.71
305.65
305.58
305.497
305.396
305.276
305.129
304.942
302.436
302.491
302.547
302.601
302.654
302.706
302.757
302.806
302.854
302.9
302.945
302.988
303.031
303.072
303.112
303.151
303.189
303.226
303.263
303.299
303.334
303.369
303.403
303.437
303.47
303.502
303.535
303.566
303.598
303.629
303.66
303.69
303.72
303.75
303.78
303.809
303.838
303.867
303.895
303.924
303.952
303.98
304.008
304.036
304.064
304.092
304.119
304.147
304.174
304.201
304.228
304.255
304.282
304.309
304.336
304.362
304.389
304.416
304.442
304.468
304.494
304.52
304.546
304.572
304.598
304.624
304.65
304.676
304.701
304.727
304.753
304.778
304.803
304.829
304.854
304.879
304.904
304.929
304.954
304.979
305.004
305.029
305.053
305.078
305.102
305.126
305.151
305.175
305.199
305.223
305.246
305.27
305.294
305.317
305.341
305.364
305.388
305.411
305.433
305.456
305.478
305.5
305.522
305.544
305.565
305.587
305.608
305.628
305.649
305.669
305.688
305.708
305.728
305.747
305.765
305.783
305.801
305.818
305.835
305.851
305.867
305.882
305.897
305.91
305.924
305.936
305.948
305.959
305.97
305.979
305.988
305.995
306.002
306.007
306.011
306.014
306.015
306.015
306.013
306.009
306.003
305.996
305.986
305.974
305.959
305.942
305.921
305.897
305.87
305.837
305.801
305.759
305.713
305.659
305.598
305.527
305.442
305.341
305.221
305.074
304.893
302.37
302.422
302.473
302.524
302.575
302.624
302.673
302.72
302.767
302.812
302.856
302.899
302.941
302.982
303.022
303.061
303.099
303.137
303.174
303.21
303.245
303.28
303.315
303.349
303.382
303.415
303.448
303.48
303.512
303.543
303.574
303.605
303.635
303.666
303.696
303.725
303.755
303.784
303.813
303.842
303.87
303.899
303.927
303.955
303.984
304.011
304.039
304.067
304.095
304.122
304.15
304.177
304.204
304.231
304.258
304.285
304.312
304.339
304.366
304.392
304.419
304.445
304.471
304.498
304.524
304.55
304.576
304.602
304.628
304.654
304.68
304.706
304.731
304.757
304.782
304.808
304.833
304.859
304.884
304.909
304.934
304.959
304.984
305.009
305.034
305.059
305.083
305.108
305.132
305.156
305.18
305.204
305.228
305.252
305.276
305.3
305.323
305.347
305.37
305.393
305.415
305.438
305.46
305.482
305.504
305.526
305.547
305.568
305.589
305.609
305.629
305.649
305.669
305.688
305.707
305.725
305.743
305.761
305.778
305.795
305.81
305.826
305.841
305.855
305.868
305.881
305.893
305.905
305.915
305.925
305.934
305.942
305.948
305.954
305.958
305.961
305.963
305.962
305.961
305.957
305.952
305.944
305.934
305.922
305.908
305.89
305.87
305.846
305.818
305.786
305.749
305.707
305.66
305.606
305.544
305.471
305.386
305.285
305.164
305.02
304.845
302.305
302.353
302.401
302.449
302.496
302.543
302.59
302.635
302.68
302.724
302.767
302.809
302.85
302.891
302.931
302.969
303.008
303.045
303.082
303.118
303.154
303.189
303.224
303.258
303.292
303.325
303.358
303.39
303.422
303.454
303.485
303.516
303.547
303.578
303.608
303.638
303.668
303.697
303.727
303.756
303.785
303.814
303.842
303.871
303.899
303.927
303.955
303.983
304.011
304.039
304.067
304.094
304.122
304.149
304.177
304.204
304.231
304.258
304.285
304.312
304.339
304.366
304.392
304.419
304.445
304.472
304.498
304.525
304.551
304.577
304.603
304.629
304.655
304.681
304.707
304.733
304.758
304.784
304.81
304.835
304.861
304.886
304.912
304.937
304.962
304.987
305.012
305.036
305.061
305.086
305.11
305.135
305.159
305.183
305.207
305.231
305.255
305.279
305.302
305.326
305.349
305.372
305.394
305.417
305.439
305.461
305.482
305.504
305.525
305.546
305.566
305.586
305.606
305.626
305.645
305.664
305.682
305.7
305.717
305.734
305.75
305.766
305.781
305.796
305.81
305.823
305.835
305.847
305.858
305.868
305.877
305.885
305.892
305.898
305.902
305.905
305.907
305.907
305.905
305.902
305.897
305.889
305.88
305.868
305.853
305.836
305.816
305.792
305.764
305.732
305.695
305.653
305.605
305.55
305.487
305.414
305.328
305.227
305.108
304.966
304.798
302.239
302.284
302.329
302.374
302.419
302.463
302.507
302.551
302.594
302.636
302.678
302.719
302.759
302.799
302.838
302.877
302.915
302.952
302.989
303.025
303.06
303.096
303.13
303.164
303.198
303.232
303.265
303.297
303.329
303.361
303.393
303.424
303.455
303.486
303.517
303.547
303.577
303.607
303.636
303.666
303.695
303.724
303.753
303.782
303.811
303.839
303.868
303.896
303.924
303.952
303.98
304.008
304.036
304.064
304.091
304.119
304.146
304.173
304.201
304.228
304.255
304.282
304.309
304.336
304.363
304.389
304.416
304.443
304.469
304.496
304.522
304.549
304.575
304.601
304.627
304.654
304.68
304.706
304.732
304.757
304.783
304.809
304.835
304.86
304.886
304.911
304.936
304.961
304.986
305.011
305.036
305.061
305.086
305.11
305.135
305.159
305.183
305.207
305.231
305.255
305.278
305.301
305.324
305.347
305.37
305.392
305.414
305.436
305.457
305.478
305.499
305.52
305.54
305.56
305.58
305.599
305.617
305.635
305.653
305.67
305.687
305.703
305.718
305.733
305.747
305.761
305.773
305.785
305.796
305.807
305.816
305.824
305.832
305.838
305.842
305.846
305.848
305.848
305.847
305.844
305.839
305.832
305.822
305.81
305.796
305.779
305.758
305.734
305.706
305.674
305.637
305.595
305.547
305.492
305.428
305.355
305.269
305.168
305.05
304.912
304.751
302.173
302.215
302.257
302.3
302.342
302.384
302.425
302.467
302.508
302.549
302.589
302.629
302.668
302.707
302.746
302.783
302.821
302.857
302.894
302.93
302.965
303
303.035
303.069
303.102
303.136
303.169
303.202
303.234
303.266
303.298
303.329
303.36
303.391
303.422
303.453
303.483
303.513
303.543
303.572
303.602
303.631
303.661
303.69
303.719
303.747
303.776
303.804
303.833
303.861
303.889
303.918
303.946
303.974
304.002
304.029
304.057
304.085
304.112
304.14
304.167
304.194
304.222
304.249
304.276
304.303
304.33
304.357
304.384
304.411
304.437
304.464
304.491
304.517
304.544
304.57
304.597
304.623
304.649
304.675
304.701
304.728
304.753
304.779
304.805
304.831
304.856
304.882
304.907
304.933
304.958
304.983
305.008
305.033
305.058
305.083
305.107
305.132
305.156
305.18
305.204
305.227
305.251
305.274
305.297
305.319
305.342
305.364
305.386
305.407
305.428
305.449
305.47
305.49
305.51
305.529
305.548
305.567
305.585
305.602
305.619
305.636
305.652
305.667
305.681
305.695
305.708
305.72
305.732
305.742
305.752
305.76
305.768
305.774
305.779
305.783
305.785
305.786
305.785
305.782
305.777
305.77
305.761
305.75
305.735
305.718
305.698
305.674
305.646
305.614
305.577
305.535
305.486
305.431
305.367
305.293
305.208
305.108
304.992
304.858
304.704
302.107
302.146
302.186
302.226
302.265
302.305
302.344
302.384
302.423
302.462
302.501
302.539
302.577
302.615
302.652
302.689
302.726
302.762
302.798
302.833
302.868
302.903
302.937
302.971
303.005
303.038
303.071
303.103
303.136
303.168
303.2
303.231
303.263
303.294
303.324
303.355
303.385
303.416
303.446
303.476
303.505
303.535
303.564
303.593
303.623
303.652
303.68
303.709
303.738
303.766
303.795
303.823
303.852
303.88
303.908
303.936
303.964
303.992
304.02
304.047
304.075
304.103
304.13
304.158
304.185
304.212
304.24
304.267
304.294
304.321
304.348
304.375
304.402
304.429
304.456
304.482
304.509
304.536
304.562
304.589
304.615
304.642
304.668
304.694
304.721
304.747
304.773
304.798
304.824
304.85
304.876
304.901
304.926
304.952
304.977
305.002
305.027
305.052
305.076
305.101
305.125
305.149
305.173
305.196
305.219
305.242
305.265
305.288
305.31
305.332
305.353
305.375
305.396
305.416
305.437
305.456
305.476
305.495
305.513
305.531
305.548
305.565
305.581
305.596
305.611
305.625
305.639
305.651
305.663
305.674
305.684
305.693
305.7
305.707
305.712
305.716
305.719
305.72
305.719
305.716
305.712
305.705
305.697
305.685
305.671
305.654
305.634
305.61
305.583
305.551
305.514
305.471
305.423
305.367
305.304
305.23
305.145
305.047
304.934
304.804
304.657
302.041
302.078
302.115
302.152
302.189
302.227
302.264
302.301
302.339
302.376
302.413
302.45
302.487
302.523
302.559
302.595
302.631
302.666
302.701
302.736
302.77
302.804
302.838
302.872
302.905
302.938
302.971
303.003
303.035
303.067
303.099
303.131
303.162
303.193
303.224
303.254
303.285
303.315
303.345
303.375
303.405
303.435
303.464
303.494
303.523
303.552
303.581
303.61
303.639
303.668
303.697
303.725
303.754
303.782
303.81
303.839
303.867
303.895
303.923
303.951
303.979
304.007
304.034
304.062
304.09
304.117
304.145
304.173
304.2
304.227
304.255
304.282
304.309
304.336
304.364
304.391
304.418
304.445
304.472
304.498
304.525
304.552
304.579
304.605
304.632
304.658
304.684
304.711
304.737
304.763
304.789
304.815
304.84
304.866
304.892
304.917
304.942
304.967
304.992
305.017
305.042
305.066
305.09
305.114
305.138
305.161
305.184
305.207
305.23
305.252
305.274
305.296
305.317
305.338
305.359
305.379
305.399
305.418
305.437
305.455
305.472
305.49
305.506
305.522
305.537
305.551
305.565
305.578
305.59
305.601
305.612
305.621
305.629
305.636
305.642
305.646
305.649
305.65
305.65
305.647
305.643
305.637
305.628
305.617
305.604
305.587
305.567
305.543
305.516
305.484
305.447
305.405
305.357
305.301
305.238
305.165
305.081
304.985
304.875
304.75
304.61
301.975
302.009
302.044
302.078
302.113
302.149
302.184
302.219
302.255
302.29
302.326
302.361
302.396
302.431
302.466
302.501
302.535
302.57
302.604
302.638
302.671
302.705
302.738
302.771
302.804
302.837
302.869
302.901
302.933
302.965
302.996
303.028
303.059
303.09
303.121
303.151
303.182
303.212
303.242
303.272
303.302
303.332
303.361
303.391
303.42
303.45
303.479
303.508
303.537
303.566
303.595
303.623
303.652
303.681
303.709
303.737
303.766
303.794
303.822
303.851
303.879
303.907
303.935
303.963
303.991
304.019
304.046
304.074
304.102
304.13
304.157
304.185
304.212
304.24
304.267
304.294
304.322
304.349
304.376
304.403
304.431
304.458
304.485
304.512
304.538
304.565
304.592
304.618
304.645
304.671
304.698
304.724
304.75
304.776
304.802
304.828
304.853
304.879
304.904
304.929
304.954
304.979
305.004
305.028
305.052
305.076
305.099
305.123
305.146
305.168
305.191
305.213
305.235
305.256
305.277
305.297
305.317
305.337
305.356
305.375
305.393
305.41
305.427
305.443
305.459
305.474
305.488
305.501
305.513
305.525
305.536
305.545
305.554
305.561
305.567
305.572
305.575
305.576
305.576
305.574
305.571
305.565
305.556
305.546
305.532
305.516
305.496
305.473
305.446
305.414
305.378
305.336
305.288
305.233
305.17
305.098
305.016
304.922
304.815
304.695
304.562
301.908
301.94
301.973
302.005
302.038
302.071
302.105
302.138
302.172
302.205
302.239
302.272
302.306
302.34
302.373
302.407
302.44
302.473
302.506
302.539
302.572
302.605
302.637
302.67
302.702
302.734
302.766
302.798
302.829
302.861
302.892
302.923
302.954
302.985
303.015
303.046
303.076
303.106
303.136
303.166
303.196
303.226
303.255
303.285
303.314
303.344
303.373
303.402
303.431
303.46
303.489
303.518
303.547
303.575
303.604
303.633
303.661
303.69
303.718
303.747
303.775
303.803
303.831
303.86
303.888
303.916
303.944
303.972
304
304.028
304.056
304.083
304.111
304.139
304.167
304.194
304.222
304.249
304.277
304.304
304.332
304.359
304.386
304.414
304.441
304.468
304.495
304.522
304.549
304.576
304.602
304.629
304.655
304.682
304.708
304.734
304.76
304.786
304.812
304.837
304.862
304.888
304.912
304.937
304.962
304.986
305.01
305.034
305.057
305.08
305.103
305.125
305.147
305.169
305.19
305.211
305.232
305.252
305.271
305.29
305.309
305.326
305.344
305.36
305.376
305.391
305.406
305.419
305.432
305.444
305.455
305.465
305.474
305.481
305.488
305.493
305.496
305.498
305.499
305.497
305.494
305.488
305.48
305.47
305.457
305.441
305.422
305.399
305.372
305.341
305.305
305.263
305.216
305.162
305.1
305.029
304.948
304.857
304.754
304.639
304.513
301.842
301.872
301.902
301.933
301.963
301.995
302.026
302.057
302.089
302.121
302.153
302.185
302.217
302.249
302.281
302.313
302.345
302.377
302.409
302.441
302.473
302.505
302.536
302.568
302.599
302.631
302.662
302.693
302.724
302.755
302.786
302.817
302.847
302.878
302.908
302.938
302.968
302.998
303.028
303.058
303.088
303.117
303.147
303.176
303.206
303.235
303.264
303.293
303.323
303.352
303.381
303.409
303.438
303.467
303.496
303.524
303.553
303.582
303.61
303.639
303.667
303.696
303.724
303.752
303.781
303.809
303.837
303.866
303.894
303.922
303.95
303.978
304.006
304.034
304.062
304.09
304.118
304.146
304.173
304.201
304.229
304.256
304.284
304.312
304.339
304.366
304.394
304.421
304.448
304.475
304.502
304.529
304.556
304.583
304.609
304.636
304.662
304.688
304.715
304.74
304.766
304.792
304.817
304.842
304.867
304.891
304.916
304.94
304.964
304.987
305.01
305.033
305.056
305.078
305.099
305.121
305.142
305.162
305.182
305.201
305.22
305.238
305.256
305.273
305.289
305.304
305.319
305.333
305.347
305.359
305.37
305.38
305.39
305.398
305.405
305.41
305.414
305.416
305.417
305.416
305.413
305.408
305.4
305.39
305.378
305.362
305.343
305.321
305.295
305.264
305.228
305.188
305.141
305.088
305.027
304.958
304.879
304.791
304.692
304.582
304.463
301.775
301.803
301.832
301.86
301.889
301.918
301.948
301.978
302.008
302.038
302.068
302.098
302.129
302.159
302.19
302.22
302.251
302.282
302.313
302.343
302.374
302.405
302.435
302.466
302.497
302.527
302.558
302.588
302.619
302.649
302.679
302.709
302.739
302.769
302.799
302.829
302.859
302.889
302.918
302.948
302.977
303.007
303.036
303.065
303.095
303.124
303.153
303.182
303.211
303.24
303.269
303.298
303.327
303.356
303.384
303.413
303.442
303.471
303.499
303.528
303.556
303.585
303.613
303.642
303.67
303.699
303.727
303.756
303.784
303.812
303.841
303.869
303.897
303.925
303.953
303.982
304.01
304.038
304.066
304.094
304.122
304.15
304.177
304.205
304.233
304.261
304.288
304.316
304.343
304.371
304.398
304.425
304.453
304.48
304.507
304.533
304.56
304.587
304.613
304.639
304.665
304.691
304.717
304.742
304.768
304.793
304.817
304.842
304.866
304.89
304.913
304.937
304.959
304.982
305.004
305.026
305.047
305.068
305.088
305.107
305.127
305.145
305.163
305.181
305.197
305.213
305.228
305.243
305.256
305.269
305.281
305.291
305.301
305.309
305.317
305.323
305.327
305.33
305.331
305.33
305.328
305.323
305.316
305.307
305.294
305.279
305.261
305.239
305.213
305.183
305.149
305.109
305.063
305.011
304.951
304.884
304.808
304.723
304.629
304.524
304.411
301.709
301.735
301.762
301.788
301.816
301.843
301.871
301.899
301.927
301.955
301.984
302.012
302.041
302.07
302.099
302.129
302.158
302.187
302.217
302.246
302.276
302.305
302.335
302.365
302.394
302.424
302.454
302.483
302.513
302.542
302.572
302.601
302.631
302.66
302.69
302.719
302.748
302.778
302.807
302.836
302.865
302.895
302.924
302.953
302.982
303.011
303.04
303.069
303.098
303.126
303.155
303.184
303.213
303.242
303.27
303.299
303.328
303.356
303.385
303.414
303.442
303.471
303.499
303.528
303.557
303.585
303.614
303.642
303.671
303.699
303.728
303.756
303.784
303.813
303.841
303.869
303.898
303.926
303.954
303.982
304.011
304.039
304.067
304.095
304.123
304.151
304.179
304.207
304.235
304.262
304.29
304.317
304.345
304.372
304.399
304.427
304.454
304.48
304.507
304.534
304.56
304.586
304.612
304.638
304.664
304.689
304.714
304.739
304.764
304.788
304.812
304.835
304.858
304.881
304.904
304.926
304.947
304.968
304.989
305.009
305.029
305.048
305.066
305.084
305.101
305.117
305.133
305.147
305.161
305.174
305.187
305.198
305.208
305.217
305.224
305.23
305.235
305.239
305.24
305.24
305.238
305.234
305.227
305.218
305.207
305.192
305.175
305.153
305.128
305.099
305.065
305.026
304.982
304.931
304.873
304.808
304.735
304.654
304.564
304.465
304.358
301.643
301.667
301.692
301.717
301.743
301.768
301.794
301.821
301.847
301.874
301.901
301.928
301.955
301.982
302.01
302.038
302.066
302.094
302.122
302.15
302.178
302.207
302.235
302.264
302.292
302.321
302.35
302.378
302.407
302.436
302.465
302.493
302.522
302.551
302.58
302.609
302.637
302.666
302.695
302.724
302.752
302.781
302.81
302.839
302.867
302.896
302.925
302.953
302.982
303.011
303.039
303.068
303.097
303.125
303.154
303.183
303.211
303.24
303.268
303.297
303.326
303.354
303.383
303.411
303.44
303.468
303.497
303.526
303.554
303.583
303.611
303.64
303.668
303.697
303.725
303.754
303.782
303.811
303.839
303.868
303.896
303.924
303.953
303.981
304.009
304.037
304.065
304.094
304.122
304.15
304.177
304.205
304.233
304.261
304.288
304.316
304.343
304.37
304.397
304.424
304.451
304.477
304.503
304.53
304.556
304.581
304.607
304.632
304.657
304.681
304.705
304.729
304.753
304.776
304.799
304.821
304.843
304.865
304.886
304.906
304.926
304.945
304.964
304.982
304.999
305.016
305.032
305.047
305.062
305.075
305.088
305.099
305.11
305.119
305.127
305.134
305.139
305.143
305.145
305.145
305.144
305.14
305.134
305.126
305.115
305.101
305.084
305.063
305.039
305.011
304.978
304.94
304.897
304.848
304.793
304.73
304.66
304.582
304.497
304.403
304.302
301.577
301.6
301.623
301.647
301.671
301.695
301.719
301.744
301.768
301.794
301.819
301.844
301.87
301.896
301.922
301.948
301.975
302.002
302.028
302.055
302.082
302.109
302.137
302.164
302.192
302.219
302.247
302.274
302.302
302.33
302.358
302.386
302.414
302.442
302.47
302.498
302.526
302.554
302.582
302.611
302.639
302.667
302.695
302.724
302.752
302.78
302.809
302.837
302.865
302.894
302.922
302.95
302.979
303.007
303.036
303.064
303.093
303.121
303.149
303.178
303.206
303.235
303.263
303.292
303.321
303.349
303.378
303.406
303.435
303.463
303.492
303.521
303.549
303.578
303.606
303.635
303.664
303.692
303.721
303.749
303.778
303.806
303.835
303.863
303.892
303.92
303.948
303.977
304.005
304.033
304.061
304.089
304.117
304.145
304.173
304.2
304.228
304.255
304.283
304.31
304.337
304.364
304.39
304.417
304.443
304.469
304.495
304.52
304.545
304.57
304.595
304.619
304.643
304.666
304.689
304.712
304.734
304.756
304.777
304.798
304.818
304.838
304.857
304.876
304.893
304.91
304.927
304.942
304.957
304.971
304.984
304.996
305.007
305.016
305.025
305.032
305.038
305.042
305.044
305.045
305.044
305.041
305.036
305.028
305.018
305.005
304.989
304.969
304.946
304.919
304.887
304.851
304.809
304.762
304.709
304.649
304.582
304.508
304.427
304.339
304.244
301.512
301.534
301.555
301.577
301.6
301.622
301.645
301.668
301.691
301.715
301.739
301.763
301.787
301.811
301.836
301.861
301.886
301.911
301.936
301.962
301.988
302.014
302.04
302.066
302.092
302.118
302.145
302.172
302.198
302.225
302.252
302.279
302.306
302.333
302.361
302.388
302.415
302.443
302.47
302.498
302.525
302.553
302.581
302.608
302.636
302.664
302.692
302.72
302.748
302.776
302.804
302.832
302.86
302.888
302.916
302.944
302.972
303.001
303.029
303.057
303.086
303.114
303.142
303.171
303.199
303.228
303.256
303.285
303.313
303.342
303.37
303.399
303.427
303.456
303.485
303.513
303.542
303.57
303.599
303.628
303.656
303.685
303.714
303.742
303.771
303.799
303.828
303.856
303.884
303.913
303.941
303.969
303.997
304.026
304.054
304.081
304.109
304.137
304.164
304.192
304.219
304.246
304.273
304.299
304.326
304.352
304.378
304.404
304.429
304.455
304.479
304.504
304.528
304.552
304.575
304.598
304.621
304.643
304.664
304.686
304.706
304.726
304.746
304.764
304.782
304.8
304.816
304.832
304.847
304.862
304.875
304.887
304.898
304.909
304.918
304.925
304.931
304.936
304.939
304.941
304.94
304.938
304.933
304.926
304.917
304.904
304.889
304.87
304.848
304.822
304.792
304.757
304.717
304.672
304.622
304.565
304.501
304.432
304.355
304.272
304.182
301.448
301.468
301.488
301.509
301.53
301.551
301.572
301.594
301.615
301.637
301.66
301.682
301.705
301.728
301.751
301.775
301.798
301.822
301.846
301.871
301.895
301.92
301.944
301.969
301.994
302.02
302.045
302.07
302.096
302.122
302.148
302.174
302.2
302.226
302.252
302.279
302.305
302.332
302.359
302.385
302.412
302.439
302.466
302.493
302.521
302.548
302.575
302.602
302.63
302.657
302.685
302.713
302.74
302.768
302.796
302.824
302.851
302.879
302.907
302.935
302.963
302.991
303.02
303.048
303.076
303.104
303.133
303.161
303.189
303.218
303.246
303.275
303.303
303.332
303.36
303.389
303.418
303.446
303.475
303.504
303.532
303.561
303.59
303.618
303.647
303.675
303.704
303.732
303.761
303.789
303.818
303.846
303.874
303.903
303.931
303.959
303.987
304.014
304.042
304.07
304.097
304.124
304.151
304.178
304.205
304.231
304.258
304.284
304.309
304.335
304.36
304.384
304.409
304.433
304.457
304.48
304.503
304.525
304.547
304.568
304.589
304.609
304.629
304.648
304.667
304.684
304.701
304.717
304.733
304.747
304.761
304.774
304.785
304.796
304.805
304.813
304.82
304.825
304.829
304.831
304.831
304.829
304.825
304.819
304.81
304.799
304.785
304.767
304.746
304.721
304.693
304.66
304.622
304.579
304.531
304.477
304.417
304.352
304.28
304.202
304.118
301.385
301.403
301.422
301.441
301.461
301.481
301.501
301.521
301.541
301.562
301.583
301.604
301.625
301.647
301.669
301.691
301.713
301.736
301.758
301.781
301.804
301.828
301.851
301.875
301.899
301.923
301.947
301.971
301.996
302.02
302.045
302.07
302.095
302.12
302.146
302.171
302.197
302.223
302.249
302.274
302.301
302.327
302.353
302.379
302.406
302.432
302.459
302.486
302.513
302.539
302.566
302.594
302.621
302.648
302.675
302.703
302.73
302.758
302.785
302.813
302.841
302.868
302.896
302.924
302.952
302.98
303.008
303.036
303.064
303.093
303.121
303.149
303.178
303.206
303.235
303.263
303.292
303.32
303.349
303.377
303.406
303.434
303.463
303.492
303.52
303.549
303.577
303.606
303.635
303.663
303.691
303.72
303.748
303.776
303.805
303.833
303.861
303.889
303.917
303.944
303.972
303.999
304.026
304.053
304.08
304.107
304.133
304.159
304.185
304.211
304.236
304.261
304.285
304.31
304.333
304.357
304.38
304.403
304.425
304.446
304.467
304.488
304.508
304.527
304.546
304.564
304.581
304.598
304.613
304.628
304.642
304.655
304.667
304.678
304.688
304.697
304.704
304.71
304.714
304.716
304.717
304.716
304.713
304.707
304.699
304.689
304.675
304.659
304.639
304.616
304.589
304.558
304.522
304.482
304.436
304.386
304.33
304.268
304.201
304.128
304.05
301.323
301.34
301.358
301.376
301.394
301.412
301.431
301.45
301.469
301.488
301.508
301.527
301.547
301.568
301.588
301.609
301.63
301.651
301.673
301.694
301.716
301.738
301.76
301.783
301.805
301.828
301.851
301.874
301.898
301.921
301.945
301.969
301.993
302.017
302.041
302.066
302.09
302.115
302.14
302.165
302.19
302.216
302.241
302.267
302.292
302.318
302.344
302.37
302.396
302.422
302.449
302.475
302.502
302.529
302.555
302.582
302.609
302.636
302.663
302.69
302.718
302.745
302.772
302.8
302.828
302.855
302.883
302.911
302.939
302.967
302.995
303.023
303.051
303.079
303.107
303.136
303.164
303.192
303.221
303.249
303.278
303.306
303.335
303.363
303.392
303.42
303.449
303.477
303.506
303.534
303.563
303.591
303.619
303.648
303.676
303.704
303.732
303.76
303.788
303.815
303.843
303.87
303.898
303.925
303.952
303.978
304.005
304.031
304.057
304.083
304.108
304.133
304.158
304.182
304.206
304.23
304.253
304.276
304.298
304.32
304.341
304.362
304.382
304.401
304.42
304.439
304.456
304.473
304.489
304.504
304.519
304.532
304.544
304.556
304.566
304.575
304.582
304.589
304.593
304.597
304.598
304.597
304.595
304.59
304.583
304.574
304.561
304.546
304.528
304.506
304.481
304.452
304.418
304.38
304.338
304.291
304.238
304.181
304.118
304.05
303.978
301.262
301.278
301.295
301.311
301.328
301.345
301.363
301.38
301.398
301.416
301.435
301.453
301.472
301.491
301.51
301.53
301.549
301.569
301.589
301.61
301.63
301.651
301.672
301.693
301.715
301.736
301.758
301.78
301.802
301.825
301.847
301.87
301.893
301.916
301.939
301.963
301.986
302.01
302.034
302.058
302.083
302.107
302.131
302.156
302.181
302.206
302.231
302.256
302.282
302.307
302.333
302.359
302.384
302.41
302.436
302.463
302.489
302.515
302.542
302.569
302.595
302.622
302.649
302.676
302.703
302.731
302.758
302.785
302.813
302.84
302.868
302.896
302.924
302.952
302.98
303.008
303.036
303.064
303.092
303.12
303.148
303.177
303.205
303.233
303.262
303.29
303.318
303.347
303.375
303.403
303.432
303.46
303.488
303.516
303.545
303.573
303.601
303.629
303.656
303.684
303.712
303.739
303.766
303.793
303.82
303.847
303.873
303.9
303.925
303.951
303.977
304.002
304.026
304.051
304.075
304.099
304.122
304.145
304.167
304.189
304.21
304.231
304.252
304.271
304.29
304.309
304.327
304.344
304.36
304.375
304.39
304.404
304.416
304.428
304.439
304.448
304.456
304.463
304.468
304.472
304.474
304.474
304.472
304.469
304.462
304.454
304.443
304.429
304.412
304.392
304.368
304.341
304.31
304.275
304.235
304.191
304.143
304.09
304.031
303.969
303.901
301.203
301.218
301.233
301.249
301.265
301.281
301.297
301.313
301.33
301.347
301.364
301.381
301.399
301.417
301.435
301.453
301.472
301.49
301.509
301.528
301.548
301.567
301.587
301.607
301.627
301.648
301.668
301.689
301.71
301.731
301.753
301.774
301.796
301.818
301.841
301.863
301.885
301.908
301.931
301.954
301.977
302.001
302.024
302.048
302.072
302.096
302.12
302.145
302.169
302.194
302.219
302.244
302.269
302.294
302.32
302.345
302.371
302.396
302.422
302.448
302.475
302.501
302.527
302.554
302.58
302.607
302.634
302.661
302.688
302.715
302.742
302.769
302.797
302.824
302.852
302.879
302.907
302.935
302.963
302.991
303.019
303.047
303.075
303.103
303.131
303.159
303.187
303.215
303.243
303.271
303.3
303.328
303.356
303.384
303.412
303.44
303.467
303.495
303.523
303.55
303.578
303.605
303.632
303.659
303.686
303.712
303.739
303.765
303.791
303.817
303.842
303.867
303.892
303.916
303.94
303.964
303.987
304.01
304.032
304.054
304.076
304.097
304.117
304.137
304.156
304.175
304.193
304.21
304.226
304.242
304.257
304.271
304.284
304.296
304.307
304.317
304.325
304.332
304.338
304.342
304.345
304.346
304.345
304.342
304.337
304.329
304.319
304.307
304.291
304.273
304.251
304.226
304.198
304.165
304.129
304.088
304.043
303.994
303.94
303.882
303.82
301.146
301.16
301.174
301.189
301.203
301.218
301.233
301.249
301.264
301.28
301.296
301.312
301.329
301.345
301.362
301.379
301.397
301.414
301.432
301.45
301.468
301.487
301.505
301.524
301.543
301.562
301.582
301.602
301.621
301.642
301.662
301.682
301.703
301.724
301.745
301.766
301.788
301.81
301.831
301.853
301.876
301.898
301.921
301.944
301.966
301.99
302.013
302.036
302.06
302.084
302.108
302.132
302.156
302.181
302.205
302.23
302.255
302.28
302.305
302.33
302.356
302.381
302.407
302.433
302.459
302.485
302.511
302.538
302.564
302.591
302.617
302.644
302.671
302.698
302.725
302.752
302.779
302.807
302.834
302.862
302.889
302.917
302.944
302.972
303
303.027
303.055
303.083
303.111
303.139
303.167
303.194
303.222
303.25
303.278
303.305
303.333
303.36
303.388
303.415
303.442
303.469
303.496
303.523
303.549
303.576
303.602
303.628
303.654
303.679
303.705
303.729
303.754
303.778
303.802
303.826
303.849
303.872
303.894
303.916
303.938
303.959
303.979
303.999
304.018
304.037
304.055
304.072
304.089
304.105
304.12
304.134
304.147
304.159
304.171
304.181
304.19
304.197
304.204
304.208
304.212
304.213
304.213
304.211
304.207
304.2
304.192
304.18
304.167
304.15
304.13
304.107
304.081
304.051
304.018
303.98
303.939
303.894
303.845
303.792
303.734
301.09
301.104
301.117
301.13
301.144
301.158
301.172
301.186
301.201
301.216
301.231
301.246
301.261
301.277
301.293
301.309
301.325
301.341
301.358
301.375
301.392
301.409
301.427
301.445
301.463
301.481
301.499
301.518
301.536
301.555
301.575
301.594
301.614
301.633
301.653
301.674
301.694
301.715
301.736
301.757
301.778
301.799
301.821
301.843
301.865
301.887
301.909
301.932
301.954
301.977
302
302.023
302.047
302.07
302.094
302.118
302.142
302.166
302.191
302.215
302.24
302.265
302.29
302.315
302.34
302.366
302.391
302.417
302.442
302.468
302.494
302.521
302.547
302.573
302.6
302.626
302.653
302.68
302.707
302.734
302.761
302.788
302.815
302.842
302.869
302.897
302.924
302.951
302.979
303.006
303.034
303.061
303.088
303.116
303.143
303.17
303.198
303.225
303.252
303.279
303.306
303.332
303.359
303.385
303.412
303.438
303.464
303.489
303.515
303.54
303.565
303.59
303.614
303.638
303.662
303.685
303.709
303.731
303.753
303.775
303.797
303.817
303.838
303.858
303.877
303.896
303.914
303.931
303.948
303.964
303.979
303.993
304.007
304.019
304.031
304.041
304.05
304.058
304.065
304.07
304.074
304.077
304.077
304.076
304.073
304.067
304.06
304.05
304.038
304.023
304.005
303.984
303.96
303.933
303.903
303.869
303.831
303.79
303.745
303.697
303.644
301.038
301.05
301.062
301.075
301.088
301.101
301.114
301.127
301.141
301.155
301.169
301.183
301.197
301.212
301.227
301.242
301.257
301.272
301.288
301.304
301.32
301.336
301.352
301.369
301.386
301.403
301.42
301.438
301.455
301.473
301.492
301.51
301.528
301.547
301.566
301.585
301.605
301.624
301.644
301.664
301.684
301.705
301.725
301.746
301.767
301.788
301.809
301.831
301.853
301.875
301.897
301.919
301.942
301.964
301.987
302.01
302.033
302.057
302.08
302.104
302.128
302.152
302.176
302.2
302.225
302.249
302.274
302.299
302.324
302.349
302.375
302.4
302.426
302.451
302.477
302.503
302.529
302.555
302.581
302.608
302.634
302.661
302.687
302.714
302.741
302.767
302.794
302.821
302.848
302.875
302.902
302.928
302.955
302.982
303.009
303.036
303.063
303.089
303.116
303.142
303.169
303.195
303.221
303.247
303.273
303.299
303.324
303.35
303.375
303.4
303.424
303.449
303.473
303.497
303.52
303.543
303.566
303.588
303.61
303.632
303.653
303.674
303.694
303.714
303.733
303.752
303.77
303.787
303.804
303.82
303.835
303.849
303.863
303.876
303.887
303.898
303.908
303.916
303.923
303.929
303.933
303.936
303.938
303.937
303.935
303.931
303.924
303.916
303.905
303.892
303.876
303.857
303.836
303.812
303.784
303.753
303.719
303.682
303.641
303.597
303.55
300.987
300.999
301.01
301.022
301.034
301.046
301.058
301.071
301.084
301.097
301.11
301.123
301.136
301.15
301.164
301.178
301.192
301.207
301.221
301.236
301.251
301.266
301.282
301.298
301.313
301.33
301.346
301.362
301.379
301.396
301.413
301.43
301.448
301.466
301.483
301.502
301.52
301.539
301.557
301.576
301.595
301.615
301.634
301.654
301.674
301.694
301.715
301.735
301.756
301.777
301.798
301.819
301.841
301.863
301.885
301.907
301.929
301.951
301.974
301.997
302.02
302.043
302.066
302.09
302.113
302.137
302.161
302.185
302.209
302.234
302.258
302.283
302.308
302.333
302.358
302.383
302.408
302.434
302.459
302.485
302.511
302.536
302.562
302.588
302.614
302.64
302.667
302.693
302.719
302.745
302.771
302.798
302.824
302.85
302.877
302.903
302.929
302.955
302.981
303.007
303.033
303.059
303.084
303.11
303.135
303.16
303.185
303.21
303.235
303.259
303.283
303.307
303.331
303.354
303.377
303.4
303.423
303.445
303.466
303.488
303.509
303.529
303.549
303.569
303.588
303.606
303.624
303.641
303.658
303.674
303.689
303.704
303.717
303.73
303.742
303.753
303.763
303.771
303.779
303.785
303.79
303.794
303.796
303.796
303.795
303.791
303.786
303.779
303.77
303.758
303.744
303.728
303.709
303.687
303.662
303.635
303.604
303.571
303.534
303.494
303.451
300.94
300.95
300.961
300.972
300.984
300.995
301.006
301.018
301.03
301.042
301.054
301.067
301.079
301.092
301.105
301.118
301.132
301.145
301.159
301.173
301.187
301.201
301.216
301.231
301.246
301.261
301.276
301.292
301.307
301.323
301.339
301.356
301.372
301.389
301.406
301.423
301.44
301.458
301.476
301.494
301.512
301.53
301.549
301.568
301.587
301.606
301.625
301.645
301.665
301.685
301.705
301.725
301.746
301.766
301.787
301.809
301.83
301.851
301.873
301.895
301.917
301.939
301.962
301.984
302.007
302.03
302.053
302.076
302.1
302.123
302.147
302.171
302.195
302.219
302.243
302.267
302.292
302.317
302.341
302.366
302.391
302.416
302.441
302.466
302.492
302.517
302.542
302.568
302.593
302.619
302.644
302.67
302.695
302.721
302.747
302.772
302.798
302.823
302.848
302.874
302.899
302.924
302.949
302.974
302.999
303.023
303.048
303.072
303.096
303.12
303.143
303.167
303.19
303.213
303.236
303.258
303.28
303.302
303.323
303.344
303.364
303.385
303.404
303.423
303.442
303.46
303.478
303.495
303.512
303.528
303.543
303.557
303.571
303.584
303.596
303.607
303.617
303.626
303.633
303.64
303.646
303.65
303.652
303.653
303.653
303.651
303.647
303.641
303.633
303.623
303.611
303.596
303.58
303.56
303.539
303.514
303.487
303.457
303.424
303.388
303.35
300.896
300.906
300.916
300.926
300.937
300.947
300.958
300.969
300.98
300.992
301.003
301.015
301.027
301.039
301.051
301.063
301.076
301.088
301.101
301.114
301.128
301.141
301.155
301.169
301.183
301.197
301.211
301.226
301.241
301.256
301.271
301.287
301.302
301.318
301.334
301.35
301.367
301.383
301.4
301.417
301.434
301.452
301.469
301.487
301.505
301.523
301.542
301.56
301.579
301.598
301.618
301.637
301.657
301.676
301.696
301.717
301.737
301.758
301.778
301.799
301.82
301.842
301.863
301.885
301.907
301.929
301.951
301.973
301.996
302.018
302.041
302.064
302.087
302.11
302.134
302.157
302.181
302.205
302.228
302.252
302.277
302.301
302.325
302.349
302.374
302.398
302.423
302.447
302.472
302.497
302.522
302.546
302.571
302.596
302.621
302.645
302.67
302.695
302.719
302.744
302.768
302.793
302.817
302.841
302.865
302.889
302.913
302.937
302.96
302.983
303.006
303.029
303.052
303.074
303.096
303.118
303.139
303.16
303.181
303.202
303.222
303.242
303.261
303.28
303.298
303.316
303.334
303.35
303.367
303.382
303.397
303.412
303.425
303.438
303.45
303.461
303.471
303.48
303.488
303.495
303.501
303.506
303.509
303.511
303.511
303.51
303.507
303.502
303.496
303.487
303.477
303.465
303.45
303.433
303.414
303.392
303.368
303.342
303.313
303.281
303.246
300.855
300.864
300.874
300.884
300.893
300.903
300.914
300.924
300.935
300.945
300.956
300.967
300.978
300.989
301.001
301.013
301.024
301.036
301.048
301.061
301.073
301.086
301.099
301.112
301.125
301.139
301.152
301.166
301.18
301.194
301.209
301.223
301.238
301.253
301.268
301.283
301.299
301.315
301.331
301.347
301.363
301.38
301.396
301.413
301.43
301.448
301.465
301.483
301.501
301.519
301.537
301.556
301.574
301.593
301.612
301.632
301.651
301.671
301.69
301.71
301.731
301.751
301.772
301.792
301.813
301.834
301.856
301.877
301.898
301.92
301.942
301.964
301.986
302.009
302.031
302.054
302.076
302.099
302.122
302.145
302.168
302.192
302.215
302.239
302.262
302.286
302.31
302.333
302.357
302.381
302.405
302.429
302.453
302.477
302.5
302.524
302.548
302.572
302.596
302.62
302.643
302.667
302.69
302.714
302.737
302.76
302.783
302.806
302.829
302.851
302.873
302.896
302.917
302.939
302.961
302.982
303.003
303.023
303.044
303.064
303.083
303.102
303.121
303.14
303.158
303.175
303.192
303.209
303.225
303.24
303.255
303.269
303.283
303.295
303.307
303.318
303.329
303.338
303.346
303.353
303.359
303.364
303.368
303.37
303.371
303.371
303.369
303.366
303.36
303.354
303.345
303.334
303.322
303.307
303.29
303.272
303.25
303.227
303.201
303.173
303.143
300.818
300.827
300.836
300.845
300.855
300.864
300.874
300.883
300.893
300.903
300.914
300.924
300.935
300.945
300.956
300.967
300.978
300.99
301.001
301.013
301.025
301.037
301.049
301.061
301.074
301.086
301.099
301.112
301.125
301.139
301.152
301.166
301.18
301.194
301.209
301.223
301.238
301.253
301.268
301.283
301.299
301.315
301.33
301.346
301.363
301.379
301.396
301.413
301.43
301.447
301.464
301.482
301.5
301.518
301.536
301.554
301.573
301.592
301.611
301.63
301.649
301.668
301.688
301.708
301.728
301.748
301.768
301.789
301.81
301.83
301.851
301.872
301.894
301.915
301.937
301.958
301.98
302.002
302.024
302.046
302.069
302.091
302.113
302.136
302.159
302.181
302.204
302.227
302.25
302.273
302.296
302.319
302.342
302.365
302.388
302.411
302.434
302.457
302.48
302.503
302.525
302.548
302.571
302.593
302.616
302.638
302.66
302.682
302.704
302.726
302.748
302.769
302.79
302.811
302.832
302.853
302.873
302.893
302.913
302.932
302.951
302.97
302.988
303.006
303.024
303.041
303.057
303.074
303.089
303.104
303.119
303.133
303.146
303.158
303.17
303.181
303.191
303.2
303.209
303.216
303.223
303.228
303.232
303.235
303.237
303.237
303.236
303.233
303.229
303.224
303.217
303.208
303.197
303.185
303.17
303.154
303.135
303.115
303.092
303.067
303.041
300.786
300.794
300.803
300.812
300.821
300.83
300.839
300.848
300.857
300.867
300.877
300.886
300.896
300.907
300.917
300.927
300.938
300.949
300.959
300.971
300.982
300.993
301.005
301.016
301.028
301.04
301.053
301.065
301.078
301.09
301.103
301.116
301.13
301.143
301.157
301.171
301.185
301.199
301.213
301.228
301.242
301.257
301.273
301.288
301.303
301.319
301.335
301.351
301.367
301.384
301.4
301.417
301.434
301.451
301.469
301.486
301.504
301.522
301.54
301.558
301.576
301.595
301.614
301.633
301.652
301.671
301.691
301.71
301.73
301.75
301.77
301.79
301.811
301.831
301.852
301.873
301.894
301.915
301.936
301.957
301.978
302
302.021
302.043
302.065
302.087
302.109
302.13
302.152
302.175
302.197
302.219
302.241
302.263
302.285
302.307
302.329
302.351
302.373
302.395
302.417
302.439
302.461
302.483
302.505
302.526
302.548
302.569
302.59
302.611
302.632
302.653
302.673
302.693
302.713
302.733
302.753
302.772
302.791
302.81
302.829
302.847
302.865
302.882
302.899
302.916
302.932
302.948
302.963
302.977
302.992
303.005
303.018
303.03
303.042
303.053
303.063
303.072
303.08
303.088
303.094
303.1
303.104
303.108
303.11
303.111
303.111
303.109
303.106
303.102
303.096
303.089
303.08
303.069
303.057
303.042
303.026
303.009
302.989
302.967
302.943
300.759
300.767
300.775
300.783
300.792
300.8
300.809
300.818
300.827
300.836
300.845
300.855
300.864
300.874
300.884
300.894
300.904
300.914
300.925
300.935
300.946
300.957
300.968
300.979
300.99
301.002
301.013
301.025
301.037
301.049
301.062
301.074
301.087
301.1
301.113
301.126
301.14
301.153
301.167
301.181
301.195
301.209
301.224
301.238
301.253
301.268
301.283
301.299
301.314
301.33
301.346
301.362
301.378
301.395
301.411
301.428
301.445
301.462
301.479
301.497
301.515
301.532
301.55
301.569
301.587
301.606
301.624
301.643
301.662
301.681
301.7
301.72
301.739
301.759
301.779
301.799
301.819
301.839
301.859
301.88
301.9
301.921
301.942
301.962
301.983
302.004
302.025
302.046
302.068
302.089
302.11
302.131
302.153
302.174
302.195
302.216
302.238
302.259
302.28
302.301
302.323
302.344
302.365
302.386
302.407
302.427
302.448
302.469
302.489
302.509
302.529
302.549
302.569
302.589
302.608
302.627
302.646
302.665
302.684
302.702
302.72
302.737
302.755
302.771
302.788
302.804
302.82
302.835
302.85
302.864
302.878
302.891
302.903
302.915
302.927
302.937
302.947
302.956
302.965
302.972
302.979
302.985
302.989
302.993
302.996
302.997
302.998
302.997
302.995
302.992
302.987
302.981
302.973
302.964
302.953
302.941
302.927
302.912
302.894
302.875
302.854
300.737
300.745
300.753
300.761
300.769
300.777
300.786
300.794
300.803
300.812
300.821
300.83
300.839
300.848
300.858
300.867
300.877
300.887
300.897
300.907
300.917
300.928
300.938
300.949
300.96
300.971
300.982
300.994
301.005
301.017
301.029
301.041
301.053
301.066
301.078
301.091
301.104
301.117
301.13
301.143
301.157
301.171
301.185
301.199
301.213
301.228
301.242
301.257
301.272
301.287
301.302
301.318
301.334
301.349
301.365
301.382
301.398
301.414
301.431
301.448
301.465
301.482
301.5
301.517
301.535
301.553
301.571
301.589
301.607
301.625
301.644
301.663
301.682
301.701
301.72
301.739
301.758
301.778
301.797
301.817
301.837
301.857
301.877
301.897
301.917
301.937
301.958
301.978
301.998
302.019
302.039
302.06
302.08
302.101
302.121
302.142
302.163
302.183
302.204
302.224
302.245
302.265
302.285
302.306
302.326
302.346
302.366
302.386
302.405
302.425
302.445
302.464
302.483
302.502
302.521
302.54
302.558
302.576
302.594
302.612
302.629
302.646
302.663
302.679
302.695
302.711
302.726
302.741
302.755
302.769
302.782
302.795
302.807
302.819
302.83
302.84
302.85
302.859
302.867
302.875
302.882
302.887
302.892
302.896
302.899
302.901
302.902
302.902
302.901
302.898
302.894
302.889
302.883
302.875
302.866
302.855
302.843
302.829
302.814
302.797
302.778
300.722
300.73
300.738
300.745
300.753
300.761
300.769
300.778
300.786
300.795
300.803
300.812
300.821
300.83
300.839
300.849
300.858
300.868
300.877
300.887
300.897
300.907
300.918
300.928
300.939
300.95
300.961
300.972
300.983
300.994
301.006
301.018
301.029
301.042
301.054
301.066
301.079
301.091
301.104
301.117
301.13
301.144
301.157
301.171
301.185
301.199
301.213
301.227
301.242
301.257
301.272
301.287
301.302
301.317
301.333
301.349
301.365
301.381
301.397
301.413
301.43
301.446
301.463
301.48
301.498
301.515
301.532
301.55
301.568
301.586
301.604
301.622
301.64
301.659
301.677
301.696
301.715
301.734
301.753
301.772
301.791
301.81
301.83
301.849
301.869
301.889
301.908
301.928
301.948
301.968
301.988
302.008
302.028
302.048
302.068
302.088
302.108
302.128
302.148
302.167
302.187
302.207
302.227
302.247
302.266
302.286
302.306
302.325
302.344
302.363
302.382
302.401
302.42
302.438
302.457
302.475
302.493
302.51
302.528
302.545
302.562
302.578
302.595
302.611
302.626
302.641
302.656
302.671
302.685
302.698
302.711
302.724
302.736
302.747
302.758
302.768
302.778
302.786
302.795
302.802
302.809
302.815
302.82
302.824
302.827
302.829
302.83
302.831
302.83
302.828
302.825
302.821
302.815
302.808
302.8
302.79
302.779
302.767
302.753
302.738
302.721
300.714
300.722
300.729
300.737
300.745
300.753
300.761
300.769
300.777
300.786
300.794
300.803
300.812
300.82
300.83
300.839
300.848
300.857
300.867
300.877
300.887
300.897
300.907
300.917
300.928
300.938
300.949
300.96
300.971
300.982
300.994
301.005
301.017
301.029
301.041
301.053
301.065
301.078
301.09
301.103
301.116
301.129
301.143
301.156
301.17
301.184
301.198
301.212
301.226
301.241
301.255
301.27
301.285
301.3
301.315
301.331
301.347
301.362
301.378
301.395
301.411
301.427
301.444
301.461
301.478
301.495
301.512
301.529
301.547
301.564
301.582
301.6
301.618
301.636
301.654
301.673
301.691
301.71
301.728
301.747
301.766
301.785
301.804
301.823
301.843
301.862
301.881
301.901
301.92
301.94
301.96
301.979
301.999
302.018
302.038
302.058
302.078
302.097
302.117
302.136
302.156
302.176
302.195
302.215
302.234
302.253
302.272
302.291
302.31
302.329
302.348
302.366
302.385
302.403
302.421
302.439
302.457
302.474
302.491
302.508
302.525
302.541
302.557
302.573
302.588
302.603
302.617
302.632
302.645
302.659
302.671
302.684
302.696
302.707
302.717
302.727
302.737
302.746
302.754
302.761
302.768
302.774
302.779
302.783
302.786
302.789
302.79
302.791
302.79
302.789
302.786
302.782
302.777
302.77
302.763
302.754
302.744
302.732
302.719
302.704
302.688
304.526
303.92
303.47
303.103
302.789
302.515
302.273
302.056
301.861
301.684
301.523
301.376
301.242
301.119
301.006
300.904
300.809
300.723
300.645
300.573
300.508
300.448
300.395
300.346
300.303
300.263
300.228
300.197
300.169
300.145
300.123
300.105
300.088
300.074
300.062
300.052
300.043
300.035
300.029
300.023
300.019
300.015
300.012
300.01
300.008
300.006
300.005
300.004
300.003
300.003
300.002
304.524
303.92
303.47
303.102
302.789
302.515
302.273
302.056
301.861
301.684
301.523
301.376
301.242
301.119
301.007
300.904
300.809
300.723
300.645
300.573
300.508
300.448
300.395
300.346
300.303
300.263
300.228
300.197
300.169
300.145
300.123
300.105
300.088
300.074
300.062
300.052
300.043
300.035
300.029
300.023
300.019
300.015
300.012
300.01
300.008
300.006
300.005
300.004
300.003
300.003
300.002
304.52
303.919
303.47
303.102
302.789
302.515
302.273
302.056
301.861
301.684
301.523
301.376
301.242
301.119
301.007
300.904
300.81
300.723
300.645
300.573
300.508
300.449
300.395
300.346
300.303
300.263
300.228
300.197
300.169
300.145
300.124
300.105
300.088
300.074
300.062
300.052
300.043
300.035
300.029
300.023
300.019
300.015
300.012
300.01
300.008
300.006
300.005
300.004
300.003
300.003
300.002
304.513
303.917
303.469
303.102
302.789
302.515
302.273
302.056
301.861
301.684
301.523
301.376
301.242
301.119
301.007
300.904
300.81
300.724
300.645
300.573
300.508
300.449
300.395
300.346
300.303
300.263
300.228
300.197
300.169
300.145
300.124
300.105
300.088
300.074
300.062
300.052
300.043
300.035
300.029
300.023
300.019
300.015
300.012
300.01
300.008
300.006
300.005
300.004
300.003
300.003
300.002
304.504
303.915
303.468
303.102
302.789
302.515
302.273
302.057
301.861
301.684
301.523
301.377
301.242
301.12
301.007
300.904
300.81
300.724
300.645
300.573
300.508
300.449
300.395
300.347
300.303
300.264
300.229
300.197
300.17
300.145
300.124
300.105
300.089
300.074
300.062
300.052
300.043
300.035
300.029
300.023
300.019
300.015
300.012
300.01
300.008
300.006
300.005
300.004
300.003
300.003
300.002
304.493
303.912
303.467
303.101
302.789
302.516
302.274
302.057
301.862
301.685
301.524
301.377
301.243
301.12
301.008
300.905
300.81
300.724
300.646
300.574
300.508
300.449
300.395
300.347
300.303
300.264
300.229
300.197
300.17
300.145
300.124
300.105
300.089
300.074
300.062
300.052
300.043
300.035
300.029
300.024
300.019
300.015
300.012
300.01
300.008
300.006
300.005
300.004
300.003
300.003
300.002
304.479
303.908
303.466
303.101
302.789
302.516
302.274
302.058
301.862
301.685
301.524
301.378
301.243
301.121
301.008
300.905
300.811
300.725
300.646
300.574
300.509
300.45
300.396
300.347
300.303
300.264
300.229
300.198
300.17
300.145
300.124
300.105
300.089
300.075
300.062
300.052
300.043
300.035
300.029
300.024
300.019
300.015
300.012
300.01
300.008
300.006
300.005
300.004
300.003
300.003
300.002
304.464
303.903
303.464
303.101
302.789
302.516
302.275
302.058
301.863
301.686
301.525
301.378
301.244
301.121
301.009
300.906
300.812
300.725
300.647
300.575
300.509
300.45
300.396
300.347
300.304
300.264
300.229
300.198
300.17
300.146
300.124
300.105
300.089
300.075
300.062
300.052
300.043
300.035
300.029
300.024
300.019
300.015
300.012
300.01
300.008
300.006
300.005
300.004
300.003
300.003
300.002
304.446
303.898
303.462
303.1
302.789
302.517
302.276
302.059
301.864
301.687
301.526
301.379
301.245
301.122
301.01
300.907
300.812
300.726
300.647
300.575
300.51
300.451
300.397
300.348
300.304
300.265
300.23
300.198
300.17
300.146
300.124
300.105
300.089
300.075
300.062
300.052
300.043
300.035
300.029
300.024
300.019
300.015
300.012
300.01
300.008
300.006
300.005
300.004
300.003
300.003
300.002
304.426
303.891
303.46
303.1
302.79
302.518
302.277
302.061
301.865
301.689
301.528
301.381
301.246
301.123
301.011
300.908
300.813
300.727
300.648
300.576
300.511
300.451
300.397
300.349
300.305
300.265
300.23
300.199
300.171
300.146
300.124
300.106
300.089
300.075
300.063
300.052
300.043
300.036
300.029
300.024
300.019
300.015
300.012
300.01
300.008
300.006
300.005
300.004
300.003
300.003
300.002
304.404
303.884
303.458
303.099
302.79
302.519
302.278
302.062
301.867
301.69
301.529
301.382
301.248
301.125
301.012
300.909
300.815
300.728
300.649
300.577
300.512
300.452
300.398
300.349
300.305
300.266
300.23
300.199
300.171
300.146
300.125
300.106
300.089
300.075
300.063
300.052
300.043
300.036
300.029
300.024
300.019
300.016
300.012
300.01
300.008
300.006
300.005
300.004
300.003
300.003
300.002
304.38
303.876
303.455
303.099
302.791
302.521
302.28
302.064
301.869
301.692
301.531
301.384
301.25
301.127
301.014
300.911
300.816
300.73
300.65
300.578
300.513
300.453
300.399
300.35
300.306
300.266
300.231
300.199
300.171
300.147
300.125
300.106
300.09
300.075
300.063
300.052
300.043
300.036
300.029
300.024
300.019
300.016
300.012
300.01
300.008
300.006
300.005
300.004
300.003
300.003
300.002
304.355
303.866
303.452
303.099
302.792
302.523
302.282
302.067
301.872
301.695
301.534
301.387
301.252
301.129
301.016
300.912
300.818
300.731
300.652
300.58
300.514
300.454
300.4
300.351
300.307
300.267
300.232
300.2
300.172
300.147
300.126
300.106
300.09
300.076
300.063
300.053
300.044
300.036
300.029
300.024
300.019
300.016
300.013
300.01
300.008
300.006
300.005
300.004
300.003
300.003
300.002
304.328
303.855
303.448
303.099
302.794
302.525
302.285
302.07
301.875
301.698
301.537
301.39
301.255
301.131
301.018
300.915
300.82
300.733
300.654
300.581
300.515
300.455
300.401
300.352
300.308
300.268
300.232
300.201
300.173
300.148
300.126
300.107
300.09
300.076
300.063
300.053
300.044
300.036
300.03
300.024
300.019
300.016
300.013
300.01
300.008
300.006
300.005
300.004
300.003
300.003
300.002
304.299
303.843
303.444
303.099
302.796
302.528
302.289
302.073
301.879
301.702
301.54
301.393
301.258
301.134
301.021
300.917
300.822
300.735
300.656
300.583
300.517
300.457
300.402
300.353
300.309
300.269
300.233
300.201
300.173
300.148
300.126
300.107
300.091
300.076
300.064
300.053
300.044
300.036
300.03
300.024
300.02
300.016
300.013
300.01
300.008
300.006
300.005
300.004
300.003
300.003
300.002
304.268
303.83
303.44
303.098
302.798
302.531
302.293
302.078
301.883
301.706
301.544
301.397
301.262
301.138
301.024
300.92
300.825
300.738
300.658
300.585
300.519
300.459
300.404
300.355
300.31
300.27
300.234
300.202
300.174
300.149
300.127
300.108
300.091
300.077
300.064
300.053
300.044
300.036
300.03
300.024
300.02
300.016
300.013
300.01
300.008
300.006
300.005
300.004
300.003
300.003
300.002
304.235
303.816
303.435
303.098
302.8
302.535
302.297
302.082
301.888
301.711
301.549
301.401
301.266
301.142
301.028
300.924
300.828
300.741
300.661
300.588
300.521
300.461
300.406
300.356
300.311
300.271
300.235
300.203
300.175
300.15
300.128
300.108
300.092
300.077
300.064
300.054
300.044
300.037
300.03
300.024
300.02
300.016
300.013
300.01
300.008
300.006
300.005
300.004
300.003
300.003
300.002
304.2
303.799
303.429
303.098
302.803
302.539
302.302
302.088
301.893
301.716
301.554
301.406
301.271
301.146
301.032
300.928
300.832
300.744
300.664
300.591
300.524
300.463
300.408
300.358
300.313
300.273
300.236
300.204
300.176
300.151
300.128
300.109
300.092
300.077
300.065
300.054
300.045
300.037
300.03
300.025
300.02
300.016
300.013
300.01
300.008
300.006
300.005
300.004
300.003
300.003
300.002
304.163
303.78
303.422
303.097
302.806
302.544
302.308
302.094
301.9
301.722
301.561
301.412
301.276
301.152
301.037
300.932
300.836
300.748
300.667
300.594
300.527
300.465
300.41
300.36
300.315
300.274
300.238
300.205
300.177
300.151
300.129
300.11
300.093
300.078
300.065
300.054
300.045
300.037
300.03
300.025
300.02
300.016
300.013
300.01
300.008
300.006
300.005
300.004
300.003
300.003
300.002
304.123
303.76
303.413
303.095
302.808
302.549
302.314
302.101
301.907
301.729
301.567
301.419
301.283
301.158
301.043
300.938
300.841
300.752
300.671
300.597
300.53
300.468
300.412
300.362
300.317
300.276
300.239
300.207
300.178
300.152
300.13
300.11
300.093
300.078
300.066
300.055
300.045
300.037
300.031
300.025
300.02
300.016
300.013
300.01
300.008
300.007
300.005
300.004
300.003
300.003
300.002
304.081
303.736
303.402
303.093
302.81
302.554
302.32
302.108
301.914
301.737
301.575
301.426
301.29
301.164
301.049
300.943
300.846
300.757
300.676
300.601
300.533
300.471
300.415
300.365
300.319
300.278
300.241
300.208
300.179
300.153
300.131
300.111
300.094
300.079
300.066
300.055
300.046
300.038
300.031
300.025
300.02
300.016
300.013
300.011
300.008
300.007
300.005
300.004
300.003
300.003
300.002
304.035
303.709
303.389
303.088
302.811
302.558
302.327
302.116
301.923
301.746
301.583
301.434
301.298
301.172
301.056
300.95
300.852
300.762
300.68
300.605
300.537
300.475
300.418
300.367
300.321
300.28
300.243
300.21
300.18
300.155
300.132
300.112
300.095
300.079
300.067
300.055
300.046
300.038
300.031
300.025
300.021
300.017
300.013
300.011
300.008
300.007
300.005
300.004
300.003
300.003
300.002
303.987
303.679
303.373
303.082
302.811
302.562
302.333
302.124
301.931
301.755
301.593
301.443
301.306
301.18
301.064
300.957
300.858
300.768
300.686
300.61
300.541
300.479
300.422
300.37
300.324
300.282
300.245
300.211
300.182
300.156
300.133
300.113
300.095
300.08
300.067
300.056
300.046
300.038
300.031
300.026
300.021
300.017
300.013
300.011
300.008
300.007
300.005
300.004
300.003
300.003
300.003
303.934
303.645
303.354
303.073
302.81
302.565
302.34
302.132
301.94
301.764
301.602
301.453
301.315
301.189
301.072
300.964
300.866
300.775
300.692
300.615
300.546
300.483
300.425
300.373
300.326
300.284
300.247
300.213
300.183
300.157
300.134
300.114
300.096
300.081
300.068
300.056
300.047
300.039
300.032
300.026
300.021
300.017
300.014
300.011
300.009
300.007
300.005
300.004
300.003
300.003
300.003
303.878
303.607
303.331
303.062
302.806
302.567
302.345
302.14
301.95
301.774
301.613
301.463
301.326
301.198
301.081
300.973
300.873
300.782
300.698
300.621
300.551
300.487
300.429
300.377
300.329
300.287
300.249
300.215
300.185
300.158
300.135
300.115
300.097
300.082
300.068
300.057
300.047
300.039
300.032
300.026
300.021
300.017
300.014
300.011
300.009
300.007
300.005
300.004
300.003
300.003
300.003
303.818
303.565
303.304
303.047
302.8
302.567
302.349
302.147
301.959
301.785
301.623
301.474
301.336
301.209
301.091
300.982
300.882
300.79
300.705
300.628
300.557
300.492
300.434
300.381
300.333
300.29
300.251
300.217
300.187
300.16
300.136
300.116
300.098
300.082
300.069
300.057
300.048
300.039
300.032
300.026
300.021
300.017
300.014
300.011
300.009
300.007
300.005
300.004
300.003
300.003
300.003
303.753
303.517
303.272
303.027
302.79
302.565
302.352
302.153
301.967
301.795
301.634
301.486
301.347
301.22
301.101
300.992
300.891
300.798
300.713
300.634
300.563
300.498
300.438
300.385
300.336
300.293
300.254
300.219
300.189
300.162
300.138
300.117
300.099
300.083
300.07
300.058
300.048
300.04
300.032
300.026
300.022
300.017
300.014
300.011
300.009
300.007
300.005
300.004
300.003
300.003
300.003
303.683
303.465
303.235
303.004
302.777
302.559
302.353
302.158
301.975
301.805
301.645
301.497
301.359
301.231
301.112
301.002
300.901
300.807
300.721
300.642
300.569
300.503
300.443
300.389
300.34
300.296
300.257
300.222
300.191
300.163
300.139
300.118
300.1
300.084
300.07
300.058
300.048
300.04
300.033
300.027
300.022
300.018
300.014
300.011
300.009
300.007
300.006
300.004
300.004
300.003
300.003
303.608
303.407
303.193
302.975
302.76
302.551
302.351
302.161
301.982
301.814
301.656
301.509
301.371
301.243
301.124
301.013
300.911
300.817
300.73
300.65
300.576
300.51
300.449
300.394
300.344
300.3
300.26
300.224
300.193
300.165
300.141
300.119
300.101
300.085
300.071
300.059
300.049
300.04
300.033
300.027
300.022
300.018
300.014
300.011
300.009
300.007
300.006
300.004
300.004
300.003
300.003
303.529
303.344
303.146
302.942
302.738
302.539
302.346
302.162
301.987
301.822
301.666
301.52
301.383
301.255
301.136
301.025
300.922
300.827
300.739
300.658
300.584
300.516
300.455
300.399
300.349
300.304
300.263
300.227
300.195
300.167
300.142
300.121
300.102
300.086
300.072
300.06
300.049
300.041
300.033
300.027
300.022
300.018
300.014
300.011
300.009
300.007
300.006
300.004
300.004
300.003
300.003
303.445
303.276
303.093
302.904
302.712
302.523
302.338
302.16
301.99
301.829
301.676
301.531
301.395
301.268
301.148
301.037
300.933
300.837
300.749
300.667
300.592
300.523
300.461
300.404
300.353
300.307
300.266
300.23
300.198
300.169
300.144
300.122
300.103
300.087
300.072
300.06
300.05
300.041
300.034
300.028
300.022
300.018
300.014
300.012
300.009
300.007
300.006
300.005
300.004
300.003
300.003
303.356
303.203
303.035
302.86
302.681
302.502
302.327
302.156
301.991
301.834
301.684
301.541
301.407
301.28
301.161
301.049
300.945
300.848
300.759
300.676
300.6
300.531
300.467
300.41
300.358
300.312
300.27
300.233
300.2
300.171
300.146
300.124
300.104
300.088
300.073
300.061
300.05
300.042
300.034
300.028
300.023
300.018
300.015
300.012
300.009
300.007
300.006
300.005
300.004
300.003
300.003
303.264
303.125
302.973
302.812
302.645
302.478
302.311
302.148
301.99
301.837
301.69
301.55
301.417
301.292
301.173
301.061
300.957
300.86
300.769
300.686
300.609
300.538
300.474
300.416
300.363
300.316
300.274
300.236
300.203
300.173
300.148
300.125
300.105
300.089
300.074
300.062
300.051
300.042
300.034
300.028
300.023
300.018
300.015
300.012
300.009
300.007
300.006
300.005
300.004
300.003
300.003
303.17
303.045
302.907
302.759
302.606
302.449
302.292
302.137
301.986
301.838
301.695
301.558
301.427
301.303
301.185
301.073
300.969
300.871
300.78
300.695
300.618
300.546
300.481
300.422
300.369
300.321
300.278
300.239
300.205
300.176
300.149
300.127
300.107
300.09
300.075
300.062
300.052
300.042
300.035
300.028
300.023
300.019
300.015
300.012
300.009
300.007
300.006
300.005
300.004
300.003
300.003
303.075
302.963
302.838
302.704
302.563
302.417
302.27
302.124
301.979
301.837
301.699
301.565
301.436
301.313
301.196
301.085
300.98
300.882
300.79
300.705
300.627
300.554
300.488
300.428
300.374
300.325
300.281
300.243
300.208
300.178
300.151
300.128
300.108
300.091
300.076
300.063
300.052
300.043
300.035
300.029
300.023
300.019
300.015
300.012
300.01
300.008
300.006
300.005
300.004
300.003
300.003
302.98
302.881
302.769
302.647
302.517
302.383
302.246
302.108
301.97
301.834
301.7
301.57
301.444
301.323
301.206
301.096
300.991
300.893
300.801
300.715
300.635
300.562
300.495
300.434
300.379
300.33
300.285
300.246
300.211
300.18
300.153
300.13
300.109
300.092
300.076
300.064
300.053
300.043
300.035
300.029
300.023
300.019
300.015
300.012
300.01
300.008
300.006
300.005
300.004
300.003
300.003
302.89
302.801
302.701
302.59
302.472
302.348
302.22
302.09
301.959
301.829
301.7
301.573
301.45
301.331
301.216
301.106
301.002
300.903
300.811
300.724
300.644
300.57
300.502
300.44
300.385
300.334
300.289
300.249
300.213
300.182
300.155
300.131
300.11
300.093
300.077
300.064
300.053
300.044
300.036
300.029
300.024
300.019
300.015
300.012
300.01
300.008
300.006
300.005
300.004
300.003
300.003
302.807
302.728
302.637
302.537
302.429
302.314
302.195
302.072
301.948
301.823
301.699
301.576
301.455
301.338
301.225
301.116
301.011
300.913
300.82
300.733
300.652
300.577
300.509
300.446
300.389
300.338
300.293
300.252
300.216
300.184
300.156
300.132
300.111
300.093
300.078
300.065
300.053
300.044
300.036
300.029
300.024
300.019
300.015
300.012
300.01
300.008
300.006
300.005
300.004
300.003
300.003
302.736
302.665
302.583
302.491
302.391
302.284
302.172
302.056
301.938
301.817
301.697
301.577
301.459
301.344
301.232
301.124
301.02
300.921
300.828
300.741
300.659
300.584
300.514
300.451
300.394
300.342
300.296
300.255
300.218
300.186
300.158
300.133
300.112
300.094
300.078
300.065
300.054
300.044
300.036
300.03
300.024
300.019
300.015
300.012
300.01
300.008
300.006
300.005
300.004
300.003
300.003
302.682
302.617
302.541
302.455
302.361
302.261
302.154
302.043
301.929
301.813
301.696
301.578
301.462
301.348
301.237
301.13
301.026
300.928
300.834
300.747
300.665
300.589
300.519
300.455
300.397
300.345
300.298
300.257
300.22
300.187
300.159
300.134
300.113
300.095
300.079
300.066
300.054
300.045
300.036
300.03
300.024
300.019
300.016
300.012
300.01
300.008
300.006
300.005
300.004
300.003
300.003
302.652
302.59
302.517
302.435
302.345
302.247
302.144
302.036
301.924
301.81
301.695
301.579
301.464
301.351
301.241
301.133
301.03
300.932
300.838
300.75
300.668
300.592
300.522
300.457
300.399
300.347
300.3
300.258
300.221
300.188
300.16
300.135
300.113
300.095
300.079
300.066
300.054
300.045
300.037
300.03
300.024
300.019
300.016
300.012
300.01
300.008
300.006
300.005
300.004
300.003
300.003
)
;

boundaryField
{
    inlet
    {
        type            fixedValue;
        value           uniform 300;
    }
    outlet
    {
        type            zeroGradient;
    }
    top
    {
        type            zeroGradient;
    }
    slip-bottom
    {
        type            zeroGradient;
    }
    bottom
    {
        type            zeroGradient;
    }
    interface
    {
        type            fixedGradient;
        gradient        nonuniform List<scalar> 
161
(
68.099
68.099
46.2534
46.2534
46.2534
46.2534
34.3039
34.3039
34.3039
34.3039
29.4599
29.4599
29.4599
28.6563
28.6563
28.6563
28.6563
26.0348
26.0348
26.0348
25.1588
25.1588
25.1588
24.6474
24.6474
24.6474
23.9882
23.9882
23.9882
23.3926
23.3926
23.3926
22.8392
22.8392
22.8392
22.2927
22.2927
22.2927
21.7706
21.7706
21.7706
20.7226
20.7226
21.4679
21.4679
21.4679
20.4213
20.4213
20.8984
20.8984
20.8984
19.8614
19.8614
19.8509
19.8509
19.8509
19.9851
19.9851
20.3224
20.3224
19.0674
19.0674
18.9533
18.9533
18.9934
18.9934
18.8472
18.8472
18.8472
18.6673
18.6673
18.4919
18.3078
18.3078
18.0825
18.0825
17.8782
17.8782
17.1442
17.1442
18.053
18.053
17.6772
17.6772
17.253
16.5441
16.5441
17.3188
17.3188
16.9825
16.1042
16.1042
16.8613
16.0514
16.0514
16.554
16.554
15.7392
16.2382
16.2382
15.4818
15.9829
15.2396
15.2396
15.2858
15.7917
15.7917
14.9131
15.32
14.6313
14.6313
14.6449
14.7889
15.0585
15.0585
14.2575
14.2957
14.4288
14.6398
14.6398
13.9558
13.9794
14.0847
14.0836
14.2469
13.7307
13.7307
13.6978
13.7392
13.713
13.6787
13.6392
13.5966
13.5525
13.508
13.4641
13.4215
13.3814
13.3447
13.3131
13.288
13.2716
13.2658
13.2726
13.2945
13.3353
13.4013
13.5065
13.682
13.8395
13.5042
13.5786
14.159
14.5835
15.1511
15.8395
18.4619
16.1553
18.8999
21.5457
30.9354
)
;
    }
    defaultFaces
    {
        type            empty;
    }
}


// ************************************************************************* //
