/*--------------------------------*- C++ -*----------------------------------*\
| =========                 |                                                 |
| \\      /  F ield         | OpenFOAM: The Open Source CFD Toolbox           |
|  \\    /   O peration     | Version:  2106                                  |
|   \\  /    A nd           | Website:  www.openfoam.com                      |
|    \\/     M anipulation  |                                                 |
\*---------------------------------------------------------------------------*/
FoamFile
{
    version     2.0;
    format      ascii;
    arch        "LSB;label=32;scalar=64";
    class       volScalarField;
    location    "7.2";
    object      T;
}
// * * * * * * * * * * * * * * * * * * * * * * * * * * * * * * * * * * * * * //

dimensions      [0 0 0 1 0 0 0];

internalField   nonuniform List<scalar> 
12013
(
300.003
300.011
300.018
300.026
300.034
300.042
300.051
300.06
300.069
300.079
300.089
300.099
300.11
300.121
300.133
300.145
300.158
300.171
300.184
300.198
300.212
300.227
300.242
300.258
300.274
300.291
300.308
300.326
300.345
300.364
300.383
300.403
300.424
300.446
300.468
300.49
300.514
300.538
300.563
300.588
300.614
300.641
300.669
300.697
300.727
300.757
300.788
300.82
300.852
300.886
300.921
300.956
300.993
301.031
301.069
301.109
301.15
301.192
301.236
301.281
301.327
301.374
301.423
301.474
301.526
301.581
301.637
301.695
301.755
301.818
301.883
301.952
302.023
302.098
302.178
302.263
302.353
302.452
302.561
302.684
302.832
300.003
300.011
300.018
300.026
300.034
300.042
300.051
300.06
300.069
300.079
300.089
300.099
300.11
300.121
300.133
300.145
300.158
300.171
300.184
300.198
300.212
300.227
300.242
300.258
300.274
300.291
300.308
300.326
300.345
300.364
300.383
300.403
300.424
300.446
300.468
300.49
300.514
300.538
300.563
300.588
300.614
300.641
300.669
300.697
300.727
300.757
300.788
300.82
300.852
300.886
300.921
300.956
300.993
301.03
301.069
301.109
301.15
301.192
301.236
301.28
301.326
301.374
301.423
301.473
301.526
301.58
301.636
301.694
301.754
301.816
301.882
301.95
302.021
302.095
302.174
302.258
302.347
302.443
302.548
302.663
302.789
300.003
300.011
300.018
300.026
300.034
300.042
300.051
300.06
300.069
300.079
300.089
300.099
300.11
300.121
300.133
300.145
300.158
300.17
300.184
300.198
300.212
300.227
300.242
300.258
300.274
300.291
300.308
300.326
300.345
300.364
300.383
300.403
300.424
300.446
300.468
300.49
300.514
300.538
300.562
300.588
300.614
300.641
300.669
300.697
300.726
300.757
300.788
300.819
300.852
300.886
300.92
300.956
300.992
301.03
301.069
301.108
301.149
301.191
301.235
301.279
301.325
301.373
301.422
301.472
301.524
301.578
301.634
301.691
301.751
301.813
301.878
301.945
302.016
302.089
302.167
302.248
302.334
302.426
302.524
302.627
302.735
300.003
300.011
300.018
300.026
300.034
300.042
300.051
300.06
300.069
300.079
300.089
300.099
300.11
300.121
300.133
300.145
300.158
300.17
300.184
300.198
300.212
300.227
300.242
300.258
300.274
300.291
300.308
300.326
300.345
300.364
300.383
300.403
300.424
300.445
300.468
300.49
300.514
300.538
300.562
300.588
300.614
300.641
300.668
300.697
300.726
300.756
300.787
300.819
300.852
300.885
300.92
300.955
300.992
301.029
301.068
301.107
301.148
301.19
301.233
301.278
301.324
301.371
301.42
301.47
301.522
301.575
301.63
301.688
301.747
301.808
301.872
301.938
302.007
302.079
302.154
302.233
302.315
302.401
302.491
302.584
302.677
300.003
300.011
300.018
300.026
300.034
300.042
300.051
300.06
300.069
300.079
300.089
300.099
300.11
300.121
300.133
300.145
300.158
300.17
300.184
300.198
300.212
300.227
300.242
300.258
300.274
300.291
300.308
300.326
300.344
300.363
300.383
300.403
300.424
300.445
300.467
300.49
300.513
300.537
300.562
300.587
300.614
300.64
300.668
300.697
300.726
300.756
300.787
300.818
300.851
300.884
300.919
300.954
300.991
301.028
301.066
301.106
301.147
301.189
301.232
301.276
301.321
301.368
301.417
301.466
301.518
301.571
301.626
301.682
301.74
301.801
301.863
301.928
301.995
302.065
302.138
302.213
302.29
302.37
302.453
302.536
302.618
300.003
300.011
300.018
300.026
300.034
300.042
300.051
300.06
300.069
300.079
300.089
300.099
300.11
300.121
300.133
300.145
300.157
300.17
300.184
300.198
300.212
300.227
300.242
300.258
300.274
300.291
300.308
300.326
300.344
300.363
300.383
300.403
300.424
300.445
300.467
300.49
300.513
300.537
300.562
300.587
300.613
300.64
300.668
300.696
300.725
300.755
300.786
300.817
300.85
300.883
300.918
300.953
300.989
301.027
301.065
301.104
301.145
301.186
301.229
301.273
301.318
301.365
301.413
301.462
301.513
301.565
301.619
301.675
301.732
301.791
301.852
301.915
301.98
302.047
302.116
302.187
302.26
302.334
302.41
302.485
302.559
300.003
300.011
300.018
300.026
300.034
300.042
300.051
300.06
300.069
300.079
300.089
300.099
300.11
300.121
300.133
300.145
300.157
300.17
300.184
300.198
300.212
300.227
300.242
300.258
300.274
300.291
300.308
300.326
300.344
300.363
300.383
300.403
300.424
300.445
300.467
300.489
300.513
300.537
300.561
300.587
300.613
300.639
300.667
300.695
300.724
300.754
300.785
300.816
300.849
300.882
300.916
300.951
300.987
301.024
301.063
301.102
301.142
301.183
301.226
301.269
301.314
301.36
301.407
301.456
301.506
301.557
301.61
301.665
301.721
301.779
301.838
301.899
301.961
302.025
302.091
302.158
302.226
302.295
302.363
302.432
302.499
300.003
300.011
300.018
300.026
300.034
300.042
300.051
300.06
300.069
300.079
300.089
300.099
300.11
300.121
300.133
300.145
300.157
300.17
300.184
300.197
300.212
300.226
300.242
300.257
300.274
300.29
300.308
300.326
300.344
300.363
300.382
300.403
300.423
300.445
300.466
300.489
300.512
300.536
300.561
300.586
300.612
300.639
300.666
300.694
300.723
300.753
300.784
300.815
300.847
300.88
300.914
300.949
300.985
301.022
301.06
301.098
301.138
301.179
301.221
301.264
301.308
301.354
301.401
301.448
301.498
301.548
301.6
301.653
301.707
301.763
301.82
301.879
301.939
302
302.062
302.124
302.188
302.251
302.315
302.377
302.439
300.003
300.011
300.018
300.026
300.034
300.042
300.051
300.06
300.069
300.079
300.089
300.099
300.11
300.121
300.133
300.145
300.157
300.17
300.184
300.197
300.212
300.226
300.242
300.257
300.274
300.29
300.308
300.325
300.344
300.363
300.382
300.402
300.423
300.444
300.466
300.488
300.512
300.535
300.56
300.585
300.611
300.638
300.665
300.693
300.722
300.751
300.782
300.813
300.845
300.878
300.912
300.947
300.982
301.019
301.056
301.094
301.134
301.174
301.216
301.258
301.302
301.346
301.392
301.439
301.487
301.537
301.587
301.639
301.691
301.745
301.8
301.856
301.913
301.971
302.029
302.088
302.147
302.206
302.264
302.322
302.378
300.003
300.011
300.018
300.026
300.034
300.042
300.051
300.06
300.069
300.079
300.089
300.099
300.11
300.121
300.133
300.145
300.157
300.17
300.183
300.197
300.211
300.226
300.241
300.257
300.273
300.29
300.307
300.325
300.343
300.362
300.382
300.402
300.422
300.444
300.465
300.488
300.511
300.535
300.559
300.584
300.61
300.636
300.664
300.692
300.72
300.75
300.78
300.811
300.843
300.875
300.909
300.943
300.978
301.015
301.052
301.09
301.128
301.168
301.209
301.251
301.294
301.338
301.382
301.428
301.475
301.523
301.572
301.622
301.672
301.724
301.777
301.83
301.884
301.938
301.993
302.048
302.103
302.158
302.212
302.265
302.317
300.003
300.011
300.018
300.026
300.034
300.042
300.051
300.06
300.069
300.079
300.089
300.099
300.11
300.121
300.133
300.145
300.157
300.17
300.183
300.197
300.211
300.226
300.241
300.257
300.273
300.29
300.307
300.325
300.343
300.362
300.381
300.401
300.422
300.443
300.465
300.487
300.51
300.534
300.558
300.583
300.609
300.635
300.662
300.69
300.718
300.747
300.777
300.808
300.84
300.872
300.905
300.939
300.974
301.01
301.046
301.084
301.122
301.161
301.201
301.242
301.284
301.327
301.371
301.415
301.461
301.507
301.554
301.602
301.651
301.7
301.75
301.801
301.852
301.903
301.955
302.006
302.057
302.108
302.158
302.207
302.256
300.003
300.011
300.018
300.026
300.034
300.042
300.05
300.059
300.069
300.078
300.088
300.099
300.11
300.121
300.133
300.145
300.157
300.17
300.183
300.197
300.211
300.226
300.241
300.257
300.273
300.289
300.307
300.324
300.342
300.361
300.381
300.4
300.421
300.442
300.464
300.486
300.509
300.532
300.557
300.581
300.607
300.633
300.66
300.687
300.716
300.745
300.774
300.805
300.836
300.868
300.901
300.934
300.969
301.004
301.04
301.077
301.114
301.153
301.192
301.232
301.273
301.314
301.357
301.4
301.444
301.489
301.534
301.58
301.627
301.674
301.721
301.769
301.817
301.865
301.914
301.962
302.009
302.056
302.103
302.149
302.194
300.003
300.011
300.018
300.026
300.034
300.042
300.05
300.059
300.069
300.078
300.088
300.099
300.11
300.121
300.132
300.144
300.157
300.17
300.183
300.197
300.211
300.225
300.241
300.256
300.272
300.289
300.306
300.324
300.342
300.361
300.38
300.4
300.42
300.441
300.463
300.485
300.507
300.531
300.555
300.58
300.605
300.631
300.657
300.685
300.713
300.741
300.771
300.801
300.832
300.863
300.896
300.929
300.963
300.997
301.032
301.068
301.105
301.143
301.181
301.22
301.26
301.3
301.341
301.383
301.425
301.468
301.512
301.556
301.6
301.645
301.69
301.735
301.78
301.825
301.87
301.915
301.96
302.004
302.047
302.09
302.132
300.003
300.011
300.018
300.026
300.033
300.042
300.05
300.059
300.069
300.078
300.088
300.099
300.109
300.121
300.132
300.144
300.157
300.169
300.183
300.196
300.21
300.225
300.24
300.256
300.272
300.288
300.305
300.323
300.341
300.36
300.379
300.399
300.419
300.44
300.461
300.483
300.506
300.529
300.553
300.577
300.602
300.628
300.655
300.682
300.709
300.738
300.767
300.796
300.827
300.858
300.89
300.922
300.955
300.989
301.024
301.059
301.095
301.131
301.169
301.206
301.245
301.284
301.324
301.364
301.404
301.445
301.487
301.529
301.571
301.613
301.656
301.698
301.741
301.783
301.825
301.867
301.909
301.95
301.99
302.03
302.069
300.003
300.011
300.018
300.025
300.033
300.042
300.05
300.059
300.069
300.078
300.088
300.099
300.109
300.12
300.132
300.144
300.156
300.169
300.182
300.196
300.21
300.225
300.24
300.255
300.271
300.288
300.305
300.322
300.34
300.359
300.378
300.397
300.418
300.438
300.46
300.481
300.504
300.527
300.551
300.575
300.6
300.625
300.651
300.678
300.705
300.733
300.762
300.791
300.821
300.851
300.883
300.914
300.947
300.98
301.014
301.048
301.083
301.118
301.154
301.191
301.228
301.266
301.304
301.342
301.381
301.42
301.46
301.5
301.54
301.58
301.62
301.66
301.7
301.739
301.779
301.818
301.856
301.895
301.932
301.969
302.006
300.003
300.01
300.018
300.025
300.033
300.042
300.05
300.059
300.068
300.078
300.088
300.098
300.109
300.12
300.132
300.144
300.156
300.169
300.182
300.196
300.21
300.224
300.239
300.255
300.271
300.287
300.304
300.321
300.339
300.358
300.377
300.396
300.416
300.437
300.458
300.479
300.502
300.524
300.548
300.572
300.596
300.621
300.647
300.673
300.7
300.728
300.756
300.785
300.814
300.844
300.875
300.906
300.937
300.969
301.002
301.036
301.069
301.104
301.139
301.174
301.21
301.246
301.282
301.319
301.356
301.393
301.431
301.468
301.506
301.544
301.582
301.619
301.657
301.694
301.731
301.767
301.803
301.839
301.874
301.909
301.943
300.003
300.01
300.018
300.025
300.033
300.042
300.05
300.059
300.068
300.078
300.088
300.098
300.109
300.12
300.132
300.143
300.156
300.168
300.182
300.195
300.209
300.224
300.238
300.254
300.27
300.286
300.303
300.32
300.338
300.356
300.375
300.394
300.414
300.435
300.456
300.477
300.499
300.522
300.545
300.568
300.592
300.617
300.643
300.668
300.695
300.722
300.75
300.778
300.806
300.836
300.865
300.896
300.926
300.958
300.989
301.022
301.054
301.088
301.121
301.155
301.189
301.224
301.259
301.294
301.329
301.364
301.4
301.435
301.471
301.506
301.542
301.577
301.612
301.647
301.681
301.715
301.749
301.782
301.815
301.847
301.879
300.003
300.01
300.018
300.025
300.033
300.042
300.05
300.059
300.068
300.078
300.088
300.098
300.109
300.12
300.131
300.143
300.155
300.168
300.181
300.195
300.208
300.223
300.238
300.253
300.269
300.285
300.302
300.319
300.336
300.355
300.373
300.392
300.412
300.432
300.453
300.474
300.496
300.518
300.541
300.564
300.588
300.612
300.637
300.663
300.689
300.715
300.742
300.77
300.798
300.826
300.855
300.884
300.914
300.945
300.975
301.006
301.038
301.07
301.102
301.134
301.167
301.2
301.233
301.266
301.3
301.333
301.367
301.4
301.434
301.467
301.5
301.533
301.566
301.599
301.631
301.663
301.694
301.725
301.756
301.786
301.816
300.003
300.01
300.018
300.025
300.033
300.041
300.05
300.059
300.068
300.078
300.087
300.098
300.108
300.119
300.131
300.143
300.155
300.167
300.18
300.194
300.208
300.222
300.237
300.252
300.268
300.284
300.3
300.317
300.335
300.353
300.371
300.39
300.41
300.43
300.45
300.471
300.492
300.514
300.537
300.56
300.583
300.607
300.631
300.656
300.682
300.707
300.734
300.76
300.788
300.815
300.843
300.872
300.901
300.93
300.96
300.989
301.02
301.05
301.081
301.112
301.143
301.174
301.206
301.237
301.269
301.301
301.332
301.364
301.395
301.427
301.458
301.489
301.519
301.55
301.58
301.61
301.639
301.668
301.697
301.725
301.752
300.003
300.01
300.018
300.025
300.033
300.041
300.05
300.059
300.068
300.077
300.087
300.097
300.108
300.119
300.13
300.142
300.154
300.167
300.18
300.193
300.207
300.221
300.236
300.251
300.266
300.282
300.299
300.316
300.333
300.351
300.369
300.388
300.407
300.427
300.447
300.467
300.488
300.51
300.532
300.554
300.577
300.601
300.625
300.649
300.674
300.699
300.724
300.75
300.777
300.803
300.831
300.858
300.886
300.914
300.942
300.971
301
301.029
301.059
301.088
301.118
301.147
301.177
301.207
301.237
301.267
301.296
301.326
301.356
301.385
301.414
301.443
301.472
301.5
301.528
301.556
301.583
301.611
301.637
301.664
301.689
300.003
300.01
300.018
300.025
300.033
300.041
300.05
300.058
300.068
300.077
300.087
300.097
300.108
300.119
300.13
300.142
300.154
300.166
300.179
300.192
300.206
300.22
300.234
300.249
300.265
300.281
300.297
300.314
300.331
300.348
300.366
300.385
300.404
300.423
300.443
300.463
300.484
300.505
300.526
300.548
300.571
300.594
300.617
300.641
300.665
300.689
300.714
300.739
300.765
300.79
300.817
300.843
300.87
300.897
300.924
300.951
300.979
301.007
301.035
301.063
301.091
301.119
301.147
301.175
301.203
301.231
301.259
301.287
301.315
301.342
301.37
301.397
301.424
301.45
301.476
301.502
301.528
301.553
301.578
301.603
301.627
300.003
300.01
300.018
300.025
300.033
300.041
300.049
300.058
300.067
300.077
300.087
300.097
300.107
300.118
300.129
300.141
300.153
300.165
300.178
300.191
300.205
300.219
300.233
300.248
300.263
300.279
300.295
300.311
300.328
300.346
300.363
300.381
300.4
300.419
300.439
300.458
300.479
300.499
300.52
300.542
300.564
300.586
300.609
300.632
300.655
300.679
300.703
300.727
300.752
300.776
300.802
300.827
300.853
300.878
300.904
300.93
300.957
300.983
301.01
301.036
301.063
301.089
301.116
301.142
301.169
301.195
301.221
301.247
301.273
301.299
301.325
301.35
301.375
301.4
301.424
301.449
301.472
301.496
301.519
301.542
301.565
300.003
300.01
300.017
300.025
300.033
300.041
300.049
300.058
300.067
300.076
300.086
300.096
300.107
300.117
300.129
300.14
300.152
300.164
300.177
300.19
300.203
300.217
300.231
300.246
300.261
300.277
300.292
300.309
300.325
300.342
300.36
300.378
300.396
300.415
300.434
300.453
300.473
300.493
300.514
300.535
300.556
300.577
300.599
300.622
300.644
300.667
300.69
300.714
300.737
300.761
300.785
300.81
300.834
300.859
300.883
300.908
300.933
300.958
300.983
301.008
301.034
301.059
301.084
301.109
301.133
301.158
301.183
301.207
301.231
301.255
301.279
301.303
301.326
301.35
301.372
301.395
301.417
301.439
301.461
301.482
301.503
300.003
300.01
300.017
300.025
300.033
300.041
300.049
300.058
300.067
300.076
300.086
300.096
300.106
300.117
300.128
300.139
300.151
300.163
300.176
300.189
300.202
300.216
300.23
300.244
300.259
300.274
300.29
300.306
300.322
300.339
300.356
300.374
300.391
300.41
300.428
300.447
300.467
300.486
300.506
300.527
300.547
300.568
300.589
300.611
300.633
300.655
300.677
300.7
300.722
300.745
300.768
300.791
300.815
300.838
300.862
300.885
300.909
300.932
300.956
300.98
301.003
301.027
301.051
301.074
301.097
301.121
301.144
301.166
301.189
301.212
301.234
301.256
301.278
301.3
301.321
301.342
301.363
301.383
301.404
301.423
301.443
300.003
300.01
300.017
300.025
300.032
300.04
300.049
300.057
300.066
300.075
300.085
300.095
300.105
300.116
300.127
300.138
300.15
300.162
300.174
300.187
300.2
300.214
300.228
300.242
300.257
300.272
300.287
300.303
300.319
300.335
300.352
300.369
300.387
300.404
300.423
300.441
300.46
300.479
300.498
300.518
300.538
300.558
300.579
300.599
300.62
300.642
300.663
300.684
300.706
300.728
300.75
300.772
300.794
300.817
300.839
300.861
300.884
300.906
300.928
300.951
300.973
300.995
301.017
301.039
301.061
301.083
301.104
301.126
301.147
301.168
301.189
301.21
301.23
301.25
301.27
301.29
301.309
301.328
301.347
301.366
301.384
300.003
300.01
300.017
300.025
300.032
300.04
300.048
300.057
300.066
300.075
300.084
300.094
300.105
300.115
300.126
300.137
300.149
300.161
300.173
300.185
300.198
300.212
300.225
300.239
300.254
300.269
300.284
300.299
300.315
300.331
300.347
300.364
300.381
300.398
300.416
300.434
300.452
300.471
300.49
300.509
300.528
300.548
300.567
300.587
300.607
300.628
300.648
300.669
300.689
300.71
300.731
300.752
300.773
300.794
300.816
300.837
300.858
300.879
300.9
300.921
300.942
300.963
300.984
301.004
301.025
301.045
301.065
301.085
301.105
301.125
301.144
301.164
301.183
301.202
301.22
301.238
301.257
301.274
301.292
301.309
301.327
300.003
300.01
300.017
300.024
300.032
300.04
300.048
300.056
300.065
300.074
300.084
300.094
300.104
300.114
300.125
300.136
300.147
300.159
300.171
300.184
300.196
300.21
300.223
300.237
300.251
300.265
300.28
300.295
300.311
300.326
300.342
300.359
300.375
300.392
300.409
300.427
300.444
300.462
300.481
300.499
300.518
300.536
300.555
300.574
300.594
300.613
300.633
300.652
300.672
300.692
300.712
300.732
300.752
300.772
300.792
300.812
300.832
300.852
300.871
300.891
300.911
300.931
300.95
300.969
300.989
301.008
301.027
301.045
301.064
301.082
301.101
301.119
301.136
301.154
301.171
301.189
301.205
301.222
301.239
301.255
301.271
300.003
300.01
300.017
300.024
300.032
300.039
300.048
300.056
300.065
300.074
300.083
300.093
300.103
300.113
300.124
300.135
300.146
300.157
300.169
300.182
300.194
300.207
300.22
300.234
300.248
300.262
300.276
300.291
300.306
300.321
300.337
300.353
300.369
300.385
300.402
300.419
300.436
300.453
300.471
300.489
300.507
300.525
300.543
300.561
300.58
300.598
300.617
300.636
300.654
300.673
300.692
300.711
300.73
300.749
300.768
300.787
300.806
300.824
300.843
300.862
300.88
300.899
300.917
300.935
300.953
300.971
300.989
301.006
301.024
301.041
301.058
301.075
301.091
301.108
301.124
301.14
301.156
301.172
301.187
301.202
301.217
300.003
300.01
300.017
300.024
300.031
300.039
300.047
300.055
300.064
300.073
300.082
300.092
300.102
300.112
300.122
300.133
300.144
300.156
300.167
300.179
300.192
300.204
300.217
300.231
300.244
300.258
300.272
300.287
300.301
300.316
300.331
300.347
300.362
300.378
300.394
300.411
300.427
300.444
300.461
300.478
300.495
300.512
300.53
300.547
300.565
300.583
300.601
300.618
300.636
300.654
300.672
300.69
300.708
300.726
300.744
300.762
300.78
300.797
300.815
300.832
300.85
300.867
300.884
300.901
300.918
300.935
300.952
300.968
300.984
301.001
301.017
301.032
301.048
301.063
301.079
301.094
301.108
301.123
301.137
301.152
301.166
300.003
300.01
300.017
300.024
300.031
300.039
300.047
300.055
300.063
300.072
300.081
300.091
300.101
300.111
300.121
300.132
300.142
300.154
300.165
300.177
300.189
300.202
300.214
300.227
300.241
300.254
300.268
300.282
300.296
300.311
300.325
300.34
300.356
300.371
300.387
300.402
300.418
300.434
300.451
300.467
300.484
300.5
300.517
300.534
300.55
300.567
300.584
300.601
300.618
300.635
300.652
300.67
300.686
300.703
300.72
300.737
300.754
300.771
300.787
300.804
300.82
300.837
300.853
300.869
300.885
300.9
300.916
300.932
300.947
300.962
300.977
300.992
301.006
301.021
301.035
301.049
301.063
301.077
301.09
301.104
301.117
300.003
300.01
300.016
300.023
300.031
300.038
300.046
300.054
300.063
300.071
300.08
300.09
300.099
300.109
300.119
300.13
300.141
300.152
300.163
300.175
300.186
300.199
300.211
300.224
300.237
300.25
300.263
300.277
300.291
300.305
300.319
300.334
300.349
300.363
300.379
300.394
300.409
300.425
300.44
300.456
300.472
300.488
300.504
300.52
300.536
300.552
300.568
300.584
300.601
300.617
300.633
300.649
300.665
300.681
300.697
300.713
300.729
300.745
300.761
300.776
300.792
300.807
300.822
300.838
300.853
300.867
300.882
300.897
300.911
300.925
300.939
300.953
300.967
300.981
300.994
301.007
301.02
301.033
301.046
301.058
301.071
300.003
300.01
300.016
300.023
300.03
300.038
300.046
300.054
300.062
300.071
300.079
300.089
300.098
300.108
300.118
300.128
300.139
300.15
300.161
300.172
300.184
300.196
300.208
300.22
300.233
300.246
300.259
300.272
300.286
300.299
300.313
300.327
300.342
300.356
300.37
300.385
300.4
300.415
300.43
300.445
300.46
300.476
300.491
300.506
300.522
300.537
300.553
300.568
300.583
300.599
300.614
300.63
300.645
300.66
300.675
300.691
300.706
300.721
300.735
300.75
300.765
300.779
300.794
300.808
300.822
300.836
300.85
300.864
300.877
300.891
300.904
300.917
300.93
300.943
300.956
300.968
300.98
300.993
301.004
301.016
301.028
300.003
300.009
300.016
300.023
300.03
300.037
300.045
300.053
300.061
300.07
300.078
300.087
300.097
300.106
300.116
300.126
300.137
300.147
300.158
300.169
300.181
300.192
300.204
300.216
300.229
300.241
300.254
300.267
300.28
300.294
300.307
300.321
300.334
300.348
300.363
300.377
300.391
300.405
300.42
300.434
300.449
300.464
300.478
300.493
300.508
300.523
300.537
300.552
300.567
300.582
300.596
300.611
300.626
300.64
300.655
300.669
300.683
300.697
300.712
300.726
300.739
300.753
300.767
300.78
300.794
300.807
300.82
300.833
300.846
300.859
300.871
300.884
300.896
300.908
300.92
300.932
300.944
300.955
300.966
300.977
300.988
300.003
300.009
300.016
300.023
300.03
300.037
300.044
300.052
300.06
300.069
300.077
300.086
300.095
300.105
300.115
300.124
300.135
300.145
300.156
300.167
300.178
300.189
300.201
300.213
300.225
300.237
300.25
300.262
300.275
300.288
300.301
300.314
300.328
300.341
300.355
300.369
300.382
300.396
300.41
300.424
300.438
300.452
300.467
300.481
300.495
300.509
300.523
300.537
300.552
300.566
300.58
300.594
300.608
300.621
300.635
300.649
300.663
300.676
300.69
300.703
300.716
300.729
300.742
300.755
300.768
300.78
300.793
300.805
300.818
300.83
300.842
300.853
300.865
300.876
300.888
300.899
300.91
300.921
300.932
300.942
300.953
300.003
300.009
300.016
300.022
300.029
300.036
300.044
300.052
300.06
300.068
300.076
300.085
300.094
300.103
300.113
300.123
300.133
300.143
300.153
300.164
300.175
300.186
300.198
300.209
300.221
300.233
300.245
300.257
300.27
300.283
300.295
300.308
300.321
300.334
300.348
300.361
300.374
300.388
300.401
300.415
300.428
300.442
300.456
300.469
300.483
300.497
300.51
300.524
300.537
300.551
300.564
300.578
300.591
300.604
300.618
300.631
300.644
300.657
300.67
300.682
300.695
300.708
300.72
300.732
300.745
300.757
300.769
300.78
300.792
300.804
300.815
300.826
300.837
300.848
300.859
300.87
300.88
300.891
300.901
300.911
300.921
300.003
300.009
300.015
300.022
300.029
300.036
300.043
300.051
300.059
300.067
300.075
300.084
300.093
300.102
300.111
300.121
300.131
300.141
300.151
300.162
300.173
300.183
300.195
300.206
300.218
300.229
300.241
300.253
300.265
300.278
300.29
300.303
300.315
300.328
300.341
300.354
300.367
300.38
300.393
300.406
300.419
300.433
300.446
300.459
300.472
300.485
300.499
300.512
300.525
300.538
300.551
300.564
300.577
300.589
300.602
300.615
300.627
300.64
300.652
300.664
300.677
300.689
300.701
300.712
300.724
300.736
300.747
300.759
300.77
300.781
300.792
300.802
300.813
300.824
300.834
300.844
300.854
300.864
300.874
300.884
300.894
300.003
300.009
300.015
300.022
300.029
300.036
300.043
300.05
300.058
300.066
300.074
300.083
300.092
300.101
300.11
300.119
300.129
300.139
300.149
300.16
300.17
300.181
300.192
300.203
300.214
300.226
300.237
300.249
300.261
300.273
300.285
300.298
300.31
300.323
300.335
300.348
300.36
300.373
300.386
300.399
300.412
300.424
300.437
300.45
300.463
300.476
300.488
300.501
300.514
300.527
300.539
300.552
300.564
300.577
300.589
300.601
300.613
300.625
300.637
300.649
300.661
300.673
300.684
300.696
300.707
300.718
300.729
300.74
300.751
300.762
300.772
300.783
300.793
300.803
300.813
300.823
300.833
300.842
300.852
300.861
300.87
300.003
300.009
300.015
300.022
300.028
300.035
300.042
300.05
300.057
300.065
300.074
300.082
300.091
300.1
300.109
300.118
300.128
300.137
300.147
300.158
300.168
300.179
300.19
300.2
300.212
300.223
300.234
300.246
300.258
300.27
300.281
300.294
300.306
300.318
300.33
300.343
300.355
300.367
300.38
300.392
300.405
300.418
300.43
300.443
300.455
300.468
300.48
300.493
300.505
300.517
300.53
300.542
300.554
300.566
300.578
300.59
300.602
300.614
300.625
300.637
300.648
300.66
300.671
300.682
300.693
300.704
300.715
300.725
300.736
300.746
300.757
300.767
300.777
300.787
300.796
300.806
300.815
300.825
300.834
300.843
300.852
300.003
300.009
300.015
300.021
300.028
300.035
300.042
300.049
300.057
300.065
300.073
300.081
300.09
300.099
300.108
300.117
300.126
300.136
300.146
300.156
300.166
300.177
300.188
300.198
300.209
300.221
300.232
300.243
300.255
300.267
300.278
300.29
300.302
300.314
300.326
300.339
300.351
300.363
300.375
300.388
300.4
300.412
300.425
300.437
300.449
300.462
300.474
300.486
300.498
300.511
300.523
300.535
300.547
300.558
300.57
300.582
300.593
300.605
300.616
300.628
300.639
300.65
300.661
300.672
300.683
300.693
300.704
300.714
300.725
300.735
300.745
300.755
300.765
300.774
300.784
300.793
300.803
300.812
300.821
300.83
300.838
300.003
300.009
300.015
300.021
300.028
300.035
300.042
300.049
300.057
300.064
300.072
300.081
300.089
300.098
300.107
300.116
300.126
300.135
300.145
300.155
300.165
300.176
300.186
300.197
300.208
300.219
300.23
300.242
300.253
300.265
300.276
300.288
300.3
300.312
300.324
300.336
300.348
300.36
300.372
300.385
300.397
300.409
300.421
300.433
300.446
300.458
300.47
300.482
300.494
300.506
300.518
300.53
300.542
300.553
300.565
300.576
300.588
300.599
300.611
300.622
300.633
300.644
300.655
300.665
300.676
300.687
300.697
300.707
300.717
300.727
300.737
300.747
300.757
300.766
300.776
300.785
300.794
300.803
300.812
300.821
300.83
300.003
300.009
300.015
300.021
300.028
300.034
300.042
300.049
300.056
300.064
300.072
300.08
300.089
300.098
300.107
300.116
300.125
300.135
300.145
300.155
300.165
300.175
300.186
300.196
300.207
300.218
300.229
300.241
300.252
300.264
300.275
300.287
300.299
300.311
300.323
300.335
300.347
300.359
300.371
300.383
300.395
300.407
300.419
300.432
300.444
300.456
300.468
300.48
300.492
300.504
300.516
300.527
300.539
300.551
300.562
300.574
300.585
300.596
300.608
300.619
300.63
300.641
300.651
300.662
300.673
300.683
300.694
300.704
300.714
300.724
300.734
300.743
300.753
300.762
300.772
300.781
300.79
300.799
300.808
300.817
300.825
303.027
303.156
303.233
303.306
303.369
303.421
303.456
303.496
303.536
303.573
303.604
303.639
303.673
303.707
303.741
303.774
303.805
303.833
303.863
303.893
303.922
303.951
303.981
304.01
304.039
304.068
304.096
304.124
304.152
304.178
304.206
304.233
304.259
304.285
304.311
304.337
304.363
304.388
304.413
304.438
304.463
304.487
304.512
304.54
304.566
304.591
304.615
304.64
304.666
304.692
304.716
304.739
304.763
304.788
304.813
304.839
304.865
304.891
304.917
304.94
304.961
304.984
305.008
305.032
305.057
305.082
305.106
305.131
305.156
305.18
305.204
305.227
305.251
305.275
305.298
305.321
305.344
305.368
305.39
305.415
305.443
305.468
305.491
305.514
305.536
305.556
305.58
305.607
305.631
305.653
305.673
305.697
305.723
305.745
305.769
305.796
305.82
305.841
305.867
305.89
305.91
305.934
305.954
305.977
306.002
306.029
306.052
306.07
306.093
306.112
306.133
306.157
306.181
306.206
306.228
306.245
306.266
306.289
306.311
306.331
306.346
306.365
306.385
306.404
306.422
306.436
306.452
306.468
306.484
306.499
306.513
306.526
306.538
306.548
306.557
306.565
306.571
306.576
306.579
306.581
306.58
306.578
306.574
306.567
306.558
306.547
306.533
306.516
306.495
306.47
306.439
306.405
306.371
306.33
306.284
306.232
306.174
306.075
305.985
305.872
305.725
302.926
303.039
303.128
303.203
303.268
303.324
303.37
303.414
303.455
303.495
303.531
303.567
303.603
303.639
303.673
303.707
303.739
303.769
303.8
303.83
303.861
303.891
303.921
303.951
303.98
304.009
304.038
304.066
304.094
304.122
304.149
304.177
304.204
304.23
304.257
304.283
304.309
304.335
304.36
304.386
304.411
304.436
304.462
304.488
304.515
304.54
304.565
304.59
304.616
304.641
304.666
304.69
304.715
304.74
304.765
304.791
304.817
304.843
304.868
304.892
304.915
304.938
304.962
304.987
305.011
305.036
305.061
305.086
305.11
305.135
305.159
305.183
305.206
305.23
305.254
305.278
305.301
305.325
305.348
305.373
305.4
305.425
305.449
305.472
305.494
305.516
305.54
305.566
305.59
305.612
305.634
305.657
305.683
305.706
305.73
305.756
305.781
305.803
305.828
305.851
305.873
305.896
305.918
305.941
305.965
305.991
306.014
306.034
306.056
306.077
306.099
306.122
306.147
306.171
306.193
306.211
306.233
306.255
306.277
306.297
306.314
306.332
306.352
306.371
306.39
306.404
306.42
306.436
306.453
306.468
306.482
306.495
306.507
306.518
306.527
306.535
306.541
306.546
306.55
306.551
306.551
306.549
306.544
306.538
306.529
306.518
306.504
306.486
306.466
306.441
306.41
306.376
306.34
306.299
306.252
306.197
306.135
306.04
305.945
305.826
305.664
302.843
302.943
303.029
303.104
303.171
303.229
303.281
303.328
303.373
303.414
303.454
303.492
303.53
303.566
303.602
303.636
303.669
303.702
303.733
303.765
303.796
303.827
303.857
303.887
303.917
303.947
303.976
304.005
304.034
304.062
304.09
304.117
304.145
304.172
304.199
304.225
304.252
304.278
304.304
304.33
304.356
304.381
304.407
304.434
304.46
304.486
304.511
304.537
304.563
304.588
304.613
304.638
304.663
304.688
304.714
304.74
304.766
304.791
304.817
304.841
304.865
304.889
304.913
304.938
304.962
304.987
305.012
305.037
305.062
305.086
305.111
305.135
305.159
305.183
305.207
305.231
305.255
305.279
305.303
305.328
305.354
305.379
305.403
305.427
305.45
305.472
305.496
305.522
305.546
305.569
305.592
305.615
305.64
305.664
305.689
305.714
305.739
305.762
305.786
305.81
305.832
305.856
305.878
305.902
305.926
305.951
305.974
305.996
306.018
306.039
306.062
306.085
306.109
306.133
306.155
306.175
306.197
306.219
306.241
306.261
306.279
306.298
306.317
306.337
306.355
306.371
306.387
306.403
306.419
306.435
306.449
306.462
306.474
306.485
306.495
306.503
306.51
306.515
306.518
306.52
306.52
306.518
306.514
306.507
306.498
306.487
306.473
306.455
306.434
306.409
306.378
306.344
306.308
306.265
306.217
306.161
306.095
306.002
305.902
305.778
305.607
302.769
302.857
302.938
303.011
303.077
303.137
303.191
303.241
303.287
303.331
303.373
303.413
303.452
303.49
303.526
303.562
303.596
303.63
303.663
303.695
303.727
303.759
303.79
303.821
303.851
303.881
303.911
303.94
303.969
303.998
304.026
304.055
304.082
304.11
304.137
304.164
304.191
304.218
304.244
304.271
304.297
304.323
304.349
304.376
304.402
304.428
304.454
304.48
304.506
304.532
304.557
304.583
304.608
304.634
304.659
304.685
304.711
304.737
304.762
304.787
304.811
304.836
304.86
304.885
304.91
304.935
304.96
304.985
305.01
305.035
305.06
305.084
305.109
305.133
305.157
305.182
305.206
305.23
305.254
305.279
305.305
305.33
305.355
305.379
305.402
305.426
305.45
305.475
305.499
305.523
305.546
305.57
305.595
305.619
305.644
305.669
305.694
305.718
305.742
305.766
305.789
305.813
305.836
305.86
305.884
305.909
305.932
305.955
305.977
305.999
306.022
306.045
306.069
306.093
306.115
306.136
306.158
306.18
306.202
306.222
306.241
306.261
306.28
306.3
306.318
306.335
306.351
306.368
306.384
306.399
306.414
306.427
306.44
306.451
306.46
306.469
306.476
306.481
306.485
306.487
306.487
306.485
306.481
306.474
306.466
306.454
306.44
306.422
306.401
306.376
306.345
306.311
306.273
306.23
306.18
306.123
306.054
305.961
305.858
305.729
305.553
302.699
302.778
302.853
302.922
302.987
303.046
303.101
303.153
303.201
303.246
303.29
303.331
303.372
303.41
303.448
303.485
303.52
303.555
303.589
303.622
303.654
303.687
303.719
303.75
303.781
303.812
303.842
303.872
303.901
303.931
303.959
303.988
304.016
304.044
304.072
304.1
304.127
304.154
304.181
304.208
304.234
304.261
304.288
304.314
304.341
304.367
304.394
304.42
304.446
304.472
304.498
304.523
304.549
304.575
304.601
304.627
304.653
304.679
304.704
304.729
304.754
304.779
304.804
304.829
304.854
304.88
304.905
304.93
304.955
304.98
305.005
305.03
305.055
305.08
305.104
305.129
305.153
305.178
305.203
305.228
305.253
305.278
305.303
305.328
305.352
305.376
305.4
305.425
305.45
305.474
305.498
305.522
305.547
305.571
305.596
305.622
305.646
305.671
305.695
305.72
305.743
305.767
305.791
305.815
305.839
305.864
305.888
305.911
305.933
305.956
305.979
306.003
306.027
306.05
306.073
306.095
306.117
306.139
306.161
306.182
306.201
306.221
306.241
306.26
306.279
306.296
306.313
306.33
306.346
306.362
306.376
306.39
306.403
306.414
306.424
306.433
306.44
306.445
306.449
306.451
306.451
306.45
306.446
306.439
306.431
306.419
306.405
306.387
306.366
306.34
306.31
306.275
306.237
306.193
306.142
306.082
306.011
305.919
305.813
305.68
305.501
302.632
302.703
302.772
302.837
302.899
302.958
303.013
303.064
303.113
303.16
303.205
303.247
303.288
303.328
303.367
303.404
303.44
303.476
303.511
303.545
303.578
303.611
303.644
303.676
303.707
303.738
303.769
303.8
303.83
303.859
303.889
303.918
303.946
303.975
304.003
304.031
304.059
304.086
304.114
304.141
304.168
304.195
304.222
304.249
304.276
304.303
304.329
304.356
304.382
304.408
304.435
304.461
304.487
304.513
304.539
304.565
304.591
304.617
304.643
304.669
304.694
304.719
304.744
304.77
304.795
304.821
304.846
304.872
304.897
304.922
304.948
304.973
304.998
305.023
305.048
305.072
305.097
305.122
305.147
305.173
305.198
305.223
305.249
305.273
305.298
305.322
305.347
305.372
305.397
305.421
305.446
305.47
305.495
305.52
305.546
305.571
305.596
305.621
305.646
305.67
305.694
305.718
305.742
305.767
305.791
305.816
305.84
305.864
305.887
305.91
305.934
305.957
305.981
306.005
306.028
306.051
306.073
306.095
306.117
306.138
306.159
306.179
306.199
306.218
306.237
306.255
306.272
306.289
306.306
306.322
306.337
306.351
306.363
306.375
306.385
306.394
306.401
306.407
306.411
306.414
306.414
306.412
306.409
306.402
306.394
306.382
306.368
306.35
306.329
306.303
306.273
306.238
306.199
306.154
306.101
306.04
305.966
305.874
305.766
305.63
305.451
302.565
302.63
302.694
302.756
302.815
302.871
302.925
302.977
303.026
303.073
303.118
303.161
303.203
303.243
303.283
303.321
303.358
303.394
303.43
303.464
303.499
303.532
303.565
303.598
303.63
303.662
303.693
303.724
303.754
303.784
303.814
303.844
303.873
303.902
303.93
303.959
303.987
304.015
304.043
304.07
304.098
304.125
304.153
304.18
304.207
304.234
304.261
304.288
304.314
304.341
304.368
304.394
304.42
304.447
304.473
304.5
304.526
304.552
304.578
304.604
304.63
304.655
304.681
304.707
304.732
304.758
304.784
304.809
304.835
304.861
304.886
304.911
304.937
304.962
304.987
305.013
305.038
305.063
305.088
305.114
305.14
305.165
305.19
305.216
305.24
305.265
305.29
305.316
305.341
305.366
305.391
305.416
305.441
305.466
305.491
305.517
305.542
305.567
305.592
305.617
305.642
305.666
305.691
305.716
305.74
305.765
305.79
305.814
305.837
305.861
305.885
305.909
305.933
305.957
305.98
306.003
306.026
306.049
306.071
306.092
306.113
306.134
306.154
306.174
306.193
306.211
306.229
306.246
306.263
306.279
306.294
306.308
306.322
306.333
306.344
306.353
306.361
306.367
306.371
306.374
306.374
306.373
306.369
306.363
306.355
306.343
306.329
306.311
306.29
306.264
306.233
306.198
306.158
306.112
306.059
305.996
305.921
305.828
305.717
305.581
305.403
302.499
302.56
302.619
302.676
302.733
302.787
302.839
302.89
302.938
302.985
303.03
303.073
303.116
303.156
303.196
303.235
303.273
303.309
303.346
303.381
303.416
303.45
303.483
303.516
303.549
303.581
303.613
303.644
303.675
303.706
303.736
303.766
303.795
303.825
303.854
303.883
303.911
303.94
303.968
303.996
304.024
304.052
304.079
304.107
304.134
304.162
304.189
304.216
304.243
304.27
304.297
304.323
304.35
304.377
304.403
304.43
304.457
304.483
304.509
304.536
304.562
304.588
304.614
304.64
304.666
304.692
304.717
304.743
304.769
304.795
304.821
304.847
304.872
304.898
304.923
304.949
304.975
305
305.026
305.052
305.077
305.103
305.129
305.154
305.18
305.205
305.23
305.256
305.281
305.306
305.332
305.357
305.383
305.408
305.434
305.46
305.485
305.511
305.536
305.561
305.586
305.611
305.636
305.661
305.686
305.711
305.736
305.76
305.785
305.809
305.833
305.857
305.882
305.906
305.93
305.953
305.976
305.999
306.021
306.043
306.065
306.086
306.106
306.126
306.146
306.164
306.183
306.2
306.217
306.234
306.249
306.264
306.277
306.289
306.3
306.309
306.317
306.324
306.328
306.331
306.332
306.331
306.327
306.321
306.313
306.302
306.287
306.27
306.248
306.222
306.191
306.156
306.115
306.069
306.014
305.95
305.873
305.78
305.668
305.531
305.357
302.434
302.49
302.545
302.599
302.652
302.704
302.754
302.803
302.851
302.897
302.941
302.985
303.027
303.068
303.108
303.147
303.185
303.222
303.259
303.294
303.33
303.364
303.398
303.432
303.465
303.497
303.529
303.561
303.592
303.623
303.654
303.684
303.714
303.744
303.774
303.803
303.832
303.861
303.889
303.918
303.946
303.974
304.002
304.03
304.058
304.085
304.113
304.14
304.168
304.195
304.222
304.249
304.276
304.303
304.33
304.357
304.383
304.41
304.437
304.463
304.49
304.516
304.542
304.569
304.595
304.621
304.647
304.674
304.7
304.726
304.752
304.778
304.804
304.83
304.856
304.882
304.908
304.934
304.96
304.986
305.012
305.038
305.063
305.089
305.115
305.141
305.166
305.192
305.218
305.244
305.269
305.295
305.321
305.347
305.373
305.399
305.425
305.45
305.476
305.502
305.527
305.553
305.578
305.603
305.629
305.654
305.679
305.704
305.729
305.753
305.778
305.803
305.827
305.852
305.876
305.899
305.923
305.946
305.969
305.991
306.013
306.034
306.055
306.076
306.096
306.115
306.134
306.152
306.169
306.186
306.201
306.216
306.23
306.242
306.253
306.263
306.271
306.278
306.283
306.286
306.287
306.286
306.283
306.277
306.269
306.258
306.244
306.226
306.204
306.178
306.147
306.112
306.07
306.023
305.967
305.902
305.824
305.73
305.618
305.481
305.312
302.369
302.42
302.472
302.523
302.573
302.622
302.67
302.718
302.764
302.809
302.853
302.895
302.937
302.978
303.018
303.057
303.095
303.133
303.169
303.205
303.241
303.276
303.31
303.344
303.377
303.41
303.442
303.474
303.506
303.537
303.569
303.599
303.63
303.66
303.69
303.719
303.749
303.778
303.807
303.835
303.864
303.892
303.921
303.949
303.977
304.005
304.033
304.061
304.088
304.116
304.143
304.171
304.198
304.225
304.252
304.279
304.306
304.333
304.36
304.387
304.414
304.44
304.467
304.494
304.52
304.547
304.573
304.6
304.626
304.653
304.679
304.705
304.732
304.758
304.784
304.81
304.837
304.863
304.889
304.916
304.942
304.968
304.994
305.021
305.047
305.073
305.099
305.125
305.151
305.177
305.203
305.229
305.255
305.282
305.308
305.334
305.36
305.387
305.413
305.439
305.464
305.49
305.516
305.542
305.567
305.593
305.619
305.644
305.669
305.694
305.719
305.744
305.769
305.794
305.818
305.843
305.866
305.89
305.913
305.936
305.958
305.98
306.001
306.022
306.043
306.062
306.081
306.1
306.117
306.134
306.151
306.166
306.18
306.192
306.204
306.214
306.223
306.23
306.235
306.238
306.24
306.239
306.236
306.231
306.222
306.211
306.197
306.179
306.158
306.132
306.101
306.065
306.023
305.975
305.919
305.852
305.773
305.679
305.567
305.432
305.268
302.304
302.352
302.4
302.447
302.495
302.541
302.587
302.633
302.677
302.721
302.764
302.806
302.847
302.887
302.927
302.966
303.004
303.041
303.078
303.114
303.15
303.185
303.219
303.253
303.287
303.32
303.352
303.385
303.417
303.448
303.48
303.511
303.541
303.572
303.602
303.632
303.662
303.691
303.72
303.749
303.778
303.807
303.836
303.864
303.893
303.921
303.949
303.977
304.005
304.033
304.06
304.088
304.116
304.143
304.171
304.198
304.225
304.253
304.28
304.307
304.334
304.361
304.388
304.415
304.442
304.468
304.495
304.522
304.549
304.575
304.602
304.629
304.655
304.682
304.709
304.735
304.762
304.788
304.815
304.842
304.868
304.895
304.921
304.948
304.974
305.001
305.027
305.054
305.08
305.107
305.133
305.16
305.186
305.213
305.239
305.266
305.292
305.319
305.345
305.372
305.398
305.424
305.45
305.477
305.503
305.529
305.555
305.58
305.606
305.631
305.657
305.682
305.708
305.733
305.758
305.782
305.806
305.83
305.854
305.877
305.9
305.922
305.944
305.965
305.986
306.006
306.026
306.045
306.063
306.08
306.097
306.112
306.126
306.14
306.151
306.162
306.171
306.178
306.184
306.188
306.189
306.189
306.186
306.181
306.173
306.162
306.148
306.13
306.109
306.083
306.052
306.016
305.974
305.925
305.868
305.801
305.722
305.627
305.516
305.383
305.225
302.239
302.283
302.328
302.373
302.417
302.462
302.505
302.549
302.592
302.634
302.675
302.716
302.756
302.796
302.835
302.873
302.911
302.948
302.985
303.021
303.056
303.091
303.126
303.16
303.193
303.227
303.26
303.292
303.324
303.356
303.388
303.419
303.45
303.48
303.511
303.541
303.571
303.601
303.63
303.66
303.689
303.718
303.747
303.776
303.804
303.833
303.861
303.889
303.918
303.946
303.974
304.002
304.029
304.057
304.085
304.113
304.14
304.168
304.195
304.223
304.25
304.277
304.304
304.332
304.359
304.386
304.413
304.44
304.467
304.494
304.521
304.548
304.575
304.602
304.629
304.656
304.683
304.71
304.737
304.764
304.791
304.817
304.844
304.871
304.898
304.925
304.952
304.979
305.005
305.032
305.059
305.086
305.113
305.14
305.167
305.194
305.221
305.247
305.274
305.301
305.328
305.354
305.381
305.408
305.434
305.46
305.487
305.513
305.539
305.565
305.591
305.617
305.642
305.668
305.693
305.718
305.743
305.767
305.791
305.815
305.838
305.861
305.883
305.905
305.926
305.947
305.967
305.986
306.005
306.022
306.039
306.055
306.07
306.084
306.096
306.107
306.116
306.124
306.13
306.134
306.136
306.136
306.134
306.129
306.121
306.11
306.096
306.079
306.057
306.031
306
305.964
305.922
305.873
305.815
305.748
305.668
305.575
305.464
305.334
305.183
302.173
302.215
302.257
302.299
302.341
302.383
302.424
302.465
302.506
302.547
302.587
302.627
302.666
302.704
302.743
302.78
302.817
302.854
302.89
302.926
302.961
302.996
303.03
303.064
303.098
303.131
303.164
303.197
303.229
303.261
303.292
303.324
303.355
303.386
303.416
303.447
303.477
303.507
303.537
303.566
303.596
303.625
303.654
303.683
303.712
303.741
303.769
303.798
303.826
303.855
303.883
303.911
303.939
303.967
303.995
304.023
304.051
304.079
304.107
304.134
304.162
304.19
304.217
304.245
304.272
304.299
304.327
304.354
304.382
304.409
304.436
304.464
304.491
304.518
304.545
304.573
304.6
304.627
304.654
304.682
304.709
304.736
304.763
304.791
304.818
304.845
304.872
304.899
304.927
304.954
304.981
305.008
305.036
305.063
305.09
305.117
305.145
305.172
305.199
305.226
305.254
305.281
305.308
305.335
305.362
305.388
305.415
305.442
305.468
305.495
305.521
305.547
305.573
305.599
305.625
305.651
305.676
305.701
305.725
305.749
305.773
305.796
305.819
305.841
305.863
305.884
305.904
305.924
305.943
305.961
305.979
305.995
306.01
306.024
306.037
306.048
306.058
306.066
306.073
306.077
306.08
306.08
306.078
306.073
306.066
306.056
306.042
306.025
306.003
305.977
305.946
305.91
305.868
305.818
305.761
305.693
305.614
305.521
305.412
305.286
305.141
302.108
302.147
302.186
302.225
302.265
302.304
302.344
302.383
302.422
302.461
302.499
302.537
302.575
302.613
302.65
302.687
302.723
302.759
302.795
302.83
302.865
302.899
302.933
302.967
303.001
303.034
303.066
303.099
303.131
303.163
303.195
303.226
303.257
303.288
303.319
303.349
303.38
303.41
303.44
303.47
303.499
303.529
303.558
303.587
303.616
303.645
303.674
303.703
303.732
303.76
303.789
303.817
303.845
303.874
303.902
303.93
303.958
303.986
304.014
304.042
304.07
304.098
304.126
304.153
304.181
304.209
304.237
304.264
304.292
304.32
304.347
304.375
304.402
304.43
304.458
304.485
304.513
304.54
304.568
304.595
304.623
304.651
304.678
304.706
304.733
304.761
304.789
304.816
304.844
304.871
304.899
304.927
304.954
304.982
305.01
305.037
305.065
305.093
305.12
305.148
305.175
305.203
305.23
305.258
305.285
305.312
305.34
305.367
305.394
305.421
305.447
305.474
305.501
305.527
305.553
305.579
305.605
305.63
305.655
305.68
305.704
305.728
305.751
305.774
305.796
305.817
305.838
305.859
305.878
305.897
305.915
305.931
305.947
305.962
305.975
305.987
305.997
306.005
306.012
306.017
306.02
306.021
306.019
306.015
306.008
305.998
305.985
305.967
305.946
305.921
305.89
305.854
305.811
305.762
305.704
305.637
305.558
305.467
305.36
305.238
305.1
302.042
302.079
302.115
302.152
302.189
302.226
302.264
302.301
302.338
302.375
302.412
302.449
302.485
302.521
302.557
302.593
302.628
302.664
302.698
302.733
302.767
302.801
302.835
302.868
302.901
302.934
302.967
302.999
303.031
303.063
303.095
303.126
303.157
303.188
303.219
303.249
303.28
303.31
303.34
303.37
303.4
303.429
303.459
303.488
303.517
303.546
303.575
303.604
303.633
303.662
303.691
303.719
303.748
303.776
303.805
303.833
303.861
303.89
303.918
303.946
303.974
304.002
304.03
304.058
304.086
304.114
304.142
304.17
304.198
304.226
304.254
304.282
304.31
304.338
304.366
304.394
304.422
304.449
304.477
304.505
304.533
304.561
304.589
304.617
304.645
304.673
304.701
304.729
304.757
304.785
304.813
304.841
304.869
304.897
304.925
304.953
304.981
305.009
305.037
305.065
305.093
305.121
305.149
305.177
305.205
305.232
305.26
305.288
305.315
305.342
305.37
305.397
305.424
305.451
305.477
305.504
305.53
305.556
305.581
305.606
305.631
305.655
305.679
305.702
305.725
305.747
305.769
305.789
305.809
305.829
305.847
305.864
305.88
305.895
305.909
305.921
305.932
305.941
305.948
305.954
305.957
305.959
305.957
305.954
305.947
305.937
305.924
305.907
305.886
305.861
305.831
305.795
305.752
305.703
305.646
305.579
305.501
305.411
305.308
305.19
305.058
301.976
302.011
302.045
302.08
302.114
302.149
302.184
302.22
302.255
302.29
302.325
302.36
302.395
302.43
302.465
302.499
302.534
302.568
302.602
302.636
302.669
302.702
302.735
302.768
302.801
302.833
302.866
302.898
302.929
302.961
302.992
303.024
303.055
303.085
303.116
303.147
303.177
303.207
303.237
303.267
303.297
303.327
303.356
303.386
303.415
303.444
303.473
303.502
303.531
303.56
303.589
303.618
303.647
303.675
303.704
303.733
303.761
303.789
303.818
303.846
303.875
303.903
303.931
303.96
303.988
304.016
304.044
304.073
304.101
304.129
304.157
304.185
304.214
304.242
304.27
304.298
304.326
304.355
304.383
304.411
304.439
304.468
304.496
304.524
304.552
304.581
304.609
304.637
304.666
304.694
304.722
304.751
304.779
304.808
304.836
304.865
304.893
304.922
304.95
304.978
305.007
305.035
305.064
305.092
305.12
305.148
305.176
305.204
305.232
305.26
305.288
305.316
305.343
305.37
305.397
305.424
305.451
305.477
305.503
305.529
305.554
305.579
305.603
305.627
305.65
305.673
305.695
305.716
305.737
305.756
305.775
305.793
305.81
305.825
305.839
305.852
305.864
305.873
305.881
305.887
305.891
305.893
305.892
305.889
305.883
305.873
305.861
305.844
305.824
305.799
305.769
305.733
305.691
305.642
305.586
305.52
305.443
305.356
305.255
305.142
305.017
301.911
301.943
301.975
302.007
302.04
302.073
302.106
302.139
302.173
302.206
302.239
302.273
302.306
302.34
302.373
302.406
302.439
302.472
302.505
302.538
302.571
302.603
302.636
302.668
302.7
302.732
302.763
302.795
302.826
302.858
302.889
302.92
302.95
302.981
303.012
303.042
303.072
303.102
303.132
303.162
303.192
303.222
303.251
303.281
303.31
303.339
303.368
303.398
303.427
303.456
303.485
303.513
303.542
303.571
303.6
303.629
303.657
303.686
303.714
303.743
303.772
303.8
303.829
303.857
303.886
303.914
303.942
303.971
303.999
304.028
304.056
304.085
304.113
304.142
304.17
304.199
304.227
304.256
304.284
304.313
304.341
304.37
304.399
304.427
304.456
304.485
304.513
304.542
304.571
304.599
304.628
304.657
304.686
304.715
304.743
304.772
304.801
304.83
304.859
304.888
304.917
304.945
304.974
305.003
305.032
305.06
305.089
305.117
305.146
305.174
305.202
305.23
305.258
305.286
305.313
305.341
305.368
305.395
305.421
305.447
305.473
305.498
305.523
305.548
305.571
305.595
305.617
305.639
305.66
305.68
305.7
305.718
305.735
305.751
305.766
305.779
305.791
305.802
305.81
305.817
305.821
305.823
305.823
305.82
305.815
305.806
305.794
305.778
305.758
305.733
305.704
305.669
305.628
305.579
305.524
305.459
305.384
305.299
305.202
305.094
304.975
301.845
301.875
301.905
301.936
301.966
301.997
302.028
302.06
302.091
302.123
302.154
302.186
302.218
302.25
302.282
302.314
302.346
302.377
302.409
302.441
302.473
302.504
302.536
302.567
302.598
302.63
302.661
302.692
302.722
302.753
302.784
302.814
302.845
302.875
302.905
302.935
302.965
302.995
303.025
303.055
303.085
303.114
303.144
303.173
303.202
303.232
303.261
303.29
303.319
303.348
303.377
303.406
303.435
303.464
303.493
303.521
303.55
303.579
303.608
303.636
303.665
303.694
303.722
303.751
303.78
303.808
303.837
303.866
303.895
303.923
303.952
303.981
304.009
304.038
304.067
304.096
304.124
304.153
304.182
304.211
304.24
304.269
304.298
304.327
304.356
304.385
304.414
304.443
304.472
304.501
304.53
304.559
304.588
304.618
304.647
304.676
304.705
304.734
304.764
304.793
304.822
304.851
304.881
304.91
304.939
304.968
304.997
305.026
305.055
305.084
305.112
305.141
305.169
305.197
305.225
305.253
305.281
305.308
305.335
305.362
305.388
305.414
305.439
305.464
305.489
305.512
305.535
305.558
305.58
305.6
305.62
305.639
305.657
305.674
305.689
305.703
305.715
305.726
305.735
305.742
305.747
305.75
305.751
305.748
305.743
305.735
305.724
305.708
305.689
305.665
305.636
305.602
305.562
305.514
305.46
305.396
305.324
305.242
305.149
305.045
304.932
301.78
301.808
301.836
301.865
301.893
301.922
301.952
301.981
302.011
302.041
302.071
302.101
302.131
302.161
302.192
302.222
302.253
302.283
302.314
302.344
302.375
302.406
302.436
302.467
302.497
302.527
302.558
302.588
302.618
302.648
302.678
302.708
302.738
302.768
302.798
302.828
302.857
302.887
302.917
302.946
302.976
303.005
303.034
303.063
303.093
303.122
303.151
303.18
303.209
303.238
303.267
303.296
303.325
303.354
303.383
303.412
303.44
303.469
303.498
303.527
303.556
303.584
303.613
303.642
303.671
303.7
303.729
303.757
303.786
303.815
303.844
303.873
303.902
303.931
303.96
303.989
304.018
304.047
304.076
304.105
304.134
304.164
304.193
304.222
304.251
304.281
304.31
304.34
304.369
304.398
304.428
304.457
304.487
304.517
304.546
304.576
304.605
304.635
304.665
304.694
304.724
304.754
304.783
304.813
304.842
304.872
304.901
304.931
304.96
304.989
305.018
305.047
305.076
305.105
305.133
305.162
305.19
305.218
305.245
305.272
305.299
305.325
305.351
305.377
305.402
305.426
305.45
305.473
305.495
305.516
305.537
305.556
305.574
305.592
305.608
305.622
305.635
305.647
305.656
305.664
305.67
305.673
305.674
305.673
305.668
305.661
305.65
305.636
305.617
305.594
305.566
305.532
305.493
305.447
305.394
305.333
305.263
305.183
305.094
304.996
304.889
301.715
301.741
301.768
301.794
301.821
301.848
301.876
301.904
301.932
301.96
301.988
302.017
302.045
302.074
302.103
302.132
302.161
302.19
302.22
302.249
302.278
302.308
302.337
302.367
302.396
302.426
302.455
302.484
302.514
302.543
302.573
302.602
302.632
302.661
302.69
302.719
302.749
302.778
302.807
302.836
302.865
302.894
302.923
302.952
302.981
303.01
303.039
303.068
303.097
303.126
303.155
303.184
303.213
303.242
303.27
303.299
303.328
303.357
303.386
303.415
303.444
303.472
303.501
303.53
303.559
303.588
303.617
303.646
303.675
303.704
303.733
303.762
303.791
303.821
303.85
303.879
303.908
303.938
303.967
303.996
304.026
304.055
304.085
304.114
304.144
304.174
304.203
304.233
304.263
304.292
304.322
304.352
304.382
304.412
304.442
304.472
304.502
304.532
304.562
304.592
304.622
304.652
304.682
304.712
304.742
304.772
304.802
304.832
304.861
304.891
304.92
304.95
304.979
305.008
305.037
305.066
305.095
305.123
305.151
305.179
305.206
305.233
305.259
305.285
305.311
305.335
305.36
305.383
305.406
305.428
305.449
305.469
305.488
305.506
305.522
305.537
305.551
305.563
305.573
305.582
305.588
305.592
305.594
305.593
305.59
305.583
305.573
305.559
305.541
305.519
305.492
305.46
305.422
305.377
305.326
305.267
305.2
305.124
305.039
304.946
304.844
301.651
301.675
301.7
301.725
301.75
301.776
301.801
301.827
301.854
301.88
301.907
301.934
301.961
301.988
302.016
302.043
302.071
302.099
302.127
302.155
302.183
302.211
302.239
302.268
302.296
302.325
302.353
302.382
302.41
302.439
302.467
302.496
302.525
302.553
302.582
302.611
302.64
302.668
302.697
302.726
302.754
302.783
302.812
302.84
302.869
302.898
302.926
302.955
302.984
303.013
303.041
303.07
303.099
303.128
303.156
303.185
303.214
303.243
303.271
303.3
303.329
303.358
303.387
303.416
303.445
303.474
303.503
303.532
303.561
303.59
303.62
303.649
303.678
303.707
303.737
303.766
303.796
303.825
303.855
303.884
303.914
303.944
303.973
304.003
304.033
304.063
304.093
304.123
304.153
304.183
304.213
304.243
304.274
304.304
304.334
304.364
304.395
304.425
304.455
304.486
304.516
304.547
304.577
304.607
304.638
304.668
304.698
304.729
304.759
304.789
304.819
304.849
304.878
304.908
304.937
304.967
304.996
305.024
305.053
305.081
305.109
305.136
305.163
305.189
305.215
305.241
305.266
305.29
305.313
305.335
305.357
305.378
305.397
305.415
305.433
305.448
305.463
305.475
305.486
305.495
305.503
305.507
305.51
305.51
305.507
305.501
305.492
305.479
305.462
305.441
305.416
305.385
305.348
305.305
305.256
305.199
305.135
305.063
304.982
304.894
304.798
301.587
301.61
301.633
301.656
301.68
301.704
301.728
301.752
301.777
301.802
301.827
301.853
301.878
301.904
301.93
301.956
301.982
302.009
302.035
302.062
302.089
302.116
302.143
302.17
302.198
302.225
302.252
302.28
302.308
302.335
302.363
302.391
302.419
302.447
302.475
302.503
302.531
302.559
302.587
302.615
302.643
302.672
302.7
302.728
302.756
302.785
302.813
302.841
302.87
302.898
302.927
302.955
302.984
303.012
303.041
303.069
303.098
303.127
303.156
303.184
303.213
303.242
303.271
303.3
303.329
303.358
303.387
303.416
303.445
303.474
303.504
303.533
303.562
303.592
303.621
303.651
303.68
303.71
303.74
303.77
303.799
303.829
303.859
303.889
303.919
303.949
303.98
304.01
304.04
304.071
304.101
304.131
304.162
304.192
304.223
304.254
304.284
304.315
304.346
304.376
304.407
304.438
304.469
304.499
304.53
304.561
304.591
304.622
304.652
304.683
304.713
304.744
304.774
304.804
304.834
304.863
304.893
304.922
304.951
304.979
305.007
305.035
305.063
305.09
305.116
305.142
305.167
305.192
305.216
305.239
305.261
305.282
305.302
305.321
305.339
305.355
305.37
305.383
305.395
305.405
305.413
305.418
305.422
305.423
305.421
305.416
305.407
305.395
305.38
305.36
305.335
305.306
305.271
305.23
305.183
305.129
305.068
305
304.924
304.841
304.75
301.524
301.546
301.567
301.589
301.611
301.633
301.656
301.679
301.702
301.726
301.749
301.773
301.797
301.821
301.846
301.871
301.896
301.921
301.946
301.971
301.997
302.023
302.049
302.075
302.101
302.127
302.153
302.18
302.207
302.233
302.26
302.287
302.314
302.341
302.368
302.396
302.423
302.45
302.478
302.505
302.533
302.56
302.588
302.616
302.644
302.672
302.699
302.727
302.755
302.784
302.812
302.84
302.868
302.896
302.925
302.953
302.982
303.01
303.039
303.067
303.096
303.125
303.153
303.182
303.211
303.24
303.269
303.298
303.327
303.357
303.386
303.415
303.445
303.474
303.504
303.533
303.563
303.593
303.623
303.653
303.683
303.713
303.743
303.773
303.803
303.833
303.864
303.894
303.925
303.955
303.986
304.017
304.048
304.078
304.109
304.14
304.171
304.202
304.233
304.264
304.295
304.326
304.357
304.388
304.419
304.45
304.481
304.512
304.543
304.574
304.604
304.635
304.666
304.696
304.726
304.756
304.786
304.815
304.845
304.874
304.902
304.931
304.959
304.986
305.013
305.039
305.065
305.09
305.114
305.138
305.16
305.182
305.203
305.222
305.241
305.258
305.273
305.287
305.3
305.31
305.319
305.325
305.329
305.331
305.33
305.326
305.319
305.308
305.293
305.275
305.252
305.224
305.191
305.153
305.108
305.057
304.999
304.935
304.863
304.785
304.7
301.463
301.483
301.503
301.523
301.544
301.565
301.586
301.607
301.629
301.651
301.673
301.696
301.718
301.741
301.764
301.788
301.811
301.835
301.859
301.883
301.907
301.932
301.956
301.981
302.006
302.031
302.057
302.082
302.108
302.133
302.159
302.185
302.211
302.237
302.264
302.29
302.317
302.343
302.37
302.397
302.424
302.451
302.478
302.505
302.532
302.559
302.587
302.614
302.642
302.669
302.697
302.725
302.753
302.781
302.809
302.837
302.865
302.893
302.921
302.95
302.978
303.007
303.035
303.064
303.093
303.122
303.151
303.18
303.209
303.238
303.267
303.296
303.326
303.355
303.385
303.415
303.444
303.474
303.504
303.534
303.564
303.594
303.624
303.655
303.685
303.715
303.746
303.777
303.807
303.838
303.869
303.9
303.931
303.962
303.993
304.024
304.055
304.086
304.117
304.149
304.18
304.211
304.243
304.274
304.305
304.337
304.368
304.399
304.43
304.461
304.492
304.523
304.554
304.585
304.615
304.646
304.676
304.706
304.735
304.765
304.794
304.822
304.851
304.878
304.906
304.932
304.959
304.984
305.009
305.033
305.056
305.078
305.099
305.119
305.138
305.156
305.172
305.187
305.2
305.211
305.22
305.227
305.232
305.235
305.235
305.232
305.226
305.216
305.203
305.186
305.165
305.139
305.108
305.072
305.03
304.982
304.928
304.867
304.801
304.727
304.648
301.402
301.421
301.44
301.459
301.478
301.498
301.518
301.538
301.558
301.579
301.599
301.621
301.642
301.663
301.685
301.707
301.729
301.752
301.774
301.797
301.82
301.844
301.867
301.891
301.914
301.938
301.962
301.987
302.011
302.036
302.061
302.086
302.111
302.136
302.161
302.187
302.212
302.238
302.264
302.29
302.316
302.342
302.369
302.395
302.422
302.448
302.475
302.502
302.529
302.556
302.583
302.611
302.638
302.666
302.693
302.721
302.749
302.777
302.805
302.833
302.861
302.889
302.917
302.946
302.974
303.003
303.032
303.061
303.09
303.119
303.148
303.177
303.206
303.236
303.265
303.295
303.325
303.354
303.384
303.414
303.444
303.474
303.505
303.535
303.566
303.596
303.627
303.657
303.688
303.719
303.75
303.781
303.812
303.843
303.874
303.906
303.937
303.968
304
304.031
304.063
304.094
304.126
304.157
304.189
304.22
304.252
304.283
304.315
304.346
304.377
304.409
304.44
304.471
304.501
304.532
304.562
304.593
304.623
304.652
304.682
304.71
304.739
304.767
304.795
304.822
304.848
304.874
304.899
304.924
304.947
304.97
304.992
305.012
305.032
305.05
305.067
305.082
305.096
305.107
305.117
305.125
305.131
305.135
305.135
305.134
305.129
305.12
305.109
305.093
305.074
305.05
305.021
304.987
304.948
304.904
304.853
304.797
304.735
304.667
304.593
301.344
301.361
301.379
301.396
301.415
301.433
301.451
301.47
301.489
301.509
301.528
301.548
301.568
301.588
301.609
301.629
301.65
301.671
301.693
301.714
301.736
301.758
301.78
301.803
301.825
301.848
301.871
301.894
301.918
301.941
301.965
301.989
302.013
302.037
302.062
302.086
302.111
302.136
302.161
302.186
302.211
302.237
302.262
302.288
302.314
302.34
302.366
302.392
302.418
302.445
302.472
302.498
302.525
302.552
302.579
302.606
302.634
302.661
302.689
302.717
302.744
302.772
302.8
302.828
302.857
302.885
302.914
302.942
302.971
303
303.029
303.058
303.087
303.116
303.146
303.175
303.205
303.234
303.264
303.294
303.324
303.354
303.385
303.415
303.445
303.476
303.506
303.537
303.568
303.599
303.63
303.661
303.692
303.723
303.755
303.786
303.818
303.849
303.881
303.912
303.944
303.975
304.007
304.039
304.07
304.102
304.134
304.165
304.197
304.229
304.26
304.291
304.323
304.354
304.385
304.416
304.446
304.477
304.507
304.537
304.566
304.595
304.624
304.653
304.681
304.708
304.735
304.761
304.786
304.811
304.835
304.858
304.88
304.901
304.921
304.94
304.957
304.973
304.987
305
305.01
305.019
305.026
305.03
305.032
305.031
305.027
305.02
305.01
304.996
304.978
304.957
304.93
304.899
304.863
304.822
304.775
304.723
304.666
304.602
304.534
301.287
301.303
301.319
301.336
301.353
301.37
301.388
301.405
301.423
301.441
301.459
301.478
301.497
301.516
301.535
301.555
301.574
301.594
301.614
301.635
301.655
301.676
301.697
301.718
301.74
301.762
301.783
301.806
301.828
301.85
301.873
301.896
301.919
301.942
301.965
301.989
302.013
302.037
302.061
302.085
302.109
302.134
302.159
302.184
302.209
302.234
302.259
302.285
302.31
302.336
302.362
302.388
302.415
302.441
302.468
302.494
302.521
302.548
302.575
302.602
302.63
302.657
302.685
302.713
302.741
302.769
302.797
302.825
302.853
302.882
302.911
302.94
302.968
302.998
303.027
303.056
303.085
303.115
303.145
303.174
303.204
303.234
303.265
303.295
303.325
303.356
303.386
303.417
303.448
303.479
303.51
303.541
303.572
303.603
303.634
303.666
303.697
303.729
303.76
303.792
303.824
303.855
303.887
303.919
303.951
303.982
304.014
304.046
304.078
304.109
304.141
304.172
304.204
304.235
304.266
304.297
304.328
304.358
304.388
304.419
304.448
304.478
304.507
304.535
304.563
304.591
304.618
304.644
304.67
304.695
304.719
304.743
304.765
304.786
304.807
304.826
304.843
304.86
304.874
304.888
304.899
304.908
304.916
304.921
304.924
304.924
304.922
304.916
304.907
304.895
304.879
304.859
304.836
304.807
304.774
304.736
304.694
304.646
304.593
304.534
304.471
301.232
301.247
301.263
301.278
301.294
301.31
301.326
301.343
301.36
301.377
301.394
301.411
301.429
301.447
301.465
301.483
301.502
301.521
301.54
301.559
301.578
301.598
301.618
301.638
301.658
301.679
301.699
301.72
301.742
301.763
301.785
301.806
301.828
301.851
301.873
301.896
301.918
301.941
301.964
301.988
302.011
302.035
302.059
302.083
302.107
302.132
302.156
302.181
302.206
302.231
302.256
302.282
302.307
302.333
302.359
302.385
302.411
302.438
302.464
302.491
302.518
302.545
302.572
302.599
302.627
302.654
302.682
302.71
302.738
302.766
302.795
302.823
302.852
302.881
302.909
302.938
302.968
302.997
303.026
303.056
303.086
303.116
303.146
303.176
303.206
303.236
303.267
303.297
303.328
303.359
303.39
303.421
303.452
303.483
303.514
303.545
303.577
303.608
303.64
303.672
303.703
303.735
303.767
303.798
303.83
303.862
303.894
303.925
303.957
303.989
304.02
304.052
304.083
304.114
304.145
304.176
304.207
304.238
304.268
304.298
304.328
304.357
304.386
304.415
304.443
304.471
304.498
304.525
304.55
304.576
304.6
304.624
304.646
304.668
304.688
304.708
304.726
304.743
304.758
304.772
304.784
304.794
304.802
304.808
304.812
304.813
304.812
304.807
304.8
304.79
304.776
304.758
304.737
304.711
304.681
304.647
304.608
304.564
304.516
304.462
304.404
301.18
301.194
301.208
301.223
301.238
301.253
301.268
301.283
301.299
301.315
301.331
301.348
301.364
301.381
301.398
301.415
301.433
301.45
301.468
301.487
301.505
301.524
301.542
301.561
301.581
301.6
301.62
301.64
301.66
301.68
301.701
301.721
301.742
301.764
301.785
301.807
301.828
301.85
301.873
301.895
301.918
301.94
301.963
301.987
302.01
302.034
302.057
302.081
302.105
302.13
302.154
302.179
302.204
302.229
302.254
302.28
302.305
302.331
302.357
302.383
302.409
302.436
302.462
302.489
302.516
302.543
302.571
302.598
302.626
302.653
302.681
302.709
302.738
302.766
302.795
302.823
302.852
302.881
302.91
302.94
302.969
302.999
303.028
303.058
303.088
303.118
303.149
303.179
303.209
303.24
303.271
303.302
303.332
303.363
303.395
303.426
303.457
303.488
303.52
303.551
303.583
303.614
303.646
303.678
303.709
303.741
303.773
303.804
303.836
303.867
303.899
303.93
303.962
303.993
304.024
304.055
304.085
304.116
304.146
304.176
304.206
304.235
304.264
304.293
304.321
304.349
304.376
304.402
304.428
304.454
304.478
304.502
304.524
304.546
304.567
304.587
304.605
304.622
304.638
304.652
304.664
304.675
304.684
304.691
304.695
304.698
304.698
304.695
304.689
304.68
304.668
304.653
304.634
304.611
304.584
304.553
304.518
304.478
304.434
304.386
304.333
301.13
301.143
301.157
301.17
301.184
301.198
301.213
301.227
301.242
301.257
301.272
301.288
301.303
301.319
301.335
301.351
301.368
301.385
301.401
301.419
301.436
301.454
301.471
301.489
301.508
301.526
301.545
301.564
301.583
301.602
301.622
301.641
301.661
301.681
301.702
301.723
301.743
301.764
301.786
301.807
301.829
301.851
301.873
301.895
301.918
301.94
301.963
301.987
302.01
302.033
302.057
302.081
302.105
302.13
302.154
302.179
302.204
302.229
302.254
302.28
302.305
302.331
302.357
302.383
302.41
302.436
302.463
302.49
302.517
302.544
302.572
302.599
302.627
302.655
302.683
302.712
302.74
302.769
302.797
302.826
302.855
302.885
302.914
302.944
302.973
303.003
303.033
303.063
303.093
303.124
303.154
303.185
303.215
303.246
303.277
303.308
303.339
303.37
303.401
303.433
303.464
303.495
303.527
303.558
303.589
303.621
303.652
303.684
303.715
303.747
303.778
303.809
303.84
303.871
303.902
303.933
303.963
303.993
304.024
304.053
304.083
304.112
304.141
304.169
304.197
304.225
304.252
304.278
304.304
304.329
304.354
304.377
304.4
304.422
304.443
304.462
304.481
304.498
304.514
304.529
304.542
304.553
304.563
304.57
304.576
304.579
304.58
304.578
304.574
304.567
304.557
304.544
304.527
304.507
304.483
304.455
304.424
304.388
304.348
304.304
304.256
301.083
301.096
301.108
301.121
301.134
301.148
301.161
301.175
301.189
301.203
301.217
301.232
301.246
301.261
301.276
301.292
301.307
301.323
301.339
301.355
301.371
301.388
301.405
301.422
301.439
301.457
301.475
301.492
301.511
301.529
301.548
301.566
301.585
301.605
301.624
301.644
301.664
301.684
301.704
301.725
301.746
301.767
301.788
301.809
301.831
301.853
301.875
301.897
301.92
301.943
301.965
301.989
302.012
302.036
302.059
302.083
302.108
302.132
302.157
302.181
302.206
302.231
302.257
302.282
302.308
302.334
302.36
302.387
302.413
302.44
302.467
302.494
302.521
302.549
302.576
302.604
302.632
302.66
302.689
302.717
302.746
302.775
302.804
302.833
302.862
302.891
302.921
302.951
302.98
303.01
303.04
303.071
303.101
303.131
303.162
303.193
303.223
303.254
303.285
303.316
303.347
303.378
303.409
303.44
303.471
303.502
303.533
303.565
303.596
303.627
303.658
303.689
303.719
303.75
303.78
303.811
303.841
303.871
303.901
303.93
303.959
303.988
304.017
304.045
304.073
304.1
304.127
304.153
304.178
304.203
304.228
304.251
304.274
304.295
304.316
304.336
304.355
304.372
304.388
304.403
304.416
304.428
304.438
304.446
304.453
304.457
304.459
304.458
304.456
304.45
304.442
304.431
304.416
304.399
304.378
304.353
304.325
304.294
304.258
304.219
304.175
301.04
301.051
301.063
301.075
301.088
301.1
301.113
301.126
301.139
301.152
301.166
301.18
301.193
301.208
301.222
301.236
301.251
301.266
301.281
301.296
301.312
301.328
301.344
301.36
301.376
301.393
301.41
301.427
301.444
301.461
301.479
301.497
301.515
301.534
301.552
301.571
301.59
301.609
301.629
301.649
301.668
301.689
301.709
301.73
301.75
301.771
301.793
301.814
301.836
301.858
301.88
301.902
301.925
301.948
301.971
301.994
302.017
302.041
302.065
302.089
302.113
302.138
302.163
302.188
302.213
302.238
302.263
302.289
302.315
302.341
302.368
302.394
302.421
302.448
302.475
302.502
302.529
302.557
302.585
302.613
302.641
302.669
302.698
302.726
302.755
302.784
302.813
302.842
302.872
302.901
302.931
302.961
302.991
303.021
303.051
303.081
303.111
303.141
303.172
303.202
303.233
303.264
303.294
303.325
303.356
303.386
303.417
303.448
303.478
303.509
303.539
303.57
303.6
303.63
303.66
303.69
303.72
303.749
303.779
303.808
303.837
303.865
303.893
303.921
303.948
303.975
304.001
304.027
304.052
304.077
304.101
304.124
304.146
304.168
304.189
304.208
304.227
304.244
304.26
304.275
304.289
304.301
304.311
304.32
304.327
304.332
304.335
304.336
304.334
304.33
304.324
304.315
304.302
304.287
304.269
304.248
304.223
304.195
304.164
304.129
304.09
300.999
301.011
301.022
301.033
301.045
301.057
301.069
301.081
301.094
301.106
301.119
301.132
301.145
301.158
301.172
301.186
301.2
301.214
301.228
301.243
301.257
301.272
301.288
301.303
301.319
301.334
301.35
301.367
301.383
301.4
301.417
301.434
301.451
301.469
301.486
301.504
301.523
301.541
301.56
301.579
301.598
301.617
301.637
301.656
301.676
301.697
301.717
301.738
301.759
301.78
301.801
301.823
301.845
301.867
301.889
301.911
301.934
301.957
301.98
302.004
302.027
302.051
302.075
302.099
302.124
302.148
302.173
302.198
302.224
302.249
302.275
302.301
302.327
302.353
302.379
302.406
302.433
302.46
302.487
302.515
302.542
302.57
302.598
302.626
302.654
302.682
302.711
302.74
302.769
302.797
302.827
302.856
302.885
302.915
302.944
302.974
303.003
303.033
303.063
303.093
303.123
303.153
303.183
303.213
303.244
303.274
303.304
303.334
303.364
303.394
303.424
303.454
303.484
303.513
303.543
303.572
303.601
303.63
303.659
303.687
303.715
303.743
303.771
303.798
303.824
303.851
303.877
303.902
303.927
303.951
303.974
303.997
304.019
304.04
304.061
304.08
304.098
304.116
304.132
304.147
304.16
304.173
304.183
304.193
304.2
304.206
304.21
304.211
304.211
304.209
304.204
304.196
304.186
304.174
304.158
304.14
304.118
304.094
304.066
304.035
304.001
300.963
300.974
300.985
300.995
301.007
301.018
301.029
301.041
301.053
301.065
301.077
301.089
301.102
301.114
301.127
301.14
301.153
301.167
301.181
301.194
301.209
301.223
301.237
301.252
301.267
301.282
301.297
301.313
301.328
301.344
301.36
301.377
301.393
301.41
301.427
301.444
301.462
301.479
301.497
301.515
301.534
301.552
301.571
301.59
301.609
301.629
301.649
301.669
301.689
301.709
301.73
301.751
301.772
301.793
301.815
301.836
301.858
301.88
301.903
301.926
301.948
301.972
301.995
302.018
302.042
302.066
302.09
302.115
302.139
302.164
302.189
302.214
302.24
302.265
302.291
302.317
302.343
302.37
302.396
302.423
302.45
302.477
302.505
302.532
302.56
302.587
302.615
302.643
302.672
302.7
302.728
302.757
302.786
302.814
302.843
302.872
302.902
302.931
302.96
302.989
303.019
303.048
303.078
303.107
303.136
303.166
303.195
303.225
303.254
303.284
303.313
303.342
303.371
303.4
303.429
303.457
303.486
303.514
303.542
303.569
303.597
303.624
303.651
303.677
303.703
303.729
303.754
303.779
303.803
303.826
303.849
303.872
303.893
303.914
303.934
303.953
303.971
303.988
304.004
304.019
304.032
304.045
304.056
304.065
304.073
304.08
304.084
304.087
304.088
304.086
304.083
304.077
304.069
304.059
304.046
304.03
304.011
303.99
303.966
303.939
303.909
300.931
300.941
300.951
300.962
300.972
300.983
300.994
301.005
301.016
301.028
301.039
301.051
301.063
301.075
301.087
301.1
301.113
301.126
301.139
301.152
301.165
301.179
301.193
301.207
301.221
301.235
301.25
301.265
301.28
301.295
301.311
301.326
301.342
301.358
301.375
301.391
301.408
301.425
301.442
301.46
301.477
301.495
301.513
301.532
301.55
301.569
301.588
301.607
301.627
301.646
301.666
301.686
301.707
301.727
301.748
301.769
301.79
301.812
301.834
301.856
301.878
301.9
301.923
301.946
301.969
301.992
302.016
302.039
302.063
302.087
302.112
302.136
302.161
302.186
302.211
302.236
302.262
302.288
302.314
302.34
302.366
302.392
302.419
302.446
302.473
302.5
302.527
302.555
302.582
302.61
302.637
302.665
302.693
302.722
302.75
302.778
302.806
302.835
302.863
302.892
302.921
302.949
302.978
303.007
303.035
303.064
303.093
303.121
303.15
303.179
303.207
303.235
303.264
303.292
303.32
303.347
303.375
303.402
303.429
303.456
303.483
303.509
303.535
303.561
303.586
303.611
303.635
303.659
303.683
303.705
303.728
303.749
303.77
303.79
303.81
303.828
303.846
303.863
303.879
303.893
303.907
303.919
303.93
303.94
303.948
303.955
303.96
303.964
303.965
303.965
303.963
303.959
303.952
303.944
303.933
303.92
303.904
303.886
303.865
303.842
303.816
300.903
300.913
300.923
300.933
300.943
300.953
300.964
300.974
300.985
300.996
301.007
301.018
301.03
301.041
301.053
301.065
301.077
301.09
301.102
301.115
301.128
301.141
301.154
301.168
301.181
301.195
301.209
301.224
301.238
301.253
301.268
301.283
301.298
301.314
301.329
301.345
301.361
301.378
301.394
301.411
301.428
301.446
301.463
301.481
301.499
301.517
301.535
301.554
301.573
301.592
301.611
301.63
301.65
301.67
301.69
301.711
301.731
301.752
301.773
301.794
301.816
301.838
301.86
301.882
301.904
301.927
301.95
301.973
301.996
302.02
302.043
302.067
302.091
302.115
302.14
302.165
302.189
302.215
302.24
302.265
302.291
302.316
302.342
302.368
302.395
302.421
302.448
302.474
302.501
302.528
302.555
302.582
302.61
302.637
302.664
302.692
302.72
302.747
302.775
302.803
302.831
302.858
302.886
302.914
302.942
302.97
302.998
303.026
303.053
303.081
303.108
303.136
303.163
303.19
303.217
303.244
303.271
303.297
303.324
303.35
303.375
303.401
303.426
303.451
303.475
303.499
303.522
303.546
303.568
303.59
303.612
303.633
303.653
303.672
303.691
303.709
303.726
303.743
303.758
303.772
303.786
303.798
303.809
303.819
303.827
303.834
303.84
303.844
303.847
303.847
303.846
303.843
303.839
303.832
303.823
303.812
303.799
303.784
303.766
303.746
303.723
300.88
300.889
300.899
300.908
300.918
300.928
300.938
300.948
300.959
300.969
300.98
300.991
301.002
301.013
301.025
301.036
301.048
301.06
301.072
301.084
301.097
301.109
301.122
301.135
301.149
301.162
301.176
301.189
301.203
301.218
301.232
301.247
301.261
301.276
301.292
301.307
301.323
301.338
301.355
301.371
301.387
301.404
301.421
301.438
301.455
301.473
301.491
301.509
301.527
301.546
301.564
301.583
301.602
301.622
301.641
301.661
301.681
301.701
301.722
301.743
301.764
301.785
301.806
301.828
301.849
301.871
301.894
301.916
301.939
301.961
301.984
302.008
302.031
302.055
302.079
302.103
302.127
302.151
302.176
302.2
302.225
302.25
302.276
302.301
302.327
302.352
302.378
302.404
302.43
302.456
302.482
302.509
302.535
302.562
302.589
302.615
302.642
302.669
302.696
302.723
302.75
302.777
302.804
302.831
302.858
302.885
302.912
302.939
302.966
302.992
303.019
303.045
303.072
303.098
303.124
303.15
303.176
303.201
303.227
303.252
303.277
303.301
303.325
303.349
303.372
303.396
303.418
303.44
303.462
303.483
303.504
303.524
303.544
303.562
303.581
303.598
303.615
303.63
303.645
303.659
303.672
303.684
303.695
303.705
303.714
303.721
303.727
303.731
303.734
303.736
303.736
303.734
303.731
303.726
303.719
303.71
303.699
303.686
303.67
303.653
303.634
300.861
300.87
300.879
300.889
300.898
300.908
300.918
300.928
300.938
300.948
300.959
300.969
300.98
300.991
301.002
301.013
301.025
301.036
301.048
301.06
301.072
301.084
301.097
301.109
301.122
301.135
301.149
301.162
301.176
301.189
301.203
301.218
301.232
301.247
301.261
301.276
301.292
301.307
301.323
301.338
301.355
301.371
301.387
301.404
301.421
301.438
301.455
301.473
301.491
301.509
301.527
301.545
301.564
301.583
301.602
301.621
301.641
301.66
301.68
301.701
301.721
301.741
301.762
301.783
301.805
301.826
301.848
301.869
301.892
301.914
301.936
301.959
301.982
302.005
302.028
302.051
302.075
302.099
302.123
302.147
302.171
302.195
302.22
302.245
302.269
302.294
302.32
302.345
302.37
302.396
302.421
302.447
302.473
302.498
302.524
302.55
302.576
302.602
302.628
302.655
302.681
302.707
302.733
302.759
302.785
302.812
302.838
302.864
302.889
302.915
302.941
302.967
302.992
303.017
303.043
303.068
303.092
303.117
303.141
303.166
303.189
303.213
303.236
303.259
303.282
303.304
303.326
303.347
303.368
303.388
303.408
303.427
303.446
303.464
303.482
303.498
303.514
303.53
303.544
303.558
303.57
303.582
303.593
303.602
303.611
303.618
303.625
303.629
303.633
303.635
303.636
303.635
303.633
303.629
303.623
303.616
303.607
303.596
303.583
303.568
303.551
300.847
300.856
300.865
300.874
300.884
300.893
300.903
300.912
300.922
300.932
300.943
300.953
300.964
300.974
300.985
300.996
301.007
301.019
301.03
301.042
301.054
301.066
301.078
301.09
301.103
301.116
301.129
301.142
301.155
301.168
301.182
301.196
301.21
301.224
301.239
301.254
301.268
301.284
301.299
301.314
301.33
301.346
301.362
301.378
301.395
301.412
301.429
301.446
301.463
301.481
301.499
301.517
301.535
301.553
301.572
301.591
301.61
301.629
301.649
301.669
301.689
301.709
301.729
301.75
301.77
301.791
301.813
301.834
301.856
301.877
301.899
301.921
301.944
301.966
301.989
302.012
302.035
302.058
302.081
302.105
302.129
302.152
302.176
302.2
302.225
302.249
302.274
302.298
302.323
302.348
302.373
302.398
302.423
302.448
302.473
302.498
302.524
302.549
302.574
302.6
302.625
302.65
302.676
302.701
302.727
302.752
302.777
302.802
302.827
302.853
302.877
302.902
302.927
302.951
302.976
303
303.024
303.048
303.071
303.094
303.117
303.14
303.163
303.185
303.206
303.228
303.249
303.269
303.289
303.309
303.328
303.347
303.365
303.382
303.399
303.415
303.43
303.445
303.459
303.472
303.484
303.496
303.506
303.516
303.524
303.532
303.538
303.543
303.547
303.55
303.551
303.551
303.549
303.546
303.542
303.536
303.528
303.519
303.508
303.495
303.48
300.838
300.847
300.856
300.865
300.874
300.883
300.893
300.903
300.912
300.922
300.932
300.943
300.953
300.963
300.974
300.985
300.996
301.007
301.018
301.03
301.042
301.054
301.066
301.078
301.09
301.103
301.115
301.128
301.142
301.155
301.168
301.182
301.196
301.21
301.224
301.239
301.253
301.268
301.283
301.299
301.314
301.33
301.346
301.362
301.378
301.395
301.411
301.428
301.445
301.463
301.48
301.498
301.516
301.534
301.552
301.571
301.59
301.609
301.628
301.647
301.667
301.687
301.707
301.727
301.748
301.768
301.789
301.81
301.831
301.853
301.874
301.896
301.918
301.94
301.962
301.985
302.007
302.03
302.053
302.076
302.099
302.123
302.146
302.17
302.194
302.217
302.241
302.266
302.29
302.314
302.338
302.363
302.387
302.412
302.437
302.461
302.486
302.511
302.536
302.56
302.585
302.61
302.635
302.66
302.684
302.709
302.734
302.758
302.783
302.807
302.831
302.855
302.879
302.903
302.927
302.95
302.974
302.997
303.02
303.042
303.065
303.087
303.108
303.13
303.151
303.172
303.192
303.212
303.231
303.25
303.269
303.287
303.304
303.321
303.337
303.353
303.368
303.382
303.396
303.408
303.42
303.431
303.442
303.451
303.459
303.467
303.473
303.478
303.482
303.485
303.487
303.487
303.486
303.484
303.48
303.475
303.468
303.46
303.451
303.439
303.426
300.834
300.843
300.851
300.86
300.87
300.879
300.888
300.898
300.907
300.917
300.927
300.937
300.948
300.958
300.969
300.98
300.991
301.002
301.013
301.024
301.036
301.048
301.06
301.072
301.084
301.097
301.109
301.122
301.135
301.148
301.162
301.175
301.189
301.203
301.217
301.232
301.246
301.261
301.276
301.291
301.306
301.322
301.338
301.354
301.37
301.386
301.403
301.419
301.436
301.454
301.471
301.489
301.506
301.524
301.543
301.561
301.58
301.599
301.618
301.637
301.656
301.676
301.696
301.716
301.736
301.757
301.777
301.798
301.819
301.84
301.861
301.883
301.905
301.927
301.949
301.971
301.993
302.016
302.038
302.061
302.084
302.107
302.131
302.154
302.177
302.201
302.225
302.248
302.272
302.296
302.32
302.345
302.369
302.393
302.417
302.442
302.466
302.491
302.515
302.54
302.564
302.588
302.613
302.637
302.662
302.686
302.71
302.734
302.758
302.782
302.806
302.83
302.854
302.877
302.9
302.924
302.946
302.969
302.992
303.014
303.036
303.057
303.079
303.1
303.12
303.141
303.161
303.18
303.199
303.218
303.236
303.253
303.271
303.287
303.303
303.318
303.333
303.347
303.36
303.373
303.384
303.395
303.405
303.414
303.423
303.43
303.436
303.442
303.446
303.449
303.451
303.451
303.451
303.449
303.445
303.441
303.435
303.427
303.418
303.408
303.396
304.967
304.392
303.959
303.6
303.291
303.019
302.776
302.556
302.357
302.173
302.005
301.849
301.704
301.569
301.443
301.326
301.216
301.114
301.018
300.929
300.845
300.768
300.696
300.629
300.567
300.509
300.457
300.408
300.363
300.323
300.285
300.252
300.221
300.194
300.169
300.147
300.127
300.109
300.094
300.08
300.069
300.058
300.049
300.042
300.035
300.03
300.025
300.022
300.019
300.017
300.016
304.965
304.392
303.959
303.6
303.291
303.019
302.776
302.556
302.357
302.174
302.005
301.849
301.704
301.569
301.443
301.326
301.216
301.114
301.018
300.929
300.845
300.768
300.696
300.629
300.567
300.51
300.457
300.408
300.363
300.323
300.285
300.252
300.221
300.194
300.169
300.147
300.127
300.109
300.094
300.08
300.069
300.058
300.049
300.042
300.035
300.03
300.025
300.022
300.019
300.017
300.016
304.961
304.391
303.959
303.6
303.291
303.019
302.776
302.557
302.357
302.174
302.005
301.849
301.704
301.569
301.443
301.326
301.216
301.114
301.018
300.929
300.846
300.768
300.696
300.629
300.567
300.51
300.457
300.408
300.364
300.323
300.286
300.252
300.221
300.194
300.169
300.147
300.127
300.11
300.094
300.08
300.069
300.058
300.049
300.042
300.035
300.03
300.025
300.022
300.019
300.017
300.016
304.954
304.39
303.958
303.6
303.291
303.019
302.776
302.557
302.357
302.174
302.005
301.849
301.704
301.569
301.443
301.326
301.216
301.114
301.018
300.929
300.846
300.768
300.696
300.629
300.567
300.51
300.457
300.408
300.364
300.323
300.286
300.252
300.221
300.194
300.169
300.147
300.127
300.11
300.094
300.081
300.069
300.058
300.049
300.042
300.035
300.03
300.025
300.022
300.019
300.017
300.016
304.946
304.388
303.957
303.6
303.291
303.019
302.776
302.557
302.357
302.174
302.006
301.849
301.704
301.57
301.444
301.326
301.217
301.114
301.019
300.929
300.846
300.768
300.696
300.629
300.567
300.51
300.457
300.408
300.364
300.323
300.286
300.252
300.221
300.194
300.169
300.147
300.127
300.11
300.094
300.081
300.069
300.058
300.049
300.042
300.035
300.03
300.025
300.022
300.019
300.017
300.016
304.936
304.385
303.956
303.599
303.291
303.019
302.777
302.557
302.358
302.175
302.006
301.85
301.705
301.57
301.444
301.327
301.217
301.115
301.019
300.93
300.846
300.769
300.697
300.63
300.568
300.51
300.457
300.409
300.364
300.323
300.286
300.252
300.222
300.194
300.169
300.147
300.127
300.11
300.094
300.081
300.069
300.058
300.049
300.042
300.035
300.03
300.025
300.022
300.019
300.017
300.016
304.924
304.382
303.955
303.599
303.291
303.02
302.777
302.558
302.359
302.176
302.007
301.851
301.706
301.571
301.445
301.328
301.218
301.115
301.02
300.93
300.847
300.769
300.697
300.63
300.568
300.511
300.458
300.409
300.364
300.324
300.286
300.252
300.222
300.194
300.169
300.147
300.127
300.11
300.094
300.081
300.069
300.058
300.049
300.042
300.035
300.03
300.025
300.022
300.019
300.017
300.016
304.909
304.377
303.954
303.599
303.291
303.02
302.778
302.559
302.36
302.177
302.008
301.852
301.707
301.572
301.446
301.329
301.219
301.116
301.021
300.931
300.848
300.77
300.698
300.631
300.569
300.511
300.458
300.409
300.365
300.324
300.287
300.253
300.222
300.194
300.17
300.147
300.128
300.11
300.094
300.081
300.069
300.059
300.05
300.042
300.035
300.03
300.025
300.022
300.019
300.017
300.016
304.893
304.373
303.952
303.599
303.292
303.021
302.779
302.56
302.361
302.178
302.009
301.853
301.708
301.573
301.447
301.33
301.22
301.117
301.022
300.932
300.849
300.771
300.699
300.632
300.569
300.512
300.459
300.41
300.365
300.324
300.287
300.253
300.222
300.195
300.17
300.148
300.128
300.11
300.095
300.081
300.069
300.059
300.05
300.042
300.035
300.03
300.025
300.022
300.019
300.017
300.016
304.875
304.367
303.951
303.599
303.293
303.023
302.781
302.562
302.363
302.18
302.011
301.855
301.71
301.575
301.449
301.331
301.222
301.119
301.023
300.933
300.85
300.772
300.7
300.633
300.57
300.513
300.46
300.411
300.366
300.325
300.288
300.254
300.223
300.195
300.17
300.148
300.128
300.11
300.095
300.081
300.069
300.059
300.05
300.042
300.035
300.03
300.025
300.022
300.019
300.017
300.016
304.856
304.361
303.949
303.599
303.294
303.024
302.783
302.564
302.365
302.182
302.013
301.857
301.712
301.577
301.451
301.333
301.223
301.121
301.025
300.935
300.851
300.773
300.701
300.634
300.571
300.514
300.46
300.412
300.367
300.326
300.288
300.254
300.223
300.195
300.171
300.148
300.128
300.111
300.095
300.081
300.069
300.059
300.05
300.042
300.036
300.03
300.025
300.022
300.019
300.017
300.016
304.835
304.353
303.947
303.599
303.296
303.027
302.786
302.567
302.368
302.185
302.016
301.86
301.715
301.58
301.454
301.336
301.226
301.123
301.027
300.937
300.853
300.775
300.702
300.635
300.573
300.515
300.462
300.413
300.368
300.326
300.289
300.255
300.224
300.196
300.171
300.149
300.129
300.111
300.095
300.082
300.07
300.059
300.05
300.042
300.036
300.03
300.026
300.022
300.019
300.017
300.016
304.812
304.345
303.945
303.6
303.298
303.03
302.789
302.571
302.372
302.189
302.02
301.864
301.718
301.583
301.457
301.339
301.228
301.125
301.029
300.939
300.855
300.777
300.704
300.637
300.574
300.516
300.463
300.414
300.369
300.327
300.29
300.255
300.225
300.197
300.172
300.149
300.129
300.111
300.096
300.082
300.07
300.059
300.05
300.042
300.036
300.03
300.026
300.022
300.019
300.017
300.016
304.789
304.337
303.943
303.601
303.3
303.033
302.793
302.575
302.376
302.193
302.024
301.868
301.722
301.587
301.46
301.342
301.232
301.128
301.032
300.942
300.858
300.779
300.706
300.639
300.576
300.518
300.464
300.415
300.37
300.328
300.291
300.256
300.225
300.197
300.172
300.15
300.13
300.112
300.096
300.082
300.07
300.06
300.05
300.043
300.036
300.03
300.026
300.022
300.019
300.017
300.016
304.764
304.327
303.941
303.602
303.304
303.038
302.798
302.58
302.381
302.198
302.029
301.873
301.727
301.591
301.465
301.346
301.236
301.132
301.035
300.945
300.861
300.782
300.709
300.641
300.578
300.52
300.466
300.417
300.371
300.33
300.292
300.257
300.226
300.198
300.173
300.15
300.13
300.112
300.096
300.083
300.07
300.06
300.051
300.043
300.036
300.03
300.026
300.022
300.019
300.017
300.016
304.738
304.317
303.939
303.604
303.308
303.043
302.804
302.587
302.388
302.205
302.036
301.879
301.733
301.597
301.47
301.351
301.24
301.136
301.039
300.949
300.864
300.785
300.712
300.644
300.581
300.522
300.468
300.418
300.373
300.331
300.293
300.259
300.227
300.199
300.174
300.151
300.131
300.113
300.097
300.083
300.071
300.06
300.051
300.043
300.036
300.031
300.026
300.022
300.019
300.017
300.016
304.711
304.306
303.937
303.607
303.313
303.049
302.811
302.594
302.395
302.212
302.043
301.886
301.74
301.603
301.476
301.357
301.246
301.141
301.044
300.953
300.868
300.789
300.715
300.647
300.583
300.525
300.47
300.421
300.375
300.333
300.295
300.26
300.228
300.2
300.175
300.152
300.131
300.113
300.097
300.083
300.071
300.06
300.051
300.043
300.036
300.031
300.026
300.022
300.019
300.017
300.016
304.682
304.295
303.934
303.61
303.319
303.057
302.82
302.603
302.404
302.221
302.051
301.894
301.747
301.611
301.483
301.364
301.252
301.147
301.05
300.958
300.873
300.793
300.719
300.651
300.587
300.528
300.473
300.423
300.377
300.335
300.296
300.261
300.23
300.201
300.176
300.153
300.132
300.114
300.098
300.084
300.072
300.061
300.052
300.044
300.037
300.031
300.026
300.022
300.02
300.018
300.016
304.652
304.282
303.932
303.614
303.326
303.066
302.829
302.613
302.414
302.231
302.061
301.904
301.757
301.619
301.491
301.371
301.259
301.154
301.056
300.964
300.878
300.798
300.724
300.655
300.59
300.531
300.476
300.426
300.379
300.337
300.298
300.263
300.231
300.203
300.177
300.154
300.133
300.115
300.099
300.084
300.072
300.061
300.052
300.044
300.037
300.031
300.026
300.023
300.02
300.018
300.017
304.62
304.268
303.93
303.617
303.333
303.075
302.84
302.624
302.426
302.243
302.073
301.914
301.767
301.629
301.501
301.38
301.267
301.162
301.063
300.971
300.885
300.804
300.729
300.659
300.595
300.535
300.48
300.429
300.382
300.339
300.3
300.265
300.233
300.204
300.178
300.155
300.134
300.116
300.099
300.085
300.073
300.062
300.052
300.044
300.037
300.031
300.027
300.023
300.02
300.018
300.017
304.587
304.253
303.926
303.621
303.342
303.086
302.852
302.637
302.439
302.256
302.085
301.927
301.779
301.641
301.511
301.39
301.277
301.171
301.071
300.979
300.892
300.811
300.735
300.665
300.6
300.539
300.484
300.432
300.385
300.342
300.303
300.267
300.235
300.206
300.179
300.156
300.135
300.117
300.1
300.086
300.073
300.062
300.053
300.045
300.038
300.032
300.027
300.023
300.02
300.018
300.017
304.551
304.235
303.921
303.625
303.351
303.098
302.866
302.652
302.454
302.27
302.1
301.941
301.792
301.654
301.524
301.402
301.288
301.181
301.081
300.987
300.9
300.818
300.742
300.671
300.605
300.544
300.488
300.436
300.389
300.345
300.305
300.269
300.237
300.207
300.181
300.157
300.136
300.118
300.101
300.086
300.074
300.063
300.053
300.045
300.038
300.032
300.027
300.023
300.02
300.018
300.017
304.514
304.215
303.915
303.628
303.359
303.11
302.88
302.667
302.47
302.287
302.116
301.957
301.808
301.668
301.538
301.415
301.3
301.193
301.092
300.997
300.909
300.826
300.749
300.678
300.611
300.55
300.493
300.441
300.393
300.349
300.308
300.272
300.239
300.209
300.183
300.159
300.138
300.119
300.102
300.087
300.074
300.063
300.054
300.045
300.038
300.032
300.027
300.023
300.02
300.018
300.017
304.473
304.193
303.907
303.63
303.368
303.123
302.896
302.684
302.488
302.305
302.134
301.974
301.825
301.685
301.553
301.43
301.314
301.206
301.104
301.008
300.919
300.836
300.758
300.685
300.618
300.556
300.498
300.445
300.397
300.352
300.312
300.275
300.242
300.212
300.185
300.16
300.139
300.12
300.103
300.088
300.075
300.064
300.054
300.046
300.039
300.033
300.028
300.024
300.02
300.018
300.017
304.429
304.167
303.896
303.629
303.375
303.136
302.912
302.702
302.507
302.324
302.153
301.993
301.843
301.703
301.571
301.446
301.33
301.22
301.117
301.021
300.931
300.846
300.767
300.694
300.626
300.563
300.505
300.451
300.402
300.357
300.315
300.278
300.244
300.214
300.187
300.162
300.14
300.121
300.104
300.089
300.076
300.065
300.055
300.046
300.039
300.033
300.028
300.024
300.021
300.018
300.017
304.382
304.137
303.881
303.627
303.381
303.147
302.927
302.721
302.527
302.345
302.174
302.014
301.864
301.723
301.59
301.465
301.347
301.236
301.132
301.035
300.943
300.858
300.778
300.704
300.634
300.57
300.511
300.457
300.407
300.361
300.319
300.282
300.247
300.217
300.189
300.164
300.142
300.122
300.105
300.09
300.077
300.065
300.055
300.047
300.039
300.033
300.028
300.024
300.021
300.019
300.017
304.331
304.103
303.863
303.621
303.385
303.158
302.943
302.739
302.547
302.367
302.197
302.037
301.886
301.744
301.611
301.485
301.366
301.254
301.149
301.05
300.958
300.871
300.79
300.714
300.644
300.579
300.519
300.464
300.413
300.366
300.324
300.285
300.251
300.219
300.191
300.166
300.144
300.124
300.106
300.091
300.078
300.066
300.056
300.047
300.04
300.034
300.028
300.024
300.021
300.019
300.018
304.275
304.065
303.84
303.611
303.385
303.166
302.957
302.757
302.568
302.389
302.22
302.061
301.91
301.768
301.634
301.507
301.387
301.274
301.167
301.067
300.973
300.885
300.803
300.726
300.655
300.588
300.527
300.471
300.419
300.372
300.329
300.29
300.254
300.222
300.194
300.168
300.146
300.126
300.108
300.092
300.079
300.067
300.057
300.048
300.04
300.034
300.029
300.024
300.021
300.019
300.018
304.214
304.021
303.813
303.598
303.383
303.172
302.969
302.775
302.589
302.412
302.245
302.086
301.936
301.793
301.658
301.53
301.409
301.295
301.187
301.086
300.99
300.901
300.817
300.739
300.666
300.599
300.536
300.479
300.426
300.378
300.334
300.294
300.258
300.226
300.197
300.171
300.148
300.127
300.109
300.093
300.08
300.068
300.057
300.048
300.041
300.034
300.029
300.025
300.021
300.019
300.018
304.149
303.973
303.78
303.579
303.376
303.175
302.979
302.79
302.609
302.435
302.27
302.112
301.962
301.819
301.684
301.555
301.434
301.318
301.209
301.106
301.009
300.918
300.833
300.753
300.679
300.61
300.546
300.488
300.434
300.385
300.34
300.299
300.262
300.229
300.2
300.173
300.15
300.129
300.111
300.095
300.081
300.069
300.058
300.049
300.041
300.035
300.029
300.025
300.022
300.019
300.018
304.078
303.918
303.741
303.555
303.364
303.173
302.986
302.804
302.627
302.457
302.294
302.138
301.989
301.847
301.711
301.582
301.459
301.343
301.232
301.128
301.029
300.936
300.85
300.768
300.692
300.622
300.557
300.497
300.442
300.392
300.346
300.305
300.267
300.233
300.203
300.176
300.152
300.131
300.112
300.096
300.082
300.069
300.059
300.05
300.042
300.035
300.03
300.025
300.022
300.02
300.018
304.003
303.859
303.697
303.525
303.347
303.168
302.99
302.814
302.644
302.478
302.319
302.165
302.017
301.875
301.74
301.61
301.486
301.369
301.257
301.151
301.051
300.956
300.868
300.785
300.707
300.635
300.569
300.507
300.451
300.4
300.353
300.31
300.272
300.237
300.207
300.179
300.155
300.133
300.114
300.098
300.083
300.07
300.06
300.05
300.042
300.036
300.03
300.026
300.022
300.02
300.019
303.924
303.794
303.648
303.49
303.326
303.158
302.989
302.822
302.658
302.498
302.342
302.191
302.045
301.904
301.769
301.639
301.515
301.396
301.283
301.175
301.073
300.977
300.887
300.802
300.723
300.649
300.581
300.518
300.461
300.408
300.36
300.316
300.277
300.242
300.21
300.182
300.157
300.135
300.116
300.099
300.084
300.071
300.06
300.051
300.043
300.036
300.03
300.026
300.022
300.02
300.019
303.841
303.725
303.594
303.45
303.299
303.143
302.985
302.826
302.669
302.515
302.363
302.215
302.072
301.933
301.798
301.668
301.543
301.424
301.31
301.201
301.097
300.999
300.907
300.82
300.739
300.664
300.594
300.53
300.471
300.417
300.367
300.323
300.283
300.246
300.214
300.185
300.16
300.138
300.118
300.101
300.086
300.072
300.061
300.052
300.043
300.037
300.031
300.026
300.023
300.02
300.019
303.756
303.654
303.536
303.406
303.268
303.124
302.976
302.827
302.677
302.529
302.383
302.239
302.098
301.96
301.827
301.697
301.572
301.452
301.337
301.227
301.122
301.022
300.928
300.839
300.757
300.679
300.608
300.542
300.481
300.426
300.375
300.329
300.288
300.251
300.218
300.189
300.163
300.14
300.12
300.102
300.087
300.074
300.062
300.052
300.044
300.037
300.031
300.027
300.023
300.02
300.019
303.671
303.581
303.476
303.36
303.234
303.101
302.964
302.824
302.683
302.541
302.4
302.26
302.122
301.987
301.855
301.726
301.601
301.48
301.364
301.253
301.146
301.045
300.949
300.859
300.774
300.695
300.622
300.554
300.492
300.435
300.383
300.336
300.294
300.256
300.222
300.192
300.166
300.142
300.122
300.104
300.088
300.075
300.063
300.053
300.045
300.037
300.032
300.027
300.023
300.021
300.019
303.589
303.51
303.417
303.312
303.198
303.077
302.95
302.819
302.685
302.55
302.414
302.279
302.144
302.011
301.881
301.753
301.628
301.507
301.39
301.278
301.17
301.067
300.97
300.878
300.791
300.711
300.635
300.566
300.502
300.444
300.391
300.343
300.299
300.261
300.226
300.195
300.168
300.144
300.123
300.105
300.089
300.076
300.064
300.054
300.045
300.038
300.032
300.027
300.023
300.021
300.02
303.513
303.443
303.361
303.267
303.163
303.052
302.934
302.811
302.685
302.556
302.426
302.294
302.163
302.033
301.904
301.778
301.654
301.533
301.415
301.302
301.193
301.089
300.99
300.896
300.808
300.725
300.649
300.578
300.512
300.453
300.398
300.349
300.305
300.265
300.23
300.198
300.171
300.146
300.125
300.107
300.09
300.076
300.064
300.054
300.046
300.038
300.032
300.027
300.024
300.021
300.02
303.447
303.385
303.311
303.226
303.131
303.029
302.919
302.803
302.683
302.56
302.435
302.307
302.18
302.052
301.925
301.799
301.675
301.555
301.437
301.323
301.213
301.107
301.007
300.912
300.822
300.738
300.66
300.588
300.521
300.46
300.405
300.355
300.31
300.269
300.233
300.201
300.173
300.148
300.127
300.108
300.091
300.077
300.065
300.055
300.046
300.039
300.033
300.028
300.024
300.021
300.02
303.396
303.34
303.273
303.194
303.106
303.01
302.906
302.797
302.682
302.563
302.441
302.317
302.192
302.066
301.94
301.815
301.692
301.572
301.454
301.339
301.229
301.122
301.021
300.925
300.834
300.749
300.67
300.596
300.528
300.466
300.41
300.359
300.313
300.272
300.236
300.203
300.175
300.15
300.128
300.109
300.092
300.078
300.066
300.055
300.046
300.039
300.033
300.028
300.024
300.021
300.02
303.367
303.315
303.251
303.176
303.092
302.999
302.899
302.792
302.681
302.564
302.445
302.322
302.199
302.074
301.949
301.825
301.702
301.582
301.464
301.349
301.238
301.131
301.029
300.932
300.841
300.755
300.675
300.601
300.533
300.47
300.413
300.362
300.316
300.274
300.237
300.205
300.176
300.151
300.128
300.109
300.093
300.078
300.066
300.055
300.046
300.039
300.033
300.028
300.024
300.021
300.02
)
;

boundaryField
{
    inlet
    {
        type            fixedValue;
        value           uniform 300;
    }
    outlet
    {
        type            zeroGradient;
    }
    top
    {
        type            zeroGradient;
    }
    slip-bottom
    {
        type            zeroGradient;
    }
    bottom
    {
        type            zeroGradient;
    }
    interface
    {
        type            fixedGradient;
        gradient        nonuniform List<scalar> 
161
(
68.0556
68.0556
46.2396
46.2396
46.2396
46.2396
34.3095
34.3095
34.3095
34.3095
29.4769
29.4769
29.4769
28.677
28.677
28.677
28.677
26.0639
26.0639
26.0639
25.1927
25.1927
25.1927
24.6854
24.6854
24.6854
24.0309
24.0309
24.0309
23.44
23.44
23.44
22.8914
22.8914
22.8914
22.3496
22.3496
22.3496
21.832
21.832
21.832
20.7873
20.7873
21.5378
21.5378
21.5378
20.4929
20.4929
20.9766
20.9766
20.9766
19.9389
19.9389
19.9327
19.9327
19.9327
20.0721
20.0721
20.4187
20.4187
19.1538
19.1538
19.0421
19.0421
19.0863
19.0863
18.9421
18.9421
18.9421
18.7633
18.7633
18.5879
18.4027
18.4027
18.1743
18.1743
17.9672
17.9672
17.2032
17.2032
18.1587
18.1587
17.7702
17.7702
17.3291
16.5742
16.5742
17.4074
17.4074
17.052
16.0996
16.0996
16.9305
16.038
16.038
16.6018
16.6018
15.6887
16.2579
16.2579
15.3933
15.9765
15.1079
15.1079
15.1609
15.7659
15.7659
14.7112
15.2115
14.3541
14.3541
14.3653
14.5395
14.8885
14.8885
13.8451
13.8872
14.0542
14.3433
14.3433
13.3924
13.4147
13.5534
13.5474
13.8033
13.001
13.001
12.9386
12.9943
12.9475
12.8889
12.8227
12.7517
12.6786
12.6046
12.5309
12.4586
12.3887
12.3226
12.2617
12.2077
12.1626
12.1285
12.1074
12.1016
12.1147
12.1528
12.2285
12.3695
12.5021
12.234
12.2946
12.7969
13.1822
13.7052
14.3449
16.7735
14.6765
17.2273
19.6977
28.4287
)
;
    }
    defaultFaces
    {
        type            empty;
    }
}


// ************************************************************************* //
