/*--------------------------------*- C++ -*----------------------------------*\
| =========                 |                                                 |
| \\      /  F ield         | OpenFOAM: The Open Source CFD Toolbox           |
|  \\    /   O peration     | Version:  2106                                  |
|   \\  /    A nd           | Website:  www.openfoam.com                      |
|    \\/     M anipulation  |                                                 |
\*---------------------------------------------------------------------------*/
FoamFile
{
    version     2.0;
    format      ascii;
    arch        "LSB;label=32;scalar=64";
    class       volScalarField;
    location    "8.6";
    object      T;
}
// * * * * * * * * * * * * * * * * * * * * * * * * * * * * * * * * * * * * * //

dimensions      [0 0 0 1 0 0 0];

internalField   nonuniform List<scalar> 
12013
(
300.004
300.011
300.019
300.027
300.035
300.043
300.052
300.062
300.071
300.081
300.092
300.102
300.114
300.125
300.137
300.149
300.162
300.175
300.189
300.203
300.217
300.232
300.248
300.264
300.28
300.297
300.315
300.333
300.351
300.37
300.39
300.41
300.431
300.452
300.474
300.497
300.52
300.544
300.569
300.594
300.62
300.647
300.675
300.703
300.732
300.762
300.793
300.825
300.857
300.891
300.925
300.961
300.997
301.034
301.073
301.112
301.153
301.195
301.238
301.283
301.329
301.376
301.425
301.475
301.527
301.581
301.637
301.694
301.755
301.817
301.882
301.95
302.021
302.096
302.176
302.26
302.351
302.449
302.557
302.681
302.828
300.004
300.011
300.019
300.027
300.035
300.043
300.052
300.062
300.071
300.081
300.092
300.102
300.114
300.125
300.137
300.149
300.162
300.175
300.189
300.203
300.217
300.232
300.248
300.264
300.28
300.297
300.315
300.332
300.351
300.37
300.39
300.41
300.431
300.452
300.474
300.497
300.52
300.544
300.569
300.594
300.62
300.647
300.675
300.703
300.732
300.762
300.793
300.825
300.857
300.891
300.925
300.96
300.997
301.034
301.073
301.112
301.153
301.195
301.238
301.282
301.328
301.375
301.424
301.474
301.526
301.58
301.636
301.693
301.753
301.816
301.88
301.948
302.019
302.093
302.172
302.255
302.344
302.44
302.544
302.659
302.786
300.004
300.011
300.019
300.027
300.035
300.043
300.052
300.062
300.071
300.081
300.092
300.102
300.114
300.125
300.137
300.149
300.162
300.175
300.189
300.203
300.217
300.232
300.248
300.264
300.28
300.297
300.314
300.332
300.351
300.37
300.39
300.41
300.431
300.452
300.474
300.497
300.52
300.544
300.569
300.594
300.62
300.647
300.675
300.703
300.732
300.762
300.793
300.824
300.857
300.89
300.925
300.96
300.996
301.034
301.072
301.112
301.152
301.194
301.237
301.281
301.327
301.374
301.423
301.473
301.525
301.578
301.634
301.691
301.751
301.812
301.877
301.944
302.014
302.087
302.164
302.246
302.332
302.423
302.52
302.624
302.731
300.004
300.011
300.019
300.027
300.035
300.043
300.052
300.062
300.071
300.081
300.092
300.102
300.114
300.125
300.137
300.149
300.162
300.175
300.189
300.203
300.217
300.232
300.248
300.264
300.28
300.297
300.314
300.332
300.351
300.37
300.39
300.41
300.431
300.452
300.474
300.497
300.52
300.544
300.569
300.594
300.62
300.647
300.674
300.703
300.732
300.762
300.792
300.824
300.857
300.89
300.924
300.959
300.996
301.033
301.071
301.111
301.151
301.193
301.236
301.28
301.326
301.372
301.421
301.471
301.522
301.575
301.63
301.687
301.746
301.807
301.871
301.937
302.005
302.077
302.152
302.23
302.313
302.398
302.488
302.58
302.674
300.004
300.011
300.019
300.027
300.035
300.043
300.052
300.062
300.071
300.081
300.092
300.102
300.113
300.125
300.137
300.149
300.162
300.175
300.189
300.203
300.217
300.232
300.248
300.264
300.28
300.297
300.314
300.332
300.351
300.37
300.39
300.41
300.431
300.452
300.474
300.497
300.52
300.544
300.568
300.594
300.62
300.647
300.674
300.702
300.731
300.761
300.792
300.823
300.856
300.889
300.923
300.959
300.995
301.032
301.07
301.109
301.15
301.191
301.234
301.278
301.323
301.37
301.418
301.467
301.518
301.571
301.626
301.682
301.74
301.8
301.862
301.927
301.994
302.063
302.135
302.21
302.288
302.368
302.449
302.532
302.615
300.004
300.011
300.019
300.027
300.035
300.043
300.052
300.062
300.071
300.081
300.092
300.102
300.113
300.125
300.137
300.149
300.162
300.175
300.189
300.203
300.217
300.232
300.248
300.264
300.28
300.297
300.314
300.332
300.351
300.37
300.389
300.41
300.43
300.452
300.474
300.496
300.52
300.544
300.568
300.593
300.619
300.646
300.674
300.702
300.731
300.761
300.791
300.823
300.855
300.888
300.922
300.957
300.993
301.03
301.068
301.107
301.148
301.189
301.231
301.275
301.32
301.366
301.414
301.463
301.513
301.565
301.619
301.674
301.731
301.79
301.851
301.914
301.979
302.045
302.114
302.185
302.258
302.332
302.407
302.481
302.555
300.004
300.011
300.019
300.027
300.035
300.043
300.052
300.062
300.071
300.081
300.092
300.102
300.113
300.125
300.137
300.149
300.162
300.175
300.189
300.203
300.217
300.232
300.248
300.263
300.28
300.297
300.314
300.332
300.351
300.37
300.389
300.409
300.43
300.452
300.473
300.496
300.519
300.543
300.568
300.593
300.619
300.646
300.673
300.701
300.73
300.76
300.79
300.822
300.854
300.887
300.921
300.956
300.992
301.028
301.066
301.105
301.145
301.186
301.228
301.271
301.316
301.362
301.409
301.457
301.507
301.558
301.611
301.665
301.721
301.778
301.837
301.897
301.96
302.024
302.089
302.156
302.223
302.292
302.36
302.429
302.496
300.004
300.011
300.019
300.027
300.035
300.043
300.052
300.062
300.071
300.081
300.092
300.102
300.113
300.125
300.137
300.149
300.162
300.175
300.189
300.203
300.217
300.232
300.247
300.263
300.28
300.297
300.314
300.332
300.35
300.369
300.389
300.409
300.43
300.451
300.473
300.496
300.519
300.543
300.567
300.592
300.618
300.645
300.672
300.7
300.729
300.759
300.789
300.82
300.852
300.885
300.919
300.954
300.989
301.026
301.063
301.102
301.141
301.182
301.224
301.267
301.311
301.356
301.402
301.45
301.498
301.549
301.6
301.653
301.707
301.763
301.82
301.878
301.937
301.998
302.06
302.122
302.185
302.249
302.312
302.374
302.436
300.004
300.011
300.019
300.027
300.035
300.043
300.052
300.062
300.071
300.081
300.092
300.102
300.113
300.125
300.137
300.149
300.162
300.175
300.189
300.203
300.217
300.232
300.247
300.263
300.28
300.296
300.314
300.332
300.35
300.369
300.389
300.409
300.429
300.451
300.473
300.495
300.518
300.542
300.566
300.592
300.617
300.644
300.671
300.699
300.728
300.757
300.787
300.818
300.85
300.883
300.917
300.951
300.986
301.023
301.06
301.098
301.137
301.177
301.218
301.261
301.304
301.348
301.394
301.441
301.488
301.537
301.587
301.639
301.691
301.745
301.799
301.855
301.912
301.969
302.027
302.086
302.145
302.203
302.261
302.319
302.375
300.004
300.011
300.019
300.027
300.035
300.043
300.052
300.062
300.071
300.081
300.092
300.102
300.113
300.125
300.137
300.149
300.162
300.175
300.188
300.202
300.217
300.232
300.247
300.263
300.279
300.296
300.314
300.331
300.35
300.369
300.388
300.408
300.429
300.45
300.472
300.495
300.518
300.541
300.566
300.591
300.616
300.643
300.67
300.698
300.726
300.755
300.785
300.816
300.848
300.88
300.914
300.948
300.983
301.019
301.055
301.093
301.132
301.171
301.212
301.253
301.296
301.34
301.384
301.43
301.476
301.524
301.572
301.622
301.672
301.724
301.776
301.829
301.883
301.937
301.992
302.046
302.101
302.155
302.209
302.262
302.315
300.004
300.011
300.019
300.027
300.035
300.043
300.052
300.062
300.071
300.081
300.091
300.102
300.113
300.125
300.137
300.149
300.162
300.175
300.188
300.202
300.217
300.232
300.247
300.263
300.279
300.296
300.313
300.331
300.35
300.368
300.388
300.408
300.428
300.45
300.471
300.494
300.517
300.54
300.565
300.589
300.615
300.641
300.668
300.696
300.724
300.753
300.783
300.814
300.845
300.877
300.91
300.944
300.979
301.014
301.05
301.087
301.125
301.164
301.204
301.245
301.287
301.329
301.372
301.417
301.462
301.508
301.555
301.603
301.651
301.7
301.75
301.8
301.851
301.902
301.953
302.004
302.055
302.106
302.156
302.205
302.253
300.004
300.011
300.019
300.027
300.035
300.043
300.052
300.062
300.071
300.081
300.091
300.102
300.113
300.125
300.137
300.149
300.162
300.175
300.188
300.202
300.217
300.231
300.247
300.263
300.279
300.296
300.313
300.331
300.349
300.368
300.387
300.407
300.428
300.449
300.471
300.493
300.516
300.539
300.563
300.588
300.613
300.64
300.666
300.694
300.722
300.751
300.78
300.811
300.842
300.873
300.906
300.939
300.973
301.008
301.044
301.081
301.118
301.156
301.195
301.235
301.275
301.317
301.359
301.402
301.446
301.49
301.535
301.581
301.627
301.674
301.721
301.769
301.817
301.865
301.913
301.96
302.008
302.055
302.101
302.147
302.192
300.004
300.011
300.019
300.026
300.035
300.043
300.052
300.062
300.071
300.081
300.091
300.102
300.113
300.125
300.136
300.149
300.161
300.174
300.188
300.202
300.216
300.231
300.246
300.262
300.279
300.295
300.312
300.33
300.349
300.367
300.387
300.407
300.427
300.448
300.47
300.492
300.514
300.538
300.562
300.586
300.612
300.637
300.664
300.691
300.719
300.748
300.777
300.807
300.837
300.869
300.901
300.934
300.967
301.002
301.037
301.073
301.109
301.146
301.184
301.223
301.263
301.303
301.344
301.385
301.427
301.47
301.513
301.557
301.601
301.645
301.69
301.735
301.78
301.825
301.87
301.914
301.959
302.002
302.046
302.088
302.13
300.004
300.011
300.019
300.026
300.035
300.043
300.052
300.061
300.071
300.081
300.091
300.102
300.113
300.124
300.136
300.149
300.161
300.174
300.188
300.202
300.216
300.231
300.246
300.262
300.278
300.295
300.312
300.33
300.348
300.367
300.386
300.406
300.426
300.447
300.468
300.49
300.513
300.536
300.56
300.584
300.609
300.635
300.661
300.688
300.716
300.744
300.773
300.802
300.833
300.864
300.895
300.927
300.96
300.994
301.028
301.063
301.099
301.135
301.172
301.21
301.248
301.287
301.326
301.366
301.406
301.447
301.489
301.53
301.572
301.614
301.656
301.699
301.741
301.783
301.825
301.867
301.908
301.949
301.989
302.029
302.067
300.004
300.011
300.019
300.026
300.035
300.043
300.052
300.061
300.071
300.081
300.091
300.102
300.113
300.124
300.136
300.148
300.161
300.174
300.187
300.201
300.216
300.23
300.246
300.261
300.278
300.294
300.311
300.329
300.347
300.366
300.385
300.405
300.425
300.446
300.467
300.489
300.511
300.534
300.558
300.582
300.607
300.632
300.658
300.685
300.712
300.74
300.768
300.797
300.827
300.857
300.888
300.92
300.952
300.985
301.019
301.053
301.087
301.123
301.158
301.195
301.232
301.269
301.307
301.345
301.384
301.423
301.462
301.501
301.541
301.581
301.621
301.66
301.7
301.74
301.779
301.818
301.856
301.894
301.932
301.969
302.005
300.004
300.011
300.019
300.026
300.035
300.043
300.052
300.061
300.071
300.081
300.091
300.102
300.113
300.124
300.136
300.148
300.161
300.174
300.187
300.201
300.215
300.23
300.245
300.261
300.277
300.294
300.311
300.328
300.346
300.365
300.384
300.403
300.423
300.444
300.465
300.487
300.509
300.532
300.555
300.579
300.604
300.629
300.654
300.68
300.707
300.735
300.763
300.791
300.82
300.85
300.88
300.911
300.943
300.975
301.007
301.041
301.074
301.108
301.143
301.178
301.213
301.249
301.286
301.322
301.359
301.396
301.433
301.471
301.508
301.546
301.583
301.62
301.658
301.695
301.731
301.768
301.804
301.839
301.874
301.908
301.942
300.004
300.011
300.018
300.026
300.035
300.043
300.052
300.061
300.071
300.081
300.091
300.102
300.113
300.124
300.136
300.148
300.16
300.173
300.187
300.201
300.215
300.23
300.245
300.26
300.276
300.293
300.31
300.327
300.345
300.363
300.382
300.402
300.422
300.442
300.463
300.485
300.507
300.529
300.552
300.576
300.6
300.625
300.65
300.676
300.702
300.729
300.756
300.784
300.813
300.842
300.872
300.902
300.932
300.963
300.995
301.027
301.06
301.092
301.126
301.159
301.193
301.228
301.262
301.297
301.332
301.367
301.403
301.438
301.473
301.509
301.544
301.579
301.614
301.648
301.683
301.716
301.75
301.783
301.816
301.848
301.879
300.004
300.011
300.018
300.026
300.035
300.043
300.052
300.061
300.071
300.081
300.091
300.101
300.112
300.124
300.135
300.148
300.16
300.173
300.186
300.2
300.214
300.229
300.244
300.26
300.275
300.292
300.309
300.326
300.344
300.362
300.381
300.4
300.42
300.44
300.461
300.482
300.504
300.526
300.549
300.572
300.596
300.62
300.645
300.67
300.696
300.723
300.749
300.777
300.805
300.833
300.862
300.891
300.921
300.951
300.981
301.012
301.043
301.075
301.107
301.139
301.172
301.205
301.238
301.271
301.304
301.337
301.37
301.404
301.437
301.47
301.503
301.536
301.569
301.601
301.633
301.665
301.696
301.727
301.757
301.787
301.817
300.004
300.011
300.018
300.026
300.034
300.043
300.052
300.061
300.071
300.08
300.091
300.101
300.112
300.123
300.135
300.147
300.16
300.173
300.186
300.2
300.214
300.228
300.243
300.259
300.274
300.291
300.307
300.325
300.342
300.36
300.379
300.398
300.418
300.438
300.458
300.479
300.501
300.522
300.545
300.568
300.591
300.615
300.639
300.664
300.689
300.715
300.741
300.768
300.795
300.823
300.851
300.879
300.908
300.937
300.966
300.996
301.026
301.056
301.087
301.118
301.149
301.18
301.211
301.242
301.274
301.305
301.337
301.368
301.399
301.43
301.461
301.492
301.523
301.553
301.583
301.612
301.642
301.67
301.699
301.727
301.754
300.004
300.011
300.018
300.026
300.034
300.043
300.052
300.061
300.07
300.08
300.09
300.101
300.112
300.123
300.135
300.147
300.159
300.172
300.185
300.199
300.213
300.227
300.242
300.258
300.273
300.29
300.306
300.323
300.341
300.359
300.377
300.396
300.415
300.435
300.455
300.476
300.497
300.518
300.54
300.563
300.586
300.609
300.633
300.657
300.682
300.707
300.733
300.758
300.785
300.811
300.838
300.866
300.893
300.921
300.95
300.978
301.007
301.036
301.065
301.094
301.124
301.153
301.183
301.213
301.242
301.272
301.302
301.331
301.36
301.39
301.419
301.447
301.476
301.504
301.532
301.56
301.587
301.614
301.64
301.666
301.692
300.004
300.011
300.018
300.026
300.034
300.043
300.052
300.061
300.07
300.08
300.09
300.101
300.112
300.123
300.134
300.146
300.159
300.172
300.185
300.198
300.212
300.227
300.241
300.256
300.272
300.288
300.305
300.321
300.339
300.356
300.375
300.393
300.412
300.432
300.452
300.472
300.493
300.514
300.535
300.557
300.58
300.603
300.626
300.65
300.674
300.698
300.723
300.748
300.773
300.799
300.825
300.851
300.878
300.905
300.932
300.959
300.987
301.014
301.042
301.07
301.098
301.126
301.154
301.182
301.21
301.238
301.265
301.293
301.321
301.348
301.375
301.402
301.429
301.455
301.481
301.507
301.532
301.558
301.582
301.607
301.631
300.004
300.011
300.018
300.026
300.034
300.043
300.051
300.061
300.07
300.08
300.09
300.1
300.111
300.122
300.134
300.146
300.158
300.171
300.184
300.197
300.211
300.225
300.24
300.255
300.271
300.286
300.303
300.319
300.337
300.354
300.372
300.39
300.409
300.428
300.448
300.468
300.488
300.509
300.53
300.551
300.573
300.596
300.618
300.641
300.664
300.688
300.712
300.736
300.761
300.786
300.811
300.836
300.862
300.887
300.913
300.939
300.965
300.992
301.018
301.044
301.071
301.097
301.124
301.15
301.176
301.202
301.229
301.255
301.28
301.306
301.331
301.356
301.381
301.406
301.43
301.454
301.478
301.502
301.525
301.548
301.57
300.004
300.011
300.018
300.026
300.034
300.043
300.051
300.06
300.07
300.079
300.09
300.1
300.111
300.122
300.133
300.145
300.157
300.17
300.183
300.196
300.21
300.224
300.239
300.254
300.269
300.285
300.301
300.317
300.334
300.351
300.369
300.387
300.405
300.424
300.443
300.463
300.483
300.503
300.524
300.545
300.566
300.588
300.61
300.632
300.655
300.677
300.701
300.724
300.748
300.771
300.795
300.82
300.844
300.869
300.893
300.918
300.943
300.968
300.993
301.018
301.043
301.068
301.093
301.117
301.142
301.167
301.191
301.216
301.24
301.264
301.287
301.311
301.334
301.357
301.38
301.402
301.425
301.447
301.468
301.489
301.51
300.004
300.011
300.018
300.026
300.034
300.042
300.051
300.06
300.069
300.079
300.089
300.1
300.11
300.121
300.133
300.145
300.157
300.169
300.182
300.195
300.209
300.223
300.237
300.252
300.267
300.283
300.298
300.315
300.331
300.348
300.366
300.383
300.401
300.42
300.439
300.458
300.477
300.497
300.517
300.537
300.558
300.579
300.6
300.622
300.644
300.666
300.688
300.711
300.733
300.756
300.779
300.802
300.826
300.849
300.873
300.896
300.92
300.943
300.967
300.99
301.014
301.038
301.061
301.084
301.108
301.131
301.154
301.176
301.199
301.221
301.244
301.266
301.287
301.309
301.33
301.351
301.372
301.392
301.412
301.432
301.452
300.004
300.011
300.018
300.026
300.034
300.042
300.051
300.06
300.069
300.079
300.089
300.099
300.11
300.121
300.132
300.144
300.156
300.168
300.181
300.194
300.208
300.221
300.236
300.25
300.265
300.28
300.296
300.312
300.328
300.345
300.362
300.379
300.397
300.415
300.433
300.452
300.471
300.49
300.51
300.53
300.55
300.57
300.591
300.611
300.632
300.654
300.675
300.697
300.718
300.74
300.762
300.784
300.807
300.829
300.851
300.873
300.896
300.918
300.94
300.963
300.985
301.007
301.029
301.051
301.073
301.095
301.116
301.137
301.159
301.18
301.2
301.221
301.241
301.261
301.281
301.301
301.32
301.339
301.358
301.377
301.395
300.003
300.011
300.018
300.026
300.034
300.042
300.051
300.06
300.069
300.078
300.088
300.099
300.109
300.12
300.131
300.143
300.155
300.167
300.18
300.193
300.206
300.22
300.234
300.248
300.263
300.278
300.293
300.309
300.325
300.341
300.358
300.375
300.392
300.41
300.428
300.446
300.464
300.483
300.502
300.521
300.541
300.56
300.58
300.6
300.621
300.641
300.661
300.682
300.703
300.724
300.745
300.766
300.787
300.808
300.829
300.85
300.872
300.893
300.914
300.935
300.956
300.977
300.997
301.018
301.038
301.059
301.079
301.099
301.119
301.138
301.158
301.177
301.196
301.215
301.233
301.252
301.27
301.288
301.305
301.323
301.34
300.003
300.011
300.018
300.026
300.034
300.042
300.05
300.059
300.068
300.078
300.088
300.098
300.108
300.119
300.13
300.142
300.154
300.166
300.178
300.191
300.204
300.218
300.232
300.246
300.26
300.275
300.29
300.306
300.321
300.337
300.354
300.37
300.387
300.404
300.422
300.44
300.457
300.476
300.494
300.513
300.531
300.55
300.569
300.589
300.608
300.628
300.647
300.667
300.687
300.707
300.727
300.747
300.767
300.787
300.807
300.827
300.847
300.867
300.887
300.907
300.927
300.946
300.966
300.985
301.004
301.024
301.042
301.061
301.08
301.098
301.116
301.134
301.152
301.17
301.187
301.204
301.221
301.238
301.255
301.271
301.287
300.003
300.01
300.018
300.025
300.033
300.042
300.05
300.059
300.068
300.077
300.087
300.097
300.108
300.118
300.13
300.141
300.153
300.165
300.177
300.19
300.203
300.216
300.23
300.243
300.258
300.272
300.287
300.302
300.318
300.333
300.349
300.365
300.382
300.399
300.416
300.433
300.45
300.468
300.485
300.503
300.522
300.54
300.558
300.577
300.595
300.614
300.633
300.652
300.671
300.69
300.709
300.728
300.747
300.766
300.785
300.804
300.823
300.842
300.861
300.879
300.898
300.917
300.935
300.953
300.971
300.989
301.007
301.025
301.042
301.059
301.077
301.093
301.11
301.127
301.143
301.159
301.175
301.19
301.206
301.221
301.236
300.003
300.01
300.018
300.025
300.033
300.041
300.05
300.058
300.068
300.077
300.087
300.097
300.107
300.118
300.129
300.14
300.151
300.163
300.175
300.188
300.201
300.214
300.227
300.241
300.255
300.269
300.284
300.299
300.314
300.329
300.344
300.36
300.376
300.393
300.409
300.426
300.443
300.46
300.477
300.494
300.512
300.529
300.547
300.565
300.583
300.601
300.619
300.637
300.655
300.673
300.691
300.709
300.727
300.745
300.764
300.782
300.799
300.817
300.835
300.853
300.87
300.888
300.905
300.922
300.939
300.956
300.973
300.99
301.006
301.022
301.038
301.054
301.07
301.085
301.101
301.116
301.131
301.145
301.16
301.174
301.188
300.003
300.01
300.018
300.025
300.033
300.041
300.049
300.058
300.067
300.076
300.086
300.096
300.106
300.117
300.127
300.139
300.15
300.162
300.174
300.186
300.199
300.212
300.225
300.238
300.252
300.266
300.28
300.295
300.309
300.324
300.34
300.355
300.371
300.386
300.402
300.419
300.435
300.451
300.468
300.485
300.502
300.519
300.536
300.553
300.57
300.587
300.604
300.622
300.639
300.656
300.674
300.691
300.708
300.725
300.742
300.76
300.777
300.793
300.81
300.827
300.844
300.86
300.877
300.893
300.909
300.925
300.941
300.956
300.972
300.987
301.002
301.017
301.032
301.046
301.061
301.075
301.089
301.103
301.117
301.13
301.143
300.003
300.01
300.017
300.025
300.033
300.041
300.049
300.058
300.067
300.076
300.085
300.095
300.105
300.116
300.126
300.137
300.149
300.16
300.172
300.184
300.197
300.209
300.222
300.235
300.249
300.263
300.277
300.291
300.305
300.32
300.335
300.35
300.365
300.38
300.396
300.411
300.427
300.443
300.459
300.475
300.492
300.508
300.524
300.541
300.557
300.574
300.59
300.607
300.624
300.64
300.657
300.673
300.69
300.706
300.722
300.739
300.755
300.771
300.787
300.803
300.818
300.834
300.85
300.865
300.88
300.895
300.91
300.925
300.94
300.954
300.968
300.983
300.997
301.01
301.024
301.037
301.051
301.064
301.077
301.089
301.102
300.003
300.01
300.017
300.025
300.032
300.04
300.049
300.057
300.066
300.075
300.085
300.094
300.104
300.115
300.125
300.136
300.147
300.159
300.17
300.182
300.194
300.207
300.22
300.233
300.246
300.259
300.273
300.287
300.301
300.315
300.33
300.344
300.359
300.374
300.389
300.404
300.42
300.435
300.451
300.466
300.482
300.498
300.514
300.53
300.545
300.561
300.577
300.593
300.609
300.625
300.641
300.656
300.672
300.688
300.703
300.719
300.734
300.75
300.765
300.78
300.795
300.81
300.825
300.839
300.854
300.868
300.882
300.896
300.91
300.924
300.937
300.951
300.964
300.977
300.99
301.003
301.015
301.028
301.04
301.052
301.064
300.003
300.01
300.017
300.025
300.032
300.04
300.048
300.057
300.065
300.074
300.084
300.093
300.103
300.114
300.124
300.135
300.146
300.157
300.169
300.18
300.192
300.205
300.217
300.23
300.243
300.256
300.27
300.283
300.297
300.311
300.325
300.339
300.354
300.368
300.383
300.398
300.413
300.428
300.443
300.458
300.473
300.488
300.504
300.519
300.534
300.549
300.565
300.58
300.595
300.611
300.626
300.641
300.656
300.671
300.686
300.701
300.716
300.73
300.745
300.759
300.774
300.788
300.802
300.816
300.83
300.843
300.857
300.87
300.883
300.897
300.91
300.922
300.935
300.947
300.96
300.972
300.984
300.996
301.007
301.019
301.03
300.003
300.01
300.017
300.024
300.032
300.04
300.048
300.056
300.065
300.074
300.083
300.093
300.102
300.112
300.123
300.133
300.144
300.155
300.167
300.178
300.19
300.202
300.215
300.227
300.24
300.253
300.266
300.279
300.293
300.307
300.32
300.334
300.349
300.363
300.377
300.391
300.406
300.421
300.435
300.45
300.465
300.479
300.494
300.509
300.524
300.539
300.554
300.568
300.583
300.598
300.612
300.627
300.642
300.656
300.67
300.685
300.699
300.713
300.727
300.741
300.755
300.768
300.782
300.795
300.808
300.821
300.834
300.847
300.86
300.872
300.885
300.897
300.909
300.921
300.933
300.945
300.956
300.967
300.979
300.99
301
300.003
300.01
300.017
300.024
300.032
300.039
300.047
300.056
300.064
300.073
300.082
300.092
300.101
300.111
300.122
300.132
300.143
300.154
300.165
300.177
300.188
300.2
300.212
300.225
300.237
300.25
300.263
300.276
300.289
300.303
300.316
300.33
300.344
300.358
300.372
300.386
300.4
300.414
300.428
300.443
300.457
300.472
300.486
300.5
300.515
300.529
300.544
300.558
300.572
300.586
300.601
300.615
300.629
300.643
300.657
300.671
300.684
300.698
300.711
300.725
300.738
300.751
300.764
300.777
300.79
300.803
300.815
300.828
300.84
300.852
300.864
300.876
300.887
300.899
300.91
300.921
300.932
300.943
300.954
300.965
300.975
300.003
300.01
300.017
300.024
300.031
300.039
300.047
300.055
300.064
300.073
300.082
300.091
300.101
300.111
300.121
300.131
300.142
300.153
300.164
300.175
300.187
300.198
300.21
300.223
300.235
300.248
300.26
300.273
300.286
300.299
300.313
300.326
300.34
300.353
300.367
300.381
300.395
300.409
300.423
300.437
300.451
300.465
300.479
300.493
300.507
300.521
300.535
300.549
300.563
300.577
300.591
300.604
300.618
300.632
300.645
300.659
300.672
300.685
300.698
300.711
300.724
300.737
300.75
300.762
300.775
300.787
300.799
300.811
300.823
300.835
300.846
300.858
300.869
300.88
300.891
300.902
300.913
300.924
300.934
300.944
300.954
300.003
300.01
300.017
300.024
300.031
300.039
300.047
300.055
300.063
300.072
300.081
300.09
300.1
300.11
300.12
300.13
300.141
300.151
300.162
300.174
300.185
300.197
300.209
300.221
300.233
300.245
300.258
300.271
300.284
300.297
300.31
300.323
300.336
300.35
300.363
300.377
300.391
300.404
300.418
300.432
300.446
300.459
300.473
300.487
300.501
300.515
300.528
300.542
300.556
300.569
300.583
300.596
300.61
300.623
300.636
300.649
300.662
300.675
300.688
300.701
300.714
300.726
300.739
300.751
300.763
300.775
300.787
300.799
300.81
300.822
300.833
300.844
300.855
300.866
300.877
300.887
300.898
300.908
300.918
300.929
300.938
300.003
300.01
300.017
300.024
300.031
300.039
300.046
300.055
300.063
300.072
300.081
300.09
300.099
300.109
300.119
300.129
300.14
300.15
300.161
300.173
300.184
300.195
300.207
300.219
300.231
300.244
300.256
300.269
300.281
300.294
300.307
300.32
300.334
300.347
300.36
300.374
300.387
300.401
300.414
300.428
300.442
300.455
300.469
300.483
300.496
300.51
300.523
300.537
300.55
300.564
300.577
300.59
300.604
300.617
300.63
300.643
300.655
300.668
300.681
300.693
300.706
300.718
300.73
300.742
300.754
300.766
300.778
300.789
300.801
300.812
300.823
300.834
300.845
300.856
300.866
300.877
300.887
300.897
300.907
300.917
300.927
300.003
300.01
300.016
300.023
300.031
300.038
300.046
300.054
300.063
300.071
300.08
300.089
300.099
300.109
300.118
300.129
300.139
300.15
300.161
300.172
300.183
300.195
300.206
300.218
300.23
300.242
300.255
300.267
300.28
300.293
300.306
300.319
300.332
300.345
300.358
300.372
300.385
300.399
300.412
300.426
300.439
300.453
300.466
300.48
300.493
300.507
300.52
300.533
300.547
300.56
300.573
300.586
300.599
300.612
300.625
300.638
300.651
300.664
300.676
300.688
300.701
300.713
300.725
300.737
300.749
300.76
300.772
300.783
300.795
300.806
300.817
300.828
300.839
300.849
300.86
300.87
300.88
300.89
300.9
300.91
300.92
300.003
300.01
300.016
300.023
300.031
300.038
300.046
300.054
300.062
300.071
300.08
300.089
300.099
300.108
300.118
300.128
300.139
300.149
300.16
300.171
300.182
300.194
300.206
300.217
300.229
300.242
300.254
300.267
300.279
300.292
300.305
300.318
300.331
300.344
300.357
300.371
300.384
300.397
300.411
300.424
300.438
300.451
300.465
300.478
300.491
300.505
300.518
300.532
300.545
300.558
300.571
300.584
300.597
300.61
300.623
300.636
300.648
300.661
300.674
300.686
300.698
300.71
300.722
300.734
300.746
300.758
300.769
300.78
300.792
300.803
300.814
300.825
300.835
300.846
300.856
300.867
300.877
300.887
300.897
300.906
300.916
300.003
300.01
300.016
300.023
300.031
300.038
300.046
300.054
300.062
300.071
300.08
300.089
300.098
300.108
300.118
300.128
300.138
300.149
300.16
300.171
300.182
300.194
300.205
300.217
300.229
300.241
300.254
300.266
300.279
300.292
300.304
300.317
300.33
300.344
300.357
300.37
300.383
300.397
300.41
300.424
300.437
300.45
300.464
300.477
300.491
300.504
300.518
300.531
300.544
300.557
300.57
300.584
300.597
300.609
300.622
300.635
300.648
300.66
300.673
300.685
300.697
300.709
300.721
300.733
300.745
300.757
300.768
300.779
300.791
300.802
300.813
300.824
300.834
300.845
300.855
300.865
300.876
300.886
300.895
300.905
300.915
303.023
303.152
303.229
303.301
303.365
303.416
303.451
303.491
303.531
303.568
303.599
303.634
303.668
303.702
303.736
303.769
303.8
303.828
303.857
303.887
303.916
303.946
303.975
304.004
304.033
304.062
304.09
304.118
304.145
304.172
304.199
304.226
304.252
304.279
304.305
304.33
304.356
304.381
304.406
304.431
304.456
304.479
304.505
304.532
304.558
304.584
304.607
304.632
304.658
304.684
304.708
304.731
304.755
304.78
304.805
304.831
304.857
304.882
304.908
304.932
304.953
304.976
304.999
305.024
305.049
305.073
305.098
305.123
305.147
305.171
305.195
305.219
305.242
305.266
305.29
305.313
305.337
305.36
305.382
305.407
305.436
305.461
305.485
305.508
305.529
305.55
305.575
305.602
305.627
305.649
305.669
305.693
305.72
305.743
305.768
305.796
305.821
305.843
305.869
305.894
305.915
305.94
305.961
305.986
306.012
306.04
306.065
306.085
306.11
306.13
306.154
306.18
306.207
306.235
306.259
306.279
306.303
306.329
306.355
306.378
306.396
306.418
306.443
306.466
306.489
306.506
306.526
306.547
306.569
306.589
306.609
306.628
306.645
306.662
306.677
306.692
306.704
306.716
306.726
306.734
306.74
306.745
306.747
306.748
306.746
306.741
306.734
306.724
306.711
306.694
306.67
306.644
306.616
306.583
306.544
306.498
306.448
306.361
306.28
306.178
306.044
302.922
303.035
303.123
303.199
303.264
303.319
303.365
303.409
303.451
303.49
303.526
303.563
303.598
303.634
303.668
303.702
303.734
303.764
303.795
303.825
303.855
303.885
303.915
303.945
303.974
304.003
304.032
304.06
304.088
304.116
304.143
304.17
304.197
304.224
304.25
304.276
304.302
304.328
304.353
304.378
304.404
304.429
304.454
304.481
304.507
304.532
304.557
304.582
304.608
304.633
304.658
304.682
304.706
304.732
304.757
304.783
304.808
304.834
304.859
304.884
304.906
304.929
304.953
304.978
305.003
305.027
305.052
305.077
305.102
305.126
305.15
305.174
305.198
305.222
305.246
305.269
305.293
305.317
305.34
305.365
305.392
305.418
305.442
305.465
305.488
305.51
305.534
305.56
305.585
305.608
305.63
305.654
305.68
305.704
305.729
305.756
305.781
305.805
305.83
305.855
305.877
305.902
305.925
305.949
305.975
306.003
306.027
306.049
306.073
306.095
306.119
306.145
306.172
306.199
306.224
306.245
306.269
306.295
306.321
306.344
306.364
306.386
306.41
306.434
306.456
306.475
306.495
306.517
306.538
306.559
306.579
306.598
306.616
306.633
306.648
306.663
306.676
306.687
306.697
306.706
306.712
306.717
306.72
306.72
306.719
306.714
306.707
306.697
306.684
306.666
306.643
306.617
306.588
306.554
306.514
306.467
306.413
306.328
306.243
306.135
305.989
302.84
302.939
303.025
303.1
303.166
303.225
303.276
303.323
303.368
303.41
303.449
303.487
303.525
303.561
303.596
303.631
303.664
303.696
303.728
303.759
303.79
303.821
303.851
303.881
303.911
303.941
303.97
303.999
304.027
304.055
304.083
304.111
304.138
304.165
304.192
304.219
304.245
304.271
304.297
304.323
304.348
304.374
304.4
304.426
304.452
304.478
304.503
304.529
304.555
304.58
304.605
304.63
304.655
304.68
304.706
304.731
304.757
304.783
304.808
304.832
304.856
304.88
304.904
304.929
304.953
304.978
305.003
305.028
305.053
305.078
305.102
305.126
305.15
305.175
305.199
305.223
305.247
305.271
305.295
305.32
305.346
305.372
305.396
305.42
305.443
305.466
305.491
305.516
305.541
305.564
305.587
305.612
305.637
305.662
305.687
305.714
305.739
305.763
305.789
305.813
305.837
305.861
305.885
305.91
305.936
305.963
305.988
306.011
306.035
306.058
306.082
306.108
306.135
306.161
306.186
306.209
306.233
306.259
306.284
306.308
306.329
306.352
306.376
306.399
306.422
306.442
306.463
306.484
306.505
306.526
306.546
306.566
306.584
306.601
306.617
306.632
306.645
306.657
306.667
306.676
306.683
306.688
306.691
306.691
306.69
306.686
306.679
306.668
306.655
306.637
306.614
306.588
306.558
306.523
306.482
306.434
306.376
306.293
306.204
306.092
305.937
302.766
302.853
302.934
303.007
303.073
303.132
303.186
303.236
303.283
303.327
303.368
303.408
303.447
303.485
303.521
303.557
303.591
303.624
303.657
303.689
303.721
303.753
303.784
303.815
303.845
303.875
303.905
303.934
303.963
303.992
304.02
304.048
304.076
304.103
304.13
304.157
304.184
304.211
304.237
304.263
304.289
304.316
304.342
304.368
304.394
304.42
304.446
304.472
304.498
304.524
304.549
304.574
304.599
304.625
304.651
304.676
304.702
304.728
304.753
304.778
304.802
304.827
304.851
304.876
304.901
304.926
304.951
304.976
305.001
305.026
305.051
305.075
305.1
305.124
305.148
305.173
305.197
305.222
305.246
305.271
305.297
305.323
305.347
305.371
305.395
305.419
305.444
305.469
305.494
305.518
305.542
305.566
305.592
305.617
305.642
305.668
305.694
305.719
305.744
305.769
305.793
305.818
305.842
305.868
305.894
305.92
305.945
305.969
305.993
306.017
306.042
306.068
306.095
306.121
306.146
306.17
306.195
306.22
306.245
306.269
306.292
306.315
306.339
306.362
306.385
306.406
306.427
306.449
306.47
306.492
306.512
306.531
306.55
306.567
306.584
306.599
306.612
306.625
306.635
306.644
306.651
306.656
306.66
306.66
306.659
306.655
306.648
306.638
306.624
306.606
306.584
306.557
306.527
306.491
306.449
306.399
306.338
306.257
306.164
306.048
305.887
302.696
302.774
302.849
302.918
302.982
303.042
303.097
303.148
303.196
303.242
303.285
303.327
303.367
303.405
303.443
303.479
303.515
303.549
303.583
303.616
303.649
303.681
303.713
303.744
303.775
303.805
303.836
303.865
303.895
303.924
303.953
303.981
304.01
304.037
304.065
304.093
304.12
304.147
304.174
304.2
304.227
304.253
304.28
304.307
304.333
304.359
304.385
304.412
304.438
304.464
304.489
304.515
304.541
304.566
304.592
304.618
304.644
304.67
304.695
304.72
304.745
304.77
304.795
304.82
304.845
304.87
304.896
304.921
304.946
304.971
304.996
305.021
305.046
305.07
305.095
305.12
305.144
305.169
305.194
305.219
305.245
305.271
305.296
305.32
305.344
305.369
305.394
305.419
305.444
305.469
305.493
305.518
305.543
305.569
305.594
305.62
305.646
305.672
305.697
305.722
305.747
305.772
305.797
305.822
305.848
305.875
305.9
305.925
305.95
305.974
305.999
306.025
306.052
306.078
306.104
306.128
306.153
306.179
306.204
306.229
306.252
306.275
306.299
306.323
306.346
306.368
306.39
306.412
306.433
306.455
306.475
306.495
306.514
306.532
306.548
306.564
306.578
306.59
306.601
306.61
306.618
306.623
306.627
306.628
306.626
306.622
306.615
306.605
306.592
306.574
306.551
306.524
306.493
306.457
306.414
306.362
306.3
306.218
306.123
306.003
305.84
302.628
302.699
302.768
302.833
302.895
302.954
303.008
303.06
303.109
303.155
303.2
303.242
303.283
303.323
303.361
303.399
303.435
303.471
303.505
303.539
303.573
303.605
303.638
303.67
303.701
303.732
303.763
303.793
303.823
303.853
303.882
303.911
303.94
303.968
303.996
304.024
304.052
304.079
304.106
304.133
304.16
304.187
304.214
304.241
304.268
304.294
304.321
304.347
304.374
304.4
304.426
304.452
304.478
304.504
304.53
304.556
304.582
304.608
304.634
304.659
304.685
304.71
304.735
304.76
304.786
304.811
304.837
304.862
304.887
304.913
304.938
304.963
304.988
305.013
305.038
305.063
305.088
305.113
305.139
305.164
305.19
305.215
305.241
305.266
305.29
305.315
305.34
305.366
305.391
305.416
305.441
305.466
305.492
305.517
305.543
305.569
305.595
305.621
305.647
305.672
305.698
305.723
305.748
305.774
305.8
305.827
305.852
305.878
305.903
305.928
305.954
305.98
306.006
306.033
306.059
306.084
306.109
306.135
306.16
306.185
306.209
306.233
306.257
306.281
306.305
306.327
306.349
306.372
306.394
306.415
306.436
306.456
306.476
306.494
306.511
306.526
306.541
306.553
306.565
306.574
306.582
306.588
306.591
306.593
306.592
306.588
306.581
306.571
306.557
306.539
306.517
306.49
306.458
306.421
306.377
306.324
306.259
306.177
306.08
305.958
305.795
302.562
302.627
302.69
302.752
302.811
302.867
302.921
302.972
303.021
303.068
303.113
303.156
303.198
303.238
303.277
303.315
303.353
303.389
303.424
303.459
303.493
303.526
303.559
303.592
303.624
303.655
303.686
303.717
303.748
303.778
303.807
303.837
303.866
303.895
303.923
303.952
303.98
304.008
304.035
304.063
304.09
304.118
304.145
304.172
304.199
304.226
304.253
304.279
304.306
304.332
304.359
304.385
304.412
304.438
304.464
304.49
304.517
304.543
304.569
304.595
304.62
304.646
304.671
304.697
304.723
304.748
304.774
304.8
304.825
304.851
304.876
304.902
304.927
304.953
304.978
305.003
305.029
305.054
305.079
305.105
305.131
305.157
305.182
305.208
305.233
305.258
305.283
305.309
305.335
305.36
305.385
305.411
305.437
305.463
305.489
305.515
305.541
305.567
305.593
305.619
305.645
305.671
305.697
305.723
305.749
305.775
305.802
305.827
305.853
305.879
305.905
305.931
305.958
305.984
306.011
306.036
306.062
306.088
306.114
306.139
306.164
306.188
306.213
306.237
306.261
306.284
306.307
306.329
306.352
306.373
306.395
306.415
306.435
306.453
306.47
306.487
306.501
306.514
306.526
306.536
306.544
306.55
306.554
306.556
306.555
306.551
306.545
306.535
306.521
306.503
306.48
306.453
306.421
306.383
306.338
306.283
306.217
306.135
306.036
305.912
305.751
302.496
302.556
302.615
302.673
302.729
302.783
302.835
302.885
302.934
302.98
303.025
303.069
303.111
303.151
303.191
303.23
303.267
303.304
303.34
303.375
303.41
303.444
303.477
303.51
303.543
303.575
303.606
303.638
303.669
303.699
303.729
303.759
303.789
303.818
303.847
303.875
303.904
303.932
303.96
303.988
304.016
304.044
304.071
304.099
304.126
304.153
304.18
304.207
304.234
304.261
304.288
304.315
304.341
304.368
304.394
304.421
304.447
304.474
304.5
304.526
304.552
304.578
304.604
304.63
304.656
304.682
304.708
304.734
304.759
304.785
304.811
304.837
304.862
304.888
304.914
304.939
304.965
304.991
305.017
305.043
305.069
305.094
305.12
305.146
305.172
305.197
305.223
305.249
305.275
305.3
305.326
305.352
305.378
305.405
305.431
305.457
305.484
305.51
305.537
305.563
305.589
305.615
305.641
305.668
305.694
305.721
305.748
305.774
305.8
305.826
305.853
305.879
305.906
305.933
305.96
305.986
306.012
306.038
306.064
306.09
306.115
306.14
306.165
306.19
306.214
306.238
306.261
306.284
306.307
306.329
306.35
306.371
306.391
306.41
306.428
306.444
306.459
306.473
306.485
306.495
306.504
306.51
306.515
306.517
306.516
306.512
306.506
306.496
306.482
306.464
306.442
306.414
306.382
306.343
306.297
306.241
306.174
306.091
305.991
305.867
305.709
302.431
302.486
302.541
302.595
302.648
302.7
302.75
302.799
302.846
302.892
302.937
302.98
303.022
303.063
303.103
303.142
303.18
303.217
303.253
303.289
303.324
303.358
303.392
303.426
303.458
303.491
303.523
303.555
303.586
303.617
303.647
303.677
303.707
303.737
303.766
303.796
303.824
303.853
303.882
303.91
303.938
303.966
303.994
304.022
304.049
304.077
304.104
304.132
304.159
304.186
304.213
304.24
304.267
304.294
304.321
304.347
304.374
304.401
304.427
304.454
304.48
304.506
304.532
304.559
304.585
304.611
304.637
304.664
304.69
304.716
304.742
304.768
304.794
304.82
304.846
304.872
304.898
304.924
304.95
304.976
305.002
305.029
305.055
305.081
305.107
305.133
305.159
305.185
305.211
305.237
305.264
305.29
305.316
305.343
305.37
305.396
305.423
305.45
305.476
305.503
305.53
305.556
305.583
305.61
305.637
305.663
305.69
305.717
305.744
305.77
305.797
305.824
305.851
305.879
305.906
305.932
305.959
305.986
306.012
306.038
306.064
306.089
306.115
306.14
306.164
306.188
306.212
306.236
306.259
306.281
306.303
306.325
306.345
306.364
306.382
306.399
306.415
306.429
306.442
306.452
306.461
306.468
306.473
306.475
306.475
306.471
306.465
306.455
306.442
306.424
306.401
306.374
306.341
306.301
306.254
306.198
306.129
306.046
305.945
305.822
305.668
302.366
302.417
302.469
302.519
302.569
302.618
302.666
302.714
302.76
302.804
302.848
302.891
302.933
302.973
303.013
303.052
303.09
303.127
303.164
303.2
303.235
303.27
303.304
303.338
303.371
303.404
303.436
303.468
303.5
303.531
303.562
303.592
303.623
303.653
303.682
303.712
303.741
303.77
303.799
303.828
303.856
303.885
303.913
303.941
303.969
303.997
304.024
304.052
304.079
304.107
304.134
304.162
304.189
304.216
304.243
304.27
304.297
304.324
304.351
304.377
304.404
304.431
304.457
304.484
304.51
304.537
304.563
304.59
304.616
304.643
304.669
304.695
304.722
304.748
304.774
304.8
304.827
304.853
304.88
304.906
304.933
304.959
304.985
305.012
305.038
305.065
305.091
305.118
305.144
305.171
305.197
305.224
305.251
305.278
305.304
305.332
305.359
305.386
305.413
305.44
305.467
305.494
305.521
305.548
305.575
305.602
305.63
305.657
305.684
305.711
305.738
305.766
305.793
305.821
305.848
305.875
305.902
305.929
305.956
305.983
306.009
306.035
306.061
306.086
306.111
306.136
306.16
306.184
306.208
306.231
306.254
306.275
306.296
306.316
306.334
306.352
306.368
306.382
306.395
306.407
306.416
306.423
306.428
306.431
306.431
306.428
306.422
306.412
306.399
306.381
306.358
306.331
306.297
306.258
306.21
306.153
306.084
306
305.899
305.777
305.628
302.301
302.349
302.397
302.444
302.491
302.538
302.584
302.629
302.673
302.717
302.76
302.802
302.843
302.883
302.922
302.961
302.999
303.036
303.073
303.109
303.144
303.179
303.213
303.247
303.281
303.314
303.346
303.379
303.41
303.442
303.473
303.504
303.534
303.565
303.595
303.625
303.654
303.684
303.713
303.742
303.771
303.799
303.828
303.856
303.884
303.912
303.94
303.968
303.996
304.024
304.052
304.079
304.107
304.134
304.161
304.189
304.216
304.243
304.27
304.297
304.324
304.351
304.378
304.405
304.431
304.458
304.485
304.512
304.539
304.565
304.592
304.619
304.645
304.672
304.699
304.725
304.752
304.778
304.805
304.832
304.859
304.886
304.912
304.939
304.966
304.993
305.019
305.046
305.073
305.1
305.127
305.154
305.181
305.208
305.236
305.263
305.29
305.318
305.345
305.373
305.4
305.427
305.455
305.483
305.51
305.538
305.565
305.593
305.621
305.648
305.676
305.704
305.732
305.759
305.787
305.815
305.842
305.87
305.897
305.924
305.951
305.977
306.004
306.03
306.055
306.081
306.106
306.13
306.154
306.178
306.201
306.223
306.244
306.264
306.283
306.301
306.318
306.333
306.346
306.358
306.368
306.376
306.381
306.384
306.385
306.382
306.376
306.367
306.353
306.336
306.313
306.286
306.252
306.212
306.164
306.106
306.036
305.953
305.853
305.733
305.589
302.236
302.281
302.325
302.37
302.414
302.458
302.502
302.545
302.588
302.63
302.671
302.712
302.752
302.792
302.831
302.869
302.906
302.943
302.98
303.016
303.051
303.086
303.12
303.154
303.188
303.221
303.254
303.286
303.318
303.35
303.381
303.412
303.443
303.474
303.504
303.534
303.564
303.593
303.623
303.652
303.681
303.71
303.739
303.768
303.796
303.824
303.853
303.881
303.909
303.937
303.965
303.993
304.02
304.048
304.076
304.103
304.131
304.158
304.186
304.213
304.24
304.267
304.294
304.322
304.349
304.376
304.403
304.43
304.457
304.484
304.511
304.538
304.565
304.592
304.619
304.646
304.673
304.7
304.727
304.754
304.781
304.808
304.835
304.862
304.889
304.917
304.944
304.971
304.998
305.026
305.053
305.08
305.108
305.135
305.163
305.191
305.218
305.246
305.274
305.302
305.33
305.358
305.385
305.413
305.441
305.469
305.498
305.526
305.554
305.582
305.61
305.638
305.666
305.695
305.723
305.751
305.779
305.807
305.835
305.862
305.889
305.916
305.943
305.97
305.996
306.022
306.047
306.072
306.097
306.121
306.144
306.167
306.189
306.21
306.229
306.248
306.265
306.281
306.295
306.307
306.317
306.326
306.332
306.335
306.336
306.334
306.328
306.319
306.306
306.288
306.266
306.238
306.205
306.164
306.116
306.057
305.988
305.905
305.806
305.688
305.55
302.171
302.213
302.254
302.296
302.338
302.38
302.421
302.462
302.503
302.543
302.583
302.623
302.662
302.7
302.738
302.776
302.813
302.849
302.885
302.921
302.956
302.991
303.025
303.059
303.092
303.126
303.158
303.191
303.223
303.255
303.286
303.317
303.348
303.379
303.41
303.44
303.47
303.5
303.529
303.559
303.588
303.617
303.646
303.675
303.704
303.733
303.761
303.79
303.818
303.846
303.874
303.902
303.93
303.958
303.986
304.014
304.042
304.069
304.097
304.125
304.152
304.18
304.207
304.235
304.262
304.289
304.317
304.344
304.371
304.399
304.426
304.453
304.481
304.508
304.535
304.563
304.59
304.617
304.645
304.672
304.699
304.727
304.754
304.782
304.809
304.837
304.864
304.892
304.919
304.947
304.975
305.003
305.03
305.058
305.086
305.115
305.143
305.171
305.199
305.227
305.255
305.284
305.312
305.341
305.369
305.397
305.426
305.454
305.483
305.512
305.54
305.569
305.598
305.626
305.655
305.683
305.712
305.74
305.768
305.797
305.824
305.852
305.879
305.906
305.933
305.96
305.986
306.011
306.036
306.061
306.085
306.108
306.13
306.152
306.172
306.191
306.209
306.225
306.24
306.253
306.264
306.272
306.279
306.283
306.284
306.282
306.277
306.269
306.256
306.239
306.216
306.189
306.155
306.115
306.066
306.008
305.938
305.856
305.759
305.644
305.512
302.106
302.145
302.184
302.223
302.262
302.302
302.341
302.38
302.419
302.458
302.496
302.534
302.572
302.609
302.646
302.683
302.719
302.755
302.79
302.825
302.86
302.894
302.928
302.962
302.995
303.028
303.061
303.093
303.125
303.157
303.189
303.22
303.251
303.282
303.312
303.343
303.373
303.403
303.433
303.463
303.492
303.521
303.551
303.58
303.609
303.637
303.666
303.695
303.723
303.752
303.78
303.809
303.837
303.865
303.893
303.921
303.949
303.977
304.005
304.033
304.061
304.088
304.116
304.144
304.171
304.199
304.227
304.254
304.282
304.31
304.337
304.365
304.392
304.42
304.448
304.475
304.503
304.531
304.558
304.586
304.614
304.641
304.669
304.697
304.725
304.753
304.781
304.809
304.837
304.865
304.893
304.921
304.949
304.978
305.006
305.034
305.063
305.092
305.12
305.149
305.177
305.206
305.235
305.264
305.293
305.322
305.351
305.38
305.409
305.438
305.467
305.496
305.525
305.554
305.583
305.612
305.641
305.67
305.699
305.727
305.756
305.784
305.812
305.839
305.867
305.894
305.92
305.947
305.972
305.998
306.022
306.046
306.069
306.091
306.112
306.131
306.15
306.167
306.182
306.195
306.207
306.216
306.223
306.228
306.23
306.229
306.224
306.216
306.203
306.186
306.164
306.137
306.104
306.063
306.014
305.957
305.888
305.807
305.711
305.601
305.475
302.041
302.077
302.114
302.151
302.187
302.224
302.261
302.299
302.335
302.372
302.409
302.446
302.482
302.518
302.554
302.589
302.625
302.66
302.694
302.729
302.763
302.797
302.83
302.864
302.897
302.929
302.962
302.994
303.026
303.058
303.089
303.12
303.151
303.182
303.213
303.243
303.273
303.303
303.333
303.363
303.393
303.422
303.452
303.481
303.51
303.539
303.568
303.597
303.625
303.654
303.683
303.711
303.739
303.768
303.796
303.824
303.853
303.881
303.909
303.937
303.965
303.993
304.021
304.049
304.077
304.105
304.133
304.161
304.189
304.216
304.244
304.272
304.3
304.328
304.356
304.384
304.412
304.44
304.468
304.496
304.524
304.552
304.58
304.609
304.637
304.665
304.693
304.722
304.75
304.778
304.807
304.836
304.864
304.893
304.922
304.951
304.979
305.008
305.037
305.066
305.096
305.125
305.154
305.183
305.213
305.242
305.271
305.301
305.33
305.36
305.389
305.419
305.449
305.478
305.508
305.537
305.567
305.596
305.625
305.655
305.683
305.712
305.741
305.769
305.797
305.824
305.852
305.878
305.905
305.931
305.956
305.98
306.004
306.026
306.048
306.068
306.087
306.105
306.121
306.135
306.147
306.157
306.165
306.17
306.172
306.172
306.168
306.16
306.148
306.132
306.11
306.083
306.05
306.01
305.962
305.904
305.836
305.757
305.664
305.558
305.437
301.976
302.01
302.044
302.078
302.113
302.148
302.183
302.218
302.253
302.288
302.323
302.358
302.393
302.427
302.462
302.496
302.531
302.565
302.598
302.632
302.665
302.699
302.731
302.764
302.797
302.829
302.861
302.893
302.925
302.956
302.987
303.018
303.049
303.08
303.111
303.141
303.171
303.201
303.231
303.261
303.291
303.32
303.35
303.379
303.408
303.437
303.466
303.495
303.524
303.553
303.582
303.61
303.639
303.667
303.696
303.724
303.753
303.781
303.809
303.838
303.866
303.894
303.922
303.951
303.979
304.007
304.035
304.063
304.091
304.12
304.148
304.176
304.204
304.232
304.261
304.289
304.317
304.346
304.374
304.402
304.431
304.459
304.488
304.516
304.545
304.573
304.602
304.631
304.659
304.688
304.717
304.746
304.775
304.804
304.833
304.863
304.892
304.921
304.951
304.98
305.01
305.039
305.069
305.099
305.129
305.158
305.188
305.218
305.248
305.278
305.308
305.338
305.368
305.399
305.429
305.459
305.489
305.518
305.548
305.578
305.607
305.637
305.666
305.695
305.723
305.751
305.779
305.807
305.834
305.86
305.886
305.911
305.935
305.958
305.98
306.001
306.021
306.039
306.056
306.071
306.084
306.095
306.103
306.109
306.112
306.112
306.109
306.101
306.09
306.074
306.053
306.027
305.994
305.955
305.907
305.85
305.784
305.706
305.617
305.514
305.4
301.911
301.943
301.975
302.007
302.039
302.072
302.105
302.138
302.171
302.205
302.238
302.271
302.304
302.338
302.371
302.404
302.437
302.47
302.503
302.535
302.568
302.6
302.632
302.664
302.696
302.728
302.76
302.791
302.822
302.853
302.884
302.915
302.946
302.976
303.007
303.037
303.067
303.097
303.127
303.156
303.186
303.216
303.245
303.274
303.304
303.333
303.362
303.391
303.42
303.449
303.478
303.506
303.535
303.564
303.592
303.621
303.649
303.678
303.707
303.735
303.763
303.792
303.82
303.849
303.877
303.906
303.934
303.962
303.991
304.019
304.048
304.076
304.105
304.133
304.162
304.19
304.219
304.247
304.276
304.305
304.333
304.362
304.391
304.42
304.449
304.478
304.507
304.536
304.565
304.594
304.624
304.653
304.682
304.712
304.742
304.771
304.801
304.831
304.861
304.89
304.92
304.95
304.981
305.011
305.041
305.071
305.102
305.132
305.162
305.193
305.223
305.254
305.285
305.315
305.346
305.376
305.407
305.437
305.467
305.498
305.528
305.558
305.587
305.617
305.646
305.675
305.703
305.731
305.759
305.786
305.812
305.838
305.863
305.886
305.909
305.931
305.952
305.97
305.988
306.004
306.017
306.029
306.038
306.045
306.049
306.049
306.047
306.04
306.029
306.014
305.994
305.968
305.936
305.897
305.851
305.796
305.731
305.655
305.569
305.471
305.362
301.846
301.876
301.906
301.936
301.967
301.997
302.028
302.059
302.091
302.122
302.154
302.185
302.217
302.249
302.28
302.312
302.344
302.376
302.407
302.439
302.47
302.502
302.533
302.564
302.595
302.627
302.657
302.688
302.719
302.75
302.78
302.811
302.841
302.871
302.901
302.931
302.961
302.991
303.02
303.05
303.08
303.109
303.138
303.168
303.197
303.226
303.255
303.284
303.313
303.342
303.371
303.4
303.428
303.457
303.486
303.515
303.543
303.572
303.601
303.629
303.658
303.686
303.715
303.744
303.772
303.801
303.83
303.858
303.887
303.915
303.944
303.973
304.002
304.03
304.059
304.088
304.117
304.146
304.175
304.204
304.233
304.262
304.291
304.32
304.349
304.379
304.408
304.438
304.467
304.497
304.526
304.556
304.586
304.616
304.646
304.676
304.706
304.736
304.767
304.797
304.827
304.858
304.888
304.919
304.95
304.98
305.011
305.042
305.073
305.104
305.135
305.166
305.197
305.228
305.259
305.29
305.321
305.352
305.383
305.414
305.444
305.475
305.505
305.535
305.565
305.594
305.623
305.652
305.68
305.708
305.735
305.761
305.787
305.811
305.835
305.857
305.878
305.898
305.916
305.933
305.947
305.96
305.97
305.977
305.982
305.983
305.981
305.976
305.966
305.952
305.932
305.907
305.876
305.839
305.793
305.739
305.677
305.604
305.521
305.428
305.324
301.782
301.809
301.837
301.866
301.894
301.923
301.952
301.982
302.011
302.041
302.071
302.101
302.131
302.161
302.191
302.222
302.252
302.282
302.313
302.343
302.374
302.404
302.434
302.465
302.495
302.525
302.555
302.586
302.616
302.646
302.676
302.706
302.735
302.765
302.795
302.824
302.854
302.883
302.913
302.942
302.971
303.001
303.03
303.059
303.088
303.117
303.146
303.175
303.204
303.233
303.262
303.291
303.319
303.348
303.377
303.406
303.435
303.463
303.492
303.521
303.549
303.578
303.607
303.636
303.664
303.693
303.722
303.751
303.78
303.809
303.837
303.866
303.895
303.924
303.953
303.983
304.012
304.041
304.07
304.099
304.129
304.158
304.188
304.217
304.247
304.276
304.306
304.336
304.366
304.396
304.426
304.456
304.486
304.516
304.547
304.577
304.608
304.638
304.669
304.7
304.731
304.761
304.792
304.824
304.855
304.886
304.917
304.948
304.98
305.011
305.043
305.074
305.106
305.137
305.169
305.2
305.232
305.263
305.295
305.326
305.357
305.388
305.419
305.45
305.48
305.51
305.54
305.569
305.598
305.626
305.654
305.681
305.707
305.732
305.756
305.78
305.802
305.822
305.841
305.858
305.874
305.887
305.898
305.906
305.912
305.914
305.913
305.908
305.9
305.886
305.868
305.844
305.814
305.778
305.734
305.682
305.622
305.552
305.473
305.384
305.286
301.718
301.744
301.77
301.797
301.823
301.85
301.878
301.905
301.933
301.961
301.989
302.018
302.046
302.075
302.104
302.132
302.161
302.19
302.22
302.249
302.278
302.307
302.337
302.366
302.395
302.425
302.454
302.483
302.513
302.542
302.571
302.6
302.63
302.659
302.688
302.717
302.746
302.775
302.804
302.833
302.862
302.891
302.92
302.949
302.978
303.007
303.036
303.065
303.093
303.122
303.151
303.18
303.208
303.237
303.266
303.295
303.324
303.352
303.381
303.41
303.439
303.468
303.496
303.525
303.554
303.583
303.612
303.641
303.67
303.699
303.728
303.757
303.786
303.816
303.845
303.874
303.904
303.933
303.962
303.992
304.022
304.051
304.081
304.111
304.141
304.171
304.201
304.231
304.261
304.291
304.322
304.352
304.383
304.414
304.444
304.475
304.506
304.537
304.568
304.599
304.631
304.662
304.693
304.725
304.756
304.788
304.82
304.851
304.883
304.915
304.947
304.979
305.011
305.043
305.075
305.107
305.139
305.171
305.203
305.235
305.267
305.298
305.329
305.361
305.391
305.422
305.452
305.482
305.512
305.541
305.569
305.597
305.623
305.649
305.674
305.698
305.721
305.742
305.762
305.78
305.796
305.811
305.822
305.832
305.838
305.841
305.842
305.838
305.83
305.818
305.801
305.778
305.75
305.715
305.673
305.623
305.565
305.499
305.423
305.339
305.247
301.655
301.679
301.703
301.728
301.753
301.779
301.804
301.83
301.856
301.883
301.909
301.936
301.963
301.99
302.017
302.045
302.072
302.1
302.128
302.156
302.184
302.212
302.24
302.268
302.297
302.325
302.353
302.382
302.41
302.439
302.467
302.496
302.524
302.553
302.581
302.61
302.639
302.667
302.696
302.724
302.753
302.782
302.81
302.839
302.867
302.896
302.924
302.953
302.982
303.01
303.039
303.068
303.096
303.125
303.153
303.182
303.211
303.24
303.268
303.297
303.326
303.355
303.384
303.413
303.442
303.471
303.5
303.529
303.558
303.587
303.616
303.646
303.675
303.704
303.734
303.763
303.793
303.823
303.852
303.882
303.912
303.942
303.972
304.002
304.032
304.062
304.093
304.123
304.154
304.184
304.215
304.246
304.277
304.308
304.339
304.37
304.401
304.433
304.464
304.496
304.527
304.559
304.591
304.623
304.655
304.687
304.719
304.751
304.784
304.816
304.848
304.881
304.913
304.946
304.978
305.011
305.043
305.076
305.108
305.14
305.173
305.205
305.236
305.268
305.3
305.331
305.362
305.392
305.422
305.452
305.481
305.509
305.536
305.563
305.589
305.613
305.637
305.659
305.68
305.698
305.715
305.731
305.743
305.753
305.761
305.765
305.767
305.764
305.758
305.747
305.731
305.71
305.683
305.65
305.61
305.563
305.508
305.445
305.374
305.294
305.207
301.592
301.615
301.638
301.661
301.685
301.708
301.732
301.757
301.781
301.806
301.831
301.856
301.882
301.907
301.933
301.959
301.985
302.012
302.038
302.065
302.092
302.118
302.145
302.173
302.2
302.227
302.254
302.282
302.309
302.337
302.365
302.392
302.42
302.448
302.476
302.504
302.532
302.56
302.588
302.616
302.644
302.672
302.7
302.728
302.756
302.785
302.813
302.841
302.869
302.898
302.926
302.955
302.983
303.012
303.04
303.069
303.097
303.126
303.155
303.183
303.212
303.241
303.27
303.299
303.328
303.357
303.386
303.415
303.444
303.473
303.503
303.532
303.562
303.591
303.621
303.65
303.68
303.71
303.74
303.77
303.8
303.83
303.86
303.891
303.921
303.952
303.982
304.013
304.044
304.075
304.106
304.137
304.168
304.199
304.231
304.262
304.294
304.326
304.358
304.39
304.422
304.454
304.486
304.518
304.551
304.583
304.616
304.648
304.681
304.714
304.747
304.779
304.812
304.845
304.878
304.911
304.944
304.977
305.01
305.043
305.075
305.108
305.14
305.172
305.204
305.236
305.267
305.298
305.329
305.359
305.389
305.418
305.446
305.473
305.499
305.525
305.549
305.572
305.593
305.613
305.631
305.647
305.661
305.672
305.68
305.686
305.688
305.687
305.682
305.672
305.658
305.638
305.613
305.582
305.545
305.501
305.449
305.389
305.322
305.248
305.166
301.531
301.552
301.574
301.596
301.618
301.64
301.662
301.685
301.708
301.731
301.755
301.779
301.803
301.827
301.851
301.876
301.901
301.926
301.951
301.976
302.002
302.027
302.053
302.079
302.105
302.131
302.157
302.184
302.21
302.237
302.264
302.29
302.317
302.344
302.371
302.399
302.426
302.453
302.48
302.508
302.535
302.563
302.591
302.618
302.646
302.674
302.702
302.729
302.757
302.785
302.813
302.842
302.87
302.898
302.926
302.955
302.983
303.012
303.04
303.069
303.097
303.126
303.155
303.184
303.213
303.242
303.271
303.3
303.329
303.358
303.388
303.417
303.447
303.476
303.506
303.536
303.566
303.596
303.626
303.656
303.686
303.717
303.747
303.778
303.808
303.839
303.87
303.901
303.932
303.963
303.994
304.026
304.057
304.089
304.121
304.153
304.184
304.217
304.249
304.281
304.313
304.346
304.378
304.411
304.444
304.477
304.51
304.543
304.576
304.609
304.642
304.675
304.709
304.742
304.775
304.809
304.842
304.875
304.909
304.942
304.975
305.008
305.041
305.074
305.106
305.138
305.17
305.202
305.233
305.263
305.293
305.323
305.352
305.38
305.407
305.433
305.458
305.481
305.503
305.524
305.543
305.559
305.574
305.586
305.596
305.603
305.606
305.606
305.602
305.594
305.582
305.564
305.541
305.513
305.478
305.436
305.388
305.332
305.27
305.2
305.123
301.471
301.491
301.511
301.532
301.552
301.573
301.594
301.615
301.637
301.659
301.681
301.703
301.726
301.749
301.772
301.795
301.818
301.842
301.866
301.89
301.914
301.938
301.963
301.988
302.013
302.038
302.063
302.088
302.114
302.139
302.165
302.191
302.217
302.243
302.269
302.296
302.322
302.348
302.375
302.402
302.429
302.456
302.483
302.51
302.537
302.564
302.591
302.619
302.646
302.674
302.702
302.729
302.757
302.785
302.813
302.841
302.869
302.898
302.926
302.954
302.983
303.011
303.04
303.069
303.098
303.127
303.156
303.185
303.214
303.243
303.272
303.302
303.331
303.361
303.391
303.421
303.451
303.481
303.511
303.541
303.572
303.602
303.633
303.663
303.694
303.725
303.756
303.787
303.819
303.85
303.882
303.913
303.945
303.977
304.009
304.041
304.073
304.106
304.138
304.171
304.203
304.236
304.269
304.302
304.335
304.368
304.402
304.435
304.468
304.502
304.535
304.569
304.603
304.636
304.67
304.704
304.738
304.771
304.805
304.839
304.872
304.906
304.939
304.972
305.005
305.037
305.07
305.102
305.133
305.164
305.195
305.225
305.254
305.283
305.31
305.337
305.363
305.387
305.41
305.431
305.451
305.468
305.484
305.497
305.508
305.516
305.521
305.522
305.52
305.513
305.502
305.487
305.466
305.44
305.408
305.369
305.325
305.273
305.215
305.15
305.079
301.413
301.432
301.45
301.469
301.489
301.508
301.528
301.548
301.568
301.589
301.61
301.631
301.652
301.673
301.695
301.717
301.739
301.761
301.784
301.807
301.83
301.853
301.876
301.9
301.923
301.947
301.971
301.996
302.02
302.045
302.069
302.094
302.119
302.144
302.17
302.195
302.221
302.246
302.272
302.298
302.324
302.35
302.377
302.403
302.43
302.456
302.483
302.51
302.537
302.564
302.591
302.619
302.646
302.674
302.701
302.729
302.757
302.785
302.813
302.841
302.869
302.897
302.926
302.954
302.983
303.012
303.041
303.07
303.099
303.128
303.157
303.187
303.216
303.246
303.276
303.306
303.336
303.366
303.396
303.426
303.457
303.487
303.518
303.549
303.58
303.611
303.642
303.673
303.705
303.736
303.768
303.8
303.832
303.864
303.896
303.929
303.961
303.994
304.026
304.059
304.092
304.125
304.158
304.192
304.225
304.259
304.292
304.326
304.359
304.393
304.427
304.461
304.495
304.529
304.563
304.597
304.631
304.665
304.699
304.733
304.767
304.801
304.834
304.868
304.901
304.934
304.967
304.999
305.031
305.063
305.094
305.124
305.154
305.183
305.211
305.238
305.264
305.289
305.313
305.335
305.355
305.374
305.39
305.405
305.416
305.425
305.431
305.434
305.433
305.429
305.42
305.406
305.388
305.364
305.335
305.3
305.259
305.211
305.158
305.098
305.032
301.357
301.374
301.392
301.409
301.428
301.446
301.464
301.483
301.502
301.521
301.541
301.561
301.581
301.601
301.621
301.642
301.663
301.684
301.705
301.727
301.749
301.77
301.793
301.815
301.838
301.86
301.883
301.906
301.93
301.953
301.977
302.001
302.025
302.049
302.073
302.098
302.123
302.148
302.173
302.198
302.223
302.248
302.274
302.3
302.326
302.352
302.378
302.404
302.43
302.457
302.484
302.51
302.537
302.564
302.591
302.619
302.646
302.674
302.701
302.729
302.757
302.785
302.813
302.842
302.87
302.899
302.927
302.956
302.985
303.014
303.043
303.073
303.102
303.132
303.161
303.191
303.221
303.251
303.281
303.312
303.342
303.373
303.404
303.435
303.466
303.497
303.528
303.559
303.591
303.623
303.655
303.687
303.719
303.751
303.783
303.816
303.848
303.881
303.914
303.947
303.98
304.014
304.047
304.081
304.114
304.148
304.182
304.216
304.25
304.284
304.318
304.352
304.386
304.42
304.455
304.489
304.523
304.558
304.592
304.626
304.66
304.694
304.728
304.762
304.795
304.829
304.862
304.894
304.927
304.958
304.99
305.021
305.051
305.08
305.109
305.136
305.163
305.188
305.213
305.235
305.256
305.276
305.293
305.308
305.321
305.331
305.338
305.343
305.343
305.34
305.333
305.322
305.306
305.285
305.259
305.227
305.19
305.147
305.098
305.043
304.982
301.303
301.319
301.335
301.352
301.369
301.386
301.403
301.421
301.439
301.457
301.475
301.494
301.513
301.532
301.551
301.57
301.59
301.61
301.63
301.651
301.671
301.692
301.713
301.734
301.756
301.777
301.799
301.821
301.844
301.866
301.889
301.912
301.935
301.958
301.981
302.005
302.029
302.053
302.077
302.101
302.125
302.15
302.175
302.2
302.225
302.25
302.276
302.301
302.327
302.353
302.379
302.405
302.432
302.458
302.485
302.512
302.539
302.566
302.593
302.62
302.648
302.676
302.703
302.731
302.759
302.788
302.816
302.845
302.873
302.902
302.931
302.96
302.99
303.019
303.049
303.078
303.108
303.138
303.169
303.199
303.229
303.26
303.291
303.322
303.353
303.384
303.415
303.447
303.478
303.51
303.542
303.574
303.606
303.639
303.671
303.704
303.736
303.769
303.802
303.836
303.869
303.902
303.936
303.97
304.003
304.037
304.071
304.105
304.139
304.174
304.208
304.242
304.277
304.311
304.346
304.38
304.415
304.449
304.483
304.518
304.552
304.586
304.62
304.654
304.688
304.721
304.755
304.788
304.82
304.852
304.884
304.915
304.945
304.975
305.004
305.032
305.059
305.085
305.109
305.133
305.154
305.174
305.193
305.209
305.222
305.234
305.242
305.248
305.25
305.249
305.244
305.234
305.221
305.203
305.18
305.151
305.118
305.079
305.034
304.984
304.928
301.251
301.266
301.282
301.297
301.313
301.329
301.346
301.362
301.379
301.396
301.413
301.431
301.448
301.466
301.484
301.503
301.521
301.54
301.559
301.578
301.598
301.618
301.638
301.658
301.678
301.699
301.72
301.741
301.762
301.783
301.805
301.827
301.849
301.871
301.894
301.916
301.939
301.962
301.985
302.009
302.032
302.056
302.08
302.104
302.129
302.153
302.178
302.203
302.228
302.253
302.279
302.304
302.33
302.356
302.382
302.408
302.435
302.461
302.488
302.515
302.542
302.569
302.597
302.625
302.652
302.68
302.708
302.737
302.765
302.794
302.822
302.851
302.88
302.91
302.939
302.969
302.998
303.028
303.058
303.088
303.119
303.149
303.18
303.211
303.242
303.273
303.304
303.336
303.367
303.399
303.431
303.463
303.495
303.528
303.56
303.593
303.626
303.659
303.692
303.725
303.758
303.792
303.826
303.859
303.893
303.927
303.961
303.995
304.03
304.064
304.098
304.133
304.167
304.202
304.236
304.271
304.306
304.34
304.375
304.409
304.444
304.478
304.512
304.546
304.58
304.613
304.647
304.68
304.712
304.744
304.776
304.807
304.838
304.868
304.897
304.925
304.952
304.979
305.004
305.027
305.05
305.07
305.089
305.106
305.12
305.133
305.142
305.149
305.153
305.153
305.15
305.143
305.132
305.117
305.097
305.072
305.042
305.007
304.967
304.922
304.871
301.202
301.217
301.231
301.246
301.261
301.276
301.291
301.307
301.322
301.338
301.355
301.371
301.388
301.405
301.422
301.439
301.457
301.475
301.493
301.511
301.529
301.548
301.567
301.586
301.605
301.625
301.645
301.665
301.685
301.705
301.726
301.747
301.768
301.789
301.811
301.833
301.855
301.877
301.899
301.922
301.944
301.967
301.991
302.014
302.038
302.061
302.085
302.11
302.134
302.158
302.183
302.208
302.233
302.259
302.284
302.31
302.336
302.362
302.388
302.414
302.441
302.468
302.495
302.522
302.549
302.577
302.605
302.633
302.661
302.689
302.717
302.746
302.775
302.804
302.833
302.862
302.892
302.922
302.951
302.981
303.012
303.042
303.073
303.103
303.134
303.165
303.196
303.228
303.259
303.291
303.323
303.355
303.387
303.42
303.452
303.485
303.518
303.551
303.584
303.617
303.65
303.684
303.717
303.751
303.785
303.819
303.853
303.887
303.921
303.956
303.99
304.025
304.059
304.094
304.128
304.163
304.197
304.232
304.266
304.301
304.335
304.369
304.404
304.438
304.471
304.505
304.538
304.571
304.604
304.636
304.668
304.699
304.729
304.759
304.788
304.817
304.844
304.871
304.896
304.92
304.942
304.963
304.983
305
305.016
305.029
305.039
305.047
305.053
305.055
305.053
305.048
305.04
305.027
305.01
304.988
304.962
304.931
304.896
304.855
304.81
301.157
301.17
301.184
301.198
301.212
301.226
301.24
301.255
301.27
301.285
301.3
301.316
301.332
301.348
301.364
301.38
301.397
301.414
301.431
301.448
301.465
301.483
301.501
301.519
301.538
301.556
301.575
301.594
301.614
301.633
301.653
301.673
301.693
301.713
301.734
301.755
301.776
301.797
301.819
301.841
301.862
301.885
301.907
301.93
301.952
301.975
301.999
302.022
302.046
302.07
302.094
302.118
302.142
302.167
302.192
302.217
302.242
302.268
302.294
302.32
302.346
302.372
302.398
302.425
302.452
302.479
302.507
302.534
302.562
302.59
302.618
302.646
302.674
302.703
302.732
302.761
302.79
302.82
302.849
302.879
302.909
302.939
302.97
303
303.031
303.062
303.093
303.124
303.156
303.187
303.219
303.251
303.283
303.315
303.348
303.38
303.413
303.446
303.479
303.512
303.545
303.578
303.612
303.646
303.679
303.713
303.747
303.781
303.816
303.85
303.884
303.918
303.953
303.987
304.022
304.056
304.091
304.125
304.159
304.194
304.228
304.262
304.296
304.33
304.363
304.397
304.43
304.463
304.495
304.527
304.559
304.59
304.62
304.65
304.679
304.707
304.735
304.761
304.787
304.811
304.833
304.855
304.874
304.892
304.908
304.922
304.934
304.943
304.949
304.953
304.953
304.95
304.944
304.933
304.919
304.901
304.878
304.852
304.82
304.784
304.744
301.114
301.127
301.14
301.153
301.166
301.18
301.193
301.207
301.221
301.236
301.25
301.265
301.28
301.295
301.31
301.326
301.342
301.358
301.374
301.39
301.407
301.424
301.441
301.458
301.476
301.493
301.511
301.53
301.548
301.567
301.586
301.605
301.624
301.644
301.663
301.683
301.704
301.724
301.745
301.766
301.787
301.808
301.83
301.852
301.874
301.896
301.918
301.941
301.964
301.987
302.011
302.034
302.058
302.082
302.106
302.131
302.156
302.181
302.206
302.231
302.257
302.282
302.308
302.335
302.361
302.388
302.415
302.442
302.469
302.496
302.524
302.552
302.58
302.608
302.637
302.666
302.695
302.724
302.753
302.783
302.812
302.842
302.872
302.903
302.933
302.964
302.995
303.026
303.057
303.088
303.12
303.151
303.183
303.215
303.248
303.28
303.313
303.345
303.378
303.411
303.444
303.477
303.511
303.544
303.578
303.611
303.645
303.679
303.713
303.747
303.781
303.815
303.85
303.884
303.918
303.952
303.986
304.021
304.055
304.089
304.123
304.156
304.19
304.224
304.257
304.29
304.323
304.355
304.387
304.419
304.45
304.481
304.511
304.541
304.57
304.598
304.625
304.651
304.676
304.7
304.723
304.745
304.765
304.783
304.799
304.814
304.826
304.836
304.843
304.848
304.85
304.849
304.844
304.837
304.825
304.81
304.791
304.768
304.74
304.709
304.673
301.076
301.088
301.1
301.113
301.125
301.138
301.151
301.164
301.177
301.191
301.205
301.219
301.233
301.247
301.262
301.277
301.292
301.307
301.322
301.338
301.354
301.37
301.386
301.403
301.42
301.437
301.454
301.471
301.489
301.507
301.525
301.543
301.562
301.58
301.599
301.619
301.638
301.658
301.678
301.698
301.718
301.739
301.76
301.781
301.802
301.824
301.846
301.868
301.89
301.912
301.935
301.958
301.981
302.005
302.028
302.052
302.076
302.101
302.125
302.15
302.175
302.2
302.226
302.251
302.277
302.304
302.33
302.357
302.383
302.41
302.438
302.465
302.493
302.521
302.549
302.577
302.606
302.635
302.664
302.693
302.722
302.752
302.781
302.811
302.842
302.872
302.903
302.933
302.964
302.995
303.027
303.058
303.09
303.122
303.153
303.186
303.218
303.25
303.283
303.316
303.348
303.381
303.414
303.448
303.481
303.514
303.548
303.581
303.615
303.649
303.683
303.716
303.75
303.784
303.818
303.852
303.886
303.919
303.953
303.987
304.02
304.054
304.087
304.12
304.153
304.185
304.217
304.249
304.281
304.312
304.343
304.373
304.403
304.432
304.461
304.488
304.515
304.541
304.566
304.59
304.613
304.634
304.654
304.672
304.689
304.704
304.716
304.727
304.735
304.741
304.745
304.745
304.743
304.737
304.728
304.716
304.7
304.68
304.657
304.629
304.598
301.041
301.053
301.065
301.076
301.088
301.101
301.113
301.125
301.138
301.151
301.164
301.178
301.191
301.205
301.219
301.233
301.247
301.262
301.277
301.292
301.307
301.322
301.338
301.354
301.37
301.386
301.402
301.419
301.436
301.453
301.471
301.488
301.506
301.524
301.542
301.561
301.58
301.599
301.618
301.637
301.657
301.677
301.697
301.718
301.738
301.759
301.78
301.802
301.823
301.845
301.867
301.89
301.912
301.935
301.958
301.982
302.005
302.029
302.053
302.077
302.102
302.126
302.151
302.176
302.202
302.228
302.253
302.28
302.306
302.333
302.359
302.386
302.414
302.441
302.469
302.497
302.525
302.553
302.582
302.611
302.64
302.669
302.698
302.728
302.758
302.788
302.818
302.848
302.879
302.91
302.941
302.972
303.003
303.035
303.066
303.098
303.13
303.162
303.194
303.227
303.259
303.292
303.324
303.357
303.39
303.423
303.456
303.489
303.523
303.556
303.589
303.623
303.656
303.689
303.723
303.756
303.789
303.823
303.856
303.889
303.922
303.954
303.987
304.019
304.052
304.084
304.115
304.147
304.178
304.208
304.238
304.268
304.297
304.326
304.353
304.38
304.407
304.432
304.457
304.48
304.502
304.524
304.543
304.562
304.578
304.593
304.606
304.618
304.627
304.633
304.638
304.64
304.639
304.635
304.628
304.618
304.605
304.589
304.569
304.546
304.519
301.011
301.022
301.033
301.045
301.056
301.068
301.08
301.092
301.104
301.116
301.129
301.142
301.155
301.168
301.181
301.195
301.209
301.223
301.237
301.251
301.266
301.281
301.296
301.311
301.326
301.342
301.358
301.374
301.39
301.407
301.424
301.441
301.458
301.475
301.493
301.511
301.529
301.547
301.566
301.585
301.604
301.623
301.643
301.663
301.683
301.703
301.724
301.744
301.765
301.787
301.808
301.83
301.852
301.874
301.897
301.92
301.943
301.966
301.989
302.013
302.037
302.061
302.086
302.11
302.135
302.16
302.186
302.212
302.237
302.264
302.29
302.317
302.343
302.37
302.398
302.425
302.453
302.481
302.509
302.537
302.566
302.595
302.624
302.653
302.683
302.712
302.742
302.772
302.802
302.833
302.863
302.894
302.925
302.956
302.987
303.018
303.05
303.081
303.113
303.145
303.177
303.209
303.242
303.274
303.306
303.339
303.371
303.404
303.437
303.469
303.502
303.535
303.568
303.601
303.633
303.666
303.699
303.731
303.764
303.796
303.828
303.86
303.892
303.924
303.955
303.986
304.017
304.048
304.078
304.108
304.137
304.166
304.194
304.222
304.249
304.275
304.301
304.326
304.349
304.372
304.394
304.415
304.434
304.452
304.469
304.484
304.497
304.508
304.518
304.525
304.531
304.534
304.534
304.532
304.527
304.52
304.509
304.496
304.479
304.46
304.437
300.986
300.996
301.007
301.018
301.029
301.04
301.052
301.063
301.075
301.087
301.099
301.112
301.124
301.137
301.15
301.163
301.176
301.19
301.203
301.217
301.231
301.246
301.26
301.275
301.29
301.305
301.32
301.336
301.352
301.368
301.384
301.4
301.417
301.434
301.451
301.469
301.486
301.504
301.522
301.54
301.559
301.578
301.597
301.616
301.636
301.655
301.675
301.696
301.716
301.737
301.758
301.779
301.801
301.823
301.845
301.867
301.889
301.912
301.935
301.958
301.982
302.005
302.029
302.054
302.078
302.103
302.128
302.153
302.178
302.204
302.23
302.256
302.283
302.309
302.336
302.363
302.39
302.418
302.446
302.474
302.502
302.53
302.559
302.588
302.617
302.646
302.675
302.705
302.734
302.764
302.794
302.825
302.855
302.886
302.916
302.947
302.978
303.009
303.041
303.072
303.104
303.135
303.167
303.199
303.23
303.262
303.294
303.326
303.358
303.39
303.422
303.455
303.487
303.519
303.551
303.583
303.614
303.646
303.678
303.709
303.741
303.772
303.803
303.834
303.864
303.894
303.924
303.954
303.983
304.012
304.04
304.068
304.096
304.122
304.148
304.174
304.199
304.223
304.246
304.268
304.289
304.309
304.328
304.345
304.362
304.376
304.39
304.401
304.411
304.419
304.425
304.429
304.43
304.43
304.427
304.421
304.413
304.402
304.388
304.372
304.352
300.965
300.975
300.985
300.996
301.007
301.018
301.029
301.04
301.051
301.063
301.075
301.087
301.099
301.111
301.124
301.137
301.149
301.163
301.176
301.189
301.203
301.217
301.231
301.245
301.26
301.275
301.29
301.305
301.32
301.336
301.352
301.368
301.384
301.4
301.417
301.434
301.451
301.469
301.486
301.504
301.522
301.541
301.559
301.578
301.597
301.617
301.636
301.656
301.676
301.696
301.717
301.738
301.759
301.78
301.802
301.824
301.846
301.868
301.89
301.913
301.936
301.96
301.983
302.007
302.031
302.055
302.08
302.105
302.13
302.155
302.18
302.206
302.232
302.258
302.285
302.311
302.338
302.365
302.392
302.42
302.448
302.476
302.504
302.532
302.561
302.589
302.618
302.647
302.677
302.706
302.736
302.765
302.795
302.825
302.855
302.886
302.916
302.947
302.977
303.008
303.039
303.07
303.101
303.132
303.163
303.195
303.226
303.257
303.289
303.32
303.351
303.382
303.414
303.445
303.476
303.507
303.538
303.569
303.6
303.63
303.661
303.691
303.721
303.751
303.78
303.809
303.838
303.867
303.895
303.923
303.95
303.977
304.003
304.029
304.054
304.078
304.102
304.125
304.147
304.168
304.189
304.208
304.226
304.243
304.259
304.273
304.286
304.298
304.307
304.316
304.322
304.327
304.329
304.33
304.328
304.324
304.318
304.309
304.298
304.284
304.268
300.948
300.958
300.969
300.979
300.989
301
301.011
301.022
301.033
301.044
301.056
301.068
301.08
301.092
301.104
301.116
301.129
301.142
301.155
301.168
301.181
301.195
301.209
301.223
301.237
301.251
301.266
301.281
301.296
301.311
301.327
301.342
301.358
301.374
301.391
301.407
301.424
301.441
301.459
301.476
301.494
301.512
301.53
301.549
301.568
301.586
301.606
301.625
301.645
301.665
301.685
301.705
301.726
301.747
301.768
301.79
301.811
301.833
301.856
301.878
301.901
301.924
301.947
301.97
301.994
302.018
302.042
302.066
302.091
302.116
302.141
302.166
302.192
302.218
302.244
302.27
302.296
302.323
302.35
302.377
302.404
302.432
302.459
302.487
302.515
302.543
302.572
302.6
302.629
302.658
302.687
302.716
302.746
302.775
302.805
302.834
302.864
302.894
302.924
302.954
302.985
303.015
303.045
303.076
303.106
303.137
303.167
303.198
303.228
303.259
303.289
303.32
303.35
303.38
303.41
303.441
303.471
303.5
303.53
303.56
303.589
303.618
303.647
303.676
303.704
303.732
303.76
303.788
303.815
303.841
303.867
303.893
303.918
303.943
303.967
303.99
304.013
304.035
304.056
304.076
304.096
304.114
304.131
304.148
304.163
304.177
304.189
304.2
304.21
304.219
304.225
304.23
304.233
304.235
304.234
304.232
304.227
304.22
304.211
304.2
304.187
300.937
300.947
300.957
300.967
300.977
300.988
300.998
301.009
301.02
301.031
301.043
301.054
301.066
301.078
301.09
301.102
301.114
301.127
301.14
301.153
301.166
301.179
301.193
301.207
301.221
301.235
301.249
301.264
301.279
301.294
301.309
301.324
301.34
301.356
301.372
301.388
301.405
301.422
301.439
301.456
301.474
301.491
301.509
301.528
301.546
301.565
301.584
301.603
301.622
301.642
301.662
301.682
301.703
301.723
301.744
301.765
301.787
301.808
301.83
301.852
301.875
301.897
301.92
301.943
301.967
301.99
302.014
302.038
302.062
302.087
302.112
302.137
302.162
302.187
302.213
302.239
302.265
302.291
302.318
302.344
302.371
302.398
302.425
302.453
302.48
302.508
302.536
302.564
302.592
302.621
302.649
302.678
302.707
302.736
302.765
302.794
302.823
302.852
302.882
302.911
302.941
302.97
303
303.03
303.059
303.089
303.119
303.148
303.178
303.208
303.237
303.267
303.296
303.326
303.355
303.384
303.413
303.442
303.471
303.5
303.528
303.556
303.584
303.611
303.639
303.666
303.692
303.719
303.745
303.77
303.795
303.82
303.844
303.867
303.89
303.912
303.934
303.955
303.975
303.994
304.013
304.03
304.047
304.062
304.077
304.09
304.102
304.113
304.123
304.131
304.137
304.143
304.146
304.148
304.149
304.147
304.144
304.138
304.131
304.122
304.111
300.929
300.939
300.949
300.959
300.969
300.98
300.99
301.001
301.012
301.023
301.034
301.045
301.057
301.069
301.081
301.093
301.105
301.118
301.13
301.143
301.156
301.169
301.183
301.196
301.21
301.224
301.239
301.253
301.268
301.283
301.298
301.313
301.329
301.344
301.36
301.376
301.393
301.41
301.426
301.444
301.461
301.478
301.496
301.514
301.533
301.551
301.57
301.589
301.608
301.628
301.647
301.667
301.688
301.708
301.729
301.75
301.771
301.792
301.814
301.836
301.858
301.88
301.903
301.926
301.949
301.972
301.996
302.02
302.044
302.068
302.092
302.117
302.142
302.167
302.192
302.218
302.243
302.269
302.295
302.322
302.348
302.375
302.402
302.429
302.456
302.483
302.511
302.538
302.566
302.594
302.622
302.65
302.678
302.707
302.735
302.764
302.793
302.821
302.85
302.879
302.908
302.937
302.966
302.995
303.024
303.053
303.082
303.111
303.139
303.168
303.197
303.226
303.255
303.283
303.311
303.34
303.368
303.396
303.424
303.451
303.479
303.506
303.533
303.559
303.586
303.612
303.637
303.662
303.687
303.712
303.736
303.759
303.782
303.805
303.826
303.848
303.868
303.888
303.907
303.926
303.943
303.96
303.976
303.99
304.004
304.017
304.029
304.039
304.048
304.056
304.063
304.068
304.072
304.075
304.075
304.075
304.072
304.068
304.062
304.055
304.046
300.925
300.935
300.945
300.955
300.965
300.976
300.986
300.997
301.008
301.019
301.03
301.041
301.053
301.064
301.076
301.088
301.1
301.113
301.125
301.138
301.151
301.164
301.178
301.191
301.205
301.219
301.233
301.248
301.262
301.277
301.292
301.307
301.323
301.338
301.354
301.37
301.387
301.403
301.42
301.437
301.454
301.472
301.49
301.508
301.526
301.544
301.563
301.582
301.601
301.62
301.64
301.66
301.68
301.7
301.721
301.741
301.763
301.784
301.805
301.827
301.849
301.871
301.894
301.916
301.939
301.963
301.986
302.009
302.033
302.057
302.082
302.106
302.131
302.155
302.181
302.206
302.231
302.257
302.283
302.309
302.335
302.361
302.388
302.414
302.441
302.468
302.495
302.523
302.55
302.577
302.605
302.633
302.661
302.688
302.716
302.745
302.773
302.801
302.829
302.858
302.886
302.914
302.943
302.971
303
303.028
303.056
303.085
303.113
303.141
303.169
303.197
303.225
303.253
303.281
303.308
303.336
303.363
303.39
303.417
303.444
303.47
303.496
303.522
303.547
303.572
303.597
303.622
303.646
303.669
303.692
303.715
303.737
303.759
303.78
303.8
303.82
303.839
303.857
303.875
303.892
303.908
303.923
303.937
303.95
303.962
303.974
303.984
303.993
304
304.007
304.012
304.016
304.019
304.02
304.02
304.018
304.015
304.01
304.004
303.995
300.924
300.934
300.944
300.954
300.964
300.974
300.985
300.995
301.006
301.017
301.028
301.04
301.051
301.063
301.075
301.087
301.099
301.111
301.124
301.137
301.15
301.163
301.176
301.19
301.203
301.217
301.232
301.246
301.26
301.275
301.29
301.305
301.321
301.337
301.352
301.369
301.385
301.401
301.418
301.435
301.452
301.47
301.488
301.505
301.524
301.542
301.561
301.579
301.599
301.618
301.637
301.657
301.677
301.698
301.718
301.739
301.76
301.781
301.802
301.824
301.846
301.868
301.891
301.913
301.936
301.959
301.982
302.006
302.029
302.053
302.077
302.102
302.126
302.151
302.176
302.201
302.226
302.252
302.277
302.303
302.329
302.355
302.382
302.408
302.435
302.461
302.488
302.515
302.542
302.57
302.597
302.625
302.652
302.68
302.708
302.735
302.763
302.791
302.819
302.847
302.875
302.903
302.931
302.959
302.987
303.015
303.043
303.071
303.099
303.127
303.155
303.183
303.21
303.238
303.265
303.292
303.319
303.346
303.372
303.399
303.425
303.451
303.476
303.502
303.526
303.551
303.575
303.599
303.623
303.646
303.668
303.691
303.712
303.733
303.754
303.774
303.793
303.812
303.829
303.847
303.863
303.878
303.893
303.907
303.92
303.932
303.943
303.953
303.961
303.969
303.975
303.981
303.985
303.987
303.989
303.989
303.987
303.985
303.98
303.974
303.967
305.35
304.816
304.406
304.06
303.759
303.492
303.252
303.035
302.836
302.653
302.482
302.323
302.174
302.033
301.9
301.775
301.656
301.543
301.436
301.334
301.238
301.146
301.06
300.978
300.9
300.827
300.758
300.693
300.632
300.576
300.522
300.473
300.427
300.384
300.345
300.309
300.275
300.245
300.217
300.192
300.17
300.149
300.131
300.115
300.101
300.089
300.078
300.07
300.063
300.059
300.057
305.349
304.816
304.405
304.06
303.759
303.492
303.252
303.035
302.836
302.653
302.482
302.323
302.174
302.033
301.901
301.775
301.656
301.543
301.436
301.334
301.238
301.146
301.06
300.978
300.9
300.827
300.758
300.693
300.632
300.576
300.522
300.473
300.427
300.384
300.345
300.309
300.275
300.245
300.217
300.192
300.17
300.149
300.131
300.115
300.101
300.089
300.078
300.07
300.063
300.059
300.057
305.345
304.815
304.405
304.06
303.759
303.492
303.252
303.035
302.836
302.653
302.483
302.324
302.174
302.034
301.901
301.775
301.656
301.543
301.436
301.334
301.238
301.146
301.06
300.978
300.9
300.827
300.758
300.693
300.633
300.576
300.523
300.473
300.427
300.384
300.345
300.309
300.276
300.245
300.217
300.192
300.17
300.149
300.131
300.115
300.101
300.089
300.078
300.07
300.063
300.059
300.057
305.339
304.814
304.405
304.06
303.759
303.492
303.252
303.035
302.837
302.653
302.483
302.324
302.174
302.034
301.901
301.775
301.656
301.543
301.436
301.335
301.238
301.147
301.06
300.978
300.9
300.827
300.758
300.694
300.633
300.576
300.523
300.473
300.427
300.385
300.345
300.309
300.276
300.245
300.217
300.192
300.17
300.149
300.131
300.115
300.101
300.089
300.078
300.07
300.063
300.059
300.057
305.332
304.812
304.404
304.059
303.759
303.492
303.253
303.036
302.837
302.654
302.483
302.324
302.175
302.034
301.901
301.776
301.657
301.544
301.437
301.335
301.239
301.147
301.06
300.978
300.901
300.828
300.759
300.694
300.633
300.576
300.523
300.473
300.427
300.385
300.345
300.309
300.276
300.245
300.218
300.192
300.17
300.149
300.131
300.115
300.101
300.089
300.078
300.07
300.063
300.059
300.057
305.323
304.81
304.403
304.059
303.759
303.492
303.253
303.036
302.837
302.654
302.484
302.325
302.176
302.035
301.902
301.776
301.657
301.544
301.437
301.336
301.239
301.148
301.061
300.979
300.901
300.828
300.759
300.694
300.633
300.576
300.523
300.474
300.428
300.385
300.346
300.309
300.276
300.246
300.218
300.193
300.17
300.149
300.131
300.115
300.101
300.089
300.078
300.07
300.063
300.059
300.057
305.312
304.807
304.402
304.059
303.759
303.493
303.254
303.037
302.838
302.655
302.485
302.326
302.176
302.036
301.903
301.777
301.658
301.545
301.438
301.336
301.24
301.148
301.062
300.979
300.902
300.829
300.76
300.695
300.634
300.577
300.524
300.474
300.428
300.385
300.346
300.31
300.276
300.246
300.218
300.193
300.17
300.15
300.131
300.115
300.101
300.089
300.078
300.07
300.064
300.059
300.057
305.299
304.803
304.401
304.059
303.759
303.493
303.254
303.038
302.839
302.656
302.486
302.327
302.178
302.037
301.904
301.778
301.659
301.546
301.439
301.337
301.241
301.149
301.062
300.98
300.903
300.829
300.76
300.695
300.634
300.577
300.524
300.475
300.428
300.386
300.346
300.31
300.277
300.246
300.218
300.193
300.17
300.15
300.131
300.115
300.101
300.089
300.079
300.07
300.064
300.059
300.057
305.284
304.798
304.399
304.058
303.76
303.494
303.256
303.039
302.841
302.658
302.488
302.329
302.179
302.039
301.906
301.78
301.661
301.548
301.441
301.339
301.242
301.15
301.064
300.981
300.904
300.83
300.761
300.696
300.635
300.578
300.525
300.475
300.429
300.386
300.347
300.31
300.277
300.246
300.219
300.193
300.17
300.15
300.132
300.115
300.101
300.089
300.079
300.07
300.064
300.059
300.057
305.268
304.793
304.398
304.058
303.76
303.496
303.257
303.041
302.843
302.66
302.49
302.331
302.181
302.041
301.908
301.782
301.663
301.55
301.442
301.34
301.244
301.152
301.065
300.983
300.905
300.832
300.762
300.697
300.636
300.579
300.526
300.476
300.43
300.387
300.347
300.311
300.277
300.247
300.219
300.194
300.171
300.15
300.132
300.116
300.101
300.089
300.079
300.07
300.064
300.059
300.057
305.25
304.787
304.396
304.059
303.762
303.497
303.26
303.043
302.846
302.663
302.493
302.334
302.184
302.043
301.91
301.784
301.665
301.552
301.445
301.343
301.246
301.154
301.067
300.984
300.907
300.833
300.764
300.699
300.637
300.58
300.527
300.477
300.431
300.388
300.348
300.312
300.278
300.247
300.219
300.194
300.171
300.151
300.132
300.116
300.102
300.089
300.079
300.07
300.064
300.059
300.057
305.231
304.781
304.395
304.059
303.763
303.5
303.262
303.047
302.849
302.666
302.496
302.337
302.187
302.047
301.914
301.788
301.668
301.555
301.447
301.345
301.248
301.156
301.069
300.987
300.909
300.835
300.765
300.7
300.639
300.582
300.528
300.478
300.432
300.389
300.349
300.312
300.279
300.248
300.22
300.195
300.172
300.151
300.133
300.116
300.102
300.09
300.079
300.071
300.064
300.059
300.057
305.211
304.774
304.393
304.06
303.766
303.503
303.266
303.051
302.853
302.67
302.5
302.341
302.192
302.051
301.918
301.791
301.672
301.558
301.451
301.348
301.251
301.159
301.072
300.989
300.911
300.837
300.767
300.702
300.641
300.583
300.529
300.479
300.433
300.39
300.35
300.313
300.28
300.249
300.221
300.195
300.172
300.151
300.133
300.117
300.102
300.09
300.079
300.071
300.064
300.06
300.057
305.189
304.766
304.391
304.061
303.769
303.507
303.271
303.056
302.858
302.676
302.506
302.346
302.197
302.056
301.922
301.796
301.676
301.563
301.455
301.352
301.255
301.163
301.075
300.992
300.914
300.84
300.77
300.704
300.643
300.585
300.531
300.481
300.434
300.391
300.351
300.314
300.281
300.25
300.221
300.196
300.173
300.152
300.133
300.117
300.103
300.09
300.08
300.071
300.064
300.06
300.057
305.167
304.758
304.39
304.063
303.773
303.512
303.277
303.062
302.865
302.682
302.512
302.353
302.203
302.062
301.928
301.802
301.682
301.568
301.459
301.357
301.259
301.167
301.079
300.996
300.917
300.843
300.773
300.707
300.645
300.587
300.533
300.483
300.436
300.393
300.353
300.316
300.282
300.251
300.222
300.197
300.173
300.153
300.134
300.118
300.103
300.091
300.08
300.071
300.065
300.06
300.057
305.144
304.749
304.388
304.066
303.777
303.518
303.284
303.069
302.872
302.69
302.52
302.36
302.21
302.069
301.935
301.808
301.688
301.574
301.465
301.362
301.264
301.171
301.083
301
300.921
300.846
300.776
300.71
300.648
300.59
300.536
300.485
300.438
300.395
300.354
300.317
300.283
300.252
300.223
300.198
300.174
300.153
300.135
300.118
300.104
300.091
300.08
300.072
300.065
300.06
300.058
305.12
304.74
304.387
304.069
303.784
303.526
303.292
303.078
302.882
302.699
302.529
302.369
302.219
302.077
301.943
301.816
301.695
301.581
301.472
301.369
301.27
301.177
301.089
301.005
300.926
300.851
300.78
300.714
300.651
300.593
300.539
300.488
300.44
300.397
300.356
300.319
300.285
300.253
300.225
300.199
300.175
300.154
300.135
300.119
300.104
300.091
300.081
300.072
300.065
300.06
300.058
305.095
304.731
304.387
304.074
303.791
303.535
303.302
303.089
302.893
302.71
302.54
302.38
302.229
302.087
301.953
301.825
301.704
301.589
301.48
301.376
301.277
301.184
301.095
301.011
300.931
300.856
300.785
300.718
300.655
300.597
300.542
300.491
300.443
300.399
300.358
300.321
300.286
300.255
300.226
300.2
300.176
300.155
300.136
300.119
300.105
300.092
300.081
300.072
300.065
300.061
300.058
305.069
304.721
304.387
304.079
303.799
303.545
303.314
303.102
302.905
302.723
302.552
302.392
302.241
302.099
301.964
301.836
301.714
301.599
301.489
301.385
301.286
301.191
301.102
301.017
300.937
300.861
300.79
300.723
300.66
300.601
300.546
300.494
300.446
300.402
300.361
300.323
300.288
300.256
300.227
300.201
300.177
300.156
300.137
300.12
300.105
300.093
300.082
300.073
300.066
300.061
300.058
305.042
304.711
304.387
304.085
303.809
303.558
303.328
303.116
302.92
302.738
302.567
302.407
302.255
302.112
301.977
301.848
301.726
301.61
301.5
301.395
301.295
301.2
301.11
301.025
300.944
300.868
300.796
300.729
300.665
300.605
300.55
300.498
300.45
300.405
300.363
300.325
300.29
300.258
300.229
300.203
300.179
300.157
300.138
300.121
300.106
300.093
300.082
300.073
300.066
300.061
300.059
305.014
304.699
304.387
304.093
303.821
303.572
303.343
303.133
302.937
302.755
302.584
302.423
302.272
302.128
301.992
301.863
301.74
301.623
301.512
301.407
301.306
301.211
301.12
301.034
300.953
300.876
300.803
300.735
300.671
300.611
300.555
300.502
300.454
300.408
300.367
300.328
300.293
300.261
300.231
300.204
300.18
300.159
300.139
300.122
300.107
300.094
300.083
300.074
300.067
300.062
300.059
304.984
304.687
304.387
304.101
303.834
303.588
303.361
303.152
302.957
302.774
302.603
302.442
302.29
302.146
302.009
301.879
301.756
301.638
301.526
301.42
301.319
301.222
301.131
301.044
300.962
300.885
300.811
300.742
300.678
300.617
300.56
300.507
300.458
300.412
300.37
300.331
300.296
300.263
300.233
300.206
300.182
300.16
300.14
300.123
300.108
300.095
300.084
300.074
300.067
300.062
300.059
304.953
304.673
304.386
304.109
303.848
303.606
303.381
303.173
302.978
302.796
302.625
302.464
302.311
302.166
302.029
301.898
301.774
301.655
301.543
301.435
301.333
301.236
301.144
301.056
300.973
300.895
300.821
300.751
300.685
300.624
300.566
300.513
300.463
300.417
300.374
300.335
300.299
300.266
300.236
300.208
300.184
300.162
300.142
300.124
300.109
300.096
300.084
300.075
300.068
300.063
300.06
304.919
304.657
304.384
304.117
303.863
303.625
303.403
303.196
303.003
302.821
302.649
302.488
302.334
302.189
302.051
301.919
301.794
301.675
301.561
301.453
301.35
301.251
301.158
301.069
300.985
300.906
300.831
300.76
300.694
300.632
300.573
300.519
300.469
300.422
300.379
300.339
300.302
300.269
300.238
300.211
300.186
300.163
300.143
300.126
300.11
300.097
300.085
300.076
300.068
300.063
300.06
304.883
304.639
304.38
304.124
303.878
303.645
303.426
303.222
303.029
302.848
302.677
302.514
302.361
302.215
302.076
301.943
301.817
301.697
301.582
301.472
301.368
301.269
301.174
301.085
300.999
300.919
300.843
300.771
300.704
300.641
300.581
300.526
300.475
300.427
300.384
300.343
300.306
300.272
300.241
300.213
300.188
300.165
300.145
300.127
300.111
300.098
300.086
300.076
300.069
300.064
300.061
304.845
304.617
304.374
304.13
303.892
303.665
303.451
303.249
303.058
302.877
302.706
302.544
302.39
302.243
302.103
301.97
301.843
301.721
301.605
301.495
301.389
301.288
301.193
301.102
301.015
300.933
300.856
300.783
300.715
300.65
300.59
300.534
300.482
300.434
300.389
300.348
300.31
300.276
300.244
300.216
300.19
300.167
300.147
300.129
300.113
300.099
300.087
300.077
300.07
300.064
300.061
304.803
304.593
304.365
304.133
303.905
303.685
303.476
303.277
303.088
302.909
302.738
302.576
302.422
302.274
302.134
302
301.871
301.749
301.631
301.519
301.412
301.31
301.213
301.121
301.033
300.95
300.871
300.797
300.727
300.662
300.6
300.543
300.49
300.441
300.395
300.353
300.315
300.28
300.248
300.219
300.193
300.17
300.149
300.13
300.114
300.1
300.088
300.078
300.07
300.065
300.062
304.757
304.564
304.353
304.134
303.916
303.705
303.501
303.306
303.12
302.942
302.772
302.611
302.456
302.308
302.167
302.032
301.903
301.779
301.66
301.547
301.438
301.335
301.236
301.142
301.053
300.968
300.888
300.812
300.741
300.674
300.611
300.553
300.499
300.448
300.402
300.359
300.32
300.284
300.252
300.222
300.196
300.172
300.151
300.132
300.115
300.101
300.089
300.079
300.071
300.065
300.063
304.706
304.531
304.336
304.131
303.925
303.722
303.524
303.334
303.152
302.976
302.808
302.647
302.493
302.345
302.203
302.067
301.937
301.812
301.692
301.577
301.467
301.362
301.261
301.165
301.074
300.988
300.906
300.829
300.756
300.688
300.624
300.564
300.508
300.457
300.41
300.366
300.326
300.289
300.256
300.226
300.199
300.175
300.153
300.134
300.117
300.103
300.09
300.08
300.072
300.066
300.063
304.651
304.492
304.313
304.123
303.929
303.736
303.546
303.362
303.183
303.011
302.845
302.686
302.532
302.384
302.242
302.105
301.974
301.848
301.726
301.61
301.498
301.391
301.289
301.191
301.098
301.01
300.926
300.847
300.773
300.703
300.637
300.576
300.519
300.466
300.418
300.373
300.332
300.295
300.261
300.23
300.202
300.178
300.156
300.136
300.119
300.104
300.091
300.081
300.073
300.067
300.064
304.591
304.448
304.286
304.11
303.929
303.746
303.565
303.387
303.214
303.046
302.883
302.725
302.572
302.425
302.283
302.146
302.014
301.886
301.764
301.646
301.532
301.423
301.319
301.22
301.125
301.034
300.949
300.868
300.791
300.719
300.652
300.589
300.531
300.477
300.427
300.381
300.339
300.301
300.266
300.234
300.206
300.181
300.158
300.138
300.121
300.106
300.093
300.082
300.074
300.068
300.065
304.526
304.399
304.252
304.091
303.923
303.752
303.58
303.41
303.243
303.079
302.92
302.765
302.614
302.467
302.326
302.188
302.056
301.927
301.803
301.684
301.569
301.458
301.352
301.25
301.153
301.061
300.973
300.89
300.811
300.737
300.668
300.604
300.543
300.488
300.437
300.389
300.346
300.307
300.271
300.239
300.21
300.184
300.161
300.141
300.123
300.107
300.094
300.083
300.075
300.069
300.066
304.456
304.344
304.212
304.067
303.912
303.753
303.591
303.429
303.269
303.111
302.956
302.804
302.655
302.51
302.369
302.232
302.099
301.97
301.845
301.724
301.607
301.495
301.387
301.283
301.184
301.089
300.999
300.913
300.833
300.757
300.685
300.619
300.557
300.5
300.447
300.399
300.354
300.314
300.277
300.244
300.214
300.188
300.164
300.143
300.125
300.109
300.096
300.084
300.076
300.07
300.066
304.383
304.284
304.167
304.036
303.895
303.748
303.597
303.444
303.292
303.14
302.99
302.842
302.696
302.553
302.414
302.277
302.144
302.014
301.889
301.766
301.648
301.534
301.423
301.317
301.216
301.119
301.026
300.939
300.856
300.777
300.704
300.635
300.572
300.513
300.458
300.408
300.362
300.321
300.283
300.249
300.219
300.191
300.167
300.146
300.127
300.111
300.097
300.086
300.077
300.071
300.067
304.307
304.221
304.118
304
303.873
303.738
303.598
303.455
303.31
303.165
303.021
302.877
302.735
302.595
302.457
302.322
302.189
302.059
301.933
301.809
301.69
301.574
301.461
301.353
301.249
301.15
301.055
300.965
300.88
300.799
300.723
300.653
300.587
300.526
300.47
300.418
300.371
300.328
300.289
300.254
300.223
300.195
300.17
300.148
300.129
300.113
300.099
300.087
300.078
300.072
300.068
304.23
304.156
304.065
303.961
303.846
303.723
303.594
303.461
303.325
303.187
303.049
302.91
302.772
302.635
302.499
302.365
302.233
302.104
301.977
301.853
301.732
301.614
301.5
301.39
301.284
301.182
301.085
300.992
300.904
300.821
300.743
300.67
300.603
300.54
300.482
300.429
300.38
300.336
300.296
300.26
300.228
300.199
300.173
300.151
300.131
300.114
300.1
300.088
300.079
300.072
300.069
304.154
304.091
304.011
303.919
303.816
303.704
303.586
303.462
303.335
303.205
303.073
302.939
302.805
302.672
302.539
302.406
302.275
302.146
302.019
301.895
301.773
301.654
301.538
301.426
301.318
301.214
301.114
301.019
300.929
300.844
300.763
300.688
300.618
300.554
300.494
300.439
300.389
300.343
300.302
300.265
300.232
300.203
300.177
300.154
300.134
300.116
300.102
300.089
300.08
300.073
300.07
304.084
304.029
303.96
303.878
303.786
303.684
303.575
303.461
303.341
303.218
303.092
302.964
302.835
302.705
302.574
302.444
302.314
302.186
302.059
301.934
301.811
301.691
301.574
301.46
301.35
301.244
301.142
301.045
300.952
300.865
300.783
300.705
300.633
300.567
300.505
300.449
300.397
300.351
300.309
300.271
300.237
300.206
300.18
300.156
300.136
300.118
300.103
300.091
300.081
300.074
300.071
304.022
303.975
303.914
303.841
303.757
303.665
303.564
303.457
303.345
303.228
303.108
302.984
302.859
302.732
302.604
302.476
302.347
302.22
302.093
301.968
301.845
301.724
301.605
301.49
301.379
301.271
301.167
301.068
300.974
300.884
300.8
300.721
300.647
300.579
300.516
300.458
300.405
300.357
300.314
300.275
300.24
300.21
300.182
300.158
300.137
300.119
300.104
300.092
300.082
300.075
300.071
303.975
303.933
303.878
303.811
303.734
303.648
303.554
303.454
303.347
303.235
303.119
302.999
302.877
302.752
302.627
302.5
302.373
302.246
302.12
301.994
301.871
301.749
301.63
301.514
301.401
301.292
301.187
301.087
300.991
300.9
300.814
300.733
300.658
300.588
300.524
300.465
300.411
300.362
300.318
300.279
300.243
300.212
300.184
300.16
300.139
300.12
300.105
300.092
300.082
300.075
300.072
303.948
303.909
303.857
303.794
303.721
303.639
303.548
303.451
303.347
303.238
303.125
303.007
302.887
302.764
302.64
302.514
302.387
302.261
302.135
302.01
301.886
301.765
301.645
301.528
301.415
301.305
301.199
301.098
301.001
300.909
300.822
300.741
300.664
300.594
300.529
300.469
300.415
300.365
300.321
300.281
300.245
300.213
300.185
300.161
300.14
300.121
300.106
300.093
300.083
300.076
300.072
)
;

boundaryField
{
    inlet
    {
        type            fixedValue;
        value           uniform 300;
    }
    outlet
    {
        type            zeroGradient;
    }
    top
    {
        type            zeroGradient;
    }
    slip-bottom
    {
        type            zeroGradient;
    }
    bottom
    {
        type            zeroGradient;
    }
    interface
    {
        type            fixedGradient;
        gradient        nonuniform List<scalar> 
161
(
68.0111
68.0111
46.2207
46.2207
46.2207
46.2207
34.3067
34.3067
34.3067
34.3067
29.4832
29.4832
29.4832
28.6853
28.6853
28.6853
28.6853
26.0789
26.0789
26.0789
25.2105
25.2105
25.2105
24.7055
24.7055
24.7055
24.0538
24.0538
24.0538
23.4658
23.4658
23.4658
22.9201
22.9201
22.9201
22.3815
22.3815
22.3815
21.8672
21.8672
21.8672
20.8275
20.8275
21.5774
21.5774
21.5774
20.5376
20.5376
21.022
21.022
21.022
19.9893
19.9893
19.9854
19.9854
19.9854
20.1269
20.1269
20.4755
20.4755
19.2151
19.2151
19.106
19.106
19.1527
19.1527
19.0116
19.0116
19.0116
18.8359
18.8359
18.6632
18.4805
18.4805
18.2544
18.2544
18.0498
18.0498
17.283
17.283
18.2507
18.2507
17.8629
17.8629
17.4213
16.6574
16.6574
17.5093
17.5093
17.1525
16.1812
16.1812
17.0386
16.1229
16.1229
16.7118
16.7118
15.7682
16.3677
16.3677
15.4661
16.0865
15.1712
15.1712
15.2316
15.8854
15.8854
14.7575
15.3076
14.373
14.373
14.3878
14.5816
14.9811
14.9811
13.8095
13.8579
14.0482
14.3938
14.3938
13.2774
13.3014
13.4645
13.4585
13.7906
12.772
12.772
12.6861
12.7509
12.6861
12.6057
12.5144
12.416
12.3136
12.2088
12.1028
11.9971
11.8928
11.7913
11.6943
11.6035
11.5211
11.4492
11.3897
11.3449
11.3181
11.3149
11.3464
11.4355
11.5275
11.3382
11.3735
11.7611
12.0825
12.5325
13.0931
15.246
13.4183
15.6988
17.9429
25.9071
)
;
    }
    defaultFaces
    {
        type            empty;
    }
}


// ************************************************************************* //
