/*--------------------------------*- C++ -*----------------------------------*\
| =========                 |                                                 |
| \\      /  F ield         | OpenFOAM: The Open Source CFD Toolbox           |
|  \\    /   O peration     | Version:  2106                                  |
|   \\  /    A nd           | Website:  www.openfoam.com                      |
|    \\/     M anipulation  |                                                 |
\*---------------------------------------------------------------------------*/
FoamFile
{
    version     2.0;
    format      ascii;
    arch        "LSB;label=32;scalar=64";
    class       volScalarField;
    location    "8.8";
    object      T;
}
// * * * * * * * * * * * * * * * * * * * * * * * * * * * * * * * * * * * * * //

dimensions      [0 0 0 1 0 0 0];

internalField   nonuniform List<scalar> 
12013
(
300.004
300.011
300.019
300.027
300.035
300.044
300.053
300.062
300.072
300.082
300.092
300.103
300.114
300.125
300.137
300.15
300.162
300.176
300.189
300.203
300.218
300.233
300.248
300.264
300.281
300.298
300.315
300.333
300.352
300.371
300.39
300.411
300.431
300.453
300.475
300.498
300.521
300.545
300.57
300.595
300.621
300.648
300.675
300.704
300.733
300.763
300.794
300.825
300.858
300.891
300.926
300.961
300.997
301.035
301.073
301.113
301.153
301.195
301.238
301.283
301.329
301.376
301.425
301.475
301.527
301.581
301.637
301.694
301.754
301.817
301.882
301.95
302.021
302.096
302.175
302.26
302.35
302.448
302.557
302.68
302.827
300.004
300.011
300.019
300.027
300.035
300.044
300.053
300.062
300.072
300.082
300.092
300.103
300.114
300.125
300.137
300.15
300.162
300.176
300.189
300.203
300.218
300.233
300.248
300.264
300.281
300.298
300.315
300.333
300.352
300.371
300.39
300.411
300.431
300.453
300.475
300.498
300.521
300.545
300.57
300.595
300.621
300.648
300.675
300.704
300.733
300.763
300.793
300.825
300.858
300.891
300.925
300.961
300.997
301.034
301.073
301.112
301.153
301.195
301.238
301.282
301.328
301.375
301.424
301.474
301.526
301.58
301.636
301.693
301.753
301.815
301.88
301.948
302.019
302.093
302.172
302.255
302.344
302.44
302.544
302.659
302.785
300.004
300.011
300.019
300.027
300.035
300.044
300.053
300.062
300.072
300.082
300.092
300.103
300.114
300.125
300.137
300.15
300.162
300.176
300.189
300.203
300.218
300.233
300.248
300.264
300.281
300.298
300.315
300.333
300.352
300.371
300.39
300.411
300.431
300.453
300.475
300.498
300.521
300.545
300.569
300.595
300.621
300.648
300.675
300.704
300.733
300.763
300.793
300.825
300.857
300.891
300.925
300.96
300.997
301.034
301.072
301.112
301.152
301.194
301.237
301.282
301.327
301.374
301.423
301.473
301.525
301.578
301.634
301.691
301.75
301.812
301.876
301.943
302.013
302.087
302.164
302.245
302.331
302.423
302.52
302.623
302.731
300.004
300.011
300.019
300.027
300.035
300.044
300.053
300.062
300.072
300.082
300.092
300.103
300.114
300.125
300.137
300.15
300.162
300.176
300.189
300.203
300.218
300.233
300.248
300.264
300.281
300.298
300.315
300.333
300.352
300.371
300.39
300.411
300.431
300.453
300.475
300.497
300.521
300.545
300.569
300.595
300.621
300.647
300.675
300.703
300.732
300.762
300.793
300.824
300.857
300.89
300.925
300.96
300.996
301.033
301.071
301.111
301.151
301.193
301.236
301.28
301.326
301.372
301.421
301.471
301.522
301.575
301.63
301.687
301.746
301.807
301.87
301.936
302.005
302.077
302.152
302.23
302.312
302.398
302.487
302.58
302.673
300.004
300.011
300.019
300.027
300.035
300.044
300.053
300.062
300.072
300.082
300.092
300.103
300.114
300.125
300.137
300.15
300.162
300.176
300.189
300.203
300.218
300.233
300.248
300.264
300.281
300.298
300.315
300.333
300.352
300.371
300.39
300.41
300.431
300.453
300.475
300.497
300.521
300.544
300.569
300.594
300.62
300.647
300.675
300.703
300.732
300.762
300.792
300.824
300.856
300.89
300.924
300.959
300.995
301.032
301.07
301.11
301.15
301.191
301.234
301.278
301.323
301.37
301.418
301.467
301.518
301.571
301.625
301.682
301.74
301.8
301.862
301.927
301.993
302.063
302.135
302.21
302.287
302.367
302.449
302.532
302.614
300.004
300.011
300.019
300.027
300.035
300.044
300.053
300.062
300.072
300.082
300.092
300.103
300.114
300.125
300.137
300.15
300.162
300.176
300.189
300.203
300.218
300.233
300.248
300.264
300.281
300.297
300.315
300.333
300.351
300.37
300.39
300.41
300.431
300.452
300.474
300.497
300.52
300.544
300.569
300.594
300.62
300.647
300.674
300.702
300.731
300.761
300.792
300.823
300.855
300.889
300.923
300.958
300.994
301.031
301.069
301.108
301.148
301.189
301.232
301.275
301.32
301.366
301.414
301.463
301.513
301.565
301.619
301.674
301.731
301.79
301.851
301.913
301.978
302.045
302.114
302.185
302.257
302.331
302.406
302.481
302.555
300.004
300.011
300.019
300.027
300.035
300.044
300.053
300.062
300.072
300.082
300.092
300.103
300.114
300.125
300.137
300.15
300.162
300.176
300.189
300.203
300.218
300.233
300.248
300.264
300.28
300.297
300.315
300.333
300.351
300.37
300.39
300.41
300.431
300.452
300.474
300.497
300.52
300.544
300.568
300.594
300.62
300.646
300.674
300.702
300.731
300.76
300.791
300.822
300.854
300.887
300.921
300.956
300.992
301.029
301.066
301.105
301.145
301.186
301.228
301.271
301.316
301.362
301.409
301.457
301.507
301.558
301.61
301.665
301.72
301.778
301.837
301.897
301.959
302.023
302.088
302.155
302.223
302.291
302.36
302.428
302.495
300.004
300.011
300.019
300.027
300.035
300.044
300.053
300.062
300.072
300.082
300.092
300.103
300.114
300.125
300.137
300.15
300.162
300.175
300.189
300.203
300.218
300.233
300.248
300.264
300.28
300.297
300.315
300.333
300.351
300.37
300.39
300.41
300.431
300.452
300.474
300.496
300.519
300.543
300.568
300.593
300.619
300.645
300.673
300.701
300.73
300.759
300.789
300.821
300.853
300.886
300.919
300.954
300.99
301.026
301.064
301.102
301.142
301.182
301.224
301.267
301.311
301.356
301.402
301.45
301.498
301.549
301.6
301.653
301.707
301.762
301.819
301.878
301.937
301.998
302.059
302.122
302.185
302.248
302.311
302.374
302.435
300.004
300.011
300.019
300.027
300.035
300.044
300.053
300.062
300.071
300.082
300.092
300.103
300.114
300.125
300.137
300.15
300.162
300.175
300.189
300.203
300.218
300.232
300.248
300.264
300.28
300.297
300.314
300.332
300.351
300.37
300.389
300.409
300.43
300.451
300.473
300.496
300.519
300.543
300.567
300.592
300.618
300.644
300.672
300.7
300.728
300.758
300.788
300.819
300.851
300.883
300.917
300.951
300.987
301.023
301.06
301.098
301.137
301.177
301.219
301.261
301.304
301.348
301.394
301.44
301.488
301.537
301.587
301.639
301.691
301.744
301.799
301.855
301.911
301.969
302.027
302.085
302.144
302.203
302.261
302.318
302.375
300.004
300.011
300.019
300.027
300.035
300.044
300.053
300.062
300.071
300.081
300.092
300.103
300.114
300.125
300.137
300.149
300.162
300.175
300.189
300.203
300.217
300.232
300.248
300.264
300.28
300.297
300.314
300.332
300.351
300.369
300.389
300.409
300.43
300.451
300.473
300.495
300.518
300.542
300.566
300.591
300.617
300.643
300.67
300.698
300.727
300.756
300.786
300.817
300.848
300.881
300.914
300.948
300.983
301.019
301.056
301.093
301.132
301.172
301.212
301.254
301.296
301.34
301.384
301.43
301.476
301.524
301.572
301.622
301.672
301.724
301.776
301.829
301.883
301.937
301.991
302.046
302.101
302.155
302.209
302.262
302.314
300.004
300.011
300.019
300.027
300.035
300.044
300.053
300.062
300.071
300.081
300.092
300.103
300.114
300.125
300.137
300.149
300.162
300.175
300.189
300.203
300.217
300.232
300.248
300.263
300.28
300.297
300.314
300.332
300.35
300.369
300.389
300.409
300.429
300.45
300.472
300.494
300.517
300.541
300.565
300.59
300.616
300.642
300.669
300.696
300.725
300.754
300.784
300.814
300.846
300.878
300.911
300.944
300.979
301.014
301.051
301.088
301.126
301.165
301.204
301.245
301.287
301.329
301.372
301.417
301.462
301.508
301.555
301.603
301.651
301.7
301.75
301.8
301.851
301.902
301.953
302.004
302.055
302.106
302.155
302.205
302.253
300.004
300.011
300.019
300.027
300.035
300.044
300.052
300.062
300.071
300.081
300.092
300.102
300.114
300.125
300.137
300.149
300.162
300.175
300.189
300.203
300.217
300.232
300.247
300.263
300.279
300.296
300.314
300.331
300.35
300.369
300.388
300.408
300.428
300.45
300.471
300.493
300.516
300.54
300.564
300.589
300.614
300.64
300.667
300.694
300.722
300.751
300.781
300.811
300.842
300.874
300.906
300.94
300.974
301.009
301.044
301.081
301.118
301.156
301.195
301.235
301.276
301.317
301.359
301.402
301.446
301.49
301.535
301.581
301.627
301.674
301.721
301.769
301.816
301.864
301.912
301.96
302.007
302.054
302.101
302.147
302.191
300.004
300.011
300.019
300.027
300.035
300.043
300.052
300.062
300.071
300.081
300.092
300.102
300.114
300.125
300.137
300.149
300.162
300.175
300.189
300.202
300.217
300.232
300.247
300.263
300.279
300.296
300.313
300.331
300.349
300.368
300.387
300.407
300.428
300.449
300.47
300.492
300.515
300.538
300.562
300.587
300.612
300.638
300.665
300.692
300.72
300.748
300.777
300.807
300.838
300.869
300.901
300.934
300.968
301.002
301.037
301.073
301.109
301.147
301.185
301.223
301.263
301.303
301.344
301.385
301.427
301.47
301.513
301.557
301.601
301.645
301.69
301.735
301.78
301.825
301.87
301.914
301.958
302.002
302.045
302.088
302.129
300.004
300.011
300.019
300.027
300.035
300.043
300.052
300.062
300.071
300.081
300.092
300.102
300.113
300.125
300.137
300.149
300.162
300.175
300.188
300.202
300.217
300.231
300.247
300.263
300.279
300.295
300.313
300.33
300.349
300.367
300.387
300.406
300.427
300.448
300.469
300.491
300.514
300.537
300.561
300.585
300.61
300.636
300.662
300.689
300.716
300.745
300.773
300.803
300.833
300.864
300.896
300.928
300.961
300.994
301.029
301.064
301.099
301.135
301.172
301.21
301.248
301.287
301.326
301.366
301.407
301.447
301.489
301.53
301.572
301.614
301.656
301.699
301.741
301.783
301.825
301.867
301.908
301.949
301.989
302.028
302.067
300.004
300.011
300.019
300.027
300.035
300.043
300.052
300.062
300.071
300.081
300.092
300.102
300.113
300.125
300.137
300.149
300.161
300.175
300.188
300.202
300.216
300.231
300.246
300.262
300.278
300.295
300.312
300.33
300.348
300.366
300.386
300.405
300.425
300.446
300.468
300.489
300.512
300.535
300.558
300.583
300.607
300.633
300.659
300.685
300.712
300.74
300.769
300.798
300.827
300.858
300.889
300.92
300.953
300.985
301.019
301.053
301.088
301.123
301.159
301.195
301.232
301.269
301.307
301.345
301.384
301.423
301.462
301.501
301.541
301.581
301.621
301.66
301.7
301.739
301.779
301.818
301.856
301.894
301.932
301.968
302.005
300.004
300.011
300.019
300.027
300.035
300.043
300.052
300.062
300.071
300.081
300.091
300.102
300.113
300.125
300.136
300.149
300.161
300.174
300.188
300.202
300.216
300.231
300.246
300.262
300.278
300.294
300.311
300.329
300.347
300.365
300.384
300.404
300.424
300.445
300.466
300.488
300.51
300.533
300.556
300.58
300.604
300.629
300.655
300.681
300.708
300.735
300.763
300.792
300.821
300.851
300.881
300.912
300.943
300.975
301.008
301.041
301.075
301.109
301.143
301.178
301.214
301.25
301.286
301.322
301.359
301.396
301.433
301.471
301.508
301.546
301.583
301.62
301.658
301.694
301.731
301.767
301.803
301.839
301.874
301.908
301.942
300.004
300.011
300.019
300.026
300.035
300.043
300.052
300.061
300.071
300.081
300.091
300.102
300.113
300.124
300.136
300.148
300.161
300.174
300.187
300.201
300.215
300.23
300.245
300.261
300.277
300.293
300.31
300.328
300.346
300.364
300.383
300.403
300.422
300.443
300.464
300.485
300.507
300.53
300.553
300.577
300.601
300.625
300.651
300.676
300.703
300.73
300.757
300.785
300.814
300.843
300.872
300.902
300.933
300.964
300.996
301.028
301.06
301.093
301.126
301.16
301.194
301.228
301.263
301.297
301.332
301.368
301.403
301.438
301.473
301.509
301.544
301.579
301.614
301.648
301.683
301.716
301.75
301.783
301.816
301.848
301.879
300.004
300.011
300.019
300.026
300.035
300.043
300.052
300.061
300.071
300.081
300.091
300.102
300.113
300.124
300.136
300.148
300.161
300.174
300.187
300.201
300.215
300.23
300.245
300.26
300.276
300.293
300.309
300.327
300.345
300.363
300.382
300.401
300.421
300.441
300.462
300.483
300.505
300.527
300.55
300.573
300.597
300.621
300.646
300.671
300.697
300.723
300.75
300.777
300.805
300.834
300.862
300.892
300.921
300.951
300.982
301.013
301.044
301.076
301.108
301.14
301.172
301.205
301.238
301.271
301.304
301.337
301.371
301.404
301.437
301.47
301.503
301.536
301.569
301.601
301.633
301.665
301.696
301.727
301.757
301.787
301.817
300.004
300.011
300.018
300.026
300.035
300.043
300.052
300.061
300.071
300.081
300.091
300.102
300.113
300.124
300.136
300.148
300.16
300.173
300.187
300.2
300.214
300.229
300.244
300.259
300.275
300.292
300.308
300.325
300.343
300.361
300.38
300.399
300.418
300.438
300.459
300.48
300.501
300.523
300.546
300.569
300.592
300.616
300.64
300.665
300.69
300.716
300.742
300.769
300.796
300.823
300.851
300.88
300.908
300.937
300.967
300.996
301.026
301.057
301.087
301.118
301.149
301.18
301.211
301.243
301.274
301.306
301.337
301.368
301.399
301.431
301.462
301.492
301.523
301.553
301.583
301.612
301.642
301.67
301.699
301.727
301.754
300.004
300.011
300.018
300.026
300.035
300.043
300.052
300.061
300.071
300.081
300.091
300.101
300.112
300.124
300.135
300.147
300.16
300.173
300.186
300.2
300.214
300.228
300.243
300.258
300.274
300.29
300.307
300.324
300.341
300.359
300.378
300.397
300.416
300.436
300.456
300.477
300.498
300.519
300.541
300.564
300.587
300.61
300.634
300.658
300.683
300.708
300.733
300.759
300.786
300.812
300.839
300.866
300.894
300.922
300.95
300.979
301.008
301.037
301.066
301.095
301.124
301.154
301.184
301.213
301.243
301.272
301.302
301.331
301.361
301.39
301.419
301.448
301.476
301.504
301.532
301.56
301.587
301.614
301.641
301.667
301.692
300.004
300.011
300.018
300.026
300.034
300.043
300.052
300.061
300.071
300.08
300.091
300.101
300.112
300.123
300.135
300.147
300.159
300.172
300.185
300.199
300.213
300.227
300.242
300.257
300.273
300.289
300.305
300.322
300.34
300.357
300.376
300.394
300.413
300.433
300.453
300.473
300.494
300.515
300.536
300.558
300.581
300.604
300.627
300.651
300.675
300.699
300.724
300.749
300.774
300.8
300.826
300.852
300.879
300.906
300.933
300.96
300.987
301.015
301.043
301.071
301.099
301.126
301.154
301.182
301.21
301.238
301.266
301.294
301.321
301.348
301.376
301.402
301.429
301.455
301.482
301.507
301.533
301.558
301.583
301.607
301.631
300.004
300.011
300.018
300.026
300.034
300.043
300.052
300.061
300.07
300.08
300.09
300.101
300.112
300.123
300.134
300.146
300.159
300.171
300.185
300.198
300.212
300.226
300.241
300.256
300.271
300.287
300.304
300.32
300.337
300.355
300.373
300.391
300.41
300.429
300.449
300.469
300.489
300.51
300.531
300.552
300.574
300.597
300.619
300.642
300.665
300.689
300.713
300.737
300.762
300.787
300.812
300.837
300.862
300.888
300.914
300.94
300.966
300.992
301.019
301.045
301.072
301.098
301.124
301.151
301.177
301.203
301.229
301.255
301.281
301.307
301.332
301.357
301.382
301.407
301.431
301.455
301.479
301.502
301.525
301.548
301.57
300.004
300.011
300.018
300.026
300.034
300.043
300.052
300.061
300.07
300.08
300.09
300.1
300.111
300.122
300.134
300.146
300.158
300.171
300.184
300.197
300.211
300.225
300.24
300.255
300.27
300.286
300.302
300.318
300.335
300.352
300.37
300.388
300.406
300.425
300.444
300.464
300.484
300.504
300.525
300.546
300.567
300.589
300.611
300.633
300.656
300.678
300.702
300.725
300.749
300.772
300.796
300.821
300.845
300.87
300.894
300.919
300.944
300.969
300.994
301.019
301.044
301.069
301.093
301.118
301.143
301.168
301.192
301.216
301.24
301.264
301.288
301.312
301.335
301.358
301.381
301.403
301.425
301.447
301.469
301.49
301.511
300.004
300.011
300.018
300.026
300.034
300.043
300.051
300.06
300.07
300.08
300.09
300.1
300.111
300.122
300.133
300.145
300.157
300.17
300.183
300.196
300.21
300.224
300.238
300.253
300.268
300.284
300.299
300.316
300.332
300.349
300.367
300.384
300.403
300.421
300.44
300.459
300.478
300.498
300.518
300.539
300.559
300.58
300.602
300.623
300.645
300.667
300.689
300.712
300.735
300.757
300.78
300.804
300.827
300.85
300.874
300.897
300.921
300.944
300.968
300.992
301.015
301.039
301.062
301.085
301.109
301.132
301.155
301.177
301.2
301.222
301.245
301.267
301.288
301.31
301.331
301.352
301.373
301.393
301.413
301.433
301.453
300.004
300.011
300.018
300.026
300.034
300.042
300.051
300.06
300.07
300.079
300.089
300.1
300.11
300.121
300.133
300.144
300.156
300.169
300.182
300.195
300.208
300.222
300.236
300.251
300.266
300.281
300.297
300.313
300.329
300.346
300.363
300.381
300.398
300.416
300.435
300.453
300.472
300.492
300.511
300.531
300.551
300.571
300.592
300.613
300.634
300.655
300.676
300.698
300.72
300.742
300.764
300.786
300.808
300.83
300.852
300.875
300.897
300.919
300.942
300.964
300.986
301.008
301.03
301.052
301.074
301.096
301.117
301.139
301.16
301.181
301.202
301.222
301.242
301.263
301.282
301.302
301.321
301.34
301.359
301.378
301.396
300.004
300.011
300.018
300.026
300.034
300.042
300.051
300.06
300.069
300.079
300.089
300.099
300.11
300.121
300.132
300.144
300.156
300.168
300.181
300.194
300.207
300.221
300.235
300.249
300.264
300.279
300.294
300.31
300.326
300.343
300.359
300.376
300.394
300.411
300.429
300.447
300.466
300.485
300.503
300.523
300.542
300.562
300.582
300.602
300.622
300.642
300.663
300.684
300.704
300.725
300.746
300.767
300.788
300.81
300.831
300.852
300.873
300.894
300.915
300.936
300.957
300.978
300.999
301.019
301.04
301.06
301.08
301.1
301.12
301.14
301.159
301.179
301.198
301.216
301.235
301.253
301.271
301.289
301.307
301.324
301.341
300.003
300.011
300.018
300.026
300.034
300.042
300.051
300.06
300.069
300.078
300.088
300.098
300.109
300.12
300.131
300.143
300.155
300.167
300.179
300.192
300.205
300.219
300.233
300.247
300.261
300.276
300.291
300.307
300.323
300.339
300.355
300.372
300.389
300.406
300.423
300.441
300.459
300.477
300.495
300.514
300.533
300.552
300.571
300.59
300.61
300.629
300.649
300.669
300.689
300.709
300.729
300.749
300.769
300.789
300.809
300.829
300.849
300.869
300.889
300.909
300.928
300.948
300.968
300.987
301.006
301.025
301.044
301.063
301.082
301.1
301.118
301.136
301.154
301.172
301.189
301.206
301.223
301.24
301.256
301.273
301.289
300.003
300.011
300.018
300.026
300.034
300.042
300.05
300.059
300.068
300.078
300.088
300.098
300.108
300.119
300.13
300.142
300.153
300.165
300.178
300.191
300.204
300.217
300.231
300.245
300.259
300.273
300.288
300.303
300.319
300.335
300.351
300.367
300.383
300.4
300.417
300.434
300.452
300.469
300.487
300.505
300.523
300.542
300.56
300.579
300.597
300.616
300.635
300.654
300.673
300.692
300.711
300.73
300.749
300.768
300.787
300.806
300.825
300.844
300.863
300.882
300.9
300.919
300.937
300.955
300.973
300.991
301.009
301.027
301.044
301.062
301.079
301.096
301.112
301.129
301.145
301.161
301.177
301.193
301.208
301.223
301.238
300.003
300.01
300.018
300.025
300.033
300.042
300.05
300.059
300.068
300.077
300.087
300.097
300.108
300.118
300.129
300.141
300.152
300.164
300.176
300.189
300.202
300.215
300.228
300.242
300.256
300.27
300.285
300.3
300.315
300.33
300.346
300.362
300.378
300.394
300.411
300.427
300.444
300.461
300.479
300.496
300.513
300.531
300.549
300.567
300.585
300.603
300.621
300.639
300.657
300.675
300.693
300.711
300.73
300.748
300.766
300.784
300.802
300.82
300.837
300.855
300.873
300.89
300.908
300.925
300.942
300.959
300.975
300.992
301.008
301.025
301.041
301.057
301.072
301.088
301.103
301.118
301.133
301.148
301.162
301.177
301.191
300.003
300.01
300.018
300.025
300.033
300.041
300.05
300.058
300.067
300.077
300.086
300.096
300.107
300.117
300.128
300.139
300.151
300.163
300.175
300.187
300.2
300.213
300.226
300.24
300.253
300.267
300.282
300.296
300.311
300.326
300.341
300.357
300.372
300.388
300.404
300.42
300.437
300.453
300.47
300.487
300.504
300.521
300.538
300.555
300.572
300.589
300.607
300.624
300.641
300.659
300.676
300.693
300.711
300.728
300.745
300.762
300.779
300.796
300.813
300.83
300.846
300.863
300.879
300.896
300.912
300.928
300.943
300.959
300.975
300.99
301.005
301.02
301.035
301.049
301.064
301.078
301.092
301.106
301.12
301.133
301.146
300.003
300.01
300.018
300.025
300.033
300.041
300.049
300.058
300.067
300.076
300.086
300.096
300.106
300.116
300.127
300.138
300.15
300.161
300.173
300.185
300.198
300.211
300.224
300.237
300.25
300.264
300.278
300.292
300.307
300.322
300.336
300.352
300.367
300.382
300.398
300.414
300.429
300.445
300.461
300.478
300.494
300.51
300.527
300.543
300.56
300.576
300.593
300.61
300.626
300.643
300.659
300.676
300.692
300.709
300.725
300.742
300.758
300.774
300.79
300.806
300.822
300.837
300.853
300.868
300.883
300.899
300.914
300.928
300.943
300.958
300.972
300.986
301
301.014
301.027
301.041
301.054
301.067
301.08
301.093
301.106
300.003
300.01
300.017
300.025
300.033
300.041
300.049
300.058
300.066
300.076
300.085
300.095
300.105
300.115
300.126
300.137
300.148
300.16
300.171
300.183
300.196
300.208
300.221
300.234
300.247
300.261
300.275
300.289
300.303
300.317
300.332
300.346
300.361
300.376
300.391
300.407
300.422
300.438
300.453
300.469
300.485
300.501
300.516
300.532
300.548
300.564
300.58
300.596
300.612
300.628
300.644
300.66
300.675
300.691
300.707
300.722
300.738
300.753
300.768
300.784
300.799
300.813
300.828
300.843
300.857
300.872
300.886
300.9
300.914
300.928
300.941
300.955
300.968
300.981
300.994
301.007
301.02
301.032
301.044
301.056
301.068
300.003
300.01
300.017
300.025
300.032
300.04
300.049
300.057
300.066
300.075
300.084
300.094
300.104
300.114
300.125
300.136
300.147
300.158
300.17
300.182
300.194
300.206
300.219
300.232
300.245
300.258
300.271
300.285
300.299
300.313
300.327
300.341
300.356
300.371
300.385
300.4
300.415
300.43
300.445
300.461
300.476
300.491
300.507
300.522
300.537
300.553
300.568
300.583
300.599
300.614
300.629
300.645
300.66
300.675
300.69
300.705
300.719
300.734
300.749
300.763
300.778
300.792
300.806
300.82
300.834
300.848
300.861
300.875
300.888
300.901
300.914
300.927
300.94
300.952
300.964
300.977
300.989
301.001
301.012
301.024
301.035
300.003
300.01
300.017
300.025
300.032
300.04
300.048
300.057
300.065
300.074
300.084
300.093
300.103
300.113
300.124
300.134
300.145
300.157
300.168
300.18
300.192
300.204
300.216
300.229
300.242
300.255
300.268
300.282
300.295
300.309
300.323
300.337
300.351
300.365
300.38
300.394
300.409
300.423
300.438
300.453
300.468
300.483
300.498
300.512
300.527
300.542
300.557
300.572
300.587
300.602
300.616
300.631
300.646
300.66
300.675
300.689
300.703
300.717
300.731
300.745
300.759
300.773
300.786
300.8
300.813
300.826
300.839
300.852
300.865
300.878
300.89
300.902
300.915
300.927
300.938
300.95
300.962
300.973
300.984
300.995
301.006
300.003
300.01
300.017
300.024
300.032
300.04
300.048
300.056
300.065
300.074
300.083
300.093
300.102
300.112
300.123
300.133
300.144
300.155
300.167
300.178
300.19
300.202
300.214
300.227
300.239
300.252
300.265
300.278
300.292
300.305
300.319
300.333
300.347
300.361
300.375
300.389
300.403
300.417
300.432
300.446
300.461
300.475
300.49
300.504
300.519
300.533
300.548
300.562
300.576
300.591
300.605
300.619
300.633
300.647
300.661
300.675
300.689
300.703
300.716
300.73
300.743
300.757
300.77
300.783
300.796
300.808
300.821
300.833
300.846
300.858
300.87
300.882
300.893
300.905
300.916
300.928
300.939
300.95
300.961
300.971
300.982
300.003
300.01
300.017
300.024
300.032
300.039
300.047
300.056
300.064
300.073
300.082
300.092
300.102
300.112
300.122
300.132
300.143
300.154
300.165
300.177
300.188
300.2
300.212
300.225
300.237
300.25
300.263
300.276
300.289
300.302
300.315
300.329
300.343
300.356
300.37
300.384
300.398
300.412
300.426
300.44
300.455
300.469
300.483
300.497
300.511
300.525
300.54
300.554
300.568
300.582
300.596
300.609
300.623
300.637
300.651
300.664
300.678
300.691
300.704
300.717
300.73
300.743
300.756
300.769
300.781
300.793
300.806
300.818
300.83
300.842
300.853
300.865
300.876
300.887
300.898
300.909
300.92
300.931
300.941
300.952
300.962
300.003
300.01
300.017
300.024
300.031
300.039
300.047
300.055
300.064
300.073
300.082
300.091
300.101
300.111
300.121
300.131
300.142
300.153
300.164
300.175
300.187
300.199
300.211
300.223
300.235
300.248
300.26
300.273
300.286
300.299
300.313
300.326
300.339
300.353
300.367
300.38
300.394
300.408
300.422
300.436
300.45
300.464
300.478
300.492
300.505
300.519
300.533
300.547
300.561
300.575
300.588
300.602
300.615
300.629
300.642
300.655
300.669
300.682
300.695
300.707
300.72
300.733
300.745
300.758
300.77
300.782
300.794
300.806
300.817
300.829
300.84
300.852
300.863
300.874
300.885
300.895
300.906
300.916
300.927
300.937
300.947
300.003
300.01
300.017
300.024
300.031
300.039
300.047
300.055
300.064
300.072
300.081
300.091
300.1
300.11
300.12
300.131
300.141
300.152
300.163
300.174
300.186
300.197
300.209
300.221
300.234
300.246
300.259
300.271
300.284
300.297
300.31
300.324
300.337
300.35
300.364
300.378
300.391
300.405
300.419
300.432
300.446
300.46
300.474
300.487
300.501
300.515
300.529
300.542
300.556
300.569
300.583
300.596
300.61
300.623
300.636
300.649
300.662
300.675
300.688
300.7
300.713
300.725
300.738
300.75
300.762
300.774
300.786
300.797
300.809
300.82
300.831
300.843
300.854
300.864
300.875
300.886
300.896
300.906
300.916
300.926
300.936
300.003
300.01
300.017
300.024
300.031
300.039
300.047
300.055
300.063
300.072
300.081
300.09
300.1
300.11
300.12
300.13
300.141
300.151
300.162
300.174
300.185
300.197
300.208
300.22
300.233
300.245
300.258
300.27
300.283
300.296
300.309
300.322
300.335
300.349
300.362
300.376
300.389
300.403
300.416
300.43
300.444
300.457
300.471
300.485
300.498
300.512
300.526
300.539
300.553
300.566
300.579
300.593
300.606
300.619
300.632
300.645
300.658
300.671
300.683
300.696
300.708
300.721
300.733
300.745
300.757
300.769
300.78
300.792
300.803
300.815
300.826
300.837
300.848
300.858
300.869
300.88
300.89
300.9
300.91
300.92
300.93
300.003
300.01
300.017
300.024
300.031
300.039
300.047
300.055
300.063
300.072
300.081
300.09
300.1
300.109
300.119
300.13
300.14
300.151
300.162
300.173
300.185
300.196
300.208
300.22
300.232
300.244
300.257
300.27
300.282
300.295
300.308
300.321
300.335
300.348
300.361
300.375
300.388
300.402
300.415
300.429
300.443
300.456
300.47
300.483
300.497
300.511
300.524
300.538
300.551
300.564
300.578
300.591
300.604
300.617
300.63
300.643
300.656
300.669
300.681
300.694
300.706
300.718
300.731
300.743
300.755
300.766
300.778
300.79
300.801
300.812
300.823
300.834
300.845
300.856
300.866
300.877
300.887
300.897
300.907
300.917
300.927
300.003
300.01
300.017
300.024
300.031
300.039
300.047
300.055
300.063
300.072
300.081
300.09
300.1
300.109
300.119
300.13
300.14
300.151
300.162
300.173
300.184
300.196
300.208
300.22
300.232
300.244
300.257
300.269
300.282
300.295
300.308
300.321
300.334
300.348
300.361
300.374
300.388
300.401
300.415
300.429
300.442
300.456
300.469
300.483
300.497
300.51
300.524
300.537
300.551
300.564
300.577
300.59
300.604
300.617
300.63
300.643
300.655
300.668
300.681
300.693
300.706
300.718
300.73
300.742
300.754
300.766
300.777
300.789
300.8
300.811
300.823
300.834
300.844
300.855
300.866
300.876
300.886
300.896
300.906
300.916
300.926
303.022
303.151
303.229
303.301
303.364
303.416
303.451
303.49
303.53
303.567
303.599
303.633
303.668
303.702
303.735
303.768
303.799
303.827
303.857
303.886
303.915
303.945
303.974
304.003
304.032
304.061
304.089
304.117
304.144
304.171
304.198
304.225
304.251
304.278
304.304
304.329
304.355
304.38
304.405
304.43
304.455
304.478
304.504
304.531
304.557
304.583
304.606
304.631
304.657
304.683
304.707
304.73
304.754
304.779
304.804
304.83
304.856
304.881
304.907
304.931
304.952
304.975
304.998
305.023
305.048
305.072
305.097
305.121
305.146
305.17
305.194
305.218
305.241
305.265
305.288
305.312
305.335
305.359
305.381
305.406
305.434
305.46
305.484
305.507
305.528
305.549
305.574
305.601
305.626
305.648
305.668
305.693
305.72
305.742
305.768
305.795
305.82
305.842
305.869
305.893
305.915
305.94
305.961
305.986
306.012
306.04
306.065
306.085
306.11
306.131
306.155
306.181
306.208
306.236
306.261
306.281
306.305
306.331
306.358
306.381
306.399
306.422
306.446
306.47
306.494
306.511
306.532
306.553
306.575
306.596
306.617
306.636
306.655
306.672
306.688
306.703
306.717
306.729
306.74
306.749
306.756
306.761
306.765
306.766
306.765
306.762
306.756
306.747
306.735
306.719
306.697
306.672
306.645
306.612
306.575
306.53
306.481
306.395
306.316
306.216
306.084
302.921
303.035
303.123
303.198
303.263
303.318
303.365
303.408
303.45
303.489
303.526
303.562
303.598
303.633
303.667
303.701
303.733
303.763
303.794
303.824
303.854
303.884
303.914
303.944
303.973
304.002
304.031
304.059
304.087
304.115
304.142
304.169
304.196
304.223
304.249
304.275
304.301
304.327
304.352
304.378
304.403
304.428
304.453
304.48
304.506
304.531
304.556
304.581
304.607
304.632
304.657
304.681
304.705
304.73
304.756
304.782
304.807
304.833
304.858
304.882
304.905
304.928
304.952
304.977
305.001
305.026
305.051
305.076
305.1
305.125
305.149
305.173
305.197
305.221
305.244
305.268
305.292
305.316
305.339
305.364
305.391
305.417
305.441
305.464
305.486
305.509
305.533
305.559
305.584
305.607
305.629
305.653
305.679
305.703
305.728
305.755
305.78
305.804
305.83
305.854
305.877
305.902
305.924
305.949
305.975
306.003
306.028
306.049
306.074
306.096
306.12
306.146
306.173
306.201
306.225
306.247
306.271
306.297
306.323
306.347
306.367
306.39
306.414
306.438
306.461
306.48
306.501
306.523
306.545
306.566
306.587
306.606
306.625
306.642
306.659
306.674
306.688
306.7
306.711
306.721
306.728
306.734
306.738
306.739
306.738
306.735
306.729
306.72
306.708
306.691
306.67
306.645
306.617
306.584
306.545
306.499
306.446
306.363
306.28
306.174
306.03
302.839
302.938
303.024
303.099
303.166
303.224
303.275
303.323
303.367
303.409
303.448
303.487
303.524
303.56
303.596
303.63
303.663
303.695
303.727
303.758
303.789
303.82
303.851
303.881
303.911
303.94
303.969
303.998
304.026
304.055
304.082
304.11
304.137
304.164
304.191
304.218
304.244
304.27
304.296
304.322
304.347
304.373
304.399
304.425
304.451
304.477
304.502
304.528
304.554
304.579
304.604
304.629
304.654
304.679
304.704
304.73
304.756
304.782
304.807
304.831
304.855
304.879
304.903
304.927
304.952
304.977
305.002
305.027
305.052
305.076
305.101
305.125
305.149
305.173
305.197
305.221
305.245
305.27
305.294
305.319
305.345
305.37
305.395
305.419
305.442
305.465
305.489
305.515
305.54
305.563
305.586
305.611
305.636
305.661
305.686
305.713
305.738
305.763
305.788
305.813
305.836
305.861
305.885
305.91
305.936
305.962
305.988
306.011
306.035
306.058
306.083
306.109
306.136
306.163
306.188
306.211
306.235
306.261
306.287
306.311
306.332
306.355
306.379
306.403
306.427
306.447
306.468
306.49
306.512
306.534
306.554
306.574
306.593
306.611
306.628
306.643
306.657
306.67
306.681
306.691
306.699
306.705
306.709
306.71
306.71
306.707
306.701
306.692
306.679
306.663
306.641
306.616
306.587
306.554
306.514
306.466
306.41
306.329
306.242
306.131
305.978
302.765
302.853
302.933
303.006
303.072
303.132
303.186
303.235
303.282
303.326
303.368
303.408
303.446
303.484
303.52
303.556
303.59
303.624
303.656
303.689
303.721
303.752
303.783
303.814
303.844
303.874
303.904
303.933
303.962
303.991
304.019
304.047
304.075
304.102
304.129
304.156
304.183
304.21
304.236
304.262
304.288
304.315
304.341
304.367
304.393
304.419
304.445
304.471
304.497
304.523
304.548
304.573
304.598
304.624
304.65
304.675
304.701
304.727
304.752
304.777
304.801
304.825
304.85
304.875
304.9
304.925
304.95
304.975
305
305.025
305.049
305.074
305.098
305.123
305.147
305.172
305.196
305.22
305.245
305.27
305.296
305.321
305.346
305.37
305.394
305.418
305.443
305.468
305.493
305.517
305.541
305.565
305.591
305.616
305.642
305.668
305.693
305.718
305.744
305.768
305.793
305.818
305.842
305.867
305.893
305.92
305.945
305.969
305.994
306.018
306.043
306.069
306.096
306.122
306.148
306.172
306.197
306.222
306.248
306.272
306.295
306.318
306.343
306.367
306.39
306.411
306.433
306.455
306.477
306.499
306.52
306.54
306.559
306.577
306.595
306.61
306.625
306.638
306.649
306.659
306.667
306.673
306.678
306.68
306.679
306.676
306.67
306.661
306.649
306.632
306.611
306.585
306.556
306.522
306.481
306.432
306.373
306.293
306.202
306.088
305.929
302.695
302.774
302.848
302.917
302.982
303.041
303.096
303.147
303.196
303.241
303.284
303.326
303.366
303.405
303.442
303.478
303.514
303.548
303.582
303.615
303.648
303.68
303.712
303.743
303.774
303.805
303.835
303.865
303.894
303.923
303.952
303.98
304.009
304.037
304.064
304.092
304.119
304.146
304.173
304.199
304.226
304.252
304.279
304.306
304.332
304.358
304.384
304.411
304.437
304.463
304.488
304.514
304.539
304.565
304.591
304.617
304.643
304.669
304.694
304.719
304.744
304.769
304.794
304.819
304.844
304.869
304.894
304.92
304.945
304.97
304.995
305.02
305.044
305.069
305.094
305.118
305.143
305.168
305.193
305.218
305.244
305.269
305.294
305.319
305.343
305.368
305.393
305.418
305.443
305.467
305.492
305.517
305.542
305.568
305.594
305.62
305.645
305.671
305.696
305.722
305.746
305.772
305.797
305.822
305.848
305.875
305.9
305.925
305.95
305.975
306
306.026
306.053
306.079
306.105
306.13
306.155
306.181
306.207
306.231
306.255
306.279
306.303
306.327
306.351
306.373
306.395
306.418
306.44
306.462
306.483
306.504
306.523
306.542
306.559
306.575
306.59
306.603
306.615
306.626
306.634
306.64
306.645
306.647
306.647
306.644
306.638
306.629
306.616
306.6
306.578
306.553
306.523
306.488
306.446
306.396
306.334
306.254
306.161
306.043
305.883
302.628
302.699
302.767
302.833
302.895
302.953
303.008
303.059
303.108
303.155
303.199
303.242
303.283
303.322
303.361
303.398
303.434
303.47
303.504
303.538
303.572
303.605
303.637
303.669
303.7
303.731
303.762
303.792
303.822
303.852
303.881
303.91
303.939
303.967
303.995
304.023
304.051
304.078
304.105
304.133
304.159
304.186
304.213
304.24
304.267
304.293
304.32
304.346
304.373
304.399
304.425
304.451
304.477
304.503
304.529
304.555
304.581
304.607
304.633
304.658
304.683
304.709
304.734
304.759
304.785
304.81
304.835
304.861
304.886
304.912
304.937
304.962
304.987
305.012
305.037
305.062
305.087
305.112
305.137
305.163
305.188
305.214
305.239
305.264
305.289
305.314
305.339
305.364
305.39
305.415
305.44
305.465
305.491
305.516
305.542
305.568
305.594
305.62
305.646
305.672
305.697
305.722
305.748
305.774
305.8
305.826
305.852
305.878
305.903
305.928
305.954
305.98
306.007
306.034
306.06
306.085
306.111
306.137
306.163
306.188
306.212
306.237
306.261
306.286
306.309
306.332
306.355
306.378
306.4
306.423
306.444
306.465
306.485
306.504
306.521
306.538
306.553
306.567
306.579
306.59
306.598
306.605
306.61
306.612
306.612
306.61
306.604
306.595
306.582
306.566
306.544
306.519
306.488
306.452
306.409
306.358
306.295
306.214
306.119
305.999
305.838
302.561
302.626
302.69
302.751
302.81
302.867
302.92
302.972
303.021
303.067
303.112
303.155
303.197
303.238
303.277
303.315
303.352
303.388
303.423
303.458
303.492
303.526
303.558
303.591
303.623
303.654
303.686
303.716
303.747
303.777
303.807
303.836
303.865
303.894
303.922
303.951
303.979
304.007
304.034
304.062
304.089
304.117
304.144
304.171
304.198
304.225
304.252
304.278
304.305
304.331
304.358
304.384
304.41
304.437
304.463
304.489
304.515
304.542
304.568
304.593
304.619
304.645
304.67
304.696
304.721
304.747
304.773
304.798
304.824
304.85
304.875
304.901
304.926
304.951
304.977
305.002
305.027
305.053
305.078
305.104
305.13
305.155
305.181
305.206
305.232
305.257
305.282
305.308
305.333
305.359
305.384
305.41
305.436
305.462
305.488
305.514
305.54
305.566
305.593
305.618
305.644
305.67
305.696
305.722
305.749
305.775
305.801
305.827
305.853
305.879
305.905
305.932
305.959
305.986
306.012
306.038
306.064
306.09
306.116
306.142
306.167
306.192
306.217
306.241
306.265
306.289
306.312
306.335
306.358
306.381
306.403
306.424
306.444
306.463
306.481
306.498
306.514
306.528
306.541
306.552
306.561
306.568
306.573
306.576
306.576
306.573
306.568
306.559
306.546
306.529
306.508
306.482
306.451
306.415
306.371
306.318
306.253
306.172
306.075
305.954
305.795
302.496
302.555
302.614
302.672
302.728
302.782
302.834
302.885
302.933
302.98
303.024
303.068
303.11
303.151
303.19
303.229
303.267
303.303
303.339
303.375
303.409
303.443
303.477
303.509
303.542
303.574
303.606
303.637
303.668
303.698
303.728
303.758
303.788
303.817
303.846
303.875
303.903
303.931
303.959
303.987
304.015
304.043
304.07
304.098
304.125
304.152
304.179
304.206
304.233
304.26
304.287
304.313
304.34
304.367
304.393
304.42
304.446
304.472
304.499
304.525
304.551
304.577
304.603
304.629
304.654
304.68
304.706
304.732
304.758
304.784
304.81
304.835
304.861
304.887
304.912
304.938
304.964
304.99
305.015
305.041
305.067
305.093
305.119
305.145
305.17
305.196
305.222
305.248
305.273
305.299
305.325
305.351
305.377
305.404
305.43
305.456
305.483
305.509
305.536
305.562
305.588
305.615
305.641
305.667
305.694
305.721
305.747
305.774
305.8
305.826
305.853
305.88
305.907
305.934
305.961
305.987
306.014
306.04
306.067
306.093
306.118
306.144
306.169
306.194
306.219
306.243
306.266
306.29
306.313
306.336
306.359
306.38
306.401
306.42
306.439
306.456
306.472
306.487
306.5
306.511
306.521
306.528
306.533
306.536
306.537
306.535
306.529
306.521
306.508
306.491
306.47
306.444
306.413
306.375
306.33
306.276
306.211
306.129
306.031
305.909
305.754
302.43
302.486
302.541
302.595
302.648
302.699
302.75
302.798
302.846
302.892
302.936
302.979
303.021
303.062
303.102
303.141
303.179
303.216
303.252
303.288
303.323
303.358
303.391
303.425
303.458
303.49
303.522
303.554
303.585
303.616
303.646
303.677
303.706
303.736
303.765
303.795
303.823
303.852
303.881
303.909
303.937
303.965
303.993
304.021
304.048
304.076
304.103
304.131
304.158
304.185
304.212
304.239
304.266
304.293
304.319
304.346
304.373
304.399
304.426
304.452
304.479
304.505
304.531
304.557
304.584
304.61
304.636
304.662
304.688
304.715
304.741
304.767
304.793
304.819
304.845
304.871
304.897
304.923
304.949
304.975
305.001
305.027
305.053
305.08
305.106
305.132
305.158
305.184
305.21
305.236
305.262
305.289
305.315
305.342
305.368
305.395
305.422
305.449
305.476
305.502
305.529
305.556
305.582
305.609
305.636
305.663
305.69
305.717
305.744
305.771
305.798
305.825
305.852
305.88
305.907
305.934
305.961
305.988
306.014
306.041
306.067
306.093
306.118
306.144
306.169
306.193
306.218
306.242
306.266
306.289
306.312
306.333
306.355
306.375
306.394
306.411
306.428
306.443
306.456
306.468
306.478
306.486
306.492
306.495
306.496
306.494
306.489
306.48
306.468
306.451
306.43
306.404
306.372
306.334
306.288
306.233
306.166
306.085
305.986
305.865
305.713
302.365
302.417
302.468
302.519
302.569
302.618
302.666
302.713
302.759
302.804
302.848
302.89
302.932
302.973
303.012
303.051
303.089
303.127
303.163
303.199
303.234
303.269
303.303
303.337
303.37
303.403
303.435
303.467
303.499
303.53
303.561
303.592
303.622
303.652
303.681
303.711
303.74
303.769
303.798
303.827
303.855
303.884
303.912
303.94
303.968
303.996
304.023
304.051
304.078
304.106
304.133
304.16
304.188
304.215
304.242
304.269
304.296
304.323
304.349
304.376
304.403
304.429
304.456
304.482
304.509
304.535
304.562
304.588
304.615
304.641
304.668
304.694
304.72
304.747
304.773
304.799
304.825
304.852
304.878
304.905
304.931
304.958
304.984
305.011
305.037
305.063
305.09
305.116
305.143
305.169
305.196
305.223
305.249
305.276
305.303
305.33
305.358
305.385
305.412
305.439
305.466
305.493
305.52
305.547
305.575
305.602
305.629
305.657
305.684
305.711
305.739
305.766
305.794
305.822
305.849
305.877
305.904
305.931
305.958
305.985
306.012
306.038
306.064
306.09
306.116
306.141
306.166
306.191
306.215
306.239
306.262
306.284
306.306
306.326
306.346
306.364
306.381
306.396
306.41
306.423
306.433
306.441
306.448
306.451
306.452
306.451
306.446
306.437
306.425
306.409
306.387
306.361
306.329
306.291
306.244
306.189
306.121
306.039
305.94
305.82
305.674
302.301
302.348
302.396
302.444
302.491
302.537
302.583
302.628
302.673
302.716
302.759
302.801
302.842
302.882
302.922
302.96
302.998
303.035
303.072
303.108
303.143
303.178
303.213
303.246
303.28
303.313
303.345
303.378
303.409
303.441
303.472
303.503
303.534
303.564
303.594
303.624
303.653
303.683
303.712
303.741
303.77
303.798
303.827
303.855
303.883
303.911
303.939
303.967
303.995
304.023
304.05
304.078
304.105
304.133
304.16
304.187
304.215
304.242
304.269
304.296
304.323
304.35
304.377
304.403
304.43
304.457
304.484
304.51
304.537
304.564
304.591
304.617
304.644
304.671
304.697
304.724
304.75
304.777
304.804
304.831
304.857
304.884
304.911
304.938
304.964
304.991
305.018
305.045
305.072
305.099
305.126
305.153
305.18
305.207
305.235
305.262
305.289
305.317
305.344
305.372
305.399
305.427
305.454
305.482
305.51
305.537
305.565
305.593
305.621
305.648
305.676
305.704
305.732
305.76
305.788
305.816
305.844
305.872
305.899
305.927
305.954
305.981
306.007
306.034
306.06
306.086
306.111
306.136
306.161
306.185
306.209
306.232
306.254
306.275
306.295
306.314
306.331
306.347
306.362
306.374
306.385
306.394
306.401
306.405
306.407
306.405
306.401
306.392
306.38
306.364
306.343
306.316
306.284
306.245
306.199
306.142
306.074
305.993
305.894
305.776
305.635
302.236
302.28
302.325
302.369
302.414
302.458
302.501
302.545
302.587
302.629
302.671
302.712
302.752
302.791
302.83
302.868
302.906
302.943
302.979
303.015
303.05
303.085
303.119
303.153
303.187
303.22
303.253
303.285
303.317
303.349
303.38
303.411
303.442
303.473
303.503
303.533
303.563
303.592
303.622
303.651
303.68
303.709
303.738
303.766
303.795
303.823
303.852
303.88
303.908
303.936
303.964
303.992
304.019
304.047
304.075
304.102
304.13
304.157
304.184
304.212
304.239
304.266
304.293
304.32
304.347
304.375
304.402
304.429
304.456
304.483
304.51
304.537
304.564
304.591
304.618
304.644
304.671
304.698
304.725
304.753
304.78
304.807
304.834
304.861
304.888
304.915
304.942
304.97
304.997
305.024
305.052
305.079
305.107
305.134
305.162
305.19
305.217
305.245
305.273
305.301
305.329
305.357
305.385
305.413
305.441
305.469
305.497
305.525
305.554
305.582
305.61
305.639
305.667
305.696
305.724
305.752
305.781
305.809
305.837
305.865
305.892
305.92
305.947
305.974
306.001
306.027
306.053
306.079
306.104
306.128
306.153
306.176
306.199
306.22
306.241
306.26
306.278
306.295
306.31
306.323
306.335
306.344
306.351
306.356
306.358
306.357
306.353
306.345
306.333
306.317
306.296
306.27
306.237
306.198
306.151
306.095
306.027
305.945
305.848
305.733
305.597
302.171
302.212
302.254
302.296
302.338
302.379
302.421
302.462
302.502
302.543
302.583
302.622
302.661
302.7
302.738
302.775
302.812
302.849
302.885
302.92
302.955
302.99
303.024
303.058
303.092
303.125
303.158
303.19
303.222
303.254
303.285
303.317
303.348
303.378
303.409
303.439
303.469
303.499
303.529
303.558
303.587
303.616
303.645
303.674
303.703
303.732
303.76
303.789
303.817
303.845
303.873
303.901
303.929
303.957
303.985
304.013
304.041
304.068
304.096
304.123
304.151
304.178
304.206
304.233
304.261
304.288
304.315
304.343
304.37
304.397
304.425
304.452
304.479
304.507
304.534
304.561
304.588
304.616
304.643
304.671
304.698
304.725
304.753
304.78
304.808
304.835
304.863
304.891
304.918
304.946
304.974
305.001
305.029
305.057
305.085
305.113
305.142
305.17
305.198
305.226
305.255
305.283
305.311
305.34
305.368
305.397
305.426
305.454
305.483
305.512
305.541
305.569
305.598
305.627
305.656
305.685
305.714
305.742
305.771
305.799
305.827
305.855
305.883
305.911
305.938
305.965
305.991
306.017
306.043
306.068
306.093
306.117
306.14
306.162
306.184
306.204
306.222
306.24
306.255
306.269
306.281
306.291
306.299
306.304
306.307
306.306
306.302
306.295
306.284
306.268
306.247
306.221
306.188
306.149
306.102
306.045
305.978
305.897
305.802
305.69
305.56
302.106
302.145
302.184
302.223
302.262
302.301
302.34
302.379
302.418
302.457
302.495
302.533
302.571
302.608
302.645
302.682
302.718
302.754
302.79
302.825
302.859
302.894
302.928
302.961
302.995
303.028
303.06
303.093
303.125
303.156
303.188
303.219
303.25
303.281
303.312
303.342
303.372
303.402
303.432
303.462
303.491
303.52
303.55
303.579
303.608
303.636
303.665
303.694
303.722
303.751
303.779
303.807
303.836
303.864
303.892
303.92
303.948
303.976
304.004
304.032
304.059
304.087
304.115
304.142
304.17
304.198
304.225
304.253
304.281
304.308
304.336
304.363
304.391
304.419
304.446
304.474
304.502
304.529
304.557
304.585
304.612
304.64
304.668
304.696
304.724
304.752
304.779
304.807
304.835
304.864
304.892
304.92
304.948
304.976
305.005
305.033
305.062
305.091
305.119
305.148
305.177
305.205
305.234
305.263
305.292
305.321
305.35
305.379
305.409
305.438
305.467
305.496
305.526
305.555
305.584
305.614
305.643
305.672
305.701
305.73
305.759
305.787
305.816
305.844
305.871
305.899
305.926
305.953
305.979
306.005
306.03
306.055
306.079
306.101
306.123
306.144
306.163
306.181
306.197
306.212
306.225
306.235
306.244
306.25
306.253
306.253
306.249
306.242
306.231
306.216
306.195
306.17
306.137
306.098
306.051
305.995
305.928
305.848
305.755
305.647
305.523
302.041
302.077
302.113
302.15
302.187
302.224
302.261
302.298
302.335
302.372
302.409
302.445
302.481
302.517
302.553
302.589
302.624
302.659
302.694
302.728
302.762
302.796
302.83
302.863
302.896
302.929
302.961
302.993
303.025
303.057
303.088
303.119
303.15
303.181
303.212
303.242
303.272
303.303
303.332
303.362
303.392
303.421
303.451
303.48
303.509
303.538
303.567
303.596
303.624
303.653
303.681
303.71
303.738
303.767
303.795
303.823
303.852
303.88
303.908
303.936
303.964
303.992
304.02
304.048
304.076
304.104
304.132
304.159
304.187
304.215
304.243
304.271
304.299
304.327
304.355
304.383
304.411
304.439
304.467
304.495
304.523
304.551
304.579
304.607
304.635
304.664
304.692
304.72
304.749
304.777
304.806
304.834
304.863
304.892
304.921
304.95
304.978
305.007
305.037
305.066
305.095
305.124
305.153
305.183
305.212
305.242
305.271
305.301
305.33
305.36
305.39
305.42
305.449
305.479
305.509
305.539
305.568
305.598
305.628
305.657
305.686
305.716
305.744
305.773
305.802
305.83
305.857
305.885
305.912
305.938
305.964
305.989
306.014
306.037
306.059
306.081
306.101
306.119
306.136
306.152
306.165
306.176
306.185
306.192
306.196
306.196
306.194
306.187
306.177
306.162
306.142
306.116
306.084
306.046
305.999
305.943
305.877
305.799
305.708
305.604
305.486
301.976
302.009
302.044
302.078
302.113
302.148
302.183
302.217
302.253
302.288
302.323
302.357
302.392
302.427
302.461
302.496
302.53
302.564
302.598
302.631
302.665
302.698
302.731
302.764
302.796
302.828
302.86
302.892
302.924
302.955
302.987
303.018
303.049
303.079
303.11
303.14
303.17
303.2
303.23
303.26
303.29
303.319
303.349
303.378
303.407
303.436
303.465
303.494
303.523
303.552
303.581
303.609
303.638
303.666
303.695
303.723
303.752
303.78
303.808
303.837
303.865
303.893
303.921
303.949
303.978
304.006
304.034
304.062
304.09
304.118
304.147
304.175
304.203
304.231
304.259
304.288
304.316
304.344
304.373
304.401
304.429
304.458
304.486
304.515
304.543
304.572
304.601
304.63
304.658
304.687
304.716
304.745
304.774
304.803
304.833
304.862
304.891
304.921
304.95
304.98
305.009
305.039
305.069
305.098
305.128
305.158
305.188
305.218
305.248
305.279
305.309
305.339
305.369
305.4
305.43
305.46
305.49
305.521
305.551
305.581
305.611
305.64
305.67
305.699
305.728
305.757
305.785
305.813
305.841
305.868
305.894
305.92
305.945
305.969
305.992
306.014
306.035
306.054
306.072
306.088
306.102
306.114
306.124
306.131
306.136
306.137
306.135
306.129
306.119
306.105
306.085
306.06
306.029
305.991
305.945
305.89
305.825
305.749
305.661
305.561
305.448
301.911
301.942
301.974
302.007
302.039
302.072
302.105
302.138
302.171
302.204
302.237
302.271
302.304
302.337
302.37
302.403
302.436
302.469
302.502
302.535
302.567
302.599
302.632
302.664
302.696
302.727
302.759
302.79
302.822
302.853
302.884
302.914
302.945
302.975
303.006
303.036
303.066
303.096
303.126
303.156
303.185
303.215
303.244
303.274
303.303
303.332
303.361
303.39
303.419
303.448
303.477
303.505
303.534
303.563
303.591
303.62
303.648
303.677
303.706
303.734
303.762
303.791
303.819
303.848
303.876
303.904
303.933
303.961
303.99
304.018
304.047
304.075
304.103
304.132
304.161
304.189
304.218
304.246
304.275
304.304
304.332
304.361
304.39
304.419
304.448
304.477
304.506
304.535
304.564
304.593
304.623
304.652
304.681
304.711
304.741
304.77
304.8
304.83
304.86
304.89
304.92
304.95
304.98
305.01
305.041
305.071
305.102
305.132
305.163
305.193
305.224
305.255
305.286
305.316
305.347
305.378
305.409
305.439
305.47
305.5
305.531
305.561
305.591
305.621
305.651
305.68
305.709
305.738
305.766
305.794
305.821
305.847
305.873
305.898
305.921
305.944
305.966
305.986
306.004
306.021
306.036
306.049
306.059
306.067
306.072
306.075
306.073
306.068
306.059
306.045
306.027
306.002
305.972
305.935
305.89
305.836
305.773
305.699
305.614
305.518
305.411
301.846
301.876
301.906
301.936
301.966
301.997
302.028
302.059
302.09
302.122
302.153
302.185
302.217
302.248
302.28
302.312
302.344
302.375
302.407
302.438
302.47
302.501
302.533
302.564
302.595
302.626
302.657
302.688
302.718
302.749
302.78
302.81
302.84
302.87
302.9
302.93
302.96
302.99
303.02
303.049
303.079
303.108
303.138
303.167
303.196
303.225
303.254
303.283
303.312
303.341
303.37
303.399
303.428
303.456
303.485
303.514
303.542
303.571
303.6
303.628
303.657
303.686
303.714
303.743
303.771
303.8
303.829
303.857
303.886
303.914
303.943
303.972
304.001
304.029
304.058
304.087
304.116
304.145
304.174
304.203
304.232
304.261
304.29
304.319
304.348
304.378
304.407
304.437
304.466
304.496
304.526
304.555
304.585
304.615
304.645
304.675
304.705
304.736
304.766
304.796
304.827
304.857
304.888
304.919
304.95
304.98
305.011
305.042
305.073
305.104
305.136
305.167
305.198
305.229
305.261
305.292
305.323
305.354
305.386
305.417
305.448
305.478
305.509
305.54
305.57
305.6
305.629
305.659
305.687
305.716
305.744
305.771
305.797
305.822
305.847
305.87
305.893
305.913
305.933
305.95
305.966
305.98
305.991
306
306.006
306.009
306.009
306.004
305.996
305.983
305.966
305.942
305.913
305.876
305.833
305.781
305.719
305.648
305.567
305.475
305.374
301.782
301.809
301.837
301.866
301.894
301.923
301.952
301.982
302.011
302.041
302.071
302.101
302.131
302.161
302.191
302.221
302.252
302.282
302.312
302.343
302.373
302.404
302.434
302.464
302.495
302.525
302.555
302.585
302.615
302.645
302.675
302.705
302.735
302.765
302.794
302.824
302.853
302.883
302.912
302.942
302.971
303
303.029
303.058
303.087
303.116
303.145
303.174
303.203
303.232
303.261
303.29
303.319
303.347
303.376
303.405
303.434
303.462
303.491
303.52
303.549
303.577
303.606
303.635
303.664
303.692
303.721
303.75
303.779
303.808
303.837
303.866
303.895
303.924
303.953
303.982
304.011
304.04
304.069
304.098
304.128
304.157
304.187
304.216
304.246
304.276
304.305
304.335
304.365
304.395
304.425
304.455
304.485
304.516
304.546
304.577
304.607
304.638
304.669
304.699
304.73
304.761
304.792
304.824
304.855
304.886
304.917
304.949
304.98
305.012
305.044
305.075
305.107
305.139
305.171
305.202
305.234
305.266
305.298
305.329
305.361
305.392
305.423
305.454
305.485
305.516
305.546
305.576
305.605
305.634
305.663
305.691
305.718
305.744
305.769
305.793
305.816
305.838
305.858
305.876
305.893
305.907
305.92
305.929
305.936
305.94
305.941
305.938
305.93
305.919
305.902
305.88
305.851
305.816
305.774
305.724
305.665
305.597
305.519
305.432
305.336
301.718
301.744
301.77
301.797
301.823
301.85
301.878
301.905
301.933
301.961
301.989
302.018
302.046
302.075
302.103
302.132
302.161
302.19
302.219
302.249
302.278
302.307
302.336
302.366
302.395
302.424
302.454
302.483
302.512
302.542
302.571
302.6
302.629
302.658
302.688
302.717
302.746
302.775
302.804
302.833
302.862
302.891
302.92
302.949
302.978
303.006
303.035
303.064
303.093
303.122
303.15
303.179
303.208
303.237
303.265
303.294
303.323
303.352
303.38
303.409
303.438
303.467
303.496
303.525
303.553
303.582
303.611
303.64
303.669
303.698
303.727
303.756
303.786
303.815
303.844
303.873
303.903
303.932
303.962
303.991
304.021
304.051
304.08
304.11
304.14
304.17
304.2
304.23
304.261
304.291
304.321
304.352
304.382
304.413
304.444
304.475
304.506
304.537
304.568
304.599
304.631
304.662
304.693
304.725
304.757
304.788
304.82
304.852
304.884
304.916
304.948
304.981
305.013
305.045
305.077
305.11
305.142
305.174
305.206
305.238
305.27
305.302
305.334
305.366
305.397
305.428
305.459
305.49
305.52
305.549
305.578
305.607
305.634
305.661
305.687
305.712
305.736
305.758
305.779
305.799
305.816
305.831
305.845
305.855
305.863
305.868
305.87
305.868
305.861
305.851
305.835
305.814
305.787
305.754
305.714
305.666
305.61
305.545
305.471
305.388
305.298
301.655
301.679
301.704
301.728
301.754
301.779
301.805
301.83
301.857
301.883
301.909
301.936
301.963
301.99
302.017
302.045
302.072
302.1
302.128
302.156
302.184
302.212
302.24
302.268
302.297
302.325
302.353
302.382
302.41
302.439
302.467
302.496
302.524
302.553
302.581
302.61
302.638
302.667
302.695
302.724
302.753
302.781
302.81
302.838
302.867
302.895
302.924
302.953
302.981
303.01
303.038
303.067
303.096
303.124
303.153
303.182
303.21
303.239
303.268
303.297
303.326
303.354
303.383
303.412
303.441
303.47
303.499
303.528
303.557
303.587
303.616
303.645
303.674
303.704
303.733
303.763
303.792
303.822
303.852
303.882
303.911
303.941
303.971
304.002
304.032
304.062
304.092
304.123
304.153
304.184
304.215
304.246
304.277
304.308
304.339
304.37
304.401
304.433
304.464
304.496
304.528
304.56
304.592
304.624
304.656
304.688
304.72
304.752
304.785
304.817
304.85
304.883
304.915
304.948
304.981
305.013
305.046
305.079
305.112
305.144
305.177
305.209
305.242
305.274
305.306
305.337
305.369
305.4
305.43
305.461
305.49
305.519
305.548
305.575
305.602
305.628
305.652
305.675
305.697
305.717
305.736
305.752
305.766
305.778
305.787
305.793
305.795
305.794
305.789
305.78
305.766
305.747
305.721
305.69
305.652
305.606
305.553
305.491
305.422
305.344
305.258
301.593
301.615
301.638
301.662
301.685
301.709
301.733
301.757
301.782
301.806
301.831
301.857
301.882
301.908
301.933
301.959
301.986
302.012
302.038
302.065
302.092
302.119
302.146
302.173
302.2
302.227
302.254
302.282
302.309
302.337
302.365
302.392
302.42
302.448
302.476
302.504
302.532
302.56
302.588
302.616
302.644
302.672
302.7
302.728
302.756
302.784
302.813
302.841
302.869
302.898
302.926
302.954
302.983
303.011
303.04
303.068
303.097
303.126
303.154
303.183
303.212
303.241
303.269
303.298
303.327
303.356
303.385
303.415
303.444
303.473
303.502
303.532
303.561
303.591
303.62
303.65
303.68
303.71
303.74
303.77
303.8
303.83
303.86
303.891
303.921
303.952
303.982
304.013
304.044
304.075
304.106
304.137
304.168
304.2
304.231
304.263
304.294
304.326
304.358
304.39
304.422
304.455
304.487
304.519
304.552
304.584
304.617
304.65
304.683
304.716
304.749
304.782
304.815
304.848
304.881
304.914
304.947
304.981
305.014
305.047
305.08
305.113
305.146
305.178
305.211
305.243
305.275
305.307
305.338
305.369
305.399
305.429
305.458
305.486
305.513
305.54
305.565
305.589
305.611
305.632
305.652
305.669
305.684
305.697
305.707
305.714
305.718
305.718
305.714
305.706
305.694
305.676
305.653
305.623
305.587
305.545
305.494
305.437
305.371
305.298
305.218
301.532
301.553
301.574
301.596
301.618
301.64
301.663
301.686
301.709
301.732
301.755
301.779
301.803
301.827
301.852
301.876
301.901
301.926
301.951
301.976
302.002
302.028
302.053
302.079
302.105
302.131
302.158
302.184
302.211
302.237
302.264
302.291
302.318
302.345
302.372
302.399
302.426
302.453
302.481
302.508
302.536
302.563
302.591
302.618
302.646
302.674
302.702
302.73
302.758
302.786
302.814
302.842
302.87
302.898
302.926
302.955
302.983
303.012
303.04
303.069
303.097
303.126
303.155
303.184
303.213
303.242
303.271
303.3
303.329
303.359
303.388
303.417
303.447
303.477
303.506
303.536
303.566
303.596
303.626
303.656
303.687
303.717
303.747
303.778
303.809
303.839
303.87
303.901
303.932
303.964
303.995
304.026
304.058
304.09
304.121
304.153
304.185
304.217
304.25
304.282
304.315
304.347
304.38
304.413
304.446
304.478
304.512
304.545
304.578
304.611
304.645
304.678
304.712
304.745
304.779
304.812
304.846
304.88
304.913
304.947
304.98
305.014
305.047
305.08
305.113
305.146
305.178
305.21
305.242
305.273
305.304
305.335
305.364
305.393
305.421
305.448
305.474
305.499
305.522
305.544
305.564
305.582
305.598
305.612
305.623
305.631
305.636
305.638
305.636
305.629
305.618
305.603
305.581
305.554
305.521
305.481
305.434
305.38
305.319
305.251
305.176
301.472
301.492
301.512
301.532
301.553
301.574
301.595
301.616
301.638
301.66
301.682
301.704
301.727
301.749
301.772
301.796
301.819
301.843
301.867
301.891
301.915
301.939
301.964
301.988
302.013
302.038
302.063
302.089
302.114
302.14
302.166
302.191
302.217
302.244
302.27
302.296
302.322
302.349
302.376
302.402
302.429
302.456
302.483
302.51
302.537
302.565
302.592
302.619
302.647
302.674
302.702
302.73
302.758
302.786
302.814
302.842
302.87
302.898
302.926
302.955
302.983
303.012
303.04
303.069
303.098
303.127
303.156
303.185
303.214
303.244
303.273
303.302
303.332
303.362
303.391
303.421
303.451
303.481
303.512
303.542
303.572
303.603
303.634
303.664
303.695
303.726
303.757
303.788
303.82
303.851
303.883
303.914
303.946
303.978
304.01
304.042
304.075
304.107
304.14
304.172
304.205
304.238
304.271
304.304
304.337
304.371
304.404
304.438
304.471
304.505
304.539
304.573
304.606
304.64
304.674
304.708
304.742
304.776
304.81
304.844
304.878
304.912
304.946
304.979
305.013
305.046
305.079
305.111
305.143
305.175
305.207
305.237
305.267
305.297
305.325
305.353
305.38
305.405
305.429
305.452
305.473
305.492
305.509
305.523
305.536
305.545
305.551
305.554
305.554
305.549
305.54
305.526
305.507
305.482
305.452
305.415
305.372
305.322
305.265
305.202
305.132
301.414
301.433
301.451
301.47
301.49
301.509
301.529
301.549
301.569
301.59
301.611
301.632
301.653
301.674
301.696
301.718
301.74
301.762
301.785
301.808
301.831
301.854
301.877
301.901
301.924
301.948
301.972
301.997
302.021
302.046
302.07
302.095
302.12
302.145
302.171
302.196
302.222
302.247
302.273
302.299
302.325
302.351
302.378
302.404
302.431
302.457
302.484
302.511
302.538
302.565
302.592
302.62
302.647
302.674
302.702
302.73
302.758
302.786
302.814
302.842
302.87
302.898
302.927
302.955
302.984
303.013
303.042
303.071
303.1
303.129
303.158
303.188
303.217
303.247
303.277
303.307
303.337
303.367
303.397
303.427
303.458
303.489
303.519
303.55
303.581
303.612
303.644
303.675
303.706
303.738
303.77
303.802
303.834
303.866
303.898
303.931
303.963
303.996
304.029
304.062
304.095
304.128
304.161
304.195
304.228
304.262
304.295
304.329
304.363
304.397
304.431
304.465
304.5
304.534
304.568
304.602
304.637
304.671
304.705
304.74
304.774
304.808
304.842
304.876
304.91
304.943
304.977
305.01
305.042
305.074
305.106
305.137
305.168
305.198
305.227
305.255
305.282
305.308
305.333
305.356
305.378
305.398
305.416
305.431
305.445
305.455
305.463
305.467
305.468
305.465
305.458
305.446
305.429
305.408
305.38
305.347
305.307
305.261
305.209
305.15
305.086
301.358
301.376
301.393
301.411
301.429
301.447
301.466
301.484
301.504
301.523
301.542
301.562
301.582
301.602
301.623
301.643
301.664
301.685
301.707
301.728
301.75
301.772
301.794
301.816
301.839
301.862
301.885
301.908
301.931
301.955
301.978
302.002
302.026
302.05
302.075
302.099
302.124
302.149
302.174
302.199
302.224
302.25
302.275
302.301
302.327
302.353
302.379
302.405
302.432
302.458
302.485
302.512
302.539
302.566
302.593
302.62
302.648
302.675
302.703
302.731
302.759
302.787
302.815
302.843
302.872
302.9
302.929
302.958
302.987
303.016
303.045
303.074
303.104
303.133
303.163
303.193
303.223
303.253
303.283
303.314
303.344
303.375
303.406
303.437
303.468
303.499
303.53
303.562
303.593
303.625
303.657
303.689
303.721
303.754
303.786
303.819
303.851
303.884
303.917
303.95
303.984
304.017
304.051
304.084
304.118
304.152
304.186
304.22
304.254
304.288
304.323
304.357
304.392
304.426
304.461
304.495
304.53
304.564
304.599
304.634
304.668
304.703
304.737
304.771
304.805
304.839
304.872
304.906
304.939
304.971
305.003
305.035
305.066
305.096
305.126
305.154
305.182
305.208
305.234
305.258
305.28
305.301
305.319
305.336
305.35
305.362
305.371
305.377
305.379
305.378
305.373
305.363
305.349
305.329
305.305
305.275
305.239
305.197
305.15
305.096
305.037
301.305
301.321
301.337
301.354
301.371
301.388
301.405
301.423
301.441
301.459
301.477
301.496
301.514
301.533
301.553
301.572
301.592
301.612
301.632
301.652
301.673
301.694
301.715
301.736
301.757
301.779
301.801
301.823
301.845
301.868
301.89
301.913
301.936
301.96
301.983
302.007
302.03
302.054
302.078
302.103
302.127
302.152
302.177
302.202
302.227
302.252
302.278
302.303
302.329
302.355
302.381
302.407
302.434
302.46
302.487
302.514
302.541
302.568
302.595
302.622
302.65
302.678
302.706
302.734
302.762
302.79
302.818
302.847
302.876
302.905
302.934
302.963
302.992
303.022
303.051
303.081
303.111
303.141
303.171
303.202
303.232
303.263
303.294
303.324
303.356
303.387
303.418
303.45
303.481
303.513
303.545
303.577
303.61
303.642
303.675
303.707
303.74
303.773
303.807
303.84
303.873
303.907
303.94
303.974
304.008
304.042
304.076
304.111
304.145
304.18
304.214
304.249
304.283
304.318
304.353
304.388
304.422
304.457
304.492
304.527
304.561
304.596
304.63
304.665
304.699
304.733
304.767
304.8
304.833
304.866
304.899
304.93
304.962
304.992
305.022
305.051
305.079
305.106
305.132
305.156
305.179
305.201
305.22
305.238
305.253
305.266
305.276
305.283
305.287
305.287
305.284
305.276
305.264
305.248
305.227
305.2
305.168
305.13
305.087
305.039
304.984
301.253
301.268
301.284
301.3
301.315
301.331
301.348
301.364
301.381
301.398
301.415
301.433
301.451
301.468
301.487
301.505
301.524
301.542
301.561
301.581
301.6
301.62
301.64
301.66
301.68
301.701
301.722
301.743
301.764
301.786
301.807
301.829
301.851
301.873
301.896
301.919
301.941
301.964
301.988
302.011
302.035
302.059
302.083
302.107
302.131
302.156
302.18
302.205
302.23
302.256
302.281
302.307
302.333
302.359
302.385
302.411
302.437
302.464
302.491
302.518
302.545
302.572
302.6
302.627
302.655
302.683
302.711
302.74
302.768
302.797
302.826
302.855
302.884
302.913
302.942
302.972
303.002
303.032
303.062
303.092
303.122
303.153
303.184
303.215
303.246
303.277
303.308
303.34
303.372
303.404
303.436
303.468
303.5
303.533
303.565
303.598
303.631
303.664
303.697
303.731
303.764
303.798
303.832
303.865
303.899
303.934
303.968
304.002
304.037
304.071
304.106
304.141
304.175
304.21
304.245
304.28
304.315
304.35
304.385
304.419
304.454
304.489
304.524
304.558
304.592
304.626
304.66
304.694
304.727
304.76
304.792
304.824
304.856
304.887
304.917
304.946
304.974
305.001
305.027
305.052
305.076
305.098
305.118
305.136
305.152
305.166
305.177
305.185
305.191
305.193
305.191
305.186
305.177
305.163
305.144
305.121
305.093
305.06
305.021
304.977
304.928
301.205
301.219
301.234
301.248
301.263
301.278
301.294
301.309
301.325
301.341
301.357
301.374
301.391
301.407
301.425
301.442
301.46
301.477
301.495
301.514
301.532
301.551
301.57
301.589
301.608
301.628
301.648
301.668
301.688
301.708
301.729
301.75
301.771
301.792
301.814
301.836
301.858
301.88
301.902
301.925
301.948
301.971
301.994
302.017
302.041
302.065
302.089
302.113
302.137
302.162
302.187
302.212
302.237
302.262
302.288
302.313
302.339
302.365
302.392
302.418
302.445
302.472
302.499
302.526
302.553
302.581
302.609
302.637
302.665
302.693
302.722
302.75
302.779
302.808
302.838
302.867
302.896
302.926
302.956
302.986
303.017
303.047
303.078
303.108
303.139
303.171
303.202
303.233
303.265
303.297
303.329
303.361
303.393
303.426
303.458
303.491
303.524
303.557
303.59
303.624
303.657
303.691
303.725
303.759
303.793
303.827
303.861
303.896
303.93
303.965
303.999
304.034
304.069
304.104
304.138
304.173
304.208
304.243
304.278
304.313
304.348
304.382
304.417
304.451
304.486
304.52
304.553
304.587
304.62
304.653
304.686
304.717
304.749
304.78
304.81
304.839
304.867
304.895
304.921
304.946
304.97
304.992
305.013
305.032
305.049
305.063
305.075
305.085
305.092
305.095
305.096
305.092
305.085
305.074
305.059
305.039
305.014
304.985
304.951
304.912
304.868
301.16
301.173
301.187
301.201
301.215
301.229
301.244
301.258
301.273
301.288
301.304
301.319
301.335
301.351
301.367
301.384
301.4
301.417
301.434
301.451
301.469
301.487
301.505
301.523
301.541
301.56
301.579
301.598
301.617
301.637
301.657
301.677
301.697
301.717
301.738
301.759
301.78
301.801
301.823
301.844
301.866
301.889
301.911
301.934
301.957
301.98
302.003
302.026
302.05
302.074
302.098
302.122
302.147
302.172
302.197
302.222
302.247
302.273
302.298
302.324
302.35
302.377
302.403
302.43
302.457
302.484
302.512
302.539
302.567
302.595
302.623
302.652
302.68
302.709
302.738
302.767
302.796
302.826
302.855
302.885
302.915
302.946
302.976
303.007
303.038
303.069
303.1
303.131
303.163
303.194
303.226
303.258
303.29
303.323
303.355
303.388
303.421
303.454
303.487
303.52
303.554
303.587
303.621
303.655
303.689
303.723
303.757
303.792
303.826
303.861
303.895
303.93
303.964
303.999
304.034
304.069
304.103
304.138
304.173
304.208
304.242
304.277
304.311
304.346
304.38
304.414
304.447
304.481
304.514
304.546
304.579
304.61
304.642
304.672
304.702
304.732
304.76
304.787
304.814
304.839
304.863
304.885
304.906
304.926
304.943
304.958
304.971
304.982
304.99
304.995
304.997
304.995
304.991
304.982
304.969
304.953
304.932
304.906
304.876
304.842
304.803
301.118
301.131
301.144
301.157
301.17
301.184
301.197
301.211
301.225
301.24
301.254
301.269
301.284
301.299
301.314
301.33
301.346
301.362
301.378
301.394
301.411
301.428
301.445
301.462
301.48
301.498
301.516
301.534
301.553
301.571
301.59
301.609
301.629
301.648
301.668
301.688
301.708
301.729
301.75
301.771
301.792
301.813
301.835
301.857
301.879
301.901
301.924
301.946
301.969
301.993
302.016
302.04
302.064
302.088
302.112
302.137
302.161
302.186
302.212
302.237
302.263
302.289
302.315
302.341
302.367
302.394
302.421
302.448
302.476
302.503
302.531
302.559
302.587
302.616
302.644
302.673
302.702
302.731
302.761
302.79
302.82
302.85
302.88
302.911
302.941
302.972
303.003
303.034
303.066
303.097
303.129
303.161
303.193
303.225
303.257
303.29
303.323
303.355
303.388
303.422
303.455
303.488
303.522
303.556
303.589
303.623
303.657
303.691
303.726
303.76
303.794
303.829
303.863
303.898
303.932
303.967
304.001
304.036
304.07
304.105
304.139
304.174
304.208
304.242
304.275
304.309
304.342
304.375
304.408
304.441
304.472
304.504
304.535
304.565
304.595
304.624
304.652
304.679
304.706
304.731
304.755
304.777
304.798
304.818
304.836
304.852
304.865
304.877
304.886
304.892
304.895
304.896
304.893
304.887
304.877
304.863
304.845
304.824
304.798
304.768
304.733
301.08
301.092
301.105
301.117
301.13
301.142
301.155
301.169
301.182
301.196
301.209
301.223
301.238
301.252
301.267
301.282
301.297
301.312
301.327
301.343
301.359
301.375
301.391
301.408
301.425
301.442
301.459
301.477
301.494
301.512
301.53
301.549
301.567
301.586
301.605
301.624
301.644
301.664
301.684
301.704
301.724
301.745
301.766
301.787
301.809
301.83
301.852
301.874
301.896
301.919
301.942
301.965
301.988
302.012
302.035
302.059
302.083
302.108
302.132
302.157
302.182
302.208
302.233
302.259
302.285
302.311
302.338
302.365
302.392
302.419
302.446
302.474
302.502
302.53
302.558
302.586
302.615
302.644
302.673
302.702
302.732
302.761
302.791
302.821
302.852
302.882
302.913
302.944
302.975
303.006
303.038
303.069
303.101
303.133
303.165
303.198
303.23
303.263
303.295
303.328
303.361
303.395
303.428
303.461
303.495
303.529
303.562
303.596
303.63
303.664
303.698
303.732
303.766
303.801
303.835
303.869
303.903
303.937
303.971
304.006
304.039
304.073
304.107
304.141
304.174
304.207
304.24
304.272
304.305
304.337
304.368
304.399
304.429
304.459
304.489
304.517
304.545
304.572
304.598
304.623
304.646
304.669
304.69
304.71
304.727
304.744
304.758
304.77
304.78
304.787
304.792
304.794
304.793
304.788
304.781
304.77
304.755
304.737
304.715
304.689
304.659
301.046
301.058
301.07
301.082
301.094
301.106
301.118
301.131
301.144
301.157
301.17
301.183
301.197
301.211
301.225
301.239
301.253
301.268
301.283
301.298
301.313
301.328
301.344
301.36
301.376
301.392
301.409
301.426
301.443
301.46
301.477
301.495
301.513
301.531
301.549
301.568
301.587
301.606
301.625
301.645
301.664
301.684
301.705
301.725
301.746
301.767
301.788
301.81
301.831
301.853
301.875
301.898
301.921
301.944
301.967
301.99
302.014
302.038
302.062
302.086
302.111
302.135
302.161
302.186
302.211
302.237
302.263
302.289
302.316
302.343
302.37
302.397
302.424
302.452
302.48
302.508
302.536
302.565
302.593
302.622
302.651
302.681
302.71
302.74
302.77
302.8
302.831
302.861
302.892
302.923
302.954
302.985
303.017
303.049
303.08
303.112
303.145
303.177
303.209
303.242
303.275
303.307
303.34
303.374
303.407
303.44
303.473
303.507
303.54
303.574
303.608
303.641
303.675
303.709
303.742
303.776
303.81
303.843
303.877
303.911
303.944
303.977
304.01
304.043
304.076
304.108
304.141
304.173
304.204
304.235
304.266
304.297
304.326
304.356
304.384
304.412
304.439
304.466
304.491
304.516
304.539
304.561
304.582
304.601
304.619
304.636
304.65
304.662
304.673
304.681
304.687
304.69
304.69
304.688
304.683
304.674
304.663
304.648
304.629
304.607
304.582
301.017
301.028
301.039
301.051
301.062
301.074
301.086
301.098
301.11
301.123
301.135
301.148
301.161
301.175
301.188
301.202
301.216
301.23
301.244
301.258
301.273
301.288
301.303
301.318
301.334
301.349
301.365
301.382
301.398
301.415
301.431
301.448
301.466
301.483
301.501
301.519
301.537
301.556
301.574
301.593
301.613
301.632
301.652
301.672
301.692
301.712
301.733
301.754
301.775
301.796
301.818
301.84
301.862
301.884
301.907
301.93
301.953
301.976
302
302.024
302.048
302.072
302.097
302.122
302.147
302.172
302.198
302.223
302.249
302.276
302.302
302.329
302.356
302.383
302.411
302.438
302.466
302.494
302.523
302.551
302.58
302.609
302.638
302.668
302.697
302.727
302.757
302.787
302.818
302.848
302.879
302.91
302.941
302.972
303.004
303.035
303.067
303.099
303.131
303.163
303.196
303.228
303.26
303.293
303.326
303.359
303.391
303.424
303.457
303.491
303.524
303.557
303.59
303.623
303.656
303.689
303.722
303.755
303.788
303.821
303.854
303.886
303.919
303.951
303.983
304.014
304.046
304.077
304.108
304.138
304.168
304.198
304.227
304.255
304.283
304.31
304.337
304.362
304.387
304.411
304.433
304.455
304.476
304.495
304.512
304.528
304.543
304.556
304.566
304.575
304.582
304.586
304.588
304.587
304.584
304.577
304.568
304.556
304.541
304.522
304.5
300.992
301.003
301.014
301.025
301.036
301.047
301.059
301.07
301.082
301.094
301.107
301.119
301.132
301.144
301.157
301.171
301.184
301.197
301.211
301.225
301.239
301.254
301.268
301.283
301.298
301.313
301.329
301.345
301.36
301.377
301.393
301.409
301.426
301.443
301.461
301.478
301.496
301.514
301.532
301.55
301.569
301.588
301.607
301.627
301.646
301.666
301.686
301.707
301.727
301.748
301.769
301.791
301.812
301.834
301.856
301.879
301.901
301.924
301.947
301.971
301.995
302.018
302.043
302.067
302.092
302.116
302.142
302.167
302.193
302.218
302.245
302.271
302.297
302.324
302.351
302.379
302.406
302.434
302.462
302.49
302.518
302.547
302.576
302.605
302.634
302.663
302.693
302.723
302.753
302.783
302.813
302.844
302.874
302.905
302.936
302.967
302.999
303.03
303.062
303.093
303.125
303.157
303.189
303.221
303.253
303.285
303.318
303.35
303.382
303.415
303.447
303.48
303.512
303.545
303.577
303.609
303.642
303.674
303.706
303.738
303.77
303.801
303.833
303.864
303.895
303.926
303.956
303.987
304.016
304.046
304.075
304.103
304.132
304.159
304.186
304.212
304.238
304.262
304.286
304.309
304.331
304.352
304.372
304.391
304.408
304.424
304.438
304.451
304.462
304.471
304.478
304.483
304.486
304.486
304.485
304.48
304.473
304.464
304.451
304.436
304.418
300.972
300.983
300.993
301.004
301.015
301.026
301.037
301.048
301.06
301.071
301.083
301.095
301.108
301.12
301.133
301.145
301.158
301.172
301.185
301.199
301.212
301.226
301.241
301.255
301.27
301.285
301.3
301.315
301.33
301.346
301.362
301.378
301.395
301.411
301.428
301.445
301.462
301.48
301.498
301.516
301.534
301.553
301.571
301.59
301.609
301.629
301.649
301.669
301.689
301.709
301.73
301.751
301.772
301.794
301.816
301.837
301.86
301.882
301.905
301.928
301.951
301.975
301.998
302.022
302.047
302.071
302.096
302.121
302.146
302.172
302.197
302.223
302.249
302.276
302.302
302.329
302.356
302.384
302.411
302.439
302.467
302.495
302.523
302.552
302.581
302.61
302.639
302.668
302.698
302.728
302.757
302.787
302.818
302.848
302.878
302.909
302.94
302.971
303.002
303.033
303.064
303.095
303.127
303.158
303.19
303.221
303.253
303.284
303.316
303.348
303.379
303.411
303.443
303.474
303.506
303.537
303.569
303.6
303.631
303.662
303.693
303.724
303.754
303.785
303.815
303.845
303.874
303.903
303.932
303.96
303.988
304.016
304.042
304.069
304.095
304.12
304.144
304.168
304.191
304.213
304.234
304.254
304.273
304.291
304.308
304.323
304.337
304.35
304.361
304.37
304.377
304.383
304.387
304.388
304.388
304.385
304.38
304.372
304.362
304.35
304.335
300.957
300.967
300.977
300.988
300.998
301.009
301.02
301.031
301.042
301.054
301.065
301.077
301.089
301.101
301.114
301.126
301.139
301.152
301.165
301.178
301.192
301.206
301.22
301.234
301.248
301.263
301.277
301.292
301.307
301.323
301.338
301.354
301.37
301.387
301.403
301.42
301.437
301.454
301.472
301.489
301.507
301.525
301.544
301.563
301.581
301.601
301.62
301.64
301.66
301.68
301.7
301.721
301.742
301.763
301.784
301.806
301.828
301.85
301.872
301.895
301.918
301.941
301.964
301.988
302.012
302.036
302.06
302.085
302.11
302.135
302.16
302.186
302.212
302.238
302.264
302.29
302.317
302.344
302.371
302.399
302.426
302.454
302.482
302.51
302.538
302.567
302.595
302.624
302.653
302.683
302.712
302.742
302.771
302.801
302.831
302.861
302.891
302.921
302.952
302.982
303.013
303.043
303.074
303.105
303.136
303.167
303.197
303.228
303.259
303.29
303.321
303.352
303.383
303.413
303.444
303.475
303.505
303.535
303.566
303.596
303.626
303.655
303.685
303.714
303.743
303.771
303.8
303.828
303.855
303.882
303.909
303.936
303.961
303.987
304.011
304.035
304.059
304.081
304.103
304.124
304.144
304.164
304.182
304.199
304.215
304.23
304.243
304.255
304.266
304.275
304.283
304.289
304.293
304.295
304.296
304.294
304.291
304.285
304.277
304.267
304.254
300.946
300.956
300.966
300.976
300.987
300.997
301.008
301.019
301.03
301.042
301.053
301.065
301.076
301.088
301.101
301.113
301.125
301.138
301.151
301.164
301.178
301.191
301.205
301.219
301.233
301.247
301.262
301.277
301.291
301.307
301.322
301.338
301.354
301.37
301.386
301.402
301.419
301.436
301.453
301.471
301.489
301.507
301.525
301.543
301.562
301.581
301.6
301.619
301.639
301.659
301.679
301.699
301.72
301.741
301.762
301.783
301.805
301.827
301.849
301.871
301.894
301.917
301.94
301.963
301.987
302.011
302.035
302.059
302.084
302.109
302.134
302.159
302.184
302.21
302.236
302.262
302.288
302.315
302.342
302.369
302.396
302.423
302.451
302.478
302.506
302.534
302.563
302.591
302.62
302.648
302.677
302.706
302.735
302.765
302.794
302.823
302.853
302.883
302.913
302.942
302.972
303.002
303.032
303.062
303.092
303.122
303.153
303.183
303.213
303.243
303.273
303.303
303.333
303.363
303.392
303.422
303.451
303.481
303.51
303.539
303.568
303.596
303.625
303.653
303.681
303.708
303.735
303.762
303.789
303.815
303.84
303.866
303.89
303.914
303.938
303.961
303.983
304.004
304.025
304.045
304.064
304.083
304.1
304.116
304.131
304.146
304.159
304.17
304.181
304.19
304.197
304.203
304.208
304.211
304.212
304.211
304.209
304.204
304.198
304.19
304.18
300.939
300.949
300.959
300.97
300.98
300.99
301.001
301.012
301.023
301.034
301.045
301.057
301.069
301.081
301.093
301.105
301.117
301.13
301.143
301.156
301.169
301.182
301.196
301.21
301.224
301.238
301.252
301.267
301.282
301.297
301.312
301.328
301.343
301.359
301.376
301.392
301.409
301.425
301.442
301.46
301.477
301.495
301.513
301.531
301.55
301.569
301.588
301.607
301.626
301.646
301.666
301.686
301.707
301.727
301.748
301.77
301.791
301.813
301.835
301.857
301.879
301.902
301.925
301.948
301.971
301.995
302.019
302.043
302.067
302.092
302.116
302.141
302.167
302.192
302.218
302.243
302.269
302.296
302.322
302.349
302.376
302.403
302.43
302.457
302.485
302.512
302.54
302.568
302.596
302.624
302.653
302.681
302.71
302.739
302.768
302.797
302.826
302.855
302.884
302.913
302.942
302.972
303.001
303.03
303.06
303.089
303.119
303.148
303.177
303.207
303.236
303.265
303.294
303.323
303.352
303.381
303.409
303.438
303.466
303.494
303.522
303.549
303.577
303.604
303.631
303.657
303.683
303.709
303.735
303.76
303.784
303.808
303.832
303.855
303.877
303.899
303.92
303.941
303.96
303.979
303.998
304.015
304.031
304.047
304.061
304.075
304.087
304.098
304.108
304.117
304.125
304.131
304.135
304.139
304.14
304.14
304.139
304.135
304.13
304.124
304.115
300.936
300.946
300.956
300.966
300.977
300.987
300.998
301.009
301.019
301.031
301.042
301.053
301.065
301.077
301.089
301.101
301.113
301.126
301.139
301.152
301.165
301.178
301.192
301.206
301.219
301.234
301.248
301.263
301.277
301.292
301.308
301.323
301.339
301.355
301.371
301.387
301.404
301.42
301.437
301.455
301.472
301.49
301.508
301.526
301.544
301.563
301.582
301.601
301.621
301.64
301.66
301.68
301.7
301.721
301.742
301.763
301.784
301.806
301.828
301.85
301.872
301.895
301.917
301.94
301.964
301.987
302.011
302.035
302.059
302.083
302.108
302.132
302.157
302.183
302.208
302.233
302.259
302.285
302.311
302.338
302.364
302.391
302.418
302.445
302.472
302.499
302.527
302.554
302.582
302.61
302.638
302.666
302.694
302.723
302.751
302.78
302.808
302.837
302.865
302.894
302.923
302.952
302.981
303.009
303.038
303.067
303.096
303.124
303.153
303.182
303.21
303.239
303.267
303.296
303.324
303.352
303.38
303.407
303.435
303.462
303.489
303.516
303.543
303.569
303.595
303.62
303.646
303.671
303.695
303.719
303.743
303.766
303.789
303.811
303.833
303.854
303.874
303.894
303.912
303.931
303.948
303.965
303.98
303.995
304.009
304.022
304.034
304.045
304.054
304.063
304.07
304.076
304.081
304.084
304.086
304.086
304.085
304.083
304.079
304.073
304.066
300.936
300.945
300.955
300.966
300.976
300.986
300.997
301.008
301.019
301.03
301.041
301.053
301.064
301.076
301.088
301.1
301.113
301.125
301.138
301.151
301.164
301.177
301.191
301.205
301.219
301.233
301.247
301.262
301.276
301.291
301.307
301.322
301.338
301.353
301.37
301.386
301.402
301.419
301.436
301.453
301.471
301.489
301.507
301.525
301.543
301.562
301.581
301.6
301.619
301.639
301.659
301.679
301.699
301.719
301.74
301.761
301.783
301.804
301.826
301.848
301.87
301.892
301.915
301.938
301.961
301.985
302.008
302.032
302.056
302.08
302.105
302.129
302.154
302.179
302.204
302.23
302.255
302.281
302.307
302.333
302.36
302.386
302.413
302.44
302.467
302.494
302.521
302.549
302.576
302.604
302.632
302.659
302.687
302.715
302.743
302.772
302.8
302.828
302.857
302.885
302.914
302.942
302.97
302.999
303.027
303.056
303.084
303.113
303.141
303.169
303.197
303.226
303.254
303.281
303.309
303.337
303.364
303.391
303.418
303.445
303.472
303.498
303.524
303.55
303.576
303.601
303.625
303.65
303.674
303.697
303.721
303.743
303.765
303.787
303.808
303.828
303.848
303.867
303.886
303.904
303.921
303.937
303.952
303.966
303.98
303.993
304.004
304.015
304.024
304.032
304.039
304.045
304.05
304.053
304.055
304.056
304.055
304.053
304.049
304.044
304.038
305.4
304.872
304.466
304.122
303.822
303.556
303.317
303.101
302.902
302.719
302.549
302.39
302.241
302.1
301.966
301.84
301.72
301.606
301.498
301.395
301.297
301.204
301.115
301.032
300.952
300.877
300.806
300.739
300.676
300.617
300.562
300.51
300.462
300.417
300.376
300.338
300.302
300.27
300.24
300.213
300.189
300.167
300.147
300.13
300.114
300.101
300.09
300.08
300.073
300.068
300.066
305.398
304.872
304.465
304.122
303.822
303.556
303.317
303.101
302.902
302.719
302.549
302.39
302.241
302.1
301.966
301.84
301.72
301.606
301.498
301.395
301.297
301.204
301.115
301.032
300.952
300.877
300.806
300.739
300.676
300.617
300.562
300.51
300.462
300.417
300.376
300.338
300.302
300.27
300.24
300.213
300.189
300.167
300.147
300.13
300.114
300.101
300.09
300.08
300.073
300.068
300.066
305.395
304.871
304.465
304.122
303.822
303.556
303.317
303.101
302.902
302.719
302.549
302.39
302.241
302.1
301.967
301.84
301.72
301.606
301.498
301.395
301.297
301.204
301.116
301.032
300.952
300.877
300.806
300.739
300.676
300.617
300.562
300.51
300.462
300.417
300.376
300.338
300.302
300.27
300.24
300.213
300.189
300.167
300.147
300.13
300.114
300.101
300.09
300.08
300.073
300.068
300.066
305.389
304.87
304.465
304.122
303.822
303.556
303.317
303.101
302.903
302.72
302.55
302.391
302.241
302.1
301.967
301.84
301.721
301.607
301.498
301.395
301.297
301.204
301.116
301.032
300.953
300.877
300.807
300.74
300.677
300.618
300.562
300.511
300.462
300.418
300.376
300.338
300.302
300.27
300.24
300.213
300.189
300.167
300.147
300.13
300.114
300.101
300.09
300.08
300.073
300.068
300.066
305.382
304.868
304.464
304.121
303.822
303.556
303.318
303.101
302.903
302.72
302.55
302.391
302.242
302.101
301.967
301.841
301.721
301.607
301.499
301.396
301.298
301.205
301.116
301.032
300.953
300.878
300.807
300.74
300.677
300.618
300.562
300.511
300.463
300.418
300.376
300.338
300.303
300.27
300.241
300.214
300.189
300.167
300.147
300.13
300.114
300.101
300.09
300.08
300.073
300.068
300.066
305.373
304.866
304.463
304.121
303.822
303.557
303.318
303.102
302.904
302.721
302.551
302.392
302.242
302.101
301.968
301.842
301.722
301.608
301.499
301.396
301.298
301.205
301.117
301.033
300.953
300.878
300.807
300.74
300.677
300.618
300.563
300.511
300.463
300.418
300.377
300.338
300.303
300.27
300.241
300.214
300.189
300.167
300.147
300.13
300.114
300.101
300.09
300.08
300.073
300.068
300.066
305.362
304.863
304.462
304.121
303.822
303.557
303.319
303.102
302.904
302.722
302.552
302.393
302.243
302.102
301.969
301.842
301.722
301.608
301.5
301.397
301.299
301.206
301.117
301.034
300.954
300.879
300.808
300.741
300.678
300.619
300.563
300.511
300.463
300.418
300.377
300.338
300.303
300.271
300.241
300.214
300.189
300.167
300.148
300.13
300.115
300.101
300.09
300.081
300.073
300.068
300.066
305.349
304.859
304.461
304.121
303.823
303.558
303.32
303.103
302.905
302.723
302.553
302.394
302.244
302.103
301.97
301.844
301.724
301.61
301.501
301.398
301.3
301.207
301.118
301.034
300.955
300.88
300.809
300.742
300.678
300.619
300.564
300.512
300.464
300.419
300.377
300.339
300.303
300.271
300.241
300.214
300.19
300.168
300.148
300.13
300.115
300.101
300.09
300.081
300.073
300.068
300.066
305.335
304.855
304.459
304.121
303.823
303.559
303.321
303.105
302.907
302.724
302.554
302.396
302.246
302.105
301.972
301.845
301.725
301.611
301.503
301.399
301.301
301.208
301.12
301.036
300.956
300.881
300.81
300.742
300.679
300.62
300.565
300.513
300.464
300.419
300.378
300.339
300.304
300.271
300.242
300.215
300.19
300.168
300.148
300.13
300.115
300.101
300.09
300.081
300.074
300.069
300.066
305.319
304.85
304.458
304.121
303.824
303.56
303.322
303.107
302.909
302.726
302.557
302.398
302.248
302.107
301.974
301.847
301.727
301.613
301.504
301.401
301.303
301.21
301.121
301.037
300.957
300.882
300.811
300.744
300.68
300.621
300.565
300.514
300.465
300.42
300.378
300.34
300.304
300.272
300.242
300.215
300.19
300.168
300.148
300.131
300.115
300.102
300.09
300.081
300.074
300.069
300.066
305.301
304.844
304.456
304.121
303.825
303.562
303.325
303.109
302.912
302.729
302.559
302.4
302.251
302.11
301.976
301.85
301.73
301.615
301.507
301.403
301.305
301.212
301.123
301.039
300.959
300.883
300.812
300.745
300.682
300.622
300.567
300.515
300.466
300.421
300.379
300.341
300.305
300.272
300.243
300.215
300.191
300.169
300.149
300.131
300.115
300.102
300.09
300.081
300.074
300.069
300.066
305.282
304.837
304.455
304.121
303.827
303.564
303.327
303.112
302.915
302.733
302.563
302.404
302.254
302.113
301.98
301.853
301.733
301.618
301.51
301.406
301.308
301.214
301.125
301.041
300.961
300.885
300.814
300.747
300.683
300.624
300.568
300.516
300.467
300.422
300.38
300.341
300.306
300.273
300.243
300.216
300.191
300.169
300.149
300.131
300.116
300.102
300.091
300.081
300.074
300.069
300.066
305.262
304.83
304.453
304.122
303.829
303.567
303.331
303.116
302.919
302.737
302.567
302.408
302.259
302.117
301.984
301.857
301.736
301.622
301.513
301.409
301.311
301.217
301.128
301.044
300.963
300.888
300.816
300.749
300.685
300.625
300.569
300.517
300.469
300.423
300.381
300.342
300.307
300.274
300.244
300.217
300.192
300.169
300.149
300.132
300.116
300.102
300.091
300.081
300.074
300.069
300.066
305.241
304.823
304.451
304.123
303.832
303.571
303.336
303.121
302.925
302.742
302.573
302.414
302.264
302.122
301.989
301.862
301.741
301.626
301.517
301.413
301.315
301.221
301.131
301.047
300.966
300.89
300.819
300.751
300.687
300.627
300.571
300.519
300.47
300.425
300.383
300.344
300.308
300.275
300.245
300.217
300.193
300.17
300.15
300.132
300.116
300.103
300.091
300.082
300.074
300.069
300.067
305.219
304.815
304.45
304.125
303.836
303.576
303.342
303.128
302.931
302.749
302.579
302.42
302.27
302.129
301.995
301.867
301.746
301.632
301.522
301.418
301.319
301.225
301.135
301.051
300.97
300.894
300.822
300.754
300.69
300.63
300.574
300.521
300.472
300.426
300.384
300.345
300.309
300.276
300.246
300.218
300.193
300.171
300.151
300.133
300.117
300.103
300.092
300.082
300.075
300.069
300.067
305.196
304.806
304.448
304.128
303.841
303.583
303.349
303.135
302.939
302.757
302.587
302.428
302.278
302.136
302.002
301.874
301.753
301.638
301.528
301.424
301.324
301.23
301.14
301.055
300.974
300.898
300.825
300.757
300.693
300.633
300.576
300.523
300.474
300.428
300.386
300.347
300.311
300.277
300.247
300.219
300.194
300.172
300.151
300.133
300.117
300.104
300.092
300.082
300.075
300.07
300.067
305.172
304.797
304.447
304.131
303.847
303.59
303.357
303.144
302.948
302.766
302.596
302.437
302.287
302.145
302.01
301.882
301.761
301.645
301.535
301.43
301.331
301.236
301.146
301.06
300.979
300.902
300.83
300.761
300.697
300.636
300.579
300.526
300.477
300.431
300.388
300.349
300.312
300.279
300.248
300.22
300.195
300.173
300.152
300.134
300.118
300.104
300.092
300.083
300.075
300.07
300.067
305.148
304.788
304.447
304.136
303.854
303.599
303.367
303.155
302.959
302.778
302.608
302.448
302.297
302.155
302.02
301.892
301.77
301.654
301.543
301.438
301.338
301.243
301.152
301.066
300.985
300.907
300.834
300.766
300.701
300.64
300.583
300.529
300.48
300.433
300.39
300.351
300.314
300.28
300.25
300.222
300.196
300.174
300.153
300.135
300.119
300.105
300.093
300.083
300.076
300.07
300.067
305.122
304.778
304.447
304.141
303.863
303.61
303.379
303.168
302.972
302.791
302.621
302.461
302.31
302.167
302.032
301.903
301.781
301.664
301.553
301.447
301.347
301.251
301.16
301.073
300.991
300.914
300.84
300.771
300.706
300.644
300.587
300.533
300.483
300.436
300.393
300.353
300.316
300.282
300.251
300.223
300.198
300.175
300.154
300.136
300.119
300.105
300.093
300.084
300.076
300.071
300.068
305.096
304.768
304.447
304.147
303.873
303.623
303.393
303.183
302.988
302.806
302.636
302.475
302.324
302.181
302.045
301.916
301.793
301.676
301.564
301.458
301.357
301.26
301.169
301.082
300.999
300.921
300.847
300.777
300.711
300.649
300.591
300.537
300.487
300.44
300.396
300.356
300.319
300.285
300.253
300.225
300.199
300.176
300.155
300.137
300.12
300.106
300.094
300.084
300.076
300.071
300.068
305.068
304.757
304.448
304.155
303.885
303.637
303.409
303.2
303.005
302.823
302.653
302.492
302.341
302.197
302.061
301.931
301.807
301.689
301.577
301.47
301.368
301.271
301.179
301.091
301.008
300.929
300.854
300.784
300.718
300.655
300.597
300.542
300.491
300.444
300.4
300.359
300.321
300.287
300.256
300.227
300.201
300.177
300.156
300.138
300.121
300.107
300.095
300.085
300.077
300.071
300.068
305.039
304.745
304.448
304.163
303.898
303.653
303.428
303.219
303.025
302.843
302.673
302.512
302.36
302.215
302.078
301.948
301.824
301.705
301.592
301.484
301.382
301.284
301.191
301.102
301.018
300.938
300.863
300.792
300.725
300.662
300.603
300.547
300.496
300.448
300.403
300.362
300.324
300.29
300.258
300.229
300.203
300.179
300.158
300.139
300.122
300.108
300.096
300.085
300.077
300.072
300.069
305.008
304.732
304.447
304.172
303.912
303.671
303.448
303.241
303.047
302.866
302.695
302.534
302.381
302.236
302.099
301.967
301.842
301.723
301.609
301.5
301.397
301.298
301.204
301.114
301.03
300.949
300.873
300.801
300.733
300.669
300.609
300.554
300.501
300.453
300.408
300.366
300.328
300.293
300.261
300.231
300.205
300.181
300.159
300.14
300.124
300.109
300.096
300.086
300.078
300.072
300.069
304.975
304.716
304.446
304.18
303.928
303.691
303.47
303.265
303.072
302.891
302.72
302.559
302.406
302.26
302.122
301.989
301.863
301.743
301.628
301.519
301.414
301.314
301.219
301.129
301.043
300.961
300.884
300.811
300.742
300.678
300.617
300.56
300.508
300.458
300.413
300.371
300.332
300.296
300.264
300.234
300.207
300.183
300.161
300.142
300.125
300.11
300.097
300.087
300.079
300.073
300.07
304.94
304.699
304.443
304.188
303.943
303.712
303.495
303.291
303.099
302.919
302.748
302.587
302.433
302.287
302.147
302.014
301.887
301.766
301.65
301.539
301.433
301.333
301.236
301.145
301.058
300.975
300.897
300.823
300.753
300.687
300.626
300.568
300.515
300.465
300.418
300.376
300.336
300.3
300.267
300.237
300.21
300.185
300.163
300.143
300.126
300.111
300.098
300.088
300.079
300.074
300.07
304.902
304.678
304.438
304.195
303.959
303.733
303.52
303.319
303.129
302.949
302.779
302.617
302.463
302.316
302.176
302.042
301.914
301.792
301.674
301.563
301.455
301.353
301.256
301.163
301.074
300.991
300.911
300.836
300.765
300.698
300.636
300.577
300.522
300.472
300.424
300.381
300.341
300.304
300.271
300.24
300.212
300.187
300.165
300.145
300.128
300.112
300.099
300.089
300.08
300.074
300.071
304.861
304.654
304.43
304.199
303.973
303.754
303.546
303.348
303.16
302.982
302.812
302.65
302.496
302.349
302.208
302.073
301.944
301.82
301.702
301.589
301.48
301.376
301.277
301.183
301.093
301.008
300.927
300.851
300.778
300.71
300.647
300.587
300.531
300.479
300.431
300.387
300.346
300.309
300.275
300.243
300.215
300.19
300.167
300.147
300.129
300.114
300.101
300.09
300.081
300.075
300.072
304.816
304.627
304.418
304.201
303.985
303.775
303.572
303.378
303.193
303.017
302.848
302.686
302.532
302.384
302.243
302.107
301.977
301.852
301.732
301.617
301.507
301.402
301.302
301.206
301.114
301.027
300.945
300.867
300.793
300.724
300.659
300.598
300.541
300.488
300.439
300.394
300.352
300.314
300.279
300.247
300.219
300.193
300.17
300.149
300.131
300.115
300.102
300.091
300.082
300.076
300.073
304.767
304.594
304.402
304.199
303.994
303.793
303.597
303.408
303.227
303.052
302.885
302.724
302.57
302.422
302.28
302.144
302.012
301.886
301.765
301.649
301.538
301.431
301.329
301.231
301.138
301.049
300.965
300.885
300.81
300.739
300.672
300.61
300.552
300.498
300.447
300.401
300.359
300.319
300.284
300.252
300.222
300.196
300.172
300.151
300.133
300.117
300.103
300.092
300.083
300.077
300.073
304.713
304.557
304.381
304.193
304
303.808
303.62
303.437
303.26
303.089
302.924
302.764
302.611
302.463
302.32
302.183
302.051
301.924
301.802
301.684
301.571
301.462
301.358
301.259
301.164
301.073
300.987
300.905
300.828
300.755
300.687
300.623
300.564
300.508
300.457
300.409
300.366
300.326
300.289
300.256
300.226
300.199
300.175
300.154
300.135
300.119
300.105
300.093
300.084
300.078
300.074
304.654
304.514
304.354
304.181
304.001
303.82
303.641
303.464
303.292
303.125
302.962
302.805
302.653
302.505
302.363
302.226
302.093
301.964
301.841
301.721
301.607
301.496
301.39
301.289
301.192
301.099
301.011
300.927
300.848
300.774
300.704
300.638
300.577
300.52
300.467
300.418
300.373
300.332
300.295
300.261
300.23
300.203
300.178
300.156
300.137
300.12
300.106
300.094
300.085
300.079
300.075
304.59
304.466
304.321
304.163
303.997
303.827
303.657
303.488
303.323
303.16
303.001
302.846
302.696
302.549
302.407
302.27
302.136
302.007
301.882
301.762
301.645
301.533
301.425
301.321
301.222
301.127
301.037
300.951
300.87
300.793
300.721
300.654
300.591
300.532
300.478
300.428
300.382
300.34
300.301
300.266
300.235
300.207
300.181
300.159
300.139
300.122
300.108
300.096
300.086
300.08
300.076
304.521
304.412
304.283
304.14
303.987
303.829
303.669
303.509
303.35
303.193
303.038
302.887
302.739
302.594
302.453
302.316
302.182
302.052
301.926
301.804
301.686
301.572
301.462
301.356
301.255
301.158
301.065
300.977
300.894
300.815
300.741
300.671
300.606
300.546
300.49
300.438
300.391
300.347
300.308
300.272
300.24
300.211
300.185
300.162
300.142
300.124
300.11
300.097
300.088
300.081
300.077
304.449
304.353
304.239
304.11
303.971
303.826
303.676
303.525
303.374
303.223
303.074
302.926
302.781
302.639
302.499
302.362
302.229
302.099
301.972
301.849
301.729
301.613
301.501
301.393
301.29
301.19
301.095
301.005
300.919
300.838
300.761
300.689
300.622
300.56
300.502
300.449
300.4
300.356
300.315
300.278
300.245
300.215
300.189
300.165
300.144
300.127
300.111
300.099
300.089
300.082
300.078
304.374
304.291
304.19
304.075
303.95
303.816
303.678
303.537
303.394
303.25
303.106
302.963
302.822
302.682
302.544
302.409
302.276
302.145
302.018
301.894
301.773
301.655
301.542
301.432
301.326
301.224
301.126
301.033
300.945
300.861
300.783
300.709
300.639
300.575
300.515
300.461
300.41
300.364
300.322
300.284
300.25
300.22
300.192
300.168
300.147
300.129
300.113
300.1
300.09
300.083
300.079
304.298
304.227
304.139
304.037
303.924
303.802
303.675
303.544
303.409
303.273
303.135
302.997
302.86
302.723
302.588
302.454
302.322
302.192
302.064
301.939
301.817
301.698
301.582
301.47
301.362
301.258
301.158
301.063
300.972
300.886
300.805
300.728
300.657
300.591
300.529
300.472
300.42
300.373
300.33
300.291
300.256
300.224
300.196
300.171
300.15
300.131
300.115
300.102
300.092
300.084
300.08
304.224
304.163
304.086
303.996
303.895
303.785
303.668
303.546
303.42
303.291
303.16
303.028
302.895
302.761
302.629
302.497
302.366
302.236
302.109
301.983
301.86
301.74
301.623
301.509
301.399
301.292
301.19
301.092
300.999
300.91
300.827
300.748
300.675
300.606
300.543
300.484
300.431
300.382
300.337
300.297
300.261
300.229
300.2
300.175
300.152
300.133
300.117
300.103
300.093
300.085
300.081
304.154
304.102
304.035
303.955
303.865
303.765
303.658
303.545
303.427
303.305
303.181
303.053
302.925
302.795
302.665
302.535
302.406
302.277
302.15
302.024
301.9
301.779
301.661
301.545
301.433
301.325
301.221
301.12
301.025
300.934
300.848
300.767
300.692
300.621
300.556
300.496
300.44
300.39
300.344
300.303
300.266
300.233
300.203
300.177
300.155
300.135
300.118
300.105
300.094
300.086
300.082
304.094
304.048
303.989
303.918
303.836
303.746
303.647
303.542
303.431
303.316
303.197
303.074
302.95
302.824
302.696
302.568
302.44
302.312
302.186
302.06
301.936
301.814
301.694
301.578
301.464
301.354
301.248
301.146
301.048
300.955
300.867
300.785
300.707
300.635
300.568
300.506
300.449
300.398
300.351
300.309
300.271
300.237
300.207
300.18
300.157
300.137
300.12
300.106
300.095
300.087
300.083
304.047
304.007
303.953
303.889
303.814
303.73
303.637
303.538
303.433
303.323
303.208
303.089
302.968
302.845
302.719
302.593
302.466
302.34
302.213
302.088
301.963
301.841
301.721
301.603
301.488
301.377
301.269
301.166
301.067
300.972
300.883
300.798
300.719
300.646
300.577
300.514
300.456
300.404
300.356
300.313
300.274
300.24
300.209
300.182
300.159
300.138
300.121
300.107
300.096
300.088
300.084
304.02
303.983
303.933
303.872
303.8
303.72
303.631
303.536
303.434
303.326
303.214
303.098
302.978
302.857
302.733
302.608
302.482
302.355
302.229
302.104
301.98
301.857
301.736
301.618
301.503
301.391
301.282
301.178
301.078
300.982
300.892
300.807
300.727
300.652
300.583
300.519
300.46
300.407
300.359
300.315
300.276
300.241
300.21
300.183
300.16
300.139
300.122
300.107
300.096
300.088
300.084
)
;

boundaryField
{
    inlet
    {
        type            fixedValue;
        value           uniform 300;
    }
    outlet
    {
        type            zeroGradient;
    }
    top
    {
        type            zeroGradient;
    }
    slip-bottom
    {
        type            zeroGradient;
    }
    bottom
    {
        type            zeroGradient;
    }
    interface
    {
        type            fixedGradient;
        gradient        nonuniform List<scalar> 
161
(
68.0076
68.0076
46.2196
46.2196
46.2196
46.2196
34.3071
34.3071
34.3071
34.3071
29.4844
29.4844
29.4844
28.6867
28.6867
28.6867
28.6867
26.0809
26.0809
26.0809
25.2127
25.2127
25.2127
24.708
24.708
24.708
24.0565
24.0565
24.0565
23.4688
23.4688
23.4688
22.9234
22.9234
22.9234
22.3851
22.3851
22.3851
21.8711
21.8711
21.8711
20.8318
20.8318
21.5816
21.5816
21.5816
20.5423
20.5423
21.0267
21.0267
21.0267
19.9946
19.9946
19.9908
19.9908
19.9908
20.1324
20.1324
20.4812
20.4812
19.2213
19.2213
19.1124
19.1124
19.1593
19.1593
19.0185
19.0185
19.0185
18.8431
18.8431
18.6706
18.4882
18.4882
18.2624
18.2624
18.0581
18.0581
17.2914
17.2914
18.2597
18.2597
17.8722
17.8722
17.4309
16.6667
16.6667
17.5197
17.5197
17.1631
16.1911
16.1911
17.0502
16.1334
16.1334
16.7241
16.7241
15.7789
16.3806
16.3806
15.4769
16.1001
15.182
15.182
15.2432
15.901
15.901
14.7681
15.3224
14.3823
14.3823
14.3979
14.5936
14.9978
14.9978
13.8162
13.8656
14.0584
14.4096
14.4096
13.279
13.3036
13.4695
13.464
13.8044
12.7648
12.7648
12.6769
12.743
12.6767
12.5942
12.5006
12.3995
12.294
12.1858
12.0763
11.9667
11.8582
11.7523
11.6506
11.5549
11.4674
11.39
11.3249
11.2742
11.2412
11.2315
11.2559
11.3365
11.4217
11.2436
11.2744
11.6436
11.9542
12.392
12.9394
15.0472
13.2616
15.4974
17.7076
25.5517
)
;
    }
    defaultFaces
    {
        type            empty;
    }
}


// ************************************************************************* //
