/*--------------------------------*- C++ -*----------------------------------*\
| =========                 |                                                 |
| \\      /  F ield         | OpenFOAM: The Open Source CFD Toolbox           |
|  \\    /   O peration     | Version:  2106                                  |
|   \\  /    A nd           | Website:  www.openfoam.com                      |
|    \\/     M anipulation  |                                                 |
\*---------------------------------------------------------------------------*/
FoamFile
{
    version     2.0;
    format      ascii;
    arch        "LSB;label=32;scalar=64";
    class       volScalarField;
    location    "5.2";
    object      T;
}
// * * * * * * * * * * * * * * * * * * * * * * * * * * * * * * * * * * * * * //

dimensions      [0 0 0 1 0 0 0];

internalField   nonuniform List<scalar> 
12013
(
300.003
300.01
300.016
300.023
300.031
300.038
300.046
300.054
300.063
300.072
300.081
300.091
300.101
300.112
300.122
300.134
300.146
300.158
300.171
300.184
300.198
300.212
300.227
300.242
300.258
300.274
300.291
300.309
300.327
300.346
300.365
300.385
300.406
300.427
300.449
300.472
300.495
300.52
300.544
300.57
300.596
300.624
300.651
300.68
300.71
300.74
300.772
300.804
300.837
300.871
300.906
300.942
300.979
301.017
301.057
301.097
301.139
301.182
301.226
301.271
301.318
301.366
301.416
301.467
301.52
301.575
301.631
301.69
301.751
301.814
301.88
301.949
302.021
302.097
302.177
302.262
302.353
302.452
302.562
302.686
302.833
300.003
300.01
300.016
300.023
300.031
300.038
300.046
300.054
300.063
300.072
300.081
300.091
300.101
300.112
300.122
300.134
300.146
300.158
300.171
300.184
300.198
300.212
300.227
300.242
300.258
300.274
300.291
300.309
300.327
300.346
300.365
300.385
300.406
300.427
300.449
300.472
300.495
300.52
300.544
300.57
300.596
300.623
300.651
300.68
300.71
300.74
300.771
300.804
300.837
300.871
300.906
300.942
300.979
301.017
301.057
301.097
301.138
301.181
301.225
301.271
301.317
301.365
301.415
301.466
301.519
301.574
301.63
301.689
301.75
301.813
301.879
301.947
302.019
302.094
302.174
302.258
302.347
302.444
302.549
302.664
302.791
300.003
300.01
300.016
300.023
300.03
300.038
300.046
300.054
300.063
300.072
300.081
300.091
300.101
300.112
300.122
300.134
300.146
300.158
300.171
300.184
300.198
300.212
300.227
300.242
300.258
300.274
300.291
300.309
300.327
300.346
300.365
300.385
300.406
300.427
300.449
300.472
300.495
300.519
300.544
300.57
300.596
300.623
300.651
300.68
300.71
300.74
300.771
300.803
300.837
300.871
300.906
300.942
300.979
301.017
301.056
301.096
301.138
301.18
301.224
301.27
301.316
301.364
301.414
301.465
301.518
301.572
301.628
301.687
301.747
301.81
301.875
301.943
302.014
302.088
302.166
302.248
302.335
302.427
302.525
302.628
302.737
300.003
300.01
300.016
300.023
300.03
300.038
300.046
300.054
300.063
300.072
300.081
300.091
300.101
300.111
300.122
300.134
300.146
300.158
300.171
300.184
300.198
300.212
300.227
300.242
300.258
300.274
300.291
300.309
300.327
300.346
300.365
300.385
300.406
300.427
300.449
300.472
300.495
300.519
300.544
300.57
300.596
300.623
300.651
300.68
300.709
300.74
300.771
300.803
300.836
300.87
300.905
300.941
300.978
301.016
301.055
301.095
301.137
301.179
301.223
301.268
301.315
301.362
301.412
301.462
301.515
301.569
301.625
301.683
301.743
301.805
301.869
301.936
302.005
302.078
302.153
302.232
302.315
302.402
302.492
302.585
302.679
300.003
300.01
300.016
300.023
300.03
300.038
300.046
300.054
300.063
300.072
300.081
300.091
300.101
300.111
300.122
300.134
300.146
300.158
300.171
300.184
300.198
300.212
300.227
300.242
300.258
300.274
300.291
300.309
300.327
300.346
300.365
300.385
300.406
300.427
300.449
300.472
300.495
300.519
300.544
300.569
300.596
300.623
300.651
300.679
300.709
300.739
300.77
300.802
300.835
300.869
300.904
300.94
300.977
301.015
301.054
301.094
301.135
301.177
301.221
301.266
301.312
301.36
301.409
301.459
301.511
301.565
301.62
301.677
301.736
301.797
301.86
301.926
301.993
302.064
302.136
302.212
302.29
302.371
302.453
302.537
302.62
300.003
300.01
300.016
300.023
300.03
300.038
300.046
300.054
300.063
300.072
300.081
300.091
300.101
300.111
300.122
300.134
300.146
300.158
300.171
300.184
300.198
300.212
300.227
300.242
300.258
300.274
300.291
300.309
300.327
300.346
300.365
300.385
300.405
300.427
300.449
300.471
300.495
300.519
300.543
300.569
300.595
300.622
300.65
300.679
300.708
300.738
300.769
300.801
300.834
300.868
300.903
300.939
300.975
301.013
301.052
301.092
301.133
301.175
301.218
301.263
301.309
301.356
301.404
301.454
301.506
301.559
301.613
301.669
301.727
301.787
301.849
301.912
301.978
302.045
302.115
302.187
302.26
302.335
302.41
302.486
302.56
300.003
300.01
300.016
300.023
300.03
300.038
300.046
300.054
300.063
300.072
300.081
300.091
300.101
300.111
300.122
300.134
300.146
300.158
300.171
300.184
300.198
300.212
300.227
300.242
300.258
300.274
300.291
300.308
300.327
300.345
300.365
300.385
300.405
300.426
300.448
300.471
300.494
300.518
300.543
300.568
300.595
300.621
300.649
300.678
300.707
300.737
300.768
300.8
300.833
300.867
300.901
300.937
300.973
301.011
301.05
301.089
301.13
301.172
301.215
301.259
301.304
301.351
301.399
301.448
301.499
301.551
301.605
301.66
301.716
301.774
301.834
301.896
301.959
302.023
302.089
302.157
302.225
302.294
302.364
302.432
302.5
300.003
300.01
300.016
300.023
300.03
300.038
300.046
300.054
300.063
300.072
300.081
300.091
300.101
300.111
300.122
300.134
300.145
300.158
300.17
300.184
300.197
300.212
300.226
300.242
300.257
300.274
300.291
300.308
300.326
300.345
300.364
300.384
300.405
300.426
300.448
300.47
300.494
300.518
300.542
300.568
300.594
300.621
300.648
300.677
300.706
300.736
300.767
300.799
300.831
300.865
300.899
300.935
300.971
301.008
301.047
301.086
301.126
301.168
301.21
301.254
301.299
301.345
301.392
301.441
301.49
301.541
301.594
301.647
301.702
301.759
301.817
301.876
301.936
301.997
302.06
302.123
302.187
302.251
302.315
302.378
302.44
300.003
300.01
300.016
300.023
300.03
300.038
300.046
300.054
300.063
300.072
300.081
300.091
300.101
300.111
300.122
300.134
300.145
300.158
300.17
300.184
300.197
300.211
300.226
300.241
300.257
300.274
300.29
300.308
300.326
300.345
300.364
300.384
300.404
300.425
300.447
300.47
300.493
300.517
300.541
300.567
300.593
300.619
300.647
300.675
300.704
300.734
300.765
300.797
300.829
300.862
300.897
300.932
300.968
301.005
301.043
301.082
301.122
301.163
301.205
301.248
301.292
301.337
301.384
301.431
301.48
301.53
301.581
301.633
301.686
301.74
301.796
301.852
301.91
301.968
302.027
302.086
302.146
302.205
302.264
302.322
302.379
300.003
300.01
300.016
300.023
300.03
300.038
300.046
300.054
300.063
300.072
300.081
300.091
300.101
300.111
300.122
300.133
300.145
300.157
300.17
300.183
300.197
300.211
300.226
300.241
300.257
300.273
300.29
300.308
300.326
300.344
300.363
300.383
300.404
300.425
300.447
300.469
300.492
300.516
300.54
300.566
300.591
300.618
300.645
300.674
300.703
300.732
300.763
300.794
300.827
300.86
300.894
300.928
300.964
301.001
301.038
301.077
301.116
301.156
301.198
301.24
301.284
301.328
301.373
301.42
301.467
301.516
301.565
301.615
301.667
301.719
301.772
301.826
301.88
301.935
301.991
302.046
302.101
302.156
302.211
302.265
302.317
300.003
300.01
300.016
300.023
300.03
300.038
300.046
300.054
300.063
300.072
300.081
300.09
300.101
300.111
300.122
300.133
300.145
300.157
300.17
300.183
300.197
300.211
300.226
300.241
300.257
300.273
300.29
300.307
300.325
300.344
300.363
300.383
300.403
300.424
300.446
300.468
300.491
300.515
300.539
300.564
300.59
300.616
300.644
300.672
300.7
300.73
300.76
300.791
300.823
300.856
300.89
300.924
300.959
300.995
301.032
301.07
301.109
301.149
301.19
301.231
301.274
301.317
301.361
301.406
301.452
301.499
301.547
301.596
301.645
301.695
301.745
301.797
301.848
301.9
301.952
302.003
302.055
302.106
302.157
302.207
302.255
300.003
300.01
300.016
300.023
300.03
300.038
300.046
300.054
300.063
300.071
300.081
300.09
300.1
300.111
300.122
300.133
300.145
300.157
300.17
300.183
300.197
300.211
300.225
300.24
300.256
300.272
300.289
300.306
300.324
300.343
300.362
300.382
300.402
300.423
300.445
300.467
300.49
300.513
300.537
300.562
300.588
300.614
300.641
300.669
300.698
300.727
300.757
300.788
300.819
300.852
300.885
300.919
300.954
300.989
301.026
301.063
301.101
301.14
301.18
301.22
301.262
301.304
301.347
301.391
301.435
301.481
301.527
301.573
301.62
301.668
301.716
301.764
301.813
301.861
301.91
301.958
302.007
302.054
302.101
302.147
302.193
300.003
300.009
300.016
300.023
300.03
300.038
300.046
300.054
300.062
300.071
300.081
300.09
300.1
300.111
300.122
300.133
300.145
300.157
300.169
300.183
300.196
300.21
300.225
300.24
300.256
300.272
300.288
300.306
300.324
300.342
300.361
300.381
300.401
300.422
300.443
300.465
300.488
300.511
300.536
300.56
300.586
300.612
300.639
300.666
300.694
300.723
300.753
300.784
300.815
300.847
300.879
300.913
300.947
300.982
301.018
301.054
301.092
301.13
301.168
301.208
301.248
301.289
301.331
301.373
301.416
301.46
301.504
301.548
301.593
301.638
301.684
301.729
301.775
301.821
301.866
301.911
301.956
302.001
302.045
302.088
302.13
300.003
300.009
300.016
300.023
300.03
300.038
300.046
300.054
300.062
300.071
300.08
300.09
300.1
300.111
300.121
300.133
300.144
300.156
300.169
300.182
300.196
300.21
300.224
300.239
300.255
300.271
300.288
300.305
300.323
300.341
300.36
300.379
300.4
300.42
300.442
300.464
300.486
300.509
300.533
300.558
300.583
300.609
300.635
300.663
300.691
300.719
300.748
300.779
300.809
300.841
300.873
300.906
300.939
300.974
301.009
301.044
301.081
301.118
301.155
301.194
301.233
301.272
301.313
301.353
301.394
301.436
301.478
301.52
301.563
301.606
301.649
301.692
301.735
301.778
301.82
301.863
301.905
301.946
301.987
302.027
302.066
300.003
300.009
300.016
300.023
300.03
300.038
300.046
300.054
300.062
300.071
300.08
300.09
300.1
300.11
300.121
300.132
300.144
300.156
300.169
300.182
300.195
300.209
300.224
300.239
300.254
300.27
300.287
300.304
300.322
300.34
300.359
300.378
300.398
300.419
300.44
300.461
300.484
300.507
300.531
300.555
300.58
300.605
300.632
300.658
300.686
300.714
300.743
300.773
300.803
300.834
300.865
300.897
300.93
300.964
300.998
301.033
301.068
301.104
301.141
301.178
301.215
301.253
301.292
301.331
301.37
301.41
301.45
301.49
301.531
301.571
301.612
301.652
301.693
301.733
301.773
301.812
301.851
301.89
301.928
301.965
302.002
300.003
300.009
300.016
300.023
300.03
300.038
300.045
300.054
300.062
300.071
300.08
300.09
300.1
300.11
300.121
300.132
300.144
300.156
300.168
300.181
300.195
300.209
300.223
300.238
300.253
300.269
300.286
300.303
300.32
300.338
300.357
300.376
300.396
300.416
300.437
300.459
300.481
300.504
300.527
300.551
300.576
300.601
300.627
300.654
300.681
300.708
300.737
300.766
300.795
300.826
300.857
300.888
300.92
300.953
300.986
301.02
301.054
301.089
301.124
301.16
301.196
301.232
301.269
301.307
301.344
301.382
301.42
301.458
301.496
301.535
301.573
301.611
301.649
301.686
301.723
301.76
301.797
301.833
301.868
301.903
301.938
300.003
300.009
300.016
300.023
300.03
300.037
300.045
300.053
300.062
300.071
300.08
300.089
300.099
300.11
300.12
300.131
300.143
300.155
300.168
300.18
300.194
300.208
300.222
300.237
300.252
300.268
300.284
300.301
300.319
300.337
300.355
300.374
300.394
300.414
300.435
300.456
300.478
300.501
300.524
300.547
300.572
300.596
300.622
300.648
300.675
300.702
300.73
300.758
300.787
300.816
300.847
300.877
300.908
300.94
300.972
301.005
301.038
301.071
301.105
301.14
301.174
301.209
301.245
301.28
301.316
301.352
301.388
301.424
301.46
301.496
301.532
301.567
301.603
301.638
301.673
301.707
301.741
301.775
301.808
301.841
301.873
300.003
300.009
300.016
300.023
300.03
300.037
300.045
300.053
300.062
300.07
300.08
300.089
300.099
300.109
300.12
300.131
300.142
300.154
300.167
300.18
300.193
300.207
300.221
300.236
300.251
300.267
300.283
300.3
300.317
300.335
300.353
300.372
300.391
300.411
300.432
300.453
300.474
300.497
300.519
300.543
300.567
300.591
300.616
300.641
300.668
300.694
300.721
300.749
300.777
300.806
300.835
300.865
300.895
300.926
300.957
300.988
301.02
301.053
301.085
301.118
301.151
301.184
301.218
301.252
301.286
301.32
301.354
301.387
301.421
301.455
301.489
301.522
301.555
301.588
301.621
301.653
301.685
301.716
301.747
301.778
301.808
300.003
300.009
300.016
300.023
300.03
300.037
300.045
300.053
300.061
300.07
300.079
300.089
300.098
300.109
300.119
300.13
300.142
300.154
300.166
300.179
300.192
300.206
300.22
300.234
300.249
300.265
300.281
300.298
300.315
300.332
300.351
300.369
300.388
300.408
300.428
300.449
300.47
300.492
300.514
300.537
300.561
300.585
300.609
300.634
300.66
300.686
300.712
300.739
300.766
300.794
300.823
300.851
300.881
300.91
300.94
300.97
301.001
301.032
301.063
301.094
301.126
301.158
301.189
301.221
301.253
301.285
301.317
301.349
301.381
301.413
301.444
301.476
301.507
301.538
301.568
301.598
301.628
301.657
301.686
301.715
301.743
300.003
300.009
300.016
300.023
300.03
300.037
300.045
300.053
300.061
300.07
300.079
300.088
300.098
300.108
300.119
300.13
300.141
300.153
300.165
300.178
300.191
300.204
300.218
300.233
300.248
300.263
300.279
300.296
300.312
300.33
300.348
300.366
300.385
300.404
300.424
300.445
300.466
300.487
300.509
300.531
300.554
300.578
300.601
300.626
300.651
300.676
300.702
300.728
300.754
300.781
300.809
300.836
300.864
300.893
300.922
300.951
300.98
301.009
301.039
301.069
301.099
301.129
301.159
301.189
301.219
301.25
301.28
301.31
301.34
301.369
301.399
301.428
301.457
301.486
301.514
301.542
301.57
301.598
301.625
301.651
301.677
300.003
300.009
300.016
300.022
300.03
300.037
300.044
300.052
300.061
300.069
300.078
300.088
300.097
300.107
300.118
300.129
300.14
300.152
300.164
300.176
300.189
300.203
300.217
300.231
300.246
300.261
300.277
300.293
300.31
300.327
300.344
300.362
300.381
300.4
300.42
300.44
300.46
300.481
300.503
300.524
300.547
300.57
300.593
300.616
300.641
300.665
300.69
300.715
300.741
300.767
300.793
300.82
300.847
300.874
300.902
300.929
300.957
300.985
301.013
301.042
301.07
301.098
301.127
301.155
301.184
301.212
301.24
301.269
301.297
301.324
301.352
301.379
301.407
301.433
301.46
301.486
301.512
301.538
301.563
301.588
301.612
300.003
300.009
300.016
300.022
300.029
300.037
300.044
300.052
300.06
300.069
300.078
300.087
300.097
300.107
300.117
300.128
300.139
300.151
300.163
300.175
300.188
300.201
300.215
300.229
300.244
300.259
300.274
300.29
300.306
300.323
300.341
300.358
300.377
300.395
300.414
300.434
300.454
300.474
300.495
300.517
300.538
300.561
300.583
300.606
300.629
300.653
300.677
300.702
300.726
300.751
300.776
300.802
300.828
300.854
300.88
300.906
300.933
300.959
300.986
301.013
301.04
301.067
301.093
301.12
301.147
301.174
301.2
301.226
301.253
301.279
301.304
301.33
301.355
301.38
301.405
301.43
301.454
301.478
301.501
301.524
301.547
300.003
300.009
300.016
300.022
300.029
300.036
300.044
300.052
300.06
300.068
300.077
300.086
300.096
300.106
300.116
300.127
300.138
300.149
300.161
300.173
300.186
300.199
300.213
300.227
300.241
300.256
300.271
300.287
300.303
300.319
300.336
300.354
300.372
300.39
300.409
300.428
300.447
300.467
300.487
300.508
300.529
300.551
300.573
300.595
300.617
300.64
300.663
300.687
300.71
300.734
300.758
300.783
300.807
300.832
300.857
300.882
300.907
300.932
300.957
300.983
301.008
301.033
301.059
301.084
301.109
301.134
301.159
301.183
301.208
301.232
301.256
301.28
301.304
301.327
301.35
301.373
301.395
301.418
301.439
301.461
301.482
300.003
300.009
300.015
300.022
300.029
300.036
300.043
300.051
300.059
300.068
300.077
300.086
300.095
300.105
300.115
300.126
300.137
300.148
300.16
300.172
300.184
300.197
300.21
300.224
300.238
300.253
300.268
300.283
300.299
300.315
300.332
300.349
300.366
300.384
300.402
300.421
300.44
300.459
300.479
300.499
300.519
300.54
300.561
300.582
300.604
300.626
300.648
300.67
300.693
300.716
300.739
300.762
300.785
300.809
300.833
300.856
300.88
300.904
300.928
300.951
300.975
300.999
301.023
301.046
301.07
301.093
301.116
301.139
301.162
301.185
301.207
301.23
301.252
301.273
301.295
301.316
301.337
301.358
301.378
301.398
301.418
300.003
300.009
300.015
300.022
300.029
300.036
300.043
300.051
300.059
300.067
300.076
300.085
300.094
300.104
300.114
300.124
300.135
300.146
300.158
300.17
300.182
300.195
300.208
300.221
300.235
300.249
300.264
300.279
300.294
300.31
300.326
300.343
300.36
300.377
300.395
300.413
300.431
300.45
300.469
300.488
300.508
300.528
300.548
300.569
300.589
300.61
300.632
300.653
300.675
300.696
300.718
300.74
300.763
300.785
300.807
300.829
300.852
300.874
300.897
300.919
300.941
300.964
300.986
301.008
301.03
301.052
301.073
301.095
301.116
301.137
301.158
301.179
301.2
301.22
301.24
301.26
301.279
301.298
301.317
301.336
301.355
300.003
300.009
300.015
300.022
300.028
300.035
300.043
300.05
300.058
300.066
300.075
300.084
300.093
300.102
300.112
300.123
300.133
300.144
300.156
300.167
300.179
300.192
300.205
300.218
300.231
300.245
300.26
300.274
300.289
300.305
300.32
300.336
300.353
300.37
300.387
300.404
300.422
300.44
300.458
300.477
300.496
300.515
300.535
300.554
300.574
300.594
300.614
300.635
300.655
300.676
300.697
300.718
300.738
300.759
300.78
300.802
300.823
300.844
300.865
300.886
300.907
300.927
300.948
300.969
300.989
301.01
301.03
301.05
301.07
301.09
301.109
301.128
301.148
301.166
301.185
301.203
301.222
301.24
301.257
301.275
301.292
300.003
300.009
300.015
300.021
300.028
300.035
300.042
300.05
300.057
300.065
300.074
300.083
300.092
300.101
300.111
300.121
300.131
300.142
300.153
300.165
300.176
300.189
300.201
300.214
300.227
300.241
300.255
300.269
300.284
300.299
300.314
300.33
300.345
300.362
300.378
300.395
300.412
300.43
300.447
300.465
300.483
300.502
300.52
300.539
300.558
300.577
300.596
300.615
300.635
300.654
300.674
300.694
300.713
300.733
300.753
300.773
300.793
300.812
300.832
300.852
300.871
300.891
300.91
300.93
300.949
300.968
300.987
301.005
301.024
301.042
301.06
301.078
301.096
301.114
301.131
301.148
301.165
301.182
301.198
301.214
301.23
300.003
300.009
300.015
300.021
300.028
300.034
300.041
300.049
300.057
300.064
300.073
300.081
300.09
300.099
300.109
300.119
300.129
300.14
300.151
300.162
300.173
300.185
300.197
300.21
300.223
300.236
300.25
300.263
300.278
300.292
300.307
300.322
300.337
300.353
300.369
300.385
300.402
300.418
300.435
300.452
300.47
300.487
300.505
300.523
300.541
300.559
300.577
300.595
300.614
300.632
300.651
300.669
300.688
300.706
300.725
300.744
300.762
300.781
300.799
300.818
300.836
300.854
300.872
300.89
300.908
300.926
300.943
300.961
300.978
300.995
301.012
301.028
301.045
301.061
301.077
301.093
301.109
301.125
301.14
301.155
301.17
300.003
300.009
300.014
300.021
300.027
300.034
300.041
300.048
300.056
300.063
300.072
300.08
300.089
300.098
300.107
300.117
300.127
300.137
300.148
300.159
300.17
300.181
300.193
300.206
300.218
300.231
300.244
300.257
300.271
300.285
300.299
300.314
300.329
300.344
300.359
300.375
300.39
300.406
300.422
300.439
300.455
300.472
300.489
300.506
300.523
300.54
300.557
300.574
300.592
300.609
300.627
300.644
300.662
300.679
300.697
300.714
300.731
300.749
300.766
300.783
300.8
300.817
300.834
300.851
300.867
300.884
300.9
300.916
300.932
300.948
300.964
300.979
300.995
301.01
301.025
301.04
301.054
301.069
301.083
301.097
301.111
300.003
300.008
300.014
300.02
300.027
300.033
300.04
300.047
300.055
300.062
300.07
300.078
300.087
300.096
300.105
300.114
300.124
300.134
300.145
300.155
300.166
300.177
300.189
300.201
300.213
300.225
300.238
300.251
300.264
300.278
300.291
300.305
300.32
300.334
300.349
300.364
300.379
300.394
300.409
300.425
300.44
300.456
300.472
300.488
300.504
300.521
300.537
300.553
300.569
300.586
300.602
300.619
300.635
300.651
300.668
300.684
300.7
300.717
300.733
300.749
300.765
300.78
300.796
300.812
300.827
300.843
300.858
300.873
300.888
300.903
300.917
300.932
300.946
300.96
300.974
300.988
301.001
301.014
301.028
301.041
301.053
300.003
300.008
300.014
300.02
300.026
300.033
300.039
300.046
300.054
300.061
300.069
300.077
300.085
300.094
300.103
300.112
300.121
300.131
300.141
300.152
300.162
300.173
300.184
300.196
300.208
300.22
300.232
300.244
300.257
300.27
300.283
300.296
300.31
300.324
300.338
300.352
300.366
300.381
300.395
300.41
300.425
300.44
300.455
300.47
300.486
300.501
300.516
300.532
300.547
300.562
300.578
300.593
300.609
300.624
300.639
300.654
300.67
300.685
300.7
300.715
300.73
300.744
300.759
300.774
300.788
300.802
300.816
300.83
300.844
300.858
300.871
300.885
300.898
300.911
300.924
300.937
300.949
300.962
300.974
300.986
300.998
300.003
300.008
300.014
300.019
300.026
300.032
300.038
300.045
300.052
300.06
300.067
300.075
300.083
300.092
300.1
300.109
300.119
300.128
300.138
300.148
300.158
300.169
300.179
300.191
300.202
300.213
300.225
300.237
300.249
300.262
300.274
300.287
300.3
300.313
300.327
300.34
300.354
300.368
300.382
300.396
300.41
300.424
300.438
300.452
300.467
300.481
300.496
300.51
300.524
300.539
300.553
300.568
300.582
300.597
300.611
300.625
300.639
300.654
300.668
300.681
300.695
300.709
300.723
300.736
300.75
300.763
300.776
300.789
300.802
300.815
300.827
300.84
300.852
300.864
300.876
300.888
300.9
300.911
300.923
300.934
300.945
300.003
300.008
300.013
300.019
300.025
300.031
300.038
300.044
300.051
300.058
300.066
300.073
300.081
300.089
300.098
300.107
300.115
300.125
300.134
300.144
300.154
300.164
300.174
300.185
300.196
300.207
300.218
300.23
300.242
300.253
300.266
300.278
300.29
300.303
300.315
300.328
300.341
300.354
300.367
300.381
300.394
300.407
300.421
300.434
300.448
300.462
300.475
300.489
300.502
300.516
300.529
300.543
300.557
300.57
300.583
300.597
300.61
300.623
300.636
300.649
300.662
300.675
300.688
300.7
300.713
300.725
300.737
300.75
300.761
300.773
300.785
300.797
300.808
300.819
300.831
300.842
300.852
300.863
300.874
300.884
300.894
300.003
300.008
300.013
300.019
300.024
300.03
300.037
300.043
300.05
300.057
300.064
300.071
300.079
300.087
300.095
300.104
300.112
300.121
300.13
300.14
300.149
300.159
300.169
300.18
300.19
300.201
300.211
300.223
300.234
300.245
300.257
300.268
300.28
300.292
300.304
300.316
300.329
300.341
300.354
300.366
300.379
300.391
300.404
300.417
300.43
300.442
300.455
300.468
300.481
300.494
300.506
300.519
300.532
300.544
300.557
300.569
300.582
300.594
300.606
300.618
300.63
300.642
300.654
300.666
300.678
300.689
300.701
300.712
300.723
300.734
300.745
300.756
300.766
300.777
300.787
300.798
300.808
300.818
300.828
300.837
300.847
300.002
300.007
300.013
300.018
300.024
300.03
300.036
300.042
300.049
300.055
300.062
300.07
300.077
300.085
300.093
300.101
300.109
300.118
300.127
300.136
300.145
300.154
300.164
300.174
300.184
300.194
300.205
300.215
300.226
300.237
300.248
300.259
300.27
300.282
300.293
300.305
300.317
300.328
300.34
300.352
300.364
300.376
300.388
300.4
300.412
300.424
300.436
300.448
300.46
300.472
300.484
300.496
300.508
300.52
300.532
300.543
300.555
300.566
300.578
300.589
300.601
300.612
300.623
300.634
300.645
300.655
300.666
300.677
300.687
300.697
300.708
300.718
300.728
300.737
300.747
300.757
300.766
300.775
300.785
300.794
300.803
300.002
300.007
300.012
300.018
300.023
300.029
300.035
300.041
300.047
300.054
300.061
300.068
300.075
300.082
300.09
300.098
300.106
300.114
300.123
300.132
300.141
300.15
300.159
300.169
300.178
300.188
300.198
300.208
300.219
300.229
300.239
300.25
300.261
300.272
300.283
300.294
300.305
300.316
300.327
300.339
300.35
300.361
300.373
300.384
300.395
300.407
300.418
300.43
300.441
300.452
300.464
300.475
300.486
300.497
300.508
300.519
300.53
300.541
300.552
300.562
300.573
300.583
300.594
300.604
300.614
300.624
300.634
300.644
300.654
300.664
300.673
300.683
300.692
300.701
300.71
300.719
300.728
300.737
300.745
300.754
300.762
300.002
300.007
300.012
300.017
300.023
300.028
300.034
300.04
300.046
300.053
300.059
300.066
300.073
300.08
300.088
300.095
300.103
300.111
300.12
300.128
300.137
300.145
300.154
300.164
300.173
300.182
300.192
300.202
300.212
300.222
300.232
300.242
300.252
300.263
300.273
300.284
300.294
300.305
300.316
300.326
300.337
300.348
300.359
300.37
300.38
300.391
300.402
300.413
300.424
300.434
300.445
300.456
300.466
300.477
300.487
300.497
300.508
300.518
300.528
300.538
300.548
300.558
300.568
300.578
300.587
300.597
300.606
300.615
300.625
300.634
300.643
300.651
300.66
300.669
300.677
300.686
300.694
300.702
300.71
300.718
300.726
300.002
300.007
300.012
300.017
300.022
300.027
300.033
300.039
300.045
300.051
300.058
300.064
300.071
300.078
300.086
300.093
300.101
300.108
300.116
300.125
300.133
300.142
300.15
300.159
300.168
300.177
300.186
300.196
300.205
300.215
300.225
300.235
300.244
300.254
300.265
300.275
300.285
300.295
300.305
300.316
300.326
300.336
300.347
300.357
300.367
300.378
300.388
300.398
300.408
300.419
300.429
300.439
300.449
300.459
300.469
300.479
300.488
300.498
300.508
300.517
300.527
300.536
300.545
300.555
300.564
300.573
300.582
300.59
300.599
300.608
300.616
300.625
300.633
300.641
300.649
300.657
300.665
300.673
300.68
300.688
300.695
300.002
300.007
300.012
300.016
300.022
300.027
300.032
300.038
300.044
300.05
300.056
300.063
300.07
300.077
300.084
300.091
300.098
300.106
300.114
300.122
300.13
300.138
300.147
300.155
300.164
300.173
300.182
300.191
300.2
300.21
300.219
300.229
300.238
300.248
300.258
300.267
300.277
300.287
300.297
300.307
300.317
300.327
300.337
300.347
300.356
300.366
300.376
300.386
300.396
300.406
300.416
300.425
300.435
300.444
300.454
300.463
300.473
300.482
300.491
300.5
300.51
300.519
300.527
300.536
300.545
300.554
300.562
300.57
300.579
300.587
300.595
300.603
300.611
300.619
300.627
300.634
300.642
300.649
300.656
300.664
300.671
300.002
300.007
300.011
300.016
300.021
300.027
300.032
300.038
300.043
300.049
300.056
300.062
300.069
300.075
300.082
300.089
300.097
300.104
300.112
300.12
300.128
300.136
300.144
300.153
300.161
300.17
300.179
300.188
300.197
300.206
300.215
300.224
300.233
300.243
300.252
300.262
300.271
300.281
300.291
300.3
300.31
300.32
300.329
300.339
300.349
300.358
300.368
300.377
300.387
300.397
300.406
300.415
300.425
300.434
300.443
300.452
300.462
300.471
300.479
300.488
300.497
300.506
300.514
300.523
300.531
300.54
300.548
300.556
300.564
300.572
300.58
300.588
300.595
300.603
300.61
300.618
300.625
300.632
300.639
300.646
300.653
300.002
300.007
300.011
300.016
300.021
300.026
300.032
300.037
300.043
300.049
300.055
300.061
300.068
300.075
300.082
300.089
300.096
300.103
300.111
300.119
300.126
300.135
300.143
300.151
300.159
300.168
300.177
300.186
300.194
300.203
300.213
300.222
300.231
300.24
300.25
300.259
300.268
300.278
300.287
300.297
300.306
300.316
300.325
300.335
300.344
300.354
300.363
300.373
300.382
300.392
300.401
300.41
300.419
300.428
300.437
300.446
300.455
300.464
300.473
300.482
300.49
300.499
300.507
300.516
300.524
300.532
300.54
300.548
300.556
300.564
300.572
300.579
300.587
300.594
300.602
300.609
300.616
300.623
300.63
300.637
300.643
303.029
303.158
303.236
303.308
303.372
303.424
303.459
303.499
303.538
303.576
303.607
303.642
303.677
303.711
303.745
303.778
303.809
303.837
303.866
303.896
303.925
303.955
303.985
304.014
304.043
304.072
304.099
304.127
304.155
304.182
304.209
304.236
304.262
304.289
304.315
304.34
304.366
304.391
304.416
304.441
304.466
304.49
304.515
304.542
304.568
304.593
304.616
304.641
304.667
304.693
304.717
304.739
304.763
304.787
304.812
304.838
304.863
304.888
304.913
304.937
304.957
304.979
305.002
305.026
305.05
305.074
305.097
305.121
305.144
305.167
305.19
305.212
305.234
305.257
305.278
305.3
305.322
305.343
305.364
305.387
305.412
305.436
305.456
305.477
305.496
305.515
305.536
305.559
305.581
305.6
305.617
305.637
305.659
305.678
305.698
305.72
305.74
305.757
305.778
305.796
305.812
305.831
305.847
305.864
305.883
305.903
305.92
305.933
305.949
305.963
305.978
305.994
306.011
306.028
306.042
306.053
306.067
306.081
306.095
306.107
306.116
306.126
306.138
306.148
306.158
306.165
306.172
306.18
306.187
306.193
306.198
306.202
306.205
306.207
306.207
306.206
306.204
306.2
306.195
306.188
306.179
306.169
306.157
306.143
306.126
306.108
306.086
306.062
306.035
306.002
305.963
305.922
305.881
305.835
305.783
305.723
305.659
305.55
305.45
305.325
305.163
302.927
303.041
303.13
303.205
303.271
303.326
303.373
303.416
303.458
303.498
303.534
303.571
303.607
303.642
303.677
303.71
303.742
303.773
303.804
303.834
303.864
303.895
303.925
303.954
303.984
304.013
304.042
304.07
304.098
304.126
304.153
304.181
304.207
304.234
304.261
304.287
304.313
304.338
304.364
304.389
304.414
304.439
304.465
304.491
304.517
304.542
304.567
304.592
304.618
304.643
304.667
304.691
304.715
304.74
304.765
304.79
304.815
304.84
304.865
304.889
304.911
304.933
304.957
304.98
305.004
305.028
305.052
305.075
305.099
305.122
305.145
305.168
305.19
305.213
305.235
305.257
305.279
305.301
305.322
305.345
305.37
305.393
305.414
305.435
305.455
305.474
305.495
305.518
305.539
305.559
305.577
305.598
305.619
305.639
305.659
305.68
305.7
305.719
305.739
305.757
305.774
305.793
305.809
305.827
305.846
305.865
305.882
305.896
305.912
305.927
305.942
305.958
305.975
305.991
306.006
306.018
306.031
306.045
306.059
306.071
306.081
306.092
306.103
306.113
306.123
306.13
306.138
306.146
306.153
306.159
306.164
306.168
306.171
306.173
306.173
306.172
306.17
306.167
306.161
306.155
306.146
306.136
306.124
306.109
306.093
306.074
306.053
306.028
306
305.968
305.929
305.888
305.846
305.799
305.745
305.684
305.614
305.509
305.404
305.273
305.095
302.845
302.945
303.031
303.107
303.173
303.232
303.283
303.331
303.376
303.417
303.457
303.495
303.533
303.569
303.605
303.64
303.673
303.705
303.737
303.769
303.8
303.831
303.861
303.891
303.921
303.951
303.98
304.009
304.038
304.066
304.094
304.122
304.149
304.176
304.203
304.229
304.256
304.282
304.308
304.334
304.359
304.385
304.411
304.437
304.463
304.489
304.514
304.539
304.565
304.59
304.615
304.639
304.664
304.689
304.714
304.739
304.764
304.789
304.814
304.838
304.861
304.884
304.908
304.931
304.955
304.979
305.003
305.027
305.051
305.074
305.098
305.12
305.143
305.166
305.188
305.211
305.233
305.255
305.277
305.3
305.324
305.347
305.369
305.39
305.41
305.431
305.452
305.474
305.495
305.516
305.535
305.555
305.576
305.597
305.617
305.638
305.658
305.677
305.697
305.716
305.734
305.752
305.769
305.787
305.806
305.824
305.841
305.857
305.873
305.888
305.904
305.92
305.936
305.952
305.967
305.98
305.993
306.007
306.021
306.033
306.044
306.055
306.066
306.076
306.086
306.094
306.102
306.109
306.116
306.123
306.128
306.132
306.135
306.137
306.137
306.137
306.135
306.131
306.126
306.119
306.111
306.1
306.088
306.074
306.057
306.038
306.017
305.992
305.964
305.931
305.893
305.852
305.808
305.76
305.705
305.642
305.568
305.465
305.355
305.219
305.03
302.771
302.859
302.94
303.013
303.079
303.139
303.194
303.244
303.29
303.335
303.376
303.417
303.456
303.493
303.53
303.566
303.6
303.634
303.667
303.699
303.731
303.763
303.794
303.825
303.855
303.885
303.915
303.945
303.974
304.002
304.031
304.059
304.087
304.114
304.142
304.169
304.195
304.222
304.248
304.275
304.301
304.327
304.353
304.379
304.405
304.431
304.457
304.483
304.508
304.534
304.559
304.584
304.609
304.634
304.659
304.685
304.71
304.735
304.76
304.784
304.808
304.832
304.855
304.879
304.904
304.928
304.952
304.976
305
305.023
305.047
305.07
305.093
305.116
305.139
305.161
305.184
305.207
305.229
305.252
305.276
305.298
305.321
305.342
305.363
305.384
305.406
305.428
305.449
305.469
305.49
305.51
305.531
305.552
305.572
305.593
305.614
305.633
305.653
305.672
305.69
305.708
305.726
305.744
305.763
305.781
305.799
305.815
305.831
305.847
305.862
305.879
305.895
305.911
305.926
305.939
305.953
305.967
305.98
305.993
306.004
306.015
306.026
306.037
306.046
306.055
306.063
306.071
306.078
306.084
306.089
306.093
306.096
306.098
306.099
306.098
306.096
306.093
306.088
306.081
306.073
306.063
306.05
306.036
306.02
306
305.979
305.954
305.925
305.892
305.854
305.813
305.769
305.719
305.662
305.597
305.521
305.419
305.305
305.163
304.968
302.701
302.78
302.855
302.924
302.989
303.049
303.104
303.156
303.204
303.25
303.293
303.335
303.375
303.414
303.452
303.488
303.524
303.559
303.593
303.626
303.659
303.691
303.723
303.754
303.785
303.816
303.846
303.876
303.906
303.935
303.964
303.993
304.021
304.049
304.077
304.104
304.131
304.158
304.185
304.212
304.239
304.265
304.291
304.318
304.344
304.371
304.397
304.423
304.448
304.474
304.5
304.525
304.55
304.576
304.601
304.627
304.652
304.678
304.703
304.727
304.751
304.775
304.8
304.824
304.848
304.873
304.897
304.921
304.945
304.969
304.993
305.016
305.04
305.063
305.086
305.109
305.132
305.155
305.178
305.201
305.224
305.247
305.269
305.291
305.313
305.334
305.356
305.378
305.399
305.42
305.441
305.462
305.483
305.504
305.525
305.546
305.566
305.586
305.606
305.625
305.644
305.662
305.68
305.699
305.717
305.736
305.753
305.77
305.786
305.802
305.818
305.835
305.851
305.867
305.882
305.896
305.91
305.924
305.937
305.95
305.961
305.973
305.984
305.995
306.004
306.013
306.021
306.029
306.036
306.043
306.048
306.052
306.056
306.058
306.058
306.058
306.056
306.053
306.048
306.041
306.033
306.023
306.01
305.996
305.979
305.96
305.938
305.913
305.884
305.851
305.813
305.771
305.726
305.675
305.618
305.551
305.471
305.37
305.253
305.107
304.91
302.633
302.705
302.774
302.84
302.902
302.96
303.015
303.067
303.117
303.163
303.208
303.251
303.292
303.332
303.37
303.408
303.444
303.48
303.515
303.549
303.583
303.616
303.648
303.68
303.712
303.743
303.774
303.804
303.834
303.864
303.893
303.923
303.951
303.98
304.008
304.036
304.064
304.091
304.118
304.146
304.172
304.199
304.226
304.253
304.28
304.306
304.333
304.359
304.385
304.411
304.437
304.463
304.488
304.514
304.54
304.565
304.591
304.616
304.642
304.667
304.691
304.716
304.74
304.765
304.789
304.814
304.839
304.863
304.887
304.911
304.935
304.959
304.983
305.006
305.03
305.053
305.076
305.099
305.123
305.146
305.169
305.192
305.215
305.237
305.259
305.281
305.303
305.325
305.347
305.368
305.389
305.41
305.432
305.453
305.474
305.495
305.515
305.536
305.555
305.575
305.594
305.613
305.632
305.65
305.669
305.687
305.705
305.722
305.739
305.755
305.771
305.788
305.804
305.82
305.835
305.85
305.864
305.878
305.891
305.904
305.916
305.928
305.939
305.95
305.96
305.969
305.977
305.985
305.992
305.999
306.004
306.009
306.012
306.014
306.015
306.015
306.013
306.01
306.005
305.998
305.99
305.98
305.968
305.953
305.937
305.917
305.895
305.87
305.841
305.808
305.77
305.728
305.682
305.63
305.57
305.502
305.42
305.318
305.199
305.051
304.853
302.566
302.632
302.696
302.758
302.817
302.874
302.928
302.98
303.029
303.076
303.121
303.164
303.206
303.247
303.286
303.325
303.362
303.398
303.434
303.469
303.503
303.537
303.57
303.602
303.635
303.666
303.698
303.729
303.759
303.789
303.819
303.849
303.878
303.907
303.935
303.964
303.992
304.02
304.048
304.075
304.103
304.13
304.157
304.184
304.211
304.238
304.265
304.291
304.318
304.344
304.37
304.396
304.422
304.448
304.474
304.5
304.526
304.552
304.577
304.602
304.627
304.652
304.677
304.702
304.727
304.752
304.776
304.801
304.826
304.85
304.874
304.898
304.922
304.946
304.97
304.994
305.017
305.041
305.064
305.088
305.111
305.134
305.157
305.18
305.202
305.225
305.247
305.269
305.291
305.313
305.334
305.356
305.377
305.398
305.42
305.441
305.461
305.482
305.502
305.522
305.541
305.561
305.579
305.598
305.617
305.636
305.654
305.671
305.688
305.705
305.721
305.738
305.754
305.77
305.786
305.801
305.815
305.829
305.843
305.856
305.868
305.88
305.891
305.902
305.912
305.921
305.93
305.938
305.945
305.952
305.958
305.962
305.966
305.968
305.969
305.969
305.967
305.964
305.959
305.953
305.945
305.935
305.922
305.908
305.891
305.872
305.85
305.824
305.795
305.762
305.724
305.681
305.634
305.581
305.521
305.451
305.367
305.265
305.144
304.994
304.799
302.5
302.561
302.62
302.678
302.735
302.789
302.842
302.892
302.941
302.988
303.033
303.077
303.119
303.16
303.2
303.239
303.277
303.314
303.35
303.385
303.42
303.454
303.488
303.521
303.554
303.586
303.618
303.649
303.68
303.711
303.741
303.771
303.801
303.83
303.859
303.888
303.917
303.945
303.973
304.001
304.029
304.056
304.084
304.111
304.139
304.166
304.193
304.22
304.246
304.273
304.3
304.326
304.352
304.379
304.405
304.431
304.457
304.483
304.509
304.534
304.56
304.585
304.61
304.635
304.661
304.686
304.711
304.736
304.76
304.785
304.81
304.834
304.858
304.882
304.906
304.93
304.954
304.978
305.002
305.026
305.049
305.073
305.096
305.119
305.142
305.164
305.187
305.209
305.231
305.253
305.275
305.297
305.319
305.34
305.362
305.383
305.404
305.425
305.445
305.465
305.485
305.505
305.524
305.543
305.562
305.581
305.599
305.617
305.634
305.651
305.668
305.685
305.701
305.717
305.733
305.748
305.763
305.777
305.791
305.804
305.817
305.829
305.84
305.851
305.862
305.871
305.88
305.888
305.896
305.902
305.908
305.913
305.916
305.919
305.92
305.92
305.918
305.915
305.911
305.905
305.897
305.887
305.874
305.86
305.843
305.824
305.802
305.776
305.747
305.713
305.675
305.632
305.584
305.531
305.469
305.397
305.312
305.209
305.087
304.937
304.747
302.435
302.491
302.546
302.6
302.654
302.706
302.756
302.806
302.853
302.9
302.944
302.988
303.03
303.071
303.112
303.151
303.189
303.226
303.263
303.299
303.334
303.369
303.403
303.436
303.469
303.502
303.534
303.566
303.598
303.629
303.659
303.69
303.72
303.749
303.779
303.808
303.837
303.866
303.894
303.923
303.951
303.979
304.007
304.035
304.062
304.09
304.117
304.144
304.171
304.198
304.225
304.252
304.279
304.305
304.332
304.358
304.384
304.41
304.437
304.462
304.488
304.514
304.539
304.565
304.59
304.616
304.641
304.666
304.691
304.716
304.741
304.766
304.79
304.815
304.839
304.863
304.888
304.912
304.936
304.96
304.984
305.007
305.031
305.054
305.077
305.1
305.123
305.146
305.168
305.191
305.213
305.235
305.257
305.279
305.301
305.322
305.343
305.364
305.385
305.405
305.426
305.445
305.465
305.484
305.504
305.522
305.541
305.559
305.577
305.594
305.611
305.628
305.645
305.661
305.677
305.692
305.707
305.722
305.736
305.749
305.762
305.774
305.786
305.797
305.808
305.818
305.827
305.835
305.843
305.85
305.855
305.86
305.864
305.867
305.868
305.868
305.867
305.864
305.859
305.853
305.845
305.835
305.823
305.809
305.792
305.773
305.751
305.725
305.695
305.662
305.623
305.58
305.532
305.477
305.414
305.341
305.255
305.152
305.029
304.88
304.695
302.369
302.421
302.473
302.524
302.574
302.624
302.672
302.72
302.766
302.811
302.855
302.899
302.941
302.982
303.022
303.061
303.099
303.137
303.174
303.21
303.245
303.28
303.315
303.349
303.382
303.415
303.447
303.48
303.511
303.543
303.574
303.605
303.635
303.665
303.695
303.725
303.754
303.783
303.812
303.841
303.869
303.898
303.926
303.954
303.982
304.01
304.037
304.065
304.092
304.119
304.147
304.174
304.201
304.227
304.254
304.281
304.307
304.334
304.36
304.386
304.413
304.439
304.464
304.49
304.516
304.542
304.567
304.593
304.618
304.643
304.668
304.693
304.718
304.743
304.768
304.792
304.817
304.841
304.866
304.89
304.914
304.938
304.962
304.986
305.009
305.032
305.055
305.078
305.101
305.124
305.147
305.169
305.191
305.213
305.235
305.257
305.279
305.3
305.321
305.342
305.362
305.382
305.402
305.422
305.441
305.46
305.479
305.498
305.516
305.533
305.551
305.568
305.585
305.601
305.618
305.633
305.648
305.663
305.677
305.691
305.704
305.717
305.729
305.74
305.751
305.761
305.77
305.779
305.786
305.793
305.8
305.805
305.809
305.811
305.813
305.813
305.812
305.809
305.805
305.799
305.791
305.781
305.769
305.755
305.739
305.719
305.697
305.671
305.641
305.607
305.569
305.525
305.477
305.421
305.357
305.283
305.197
305.093
304.971
304.823
304.645
302.304
302.352
302.4
302.448
302.496
302.543
302.589
302.635
302.679
302.723
302.766
302.809
302.85
302.891
302.93
302.969
303.007
303.045
303.082
303.118
303.154
303.189
303.224
303.258
303.291
303.325
303.357
303.39
303.422
303.454
303.485
303.516
303.547
303.577
303.607
303.637
303.667
303.696
303.726
303.755
303.784
303.812
303.841
303.869
303.897
303.925
303.953
303.981
304.009
304.037
304.064
304.091
304.119
304.146
304.173
304.2
304.227
304.253
304.28
304.306
304.333
304.359
304.385
304.411
304.437
304.463
304.489
304.515
304.541
304.566
304.592
304.617
304.642
304.667
304.692
304.717
304.742
304.767
304.791
304.816
304.84
304.865
304.889
304.913
304.937
304.96
304.984
305.007
305.03
305.053
305.076
305.099
305.122
305.144
305.166
305.188
305.21
305.232
305.253
305.274
305.295
305.316
305.336
305.356
305.375
305.395
305.414
305.433
305.451
305.469
305.487
305.504
305.521
305.538
305.554
305.57
305.586
305.601
305.615
305.629
305.642
305.655
305.667
305.679
305.69
305.7
305.71
305.719
305.727
305.734
305.74
305.745
305.75
305.753
305.754
305.755
305.754
305.751
305.747
305.741
305.734
305.724
305.712
305.698
305.681
305.662
305.64
305.614
305.584
305.55
305.511
305.468
305.418
305.362
305.298
305.223
305.136
305.033
304.911
304.767
304.596
302.238
302.283
302.328
302.373
302.418
302.462
302.506
302.55
302.593
302.635
302.677
302.718
302.759
302.799
302.838
302.876
302.914
302.952
302.988
303.025
303.06
303.095
303.13
303.164
303.198
303.231
303.264
303.297
303.329
303.361
303.393
303.424
303.455
303.486
303.516
303.546
303.576
303.606
303.636
303.665
303.694
303.723
303.752
303.78
303.809
303.837
303.866
303.894
303.922
303.95
303.977
304.005
304.032
304.06
304.087
304.114
304.142
304.169
304.195
304.222
304.249
304.276
304.302
304.328
304.355
304.381
304.407
304.433
304.459
304.485
304.511
304.536
304.562
304.587
304.613
304.638
304.663
304.688
304.713
304.738
304.763
304.787
304.812
304.836
304.86
304.884
304.908
304.932
304.955
304.979
305.002
305.025
305.048
305.071
305.093
305.116
305.138
305.16
305.181
305.203
305.224
305.245
305.265
305.285
305.305
305.325
305.345
305.364
305.382
305.401
305.419
305.436
305.454
305.471
305.487
305.504
305.519
305.534
305.549
305.563
305.577
305.59
305.603
305.614
305.626
305.636
305.646
305.655
305.663
305.671
305.677
305.683
305.687
305.69
305.692
305.693
305.692
305.69
305.686
305.68
305.673
305.663
305.652
305.638
305.621
305.602
305.579
305.553
305.524
305.49
305.451
305.407
305.357
305.301
305.236
305.161
305.073
304.971
304.851
304.71
304.546
302.172
302.214
302.256
302.298
302.341
302.383
302.424
302.466
302.507
302.548
302.588
302.628
302.668
302.707
302.745
302.783
302.82
302.857
302.893
302.929
302.965
303
303.034
303.068
303.102
303.136
303.169
303.201
303.234
303.266
303.297
303.329
303.36
303.391
303.421
303.452
303.482
303.512
303.542
303.571
303.601
303.63
303.659
303.688
303.717
303.745
303.774
303.802
303.83
303.859
303.887
303.914
303.942
303.97
303.997
304.025
304.052
304.08
304.107
304.134
304.161
304.188
304.215
304.241
304.268
304.294
304.321
304.347
304.373
304.4
304.426
304.452
304.477
304.503
304.529
304.554
304.58
304.605
304.631
304.656
304.681
304.706
304.73
304.755
304.78
304.804
304.828
304.852
304.876
304.9
304.923
304.947
304.97
304.993
305.016
305.039
305.061
305.083
305.105
305.127
305.148
305.17
305.191
305.211
305.231
305.251
305.271
305.291
305.31
305.328
305.347
305.365
305.382
305.4
305.416
305.433
305.449
305.464
305.479
305.494
305.508
305.521
305.534
305.546
305.557
305.568
305.578
305.588
305.596
305.604
305.61
305.616
305.621
305.624
305.626
305.627
305.627
305.625
305.621
305.616
305.608
305.599
305.587
305.574
305.557
305.538
305.515
305.49
305.46
305.426
305.387
305.343
305.293
305.237
305.171
305.096
305.009
304.908
304.79
304.653
304.497
302.105
302.145
302.184
302.224
302.264
302.303
302.343
302.383
302.422
302.461
302.5
302.538
302.576
302.614
302.652
302.689
302.725
302.761
302.797
302.833
302.868
302.902
302.937
302.97
303.004
303.037
303.07
303.103
303.135
303.167
303.199
303.231
303.262
303.293
303.324
303.354
303.384
303.415
303.445
303.474
303.504
303.533
303.563
303.592
303.621
303.65
303.678
303.707
303.735
303.764
303.792
303.82
303.848
303.876
303.904
303.931
303.959
303.987
304.014
304.041
304.069
304.096
304.123
304.15
304.177
304.203
304.23
304.257
304.283
304.31
304.336
304.362
304.389
304.415
304.441
304.467
304.492
304.518
304.544
304.569
304.594
304.62
304.645
304.67
304.695
304.719
304.744
304.768
304.792
304.817
304.84
304.864
304.888
304.911
304.934
304.957
304.98
305.003
305.025
305.047
305.069
305.09
305.112
305.133
305.153
305.173
305.194
305.213
305.233
305.252
305.27
305.289
305.307
305.324
305.341
305.358
305.374
305.39
305.405
305.42
305.434
305.448
305.461
305.473
305.485
305.496
305.507
305.516
305.525
305.533
305.54
305.546
305.551
305.554
305.557
305.558
305.558
305.556
305.552
305.547
305.54
305.531
305.52
305.506
305.49
305.47
305.448
305.422
305.393
305.359
305.32
305.276
305.227
305.17
305.104
305.029
304.943
304.843
304.728
304.596
304.447
302.039
302.076
302.113
302.15
302.187
302.225
302.262
302.3
302.337
302.374
302.412
302.449
302.485
302.522
302.558
302.594
302.63
302.665
302.7
302.735
302.769
302.803
302.837
302.871
302.904
302.937
302.97
303.002
303.035
303.067
303.098
303.13
303.161
303.192
303.223
303.253
303.284
303.314
303.344
303.374
303.404
303.433
303.463
303.492
303.521
303.55
303.579
303.608
303.636
303.665
303.693
303.722
303.75
303.778
303.806
303.834
303.862
303.889
303.917
303.945
303.972
304
304.027
304.054
304.081
304.108
304.135
304.162
304.189
304.216
304.242
304.269
304.295
304.322
304.348
304.374
304.4
304.426
304.452
304.478
304.504
304.529
304.555
304.58
304.605
304.63
304.655
304.68
304.704
304.729
304.753
304.777
304.801
304.825
304.848
304.872
304.895
304.918
304.94
304.963
304.985
305.007
305.028
305.049
305.07
305.091
305.111
305.132
305.151
305.171
305.19
305.208
305.226
305.244
305.262
305.279
305.295
305.311
305.327
305.342
305.356
305.37
305.384
305.396
305.409
305.42
305.431
305.44
305.449
305.458
305.465
305.471
305.476
305.48
305.483
305.484
305.484
305.483
305.48
305.475
305.468
305.459
305.448
305.434
305.418
305.399
305.377
305.352
305.322
305.289
305.25
305.206
305.157
305.1
305.035
304.96
304.875
304.777
304.665
304.539
304.397
301.972
302.006
302.041
302.076
302.111
302.147
302.182
302.217
302.253
302.288
302.324
302.359
302.394
302.43
302.465
302.499
302.534
302.568
302.602
302.636
302.67
302.704
302.737
302.77
302.803
302.835
302.868
302.9
302.932
302.964
302.995
303.026
303.058
303.088
303.119
303.15
303.18
303.21
303.24
303.27
303.3
303.33
303.359
303.389
303.418
303.447
303.476
303.505
303.534
303.562
303.591
303.619
303.648
303.676
303.704
303.732
303.76
303.788
303.816
303.844
303.872
303.899
303.927
303.954
303.982
304.009
304.036
304.063
304.091
304.118
304.144
304.171
304.198
304.225
304.251
304.278
304.304
304.33
304.357
304.383
304.409
304.434
304.46
304.486
304.511
304.537
304.562
304.587
304.612
304.637
304.661
304.686
304.71
304.734
304.758
304.781
304.805
304.828
304.851
304.874
304.896
304.918
304.94
304.962
304.983
305.004
305.025
305.045
305.065
305.085
305.104
305.123
305.142
305.16
305.178
305.195
305.212
305.228
305.244
305.259
305.274
305.289
305.302
305.315
305.328
305.339
305.35
305.36
305.37
305.378
305.386
305.392
305.398
305.402
305.405
305.407
305.407
305.406
305.403
305.398
305.392
305.383
305.372
305.359
305.343
305.324
305.303
305.277
305.248
305.215
305.176
305.133
305.083
305.027
304.963
304.889
304.806
304.71
304.602
304.48
304.346
301.905
301.937
301.97
302.002
302.035
302.069
302.102
302.136
302.169
302.203
302.237
302.27
302.304
302.338
302.371
302.405
302.438
302.471
302.505
302.538
302.571
302.603
302.636
302.668
302.7
302.732
302.764
302.796
302.828
302.859
302.89
302.921
302.952
302.983
303.013
303.044
303.074
303.104
303.134
303.164
303.194
303.223
303.253
303.282
303.312
303.341
303.37
303.399
303.428
303.456
303.485
303.514
303.542
303.571
303.599
303.627
303.655
303.683
303.711
303.739
303.767
303.795
303.823
303.851
303.878
303.906
303.933
303.961
303.988
304.015
304.042
304.069
304.096
304.123
304.15
304.177
304.203
304.23
304.256
304.283
304.309
304.335
304.361
304.387
304.413
304.439
304.464
304.489
304.515
304.54
304.565
304.589
304.614
304.638
304.663
304.687
304.71
304.734
304.757
304.78
304.803
304.826
304.848
304.87
304.891
304.913
304.934
304.954
304.975
304.995
305.014
305.034
305.053
305.071
305.089
305.107
305.124
305.141
305.157
305.172
305.188
305.202
305.216
305.229
305.242
305.254
305.265
305.276
305.285
305.294
305.302
305.309
305.315
305.319
305.322
305.324
305.325
305.324
305.322
305.317
305.311
305.303
305.292
305.279
305.264
305.246
305.224
305.199
305.17
305.137
305.099
305.056
305.007
304.951
304.888
304.816
304.734
304.641
304.537
304.42
304.293
301.838
301.868
301.898
301.929
301.96
301.991
302.023
302.054
302.086
302.118
302.15
302.182
302.214
302.246
302.278
302.311
302.343
302.375
302.407
302.439
302.471
302.502
302.534
302.566
302.597
302.629
302.66
302.691
302.722
302.753
302.784
302.814
302.845
302.875
302.905
302.936
302.966
302.996
303.025
303.055
303.085
303.114
303.144
303.173
303.202
303.231
303.26
303.289
303.318
303.347
303.376
303.404
303.433
303.462
303.49
303.518
303.547
303.575
303.603
303.631
303.659
303.687
303.715
303.743
303.771
303.798
303.826
303.854
303.881
303.908
303.936
303.963
303.99
304.017
304.045
304.072
304.098
304.125
304.152
304.179
304.205
304.232
304.258
304.284
304.31
304.336
304.362
304.388
304.413
304.438
304.464
304.489
304.514
304.538
304.563
304.587
304.611
304.635
304.659
304.682
304.705
304.728
304.751
304.773
304.795
304.817
304.838
304.859
304.88
304.9
304.92
304.939
304.959
304.977
304.996
305.014
305.031
305.048
305.065
305.081
305.096
305.111
305.125
305.139
305.152
305.164
305.176
305.186
305.196
305.206
305.214
305.221
305.227
305.232
305.235
305.238
305.239
305.238
305.236
305.232
305.226
305.218
305.208
305.195
305.18
305.162
305.141
305.117
305.088
305.056
305.018
304.976
304.928
304.873
304.811
304.74
304.66
304.571
304.47
304.36
304.239
301.771
301.799
301.827
301.856
301.885
301.914
301.944
301.974
302.004
302.034
302.064
302.095
302.125
302.156
302.186
302.217
302.248
302.279
302.309
302.34
302.371
302.402
302.432
302.463
302.494
302.524
302.555
302.585
302.616
302.646
302.676
302.706
302.736
302.766
302.796
302.826
302.856
302.885
302.915
302.944
302.974
303.003
303.032
303.061
303.09
303.119
303.148
303.177
303.206
303.235
303.264
303.292
303.321
303.349
303.378
303.406
303.434
303.463
303.491
303.519
303.547
303.575
303.603
303.631
303.659
303.687
303.715
303.743
303.77
303.798
303.825
303.853
303.88
303.908
303.935
303.962
303.989
304.016
304.043
304.07
304.097
304.124
304.15
304.177
304.203
304.229
304.255
304.281
304.307
304.333
304.358
304.383
304.409
304.434
304.458
304.483
304.507
304.532
304.556
304.579
304.603
304.626
304.649
304.671
304.694
304.716
304.737
304.759
304.78
304.8
304.82
304.84
304.86
304.879
304.898
304.916
304.934
304.951
304.968
304.984
305
305.015
305.029
305.043
305.057
305.069
305.081
305.092
305.103
305.112
305.121
305.128
305.134
305.14
305.144
305.146
305.148
305.147
305.146
305.142
305.136
305.129
305.119
305.107
305.092
305.075
305.054
305.03
305.002
304.97
304.934
304.892
304.845
304.791
304.73
304.662
304.585
304.498
304.402
304.297
304.182
301.703
301.73
301.756
301.783
301.811
301.838
301.866
301.894
301.922
301.951
301.979
302.008
302.037
302.066
302.095
302.124
302.154
302.183
302.213
302.242
302.272
302.301
302.331
302.361
302.39
302.42
302.45
302.479
302.509
302.538
302.568
302.597
302.627
302.656
302.686
302.715
302.744
302.773
302.802
302.832
302.861
302.89
302.919
302.948
302.976
303.005
303.034
303.063
303.091
303.12
303.149
303.177
303.206
303.234
303.263
303.291
303.319
303.348
303.376
303.404
303.432
303.46
303.488
303.516
303.544
303.572
303.6
303.628
303.656
303.684
303.711
303.739
303.766
303.794
303.821
303.849
303.876
303.903
303.93
303.957
303.984
304.011
304.038
304.065
304.091
304.118
304.144
304.17
304.196
304.222
304.248
304.274
304.299
304.324
304.349
304.374
304.399
304.423
304.448
304.472
304.495
304.519
304.542
304.565
304.587
304.61
304.632
304.653
304.675
304.696
304.716
304.736
304.756
304.776
304.795
304.813
304.831
304.849
304.866
304.882
304.898
304.914
304.929
304.943
304.957
304.97
304.982
304.993
305.004
305.014
305.022
305.03
305.037
305.043
305.047
305.05
305.052
305.052
305.05
305.047
305.042
305.035
305.026
305.014
305
304.983
304.963
304.939
304.912
304.881
304.845
304.804
304.758
304.706
304.647
304.581
304.506
304.424
304.332
304.232
304.124
301.636
301.661
301.686
301.711
301.737
301.762
301.789
301.815
301.841
301.868
301.895
301.922
301.95
301.977
302.005
302.032
302.06
302.088
302.117
302.145
302.173
302.202
302.23
302.259
302.287
302.316
302.345
302.373
302.402
302.431
302.459
302.488
302.517
302.546
302.574
302.603
302.632
302.66
302.689
302.718
302.746
302.775
302.804
302.832
302.861
302.889
302.918
302.946
302.975
303.003
303.031
303.06
303.088
303.116
303.145
303.173
303.201
303.229
303.258
303.286
303.314
303.342
303.37
303.398
303.426
303.454
303.482
303.51
303.538
303.566
303.593
303.621
303.649
303.676
303.704
303.731
303.759
303.786
303.813
303.841
303.868
303.895
303.922
303.949
303.975
304.002
304.029
304.055
304.081
304.108
304.134
304.159
304.185
304.211
304.236
304.261
304.286
304.311
304.335
304.359
304.383
304.407
304.431
304.454
304.477
304.499
304.521
304.543
304.565
304.586
304.607
304.627
304.647
304.667
304.686
304.705
304.724
304.741
304.759
304.776
304.792
304.808
304.823
304.838
304.852
304.865
304.877
304.889
304.9
304.91
304.919
304.927
304.934
304.94
304.945
304.949
304.951
304.951
304.95
304.948
304.943
304.936
304.928
304.916
304.903
304.886
304.867
304.844
304.818
304.787
304.752
304.713
304.668
304.617
304.561
304.497
304.426
304.347
304.26
304.165
304.063
301.57
301.593
301.616
301.64
301.663
301.688
301.712
301.737
301.762
301.787
301.812
301.838
301.863
301.889
301.916
301.942
301.968
301.995
302.022
302.049
302.076
302.103
302.13
302.158
302.185
302.213
302.24
302.268
302.296
302.323
302.351
302.379
302.407
302.435
302.463
302.491
302.519
302.547
302.575
302.603
302.631
302.659
302.688
302.716
302.744
302.772
302.8
302.828
302.856
302.884
302.912
302.941
302.969
302.997
303.025
303.053
303.081
303.109
303.137
303.165
303.193
303.221
303.249
303.277
303.305
303.333
303.361
303.389
303.417
303.444
303.472
303.5
303.528
303.555
303.583
303.61
303.638
303.665
303.693
303.72
303.747
303.775
303.802
303.829
303.856
303.882
303.909
303.936
303.962
303.989
304.015
304.041
304.067
304.092
304.118
304.143
304.168
304.193
304.218
304.242
304.267
304.291
304.314
304.338
304.361
304.384
304.406
304.428
304.45
304.472
304.493
304.513
304.534
304.554
304.573
304.592
304.611
304.629
304.647
304.664
304.681
304.697
304.712
304.727
304.741
304.755
304.768
304.78
304.791
304.801
304.811
304.819
304.827
304.833
304.838
304.842
304.845
304.846
304.845
304.843
304.839
304.833
304.824
304.814
304.801
304.785
304.766
304.744
304.719
304.689
304.656
304.617
304.574
304.525
304.471
304.41
304.342
304.267
304.184
304.095
303.999
301.503
301.525
301.547
301.569
301.591
301.614
301.636
301.66
301.683
301.706
301.73
301.754
301.779
301.803
301.828
301.853
301.878
301.903
301.928
301.954
301.98
302.006
302.032
302.058
302.084
302.11
302.137
302.163
302.19
302.217
302.244
302.271
302.298
302.325
302.352
302.379
302.406
302.434
302.461
302.489
302.516
302.543
302.571
302.599
302.626
302.654
302.681
302.709
302.737
302.764
302.792
302.82
302.848
302.875
302.903
302.931
302.959
302.987
303.014
303.042
303.07
303.098
303.126
303.154
303.181
303.209
303.237
303.265
303.293
303.32
303.348
303.376
303.403
303.431
303.459
303.486
303.514
303.541
303.569
303.596
303.623
303.651
303.678
303.705
303.732
303.759
303.786
303.812
303.839
303.865
303.892
303.918
303.944
303.97
303.996
304.021
304.046
304.071
304.096
304.121
304.145
304.17
304.193
304.217
304.24
304.263
304.286
304.309
304.331
304.352
304.374
304.395
304.415
304.435
304.455
304.474
304.493
304.512
304.53
304.547
304.564
304.58
304.596
304.611
304.626
304.64
304.653
304.665
304.677
304.687
304.697
304.706
304.714
304.721
304.726
304.73
304.733
304.735
304.735
304.733
304.729
304.724
304.716
304.706
304.694
304.679
304.661
304.64
304.615
304.587
304.555
304.518
304.476
304.43
304.377
304.319
304.255
304.184
304.106
304.022
303.932
301.438
301.458
301.478
301.499
301.52
301.541
301.562
301.584
301.605
301.627
301.65
301.672
301.695
301.718
301.741
301.765
301.789
301.812
301.836
301.861
301.885
301.91
301.934
301.959
301.984
302.01
302.035
302.06
302.086
302.112
302.137
302.163
302.189
302.216
302.242
302.268
302.294
302.321
302.348
302.374
302.401
302.428
302.454
302.481
302.508
302.535
302.562
302.589
302.617
302.644
302.671
302.698
302.726
302.753
302.78
302.808
302.835
302.863
302.89
302.918
302.945
302.973
303
303.028
303.056
303.083
303.111
303.139
303.166
303.194
303.221
303.249
303.277
303.304
303.332
303.359
303.387
303.414
303.442
303.469
303.496
303.524
303.551
303.578
303.605
303.632
303.659
303.685
303.712
303.739
303.765
303.791
303.817
303.843
303.869
303.895
303.92
303.945
303.97
303.995
304.02
304.044
304.068
304.092
304.115
304.139
304.161
304.184
304.206
304.228
304.25
304.271
304.292
304.312
304.332
304.351
304.371
304.389
304.407
304.425
304.442
304.459
304.475
304.49
304.505
304.519
304.532
304.545
304.557
304.568
304.578
304.587
304.596
304.603
304.609
304.613
304.617
304.619
304.619
304.618
304.615
304.61
304.603
304.593
304.582
304.567
304.55
304.53
304.507
304.48
304.449
304.414
304.374
304.33
304.28
304.225
304.164
304.097
304.024
303.946
303.861
301.373
301.392
301.41
301.43
301.449
301.469
301.489
301.509
301.529
301.55
301.571
301.592
301.613
301.635
301.657
301.679
301.701
301.724
301.746
301.769
301.792
301.816
301.839
301.863
301.886
301.91
301.935
301.959
301.983
302.008
302.033
302.057
302.082
302.108
302.133
302.158
302.184
302.209
302.235
302.261
302.286
302.312
302.338
302.365
302.391
302.417
302.443
302.47
302.496
302.523
302.55
302.576
302.603
302.63
302.657
302.684
302.711
302.738
302.765
302.792
302.819
302.847
302.874
302.901
302.928
302.956
302.983
303.01
303.038
303.065
303.093
303.12
303.147
303.175
303.202
303.23
303.257
303.284
303.312
303.339
303.366
303.393
303.42
303.448
303.475
303.501
303.528
303.555
303.582
303.608
303.635
303.661
303.687
303.713
303.739
303.765
303.79
303.815
303.84
303.865
303.89
303.914
303.938
303.962
303.986
304.009
304.032
304.055
304.077
304.099
304.121
304.142
304.163
304.184
304.204
304.224
304.243
304.262
304.28
304.298
304.315
304.332
304.348
304.364
304.379
304.393
304.407
304.42
304.432
304.443
304.454
304.464
304.472
304.48
304.486
304.491
304.495
304.497
304.498
304.497
304.495
304.49
304.484
304.475
304.464
304.451
304.435
304.416
304.394
304.368
304.339
304.306
304.268
304.226
304.179
304.127
304.07
304.007
303.939
303.865
303.786
301.309
301.326
301.344
301.362
301.38
301.398
301.417
301.436
301.455
301.474
301.494
301.513
301.533
301.554
301.574
301.595
301.616
301.637
301.658
301.68
301.702
301.724
301.746
301.768
301.791
301.813
301.836
301.859
301.883
301.906
301.93
301.953
301.977
302.001
302.025
302.05
302.074
302.099
302.124
302.148
302.173
302.198
302.224
302.249
302.274
302.3
302.325
302.351
302.377
302.403
302.429
302.455
302.481
302.507
302.534
302.56
302.586
302.613
302.639
302.666
302.693
302.72
302.746
302.773
302.8
302.827
302.854
302.881
302.908
302.935
302.962
302.99
303.017
303.044
303.071
303.098
303.125
303.152
303.18
303.207
303.234
303.261
303.288
303.315
303.342
303.368
303.395
303.422
303.448
303.475
303.501
303.527
303.553
303.579
303.605
303.631
303.656
303.682
303.707
303.731
303.756
303.781
303.805
303.829
303.852
303.876
303.899
303.921
303.944
303.966
303.988
304.009
304.03
304.051
304.071
304.091
304.11
304.129
304.148
304.166
304.183
304.2
304.217
304.233
304.248
304.262
304.276
304.29
304.302
304.314
304.324
304.334
304.343
304.351
304.358
304.363
304.367
304.37
304.372
304.371
304.369
304.366
304.36
304.352
304.342
304.33
304.315
304.297
304.276
304.252
304.224
304.193
304.158
304.118
304.074
304.025
303.972
303.913
303.849
303.781
303.707
301.246
301.262
301.279
301.295
301.312
301.329
301.347
301.364
301.382
301.4
301.418
301.437
301.455
301.474
301.494
301.513
301.533
301.552
301.573
301.593
301.613
301.634
301.655
301.676
301.697
301.719
301.74
301.762
301.784
301.807
301.829
301.852
301.874
301.897
301.92
301.944
301.967
301.99
302.014
302.038
302.062
302.086
302.11
302.135
302.159
302.184
302.209
302.234
302.259
302.284
302.309
302.334
302.36
302.385
302.411
302.437
302.462
302.488
302.514
302.54
302.566
302.593
302.619
302.645
302.672
302.698
302.725
302.751
302.778
302.805
302.831
302.858
302.885
302.912
302.938
302.965
302.992
303.019
303.046
303.073
303.099
303.126
303.153
303.18
303.206
303.233
303.259
303.286
303.312
303.339
303.365
303.391
303.417
303.443
303.468
303.494
303.519
303.544
303.569
303.594
303.619
303.643
303.667
303.691
303.715
303.738
303.761
303.784
303.806
303.828
303.85
303.872
303.893
303.913
303.934
303.954
303.973
303.992
304.011
304.029
304.047
304.064
304.08
304.096
304.112
304.127
304.141
304.154
304.167
304.179
304.19
304.2
304.209
304.217
304.224
304.23
304.235
304.238
304.24
304.24
304.239
304.236
304.231
304.224
304.215
304.203
304.19
304.173
304.153
304.131
304.105
304.076
304.043
304.006
303.965
303.919
303.869
303.815
303.756
303.692
303.624
301.185
301.2
301.215
301.23
301.246
301.262
301.278
301.294
301.311
301.328
301.345
301.362
301.38
301.397
301.415
301.433
301.452
301.47
301.489
301.508
301.527
301.547
301.567
301.586
301.606
301.627
301.647
301.668
301.689
301.71
301.731
301.752
301.774
301.796
301.818
301.84
301.862
301.885
301.907
301.93
301.953
301.976
301.999
302.023
302.046
302.07
302.094
302.118
302.142
302.166
302.191
302.215
302.24
302.265
302.289
302.314
302.339
302.365
302.39
302.415
302.441
302.466
302.492
302.518
302.544
302.569
302.595
302.621
302.648
302.674
302.7
302.726
302.753
302.779
302.805
302.832
302.858
302.885
302.911
302.937
302.964
302.99
303.017
303.043
303.069
303.096
303.122
303.148
303.174
303.2
303.226
303.252
303.278
303.303
303.329
303.354
303.379
303.404
303.429
303.454
303.478
303.503
303.527
303.55
303.574
303.597
303.62
303.643
303.665
303.687
303.709
303.73
303.751
303.772
303.792
303.812
303.832
303.851
303.869
303.888
303.905
303.923
303.939
303.956
303.971
303.986
304
304.014
304.027
304.039
304.05
304.061
304.07
304.079
304.086
304.093
304.098
304.101
304.104
304.105
304.104
304.101
304.097
304.091
304.083
304.072
304.06
304.044
304.026
304.005
303.981
303.954
303.923
303.889
303.851
303.809
303.763
303.712
303.658
303.599
303.536
301.124
301.138
301.153
301.167
301.182
301.196
301.211
301.227
301.242
301.258
301.274
301.29
301.306
301.323
301.339
301.356
301.374
301.391
301.409
301.426
301.444
301.463
301.481
301.5
301.519
301.538
301.557
301.576
301.596
301.616
301.636
301.656
301.677
301.697
301.718
301.739
301.76
301.782
301.803
301.825
301.847
301.869
301.891
301.914
301.936
301.959
301.982
302.005
302.028
302.051
302.075
302.098
302.122
302.146
302.17
302.194
302.218
302.243
302.267
302.292
302.316
302.341
302.366
302.391
302.416
302.442
302.467
302.492
302.518
302.543
302.569
302.595
302.62
302.646
302.672
302.698
302.724
302.75
302.776
302.802
302.828
302.854
302.88
302.906
302.932
302.958
302.983
303.009
303.035
303.061
303.086
303.112
303.137
303.162
303.188
303.213
303.238
303.262
303.287
303.311
303.335
303.359
303.383
303.407
303.43
303.453
303.476
303.498
303.52
303.542
303.564
303.585
303.606
303.627
303.647
303.667
303.687
303.706
303.724
303.743
303.76
303.778
303.794
303.811
303.826
303.841
303.856
303.87
303.883
303.895
303.907
303.917
303.927
303.936
303.943
303.95
303.956
303.96
303.963
303.964
303.964
303.962
303.959
303.953
303.946
303.937
303.925
303.911
303.895
303.875
303.853
303.828
303.8
303.768
303.733
303.694
303.652
303.606
303.555
303.501
303.443
301.066
301.079
301.092
301.106
301.119
301.133
301.147
301.161
301.176
301.19
301.205
301.22
301.235
301.251
301.266
301.282
301.298
301.314
301.331
301.347
301.364
301.381
301.399
301.416
301.434
301.452
301.47
301.488
301.507
301.525
301.544
301.563
301.583
301.602
301.622
301.642
301.662
301.682
301.703
301.723
301.744
301.765
301.786
301.807
301.829
301.851
301.872
301.894
301.917
301.939
301.961
301.984
302.007
302.03
302.053
302.076
302.1
302.123
302.147
302.171
302.194
302.218
302.243
302.267
302.291
302.316
302.34
302.365
302.39
302.414
302.439
302.464
302.49
302.515
302.54
302.565
302.59
302.616
302.641
302.667
302.692
302.717
302.743
302.768
302.794
302.819
302.844
302.87
302.895
302.92
302.945
302.97
302.995
303.02
303.045
303.07
303.094
303.118
303.143
303.167
303.191
303.214
303.238
303.261
303.284
303.307
303.329
303.351
303.373
303.395
303.417
303.438
303.458
303.479
303.499
303.519
303.538
303.557
303.576
303.594
303.612
303.629
303.646
303.662
303.678
303.693
303.708
303.721
303.735
303.747
303.759
303.77
303.78
303.789
303.797
303.804
303.809
303.814
303.817
303.819
303.82
303.819
303.816
303.812
303.805
303.797
303.787
303.774
303.759
303.742
303.722
303.699
303.673
303.644
303.612
303.576
303.537
303.495
303.449
303.399
303.346
301.01
301.022
301.034
301.047
301.059
301.072
301.085
301.098
301.112
301.125
301.139
301.153
301.167
301.181
301.196
301.211
301.226
301.241
301.256
301.272
301.288
301.304
301.32
301.336
301.353
301.369
301.386
301.404
301.421
301.439
301.456
301.474
301.492
301.511
301.529
301.548
301.567
301.586
301.606
301.625
301.645
301.665
301.685
301.705
301.726
301.746
301.767
301.788
301.809
301.83
301.852
301.874
301.895
301.917
301.939
301.962
301.984
302.007
302.029
302.052
302.075
302.098
302.122
302.145
302.169
302.192
302.216
302.24
302.264
302.288
302.312
302.336
302.36
302.385
302.409
302.434
302.458
302.483
302.508
302.532
302.557
302.582
302.607
302.632
302.656
302.681
302.706
302.731
302.755
302.78
302.805
302.829
302.854
302.878
302.902
302.926
302.95
302.974
302.998
303.021
303.045
303.068
303.091
303.114
303.136
303.159
303.181
303.203
303.225
303.246
303.267
303.288
303.309
303.329
303.349
303.368
303.388
303.407
303.425
303.443
303.461
303.478
303.495
303.511
303.527
303.542
303.556
303.57
303.584
303.596
303.608
303.619
303.629
303.638
303.647
303.654
303.66
303.665
303.669
303.671
303.672
303.672
303.67
303.667
303.661
303.654
303.645
303.634
303.62
303.604
303.586
303.565
303.542
303.516
303.486
303.454
303.419
303.38
303.339
303.294
303.245
300.956
300.967
300.979
300.99
301.002
301.014
301.026
301.038
301.051
301.063
301.076
301.089
301.102
301.116
301.129
301.143
301.157
301.171
301.185
301.2
301.215
301.229
301.245
301.26
301.275
301.291
301.307
301.323
301.339
301.356
301.372
301.389
301.406
301.424
301.441
301.459
301.477
301.495
301.513
301.531
301.55
301.569
301.588
301.607
301.626
301.646
301.666
301.686
301.706
301.726
301.746
301.767
301.788
301.809
301.83
301.851
301.873
301.894
301.916
301.938
301.96
301.982
302.004
302.027
302.049
302.072
302.095
302.118
302.141
302.164
302.187
302.211
302.234
302.258
302.281
302.305
302.329
302.353
302.377
302.401
302.425
302.449
302.473
302.497
302.521
302.545
302.569
302.593
302.617
302.641
302.665
302.689
302.713
302.736
302.76
302.783
302.807
302.83
302.853
302.876
302.899
302.922
302.944
302.967
302.989
303.011
303.033
303.054
303.075
303.096
303.117
303.138
303.158
303.178
303.198
303.217
303.236
303.255
303.273
303.291
303.308
303.325
303.342
303.358
303.374
303.389
303.403
303.417
303.431
303.443
303.455
303.466
303.476
303.486
303.494
303.502
303.508
303.514
303.518
303.521
303.523
303.523
303.522
303.519
303.515
303.508
303.501
303.491
303.479
303.465
303.448
303.43
303.409
303.385
303.359
303.33
303.298
303.263
303.225
303.184
303.14
300.905
300.915
300.926
300.936
300.947
300.958
300.97
300.981
300.993
301.004
301.016
301.028
301.041
301.053
301.066
301.079
301.092
301.105
301.118
301.132
301.145
301.159
301.173
301.188
301.202
301.217
301.232
301.247
301.262
301.277
301.293
301.309
301.325
301.341
301.358
301.374
301.391
301.408
301.425
301.442
301.46
301.478
301.496
301.514
301.532
301.551
301.569
301.588
301.607
301.626
301.646
301.665
301.685
301.705
301.725
301.745
301.766
301.786
301.807
301.828
301.849
301.87
301.891
301.913
301.935
301.956
301.978
302
302.022
302.044
302.067
302.089
302.112
302.135
302.157
302.18
302.203
302.226
302.249
302.272
302.295
302.318
302.342
302.365
302.388
302.411
302.435
302.458
302.481
302.504
302.528
302.551
302.574
302.597
302.62
302.642
302.665
302.688
302.71
302.733
302.755
302.777
302.799
302.821
302.842
302.864
302.885
302.906
302.927
302.948
302.968
302.988
303.008
303.027
303.047
303.066
303.084
303.103
303.121
303.139
303.156
303.173
303.189
303.205
303.221
303.235
303.25
303.264
303.277
303.29
303.301
303.313
303.323
303.332
303.341
303.349
303.356
303.361
303.366
303.369
303.371
303.372
303.372
303.37
303.367
303.362
303.355
303.346
303.336
303.324
303.309
303.293
303.274
303.253
303.229
303.203
303.174
303.143
303.109
303.072
303.033
300.856
300.866
300.876
300.886
300.896
300.906
300.917
300.927
300.938
300.949
300.96
300.972
300.983
300.995
301.006
301.018
301.03
301.043
301.055
301.068
301.081
301.094
301.107
301.12
301.134
301.147
301.161
301.175
301.19
301.204
301.219
301.234
301.249
301.264
301.279
301.295
301.311
301.327
301.343
301.359
301.376
301.392
301.409
301.426
301.443
301.461
301.478
301.496
301.514
301.532
301.551
301.569
301.588
301.607
301.626
301.645
301.664
301.684
301.704
301.724
301.744
301.764
301.784
301.805
301.825
301.846
301.867
301.888
301.909
301.93
301.951
301.973
301.995
302.016
302.038
302.06
302.082
302.104
302.126
302.148
302.17
302.193
302.215
302.237
302.26
302.282
302.305
302.327
302.349
302.372
302.394
302.416
302.439
302.461
302.483
302.505
302.527
302.549
302.571
302.592
302.614
302.635
302.657
302.678
302.699
302.72
302.74
302.761
302.781
302.801
302.821
302.841
302.86
302.879
302.898
302.917
302.935
302.953
302.971
302.988
303.005
303.022
303.038
303.053
303.069
303.083
303.098
303.111
303.125
303.137
303.149
303.16
303.17
303.18
303.189
303.196
303.203
303.209
303.214
303.218
303.221
303.222
303.223
303.221
303.219
303.215
303.209
303.202
303.193
303.182
303.17
303.155
303.139
303.12
303.099
303.076
303.05
303.022
302.992
302.959
302.924
300.811
300.82
300.83
300.839
300.848
300.858
300.868
300.878
300.888
300.898
300.908
300.919
300.93
300.94
300.951
300.962
300.974
300.985
300.997
301.009
301.021
301.033
301.045
301.058
301.07
301.083
301.096
301.109
301.123
301.136
301.15
301.164
301.178
301.192
301.207
301.221
301.236
301.251
301.266
301.282
301.297
301.313
301.329
301.345
301.361
301.377
301.394
301.411
301.428
301.445
301.462
301.48
301.497
301.515
301.533
301.551
301.57
301.588
301.607
301.626
301.645
301.664
301.683
301.703
301.722
301.742
301.762
301.782
301.802
301.822
301.843
301.863
301.884
301.904
301.925
301.946
301.967
301.988
302.009
302.031
302.052
302.073
302.095
302.116
302.137
302.159
302.18
302.202
302.223
302.245
302.266
302.288
302.309
302.331
302.352
302.373
302.394
302.415
302.436
302.457
302.478
302.499
302.519
302.54
302.56
302.58
302.6
302.62
302.64
302.66
302.679
302.698
302.717
302.735
302.754
302.772
302.79
302.807
302.825
302.842
302.858
302.874
302.89
302.906
302.921
302.935
302.949
302.963
302.975
302.988
302.999
303.01
303.021
303.03
303.039
303.047
303.054
303.06
303.066
303.07
303.073
303.075
303.076
303.075
303.074
303.071
303.066
303.06
303.053
303.043
303.033
303.02
303.005
302.989
302.97
302.95
302.927
302.903
302.876
302.847
302.815
300.77
300.779
300.787
300.796
300.805
300.814
300.823
300.832
300.842
300.851
300.861
300.871
300.881
300.891
300.901
300.912
300.922
300.933
300.944
300.955
300.966
300.978
300.989
301.001
301.013
301.025
301.037
301.049
301.062
301.075
301.087
301.1
301.114
301.127
301.141
301.154
301.168
301.182
301.197
301.211
301.226
301.24
301.255
301.27
301.286
301.301
301.317
301.333
301.349
301.365
301.381
301.398
301.415
301.431
301.448
301.466
301.483
301.5
301.518
301.536
301.554
301.572
301.59
301.609
301.627
301.646
301.665
301.684
301.703
301.722
301.742
301.761
301.781
301.801
301.82
301.84
301.86
301.88
301.901
301.921
301.941
301.962
301.982
302.002
302.023
302.043
302.064
302.085
302.105
302.126
302.146
302.167
302.187
302.208
302.228
302.249
302.269
302.29
302.31
302.33
302.35
302.37
302.39
302.409
302.429
302.449
302.468
302.487
302.506
302.525
302.544
302.562
302.581
302.599
302.617
302.634
302.652
302.669
302.685
302.702
302.718
302.734
302.749
302.764
302.779
302.793
302.807
302.82
302.833
302.845
302.856
302.867
302.877
302.887
302.896
302.904
302.911
302.917
302.923
302.927
302.931
302.933
302.935
302.935
302.934
302.932
302.928
302.923
302.917
302.909
302.9
302.889
302.876
302.862
302.846
302.828
302.808
302.786
302.762
302.737
302.709
300.734
300.742
300.75
300.758
300.766
300.775
300.783
300.792
300.801
300.81
300.819
300.828
300.838
300.847
300.857
300.867
300.877
300.887
300.897
300.907
300.918
300.929
300.939
300.95
300.962
300.973
300.984
300.996
301.008
301.02
301.032
301.044
301.057
301.069
301.082
301.095
301.108
301.121
301.135
301.148
301.162
301.176
301.19
301.204
301.219
301.233
301.248
301.263
301.278
301.294
301.309
301.325
301.34
301.356
301.373
301.389
301.405
301.422
301.439
301.455
301.472
301.49
301.507
301.525
301.542
301.56
301.578
301.596
301.614
301.632
301.651
301.669
301.688
301.707
301.726
301.745
301.764
301.783
301.802
301.821
301.841
301.86
301.88
301.899
301.919
301.938
301.958
301.978
301.997
302.017
302.037
302.056
302.076
302.096
302.115
302.135
302.155
302.174
302.194
302.213
302.232
302.251
302.271
302.29
302.308
302.327
302.346
302.365
302.383
302.401
302.419
302.437
302.455
302.472
302.49
302.507
302.524
302.54
302.556
302.572
302.588
302.603
302.618
302.633
302.647
302.661
302.674
302.687
302.7
302.711
302.723
302.733
302.743
302.753
302.762
302.77
302.777
302.783
302.789
302.794
302.798
302.8
302.802
302.803
302.803
302.801
302.799
302.795
302.79
302.783
302.775
302.766
302.755
302.743
302.729
302.713
302.695
302.676
302.655
302.632
302.608
300.703
300.71
300.718
300.726
300.733
300.741
300.75
300.758
300.766
300.775
300.783
300.792
300.801
300.81
300.819
300.828
300.838
300.847
300.857
300.867
300.877
300.887
300.897
300.907
300.918
300.929
300.939
300.95
300.962
300.973
300.984
300.996
301.008
301.02
301.032
301.044
301.056
301.069
301.082
301.095
301.108
301.121
301.134
301.148
301.161
301.175
301.189
301.203
301.218
301.232
301.247
301.262
301.277
301.292
301.307
301.323
301.338
301.354
301.37
301.386
301.402
301.419
301.435
301.452
301.468
301.485
301.502
301.52
301.537
301.554
301.572
301.589
301.607
301.625
301.643
301.661
301.679
301.698
301.716
301.734
301.753
301.771
301.79
301.809
301.828
301.846
301.865
301.884
301.903
301.922
301.941
301.959
301.978
301.997
302.016
302.035
302.054
302.072
302.091
302.11
302.128
302.147
302.165
302.184
302.202
302.22
302.238
302.256
302.274
302.291
302.309
302.326
302.343
302.36
302.377
302.394
302.41
302.426
302.442
302.457
302.472
302.487
302.502
302.516
302.53
302.543
302.556
302.569
302.581
302.592
302.603
302.614
302.623
302.633
302.641
302.649
302.657
302.663
302.669
302.674
302.678
302.681
302.683
302.685
302.685
302.684
302.682
302.679
302.675
302.67
302.663
302.655
302.646
302.635
302.623
302.609
302.594
302.577
302.558
302.538
302.516
300.678
300.685
300.692
300.699
300.707
300.715
300.722
300.73
300.738
300.746
300.754
300.763
300.771
300.78
300.789
300.797
300.806
300.815
300.825
300.834
300.844
300.853
300.863
300.873
300.883
300.893
300.903
300.914
300.925
300.935
300.946
300.957
300.969
300.98
300.992
301.003
301.015
301.027
301.039
301.051
301.064
301.076
301.089
301.102
301.115
301.128
301.142
301.155
301.169
301.183
301.197
301.211
301.225
301.24
301.254
301.269
301.284
301.299
301.314
301.33
301.345
301.361
301.377
301.393
301.409
301.425
301.441
301.457
301.474
301.491
301.508
301.524
301.541
301.559
301.576
301.593
301.611
301.628
301.646
301.663
301.681
301.699
301.717
301.735
301.753
301.771
301.789
301.807
301.825
301.843
301.861
301.88
301.898
301.916
301.934
301.952
301.97
301.989
302.007
302.025
302.043
302.061
302.078
302.096
302.114
302.131
302.149
302.166
302.183
302.2
302.217
302.234
302.251
302.267
302.283
302.299
302.315
302.331
302.346
302.361
302.376
302.39
302.404
302.418
302.431
302.444
302.457
302.469
302.481
302.492
302.503
302.513
302.523
302.532
302.54
302.548
302.555
302.562
302.568
302.573
302.577
302.58
302.583
302.585
302.586
302.585
302.584
302.582
302.578
302.574
302.568
302.561
302.553
302.544
302.533
302.521
302.507
302.492
302.475
302.457
302.437
300.66
300.667
300.674
300.681
300.688
300.695
300.703
300.71
300.718
300.726
300.734
300.742
300.75
300.758
300.767
300.775
300.784
300.793
300.802
300.811
300.82
300.829
300.839
300.848
300.858
300.868
300.878
300.888
300.898
300.908
300.919
300.93
300.941
300.952
300.963
300.974
300.985
300.997
301.009
301.02
301.032
301.045
301.057
301.069
301.082
301.095
301.108
301.121
301.134
301.147
301.161
301.175
301.188
301.202
301.216
301.231
301.245
301.26
301.274
301.289
301.304
301.319
301.334
301.35
301.365
301.381
301.397
301.413
301.429
301.445
301.461
301.477
301.494
301.51
301.527
301.544
301.561
301.577
301.595
301.612
301.629
301.646
301.663
301.681
301.698
301.716
301.733
301.751
301.768
301.786
301.804
301.821
301.839
301.857
301.874
301.892
301.91
301.927
301.945
301.962
301.98
301.997
302.014
302.032
302.049
302.066
302.083
302.1
302.117
302.133
302.15
302.166
302.182
302.198
302.214
302.23
302.245
302.26
302.275
302.29
302.304
302.318
302.332
302.345
302.358
302.371
302.383
302.395
302.407
302.418
302.428
302.438
302.448
302.457
302.465
302.473
302.48
302.486
302.492
302.497
302.502
302.505
302.508
302.51
302.511
302.511
302.511
302.509
302.506
302.502
302.497
302.491
302.484
302.475
302.466
302.455
302.442
302.428
302.413
302.397
302.378
300.65
300.657
300.664
300.671
300.678
300.685
300.692
300.7
300.707
300.715
300.723
300.731
300.739
300.747
300.755
300.763
300.772
300.781
300.789
300.798
300.807
300.816
300.825
300.835
300.844
300.854
300.864
300.874
300.884
300.894
300.904
300.915
300.925
300.936
300.947
300.958
300.969
300.981
300.992
301.004
301.016
301.027
301.04
301.052
301.064
301.077
301.089
301.102
301.115
301.128
301.141
301.155
301.168
301.182
301.196
301.21
301.224
301.238
301.253
301.267
301.282
301.297
301.312
301.327
301.342
301.357
301.373
301.388
301.404
301.42
301.436
301.452
301.468
301.484
301.5
301.517
301.533
301.55
301.567
301.583
301.6
301.617
301.634
301.651
301.668
301.686
301.703
301.72
301.737
301.755
301.772
301.789
301.807
301.824
301.841
301.859
301.876
301.893
301.911
301.928
301.945
301.962
301.979
301.996
302.013
302.03
302.047
302.063
302.08
302.096
302.113
302.129
302.145
302.16
302.176
302.191
302.206
302.221
302.236
302.25
302.264
302.278
302.292
302.305
302.318
302.33
302.342
302.354
302.365
302.376
302.387
302.396
302.406
302.415
302.423
302.431
302.438
302.444
302.45
302.455
302.46
302.463
302.466
302.468
302.47
302.47
302.469
302.468
302.465
302.462
302.457
302.452
302.445
302.437
302.428
302.417
302.406
302.393
302.378
302.362
302.345
304.321
303.703
303.248
302.878
302.564
302.292
302.051
301.838
301.646
301.474
301.319
301.178
301.051
300.936
300.831
300.737
300.651
300.574
300.504
300.441
300.385
300.334
300.289
300.249
300.214
300.183
300.155
300.131
300.11
300.092
300.077
300.064
300.053
300.043
300.035
300.028
300.023
300.018
300.015
300.011
300.009
300.007
300.005
300.004
300.003
300.002
300.002
300.001
300.001
300.001
300.001
304.319
303.703
303.248
302.878
302.564
302.292
302.051
301.838
301.646
301.474
301.319
301.178
301.051
300.936
300.831
300.737
300.651
300.574
300.504
300.441
300.385
300.334
300.289
300.249
300.214
300.183
300.155
300.131
300.11
300.093
300.077
300.064
300.053
300.043
300.035
300.028
300.023
300.018
300.015
300.011
300.009
300.007
300.005
300.004
300.003
300.002
300.002
300.001
300.001
300.001
300.001
304.315
303.702
303.248
302.878
302.564
302.292
302.051
301.838
301.647
301.474
301.319
301.178
301.051
300.936
300.831
300.737
300.651
300.574
300.504
300.441
300.385
300.334
300.289
300.249
300.214
300.183
300.155
300.131
300.11
300.093
300.077
300.064
300.053
300.043
300.035
300.028
300.023
300.018
300.015
300.012
300.009
300.007
300.005
300.004
300.003
300.002
300.002
300.001
300.001
300.001
300.001
304.308
303.7
303.247
302.878
302.564
302.292
302.052
301.838
301.647
301.475
301.319
301.179
301.051
300.936
300.832
300.737
300.651
300.574
300.504
300.441
300.385
300.334
300.289
300.249
300.214
300.183
300.155
300.131
300.111
300.093
300.077
300.064
300.053
300.043
300.035
300.028
300.023
300.018
300.015
300.012
300.009
300.007
300.005
300.004
300.003
300.002
300.002
300.001
300.001
300.001
300.001
304.298
303.698
303.246
302.877
302.564
302.292
302.052
301.838
301.647
301.475
301.319
301.179
301.052
300.936
300.832
300.737
300.652
300.574
300.504
300.442
300.385
300.335
300.29
300.25
300.214
300.183
300.155
300.131
300.111
300.093
300.077
300.064
300.053
300.043
300.035
300.029
300.023
300.018
300.015
300.012
300.009
300.007
300.005
300.004
300.003
300.002
300.002
300.001
300.001
300.001
300.001
304.286
303.695
303.245
302.877
302.564
302.292
302.052
301.838
301.647
301.475
301.32
301.179
301.052
300.937
300.832
300.737
300.652
300.574
300.505
300.442
300.385
300.335
300.29
300.25
300.214
300.183
300.155
300.132
300.111
300.093
300.077
300.064
300.053
300.043
300.035
300.029
300.023
300.018
300.015
300.012
300.009
300.007
300.005
300.004
300.003
300.002
300.002
300.001
300.001
300.001
300.001
304.272
303.691
303.244
302.876
302.564
302.292
302.052
301.839
301.648
301.476
301.32
301.18
301.052
300.937
300.833
300.738
300.652
300.575
300.505
300.442
300.386
300.335
300.29
300.25
300.214
300.183
300.156
300.132
300.111
300.093
300.077
300.064
300.053
300.043
300.035
300.029
300.023
300.018
300.015
300.012
300.009
300.007
300.005
300.004
300.003
300.002
300.002
300.001
300.001
300.001
300.001
304.256
303.686
303.242
302.876
302.564
302.292
302.053
301.84
301.648
301.476
301.321
301.18
301.053
300.938
300.833
300.738
300.653
300.575
300.505
300.443
300.386
300.335
300.29
300.25
300.215
300.183
300.156
300.132
300.111
300.093
300.077
300.064
300.053
300.043
300.035
300.029
300.023
300.018
300.015
300.012
300.009
300.007
300.005
300.004
300.003
300.002
300.002
300.001
300.001
300.001
300.001
304.237
303.68
303.24
302.875
302.564
302.293
302.054
301.84
301.649
301.477
301.322
301.181
301.054
300.939
300.834
300.739
300.653
300.576
300.506
300.443
300.387
300.336
300.291
300.251
300.215
300.184
300.156
300.132
300.111
300.093
300.078
300.064
300.053
300.043
300.035
300.029
300.023
300.018
300.015
300.012
300.009
300.007
300.005
300.004
300.003
300.002
300.002
300.001
300.001
300.001
300.001
304.216
303.673
303.237
302.875
302.564
302.294
302.054
301.841
301.65
301.478
301.323
301.182
301.055
300.939
300.835
300.74
300.654
300.577
300.507
300.444
300.387
300.336
300.291
300.251
300.215
300.184
300.156
300.132
300.111
300.093
300.078
300.064
300.053
300.044
300.035
300.029
300.023
300.019
300.015
300.012
300.009
300.007
300.005
300.004
300.003
300.002
300.002
300.001
300.001
300.001
300.001
304.193
303.665
303.234
302.874
302.565
302.294
302.056
301.843
301.652
301.48
301.324
301.184
301.056
300.941
300.836
300.741
300.655
300.578
300.508
300.444
300.388
300.337
300.292
300.251
300.216
300.184
300.157
300.133
300.112
300.094
300.078
300.065
300.053
300.044
300.036
300.029
300.023
300.019
300.015
300.012
300.009
300.007
300.005
300.004
300.003
300.002
300.002
300.001
300.001
300.001
300.001
304.168
303.656
303.231
302.873
302.565
302.296
302.057
301.844
301.653
301.481
301.326
301.185
301.058
300.942
300.837
300.742
300.656
300.579
300.509
300.445
300.389
300.338
300.292
300.252
300.216
300.185
300.157
300.133
300.112
300.094
300.078
300.065
300.053
300.044
300.036
300.029
300.023
300.019
300.015
300.012
300.009
300.007
300.005
300.004
300.003
300.002
300.002
300.001
300.001
300.001
300.001
304.141
303.645
303.227
302.872
302.566
302.297
302.059
301.846
301.655
301.483
301.328
301.187
301.059
300.944
300.839
300.744
300.658
300.58
300.51
300.446
300.389
300.339
300.293
300.253
300.217
300.185
300.158
300.133
300.112
300.094
300.078
300.065
300.054
300.044
300.036
300.029
300.023
300.019
300.015
300.012
300.009
300.007
300.006
300.004
300.003
300.002
300.002
300.001
300.001
300.001
300.001
304.112
303.633
303.223
302.871
302.566
302.299
302.061
301.849
301.658
301.486
301.33
301.189
301.062
300.946
300.841
300.746
300.659
300.581
300.511
300.448
300.391
300.34
300.294
300.253
300.218
300.186
300.158
300.134
300.113
300.094
300.079
300.065
300.054
300.044
300.036
300.029
300.024
300.019
300.015
300.012
300.009
300.007
300.006
300.004
300.003
300.002
300.002
300.001
300.001
300.001
300.001
304.081
303.62
303.218
302.87
302.567
302.3
302.063
301.851
301.661
301.488
301.333
301.192
301.064
300.948
300.843
300.748
300.661
300.583
300.512
300.449
300.392
300.341
300.295
300.254
300.218
300.187
300.159
300.134
300.113
300.095
300.079
300.066
300.054
300.044
300.036
300.029
300.024
300.019
300.015
300.012
300.009
300.007
300.006
300.004
300.003
300.002
300.002
300.001
300.001
300.001
300.001
304.047
303.605
303.212
302.869
302.568
302.303
302.066
301.854
301.664
301.492
301.336
301.195
301.067
300.951
300.845
300.75
300.663
300.585
300.514
300.45
300.393
300.342
300.296
300.255
300.219
300.187
300.159
300.135
300.114
300.095
300.079
300.066
300.054
300.045
300.036
300.029
300.024
300.019
300.015
300.012
300.009
300.007
300.006
300.004
300.003
300.002
300.002
300.001
300.001
300.001
300.001
304.011
303.588
303.205
302.867
302.569
302.305
302.069
301.858
301.667
301.495
301.34
301.198
301.07
300.954
300.848
300.752
300.666
300.587
300.516
300.452
300.395
300.343
300.297
300.256
300.22
300.188
300.16
300.135
300.114
300.096
300.08
300.066
300.055
300.045
300.037
300.03
300.024
300.019
300.015
300.012
300.009
300.007
300.006
300.004
300.003
300.002
300.002
300.001
300.001
300.001
300.001
303.972
303.568
303.196
302.864
302.57
302.307
302.073
301.862
301.671
301.499
301.343
301.202
301.074
300.957
300.851
300.755
300.668
300.589
300.518
300.454
300.396
300.345
300.299
300.257
300.221
300.189
300.161
300.136
300.115
300.096
300.08
300.066
300.055
300.045
300.037
300.03
300.024
300.019
300.015
300.012
300.009
300.007
300.006
300.004
300.003
300.002
300.002
300.001
300.001
300.001
300.001
303.931
303.546
303.186
302.861
302.57
302.31
302.076
301.866
301.676
301.504
301.348
301.206
301.078
300.961
300.855
300.758
300.671
300.592
300.521
300.456
300.398
300.346
300.3
300.259
300.222
300.19
300.162
300.137
300.115
300.097
300.081
300.067
300.055
300.045
300.037
300.03
300.024
300.019
300.015
300.012
300.01
300.007
300.006
300.004
300.003
300.002
300.002
300.001
300.001
300.001
300.001
303.887
303.521
303.174
302.856
302.57
302.312
302.08
301.87
301.681
301.509
301.353
301.211
301.082
300.965
300.859
300.762
300.674
300.595
300.523
300.458
300.4
300.348
300.302
300.26
300.223
300.191
300.162
300.138
300.116
300.097
300.081
300.067
300.056
300.046
300.037
300.03
300.024
300.02
300.016
300.012
300.01
300.007
300.006
300.004
300.003
300.002
300.002
300.001
300.001
300.001
300.001
303.84
303.493
303.159
302.85
302.568
302.314
302.083
301.875
301.686
301.514
301.358
301.216
301.087
300.97
300.863
300.766
300.678
300.598
300.526
300.461
300.403
300.35
300.303
300.262
300.225
300.192
300.163
300.138
300.117
300.098
300.082
300.068
300.056
300.046
300.037
300.03
300.025
300.02
300.016
300.012
300.01
300.008
300.006
300.004
300.003
300.002
300.002
300.001
300.001
300.001
300.001
303.789
303.462
303.141
302.841
302.566
302.315
302.086
301.879
301.691
301.52
301.364
301.222
301.092
300.975
300.868
300.77
300.682
300.602
300.529
300.464
300.405
300.352
300.305
300.263
300.226
300.193
300.164
300.139
300.117
300.098
300.082
300.068
300.056
300.046
300.038
300.031
300.025
300.02
300.016
300.012
300.01
300.008
300.006
300.004
300.003
300.003
300.002
300.001
300.001
300.001
300.001
303.735
303.426
303.12
302.83
302.561
302.314
302.089
301.884
301.696
301.525
301.37
301.228
301.098
300.98
300.873
300.775
300.686
300.605
300.533
300.467
300.408
300.355
300.307
300.265
300.228
300.195
300.166
300.14
300.118
300.099
300.083
300.069
300.057
300.047
300.038
300.031
300.025
300.02
300.016
300.013
300.01
300.008
300.006
300.005
300.003
300.003
300.002
300.001
300.001
300.001
300.001
303.676
303.387
303.096
302.816
302.555
302.313
302.091
301.887
301.701
301.531
301.376
301.234
301.104
300.986
300.878
300.78
300.69
300.609
300.536
300.47
300.41
300.357
300.309
300.267
300.229
300.196
300.167
300.141
300.119
300.1
300.083
300.069
300.057
300.047
300.038
300.031
300.025
300.02
300.016
300.013
300.01
300.008
300.006
300.005
300.003
300.003
300.002
300.001
300.001
300.001
300.001
303.614
303.343
303.067
302.799
302.546
302.31
302.091
301.89
301.706
301.537
301.382
301.24
301.11
300.992
300.884
300.785
300.695
300.614
300.54
300.473
300.414
300.36
300.312
300.269
300.231
300.197
300.168
300.142
300.12
300.101
300.084
300.07
300.058
300.047
300.039
300.031
300.025
300.02
300.016
300.013
300.01
300.008
300.006
300.005
300.003
300.003
300.002
300.001
300.001
300.001
300.001
303.547
303.294
303.033
302.778
302.533
302.304
302.09
301.893
301.71
301.542
301.388
301.247
301.117
300.998
300.89
300.791
300.7
300.619
300.544
300.477
300.417
300.363
300.314
300.271
300.233
300.199
300.169
300.143
300.121
300.101
300.085
300.07
300.058
300.048
300.039
300.032
300.025
300.02
300.016
300.013
300.01
300.008
300.006
300.005
300.004
300.003
300.002
300.001
300.001
300.001
300.001
303.475
303.239
302.995
302.752
302.518
302.295
302.087
301.893
301.713
301.547
301.394
301.253
301.124
301.005
300.896
300.797
300.706
300.623
300.549
300.481
300.42
300.366
300.317
300.273
300.235
300.201
300.171
300.145
300.122
300.102
300.085
300.071
300.058
300.048
300.039
300.032
300.026
300.021
300.016
300.013
300.01
300.008
300.006
300.005
300.004
300.003
300.002
300.001
300.001
300.001
300.001
303.398
303.18
302.951
302.722
302.498
302.284
302.082
301.892
301.715
301.551
301.399
301.259
301.13
301.011
300.902
300.803
300.712
300.629
300.553
300.485
300.424
300.369
300.319
300.276
300.237
300.202
300.172
300.146
300.123
300.103
300.086
300.071
300.059
300.048
300.039
300.032
300.026
300.021
300.017
300.013
300.01
300.008
300.006
300.005
300.004
300.003
300.002
300.001
300.001
300.001
300.001
303.316
303.115
302.902
302.686
302.474
302.269
302.073
301.889
301.716
301.554
301.404
301.265
301.137
301.018
300.909
300.809
300.717
300.634
300.558
300.49
300.428
300.372
300.322
300.278
300.239
300.204
300.174
300.147
300.124
300.104
300.087
300.072
300.059
300.049
300.04
300.032
300.026
300.021
300.017
300.013
300.01
300.008
300.006
300.005
300.004
300.003
300.002
300.001
300.001
300.001
300.001
303.23
303.045
302.848
302.646
302.445
302.249
302.061
301.883
301.714
301.556
301.408
301.27
301.142
301.024
300.915
300.815
300.723
300.64
300.563
300.494
300.432
300.376
300.325
300.281
300.241
300.206
300.175
300.148
300.125
300.105
300.087
300.072
300.06
300.049
300.04
300.033
300.026
300.021
300.017
300.013
300.01
300.008
300.006
300.005
300.004
300.003
300.002
300.001
300.001
300.001
300.001
303.139
302.97
302.788
302.6
302.412
302.226
302.046
301.874
301.71
301.556
301.41
301.274
301.148
301.03
300.922
300.821
300.729
300.645
300.568
300.499
300.436
300.379
300.328
300.283
300.243
300.208
300.177
300.15
300.126
300.106
300.088
300.073
300.06
300.05
300.04
300.033
300.027
300.021
300.017
300.013
300.011
300.008
300.006
300.005
300.004
300.003
300.002
300.001
300.001
300.001
300.001
303.044
302.89
302.724
302.55
302.374
302.199
302.028
301.862
301.704
301.554
301.411
301.278
301.153
301.036
300.928
300.827
300.735
300.651
300.574
300.503
300.44
300.383
300.332
300.286
300.245
300.21
300.178
300.151
300.127
300.107
300.089
300.074
300.061
300.05
300.041
300.033
300.027
300.021
300.017
300.014
300.011
300.008
300.006
300.005
300.004
300.003
300.002
300.001
300.001
300.001
300.001
302.946
302.807
302.655
302.495
302.331
302.167
302.005
301.847
301.695
301.549
301.411
301.28
301.156
301.041
300.933
300.833
300.741
300.656
300.579
300.508
300.444
300.387
300.335
300.289
300.248
300.212
300.18
300.152
300.128
300.107
300.09
300.074
300.061
300.05
300.041
300.033
300.027
300.022
300.017
300.014
300.011
300.008
300.006
300.005
300.004
300.003
300.002
300.002
300.001
300.001
300.001
302.846
302.72
302.582
302.436
302.285
302.132
301.979
301.829
301.684
301.543
301.408
301.28
301.159
301.045
300.938
300.839
300.747
300.662
300.584
300.513
300.448
300.39
300.338
300.292
300.25
300.214
300.182
300.154
300.129
300.108
300.09
300.075
300.062
300.051
300.041
300.034
300.027
300.022
300.017
300.014
300.011
300.008
300.007
300.005
300.004
300.003
300.002
300.002
300.001
300.001
300.001
302.745
302.633
302.508
302.375
302.236
302.093
301.95
301.809
301.67
301.535
301.404
301.279
301.161
301.048
300.942
300.844
300.752
300.667
300.589
300.517
300.453
300.394
300.341
300.294
300.253
300.216
300.183
300.155
300.13
300.109
300.091
300.075
300.062
300.051
300.042
300.034
300.027
300.022
300.017
300.014
300.011
300.008
300.007
300.005
300.004
300.003
300.002
300.002
300.001
300.001
300.001
302.647
302.546
302.433
302.312
302.185
302.053
301.92
301.786
301.654
301.525
301.399
301.277
301.161
301.051
300.946
300.848
300.757
300.672
300.593
300.522
300.457
300.397
300.344
300.297
300.255
300.218
300.185
300.156
300.131
300.11
300.092
300.076
300.063
300.051
300.042
300.034
300.027
300.022
300.018
300.014
300.011
300.009
300.007
300.005
300.004
300.003
300.002
300.002
300.001
300.001
300.001
302.553
302.462
302.361
302.251
302.134
302.013
301.888
301.763
301.637
301.513
301.392
301.274
301.161
301.052
300.949
300.852
300.761
300.676
300.598
300.526
300.46
300.401
300.347
300.3
300.257
300.219
300.186
300.158
300.132
300.111
300.092
300.076
300.063
300.052
300.042
300.034
300.028
300.022
300.018
300.014
300.011
300.009
300.007
300.005
300.004
300.003
300.002
300.002
300.001
300.001
300.001
302.467
302.386
302.294
302.194
302.087
301.974
301.858
301.74
301.62
301.502
301.385
301.271
301.16
301.053
300.952
300.855
300.765
300.68
300.602
300.53
300.464
300.404
300.35
300.302
300.259
300.221
300.188
300.159
300.133
300.112
300.093
300.077
300.063
300.052
300.042
300.034
300.028
300.022
300.018
300.014
300.011
300.009
300.007
300.005
300.004
300.003
300.002
300.002
300.001
300.001
300.001
302.393
302.32
302.237
302.145
302.045
301.94
301.831
301.719
301.605
301.491
301.378
301.267
301.159
301.054
300.953
300.858
300.768
300.684
300.605
300.533
300.467
300.407
300.353
300.304
300.261
300.223
300.189
300.16
300.134
300.112
300.093
300.077
300.064
300.052
300.043
300.035
300.028
300.022
300.018
300.014
300.011
300.009
300.007
300.005
300.004
300.003
300.002
300.002
300.001
300.001
300.001
302.338
302.27
302.193
302.107
302.014
301.914
301.81
301.703
301.593
301.483
301.373
301.264
301.158
301.054
300.955
300.86
300.77
300.686
300.608
300.536
300.469
300.409
300.354
300.306
300.262
300.224
300.19
300.16
300.135
300.113
300.094
300.078
300.064
300.052
300.043
300.035
300.028
300.022
300.018
300.014
300.011
300.009
300.007
300.005
300.004
300.003
300.002
300.002
300.001
300.001
300.001
302.307
302.242
302.168
302.086
301.996
301.9
301.799
301.694
301.587
301.478
301.37
301.262
301.157
301.055
300.956
300.861
300.772
300.688
300.61
300.537
300.471
300.41
300.356
300.307
300.263
300.224
300.19
300.161
300.135
300.113
300.094
300.078
300.064
300.053
300.043
300.035
300.028
300.022
300.018
300.014
300.011
300.009
300.007
300.005
300.004
300.003
300.002
300.002
300.001
300.001
300.001
)
;

boundaryField
{
    inlet
    {
        type            fixedValue;
        value           uniform 300;
    }
    outlet
    {
        type            zeroGradient;
    }
    top
    {
        type            zeroGradient;
    }
    slip-bottom
    {
        type            zeroGradient;
    }
    bottom
    {
        type            zeroGradient;
    }
    interface
    {
        type            fixedGradient;
        gradient        nonuniform List<scalar> 
161
(
68.0851
68.0851
46.2364
46.2364
46.2364
46.2364
34.2844
34.2844
34.2844
34.2844
29.4385
29.4385
29.4385
28.6329
28.6329
28.6329
28.6329
26.0102
26.0102
26.0102
25.1326
25.1326
25.1326
24.6194
24.6194
24.6194
23.9586
23.9586
23.9586
23.3616
23.3616
23.3616
22.8069
22.8069
22.8069
22.2597
22.2597
22.2597
21.737
21.737
21.737
20.6929
20.6929
21.431
21.431
21.431
20.3904
20.3904
20.8606
20.8606
20.8606
19.8322
19.8322
19.8201
19.8201
19.8201
19.9509
19.9509
20.28
20.28
19.0432
19.0432
18.93
18.93
18.9684
18.9684
18.8239
18.8239
18.8239
18.6468
18.6468
18.4748
18.295
18.295
18.0761
18.0761
17.878
17.878
17.1746
17.1746
18.0443
18.0443
17.6838
17.6838
17.2782
16.6102
16.6102
17.3406
17.3406
17.0236
16.2059
16.2059
16.9106
16.1648
16.1648
16.6275
16.6275
15.8851
16.3399
16.3399
15.6585
16.11
15.4483
15.4483
15.4925
15.9418
15.9418
15.1694
15.5261
14.9311
14.9311
14.9466
15.0744
15.3056
15.3056
14.626
14.6615
14.7771
14.9526
14.9526
14.3884
14.4107
14.4993
14.499
14.6234
14.2229
14.2229
14.1997
14.2333
14.2136
14.1874
14.1569
14.124
14.0899
14.0557
14.022
13.9897
13.9598
13.9333
13.9116
13.8963
13.8892
13.8925
13.9081
13.9384
13.9872
14.0611
14.174
14.3584
14.5214
14.1631
14.2396
14.8397
15.272
15.8486
16.5468
19.2225
16.8488
19.6503
22.3471
31.985
)
;
    }
    defaultFaces
    {
        type            empty;
    }
}


// ************************************************************************* //
