/*--------------------------------*- C++ -*----------------------------------*\
| =========                 |                                                 |
| \\      /  F ield         | OpenFOAM: The Open Source CFD Toolbox           |
|  \\    /   O peration     | Version:  2106                                  |
|   \\  /    A nd           | Website:  www.openfoam.com                      |
|    \\/     M anipulation  |                                                 |
\*---------------------------------------------------------------------------*/
FoamFile
{
    version     2.0;
    format      ascii;
    arch        "LSB;label=32;scalar=64";
    class       volScalarField;
    location    "9.6";
    object      T;
}
// * * * * * * * * * * * * * * * * * * * * * * * * * * * * * * * * * * * * * //

dimensions      [0 0 0 1 0 0 0];

internalField   nonuniform List<scalar> 
12013
(
300.004
300.011
300.019
300.027
300.035
300.044
300.053
300.063
300.072
300.083
300.093
300.104
300.115
300.127
300.139
300.151
300.164
300.177
300.191
300.205
300.22
300.235
300.25
300.266
300.283
300.3
300.317
300.335
300.354
300.373
300.393
300.413
300.434
300.455
300.477
300.5
300.523
300.547
300.572
300.597
300.623
300.65
300.677
300.705
300.734
300.764
300.795
300.827
300.859
300.892
300.926
300.962
300.998
301.035
301.073
301.113
301.153
301.195
301.238
301.283
301.328
301.375
301.424
301.474
301.526
301.58
301.635
301.693
301.753
301.815
301.88
301.948
302.019
302.094
302.173
302.257
302.348
302.446
302.554
302.677
302.824
300.004
300.011
300.019
300.027
300.035
300.044
300.053
300.063
300.072
300.083
300.093
300.104
300.115
300.127
300.139
300.151
300.164
300.177
300.191
300.205
300.22
300.235
300.25
300.266
300.283
300.3
300.317
300.335
300.354
300.373
300.393
300.413
300.434
300.455
300.477
300.5
300.523
300.547
300.572
300.597
300.623
300.65
300.677
300.705
300.734
300.764
300.795
300.826
300.859
300.892
300.926
300.962
300.998
301.035
301.073
301.113
301.153
301.195
301.238
301.282
301.328
301.375
301.423
301.474
301.525
301.579
301.634
301.692
301.752
301.814
301.878
301.946
302.017
302.091
302.169
302.253
302.341
302.437
302.541
302.656
302.782
300.004
300.011
300.019
300.027
300.035
300.044
300.053
300.063
300.072
300.083
300.093
300.104
300.115
300.127
300.139
300.151
300.164
300.177
300.191
300.205
300.22
300.235
300.25
300.266
300.283
300.3
300.317
300.335
300.354
300.373
300.393
300.413
300.434
300.455
300.477
300.5
300.523
300.547
300.571
300.597
300.623
300.649
300.677
300.705
300.734
300.764
300.795
300.826
300.859
300.892
300.926
300.961
300.997
301.035
301.073
301.112
301.153
301.194
301.237
301.281
301.327
301.374
301.422
301.472
301.524
301.577
301.632
301.69
301.749
301.811
301.875
301.942
302.011
302.085
302.162
302.243
302.329
302.42
302.517
302.62
302.728
300.004
300.011
300.019
300.027
300.035
300.044
300.053
300.063
300.072
300.083
300.093
300.104
300.115
300.127
300.139
300.151
300.164
300.177
300.191
300.205
300.22
300.235
300.25
300.266
300.283
300.3
300.317
300.335
300.354
300.373
300.393
300.413
300.434
300.455
300.477
300.5
300.523
300.547
300.571
300.597
300.623
300.649
300.677
300.705
300.734
300.764
300.794
300.826
300.858
300.891
300.925
300.961
300.997
301.034
301.072
301.111
301.152
301.193
301.236
301.28
301.325
301.372
301.42
301.47
301.521
301.574
301.629
301.686
301.745
301.806
301.869
301.935
302.003
302.075
302.149
302.228
302.31
302.395
302.485
302.577
302.67
300.004
300.011
300.019
300.027
300.035
300.044
300.053
300.063
300.072
300.083
300.093
300.104
300.115
300.127
300.139
300.151
300.164
300.177
300.191
300.205
300.22
300.235
300.25
300.266
300.283
300.3
300.317
300.335
300.354
300.373
300.392
300.413
300.433
300.455
300.477
300.499
300.523
300.547
300.571
300.596
300.622
300.649
300.676
300.705
300.734
300.763
300.794
300.825
300.857
300.891
300.925
300.96
300.996
301.033
301.071
301.11
301.15
301.191
301.234
301.278
301.323
301.369
301.417
301.467
301.518
301.57
301.624
301.68
301.738
301.798
301.86
301.925
301.991
302.061
302.133
302.207
302.285
302.365
302.446
302.529
302.611
300.004
300.011
300.019
300.027
300.035
300.044
300.053
300.063
300.072
300.083
300.093
300.104
300.115
300.127
300.139
300.151
300.164
300.177
300.191
300.205
300.22
300.235
300.25
300.266
300.283
300.3
300.317
300.335
300.354
300.373
300.392
300.413
300.433
300.455
300.477
300.499
300.522
300.546
300.571
300.596
300.622
300.649
300.676
300.704
300.733
300.763
300.793
300.824
300.857
300.89
300.924
300.959
300.994
301.031
301.069
301.108
301.148
301.189
301.232
301.275
301.32
301.366
301.413
301.462
301.512
301.564
301.618
301.673
301.73
301.788
301.849
301.912
301.976
302.043
302.112
302.182
302.255
302.329
302.404
302.478
302.552
300.004
300.011
300.019
300.027
300.035
300.044
300.053
300.063
300.072
300.083
300.093
300.104
300.115
300.127
300.139
300.151
300.164
300.177
300.191
300.205
300.22
300.235
300.25
300.266
300.283
300.3
300.317
300.335
300.353
300.373
300.392
300.412
300.433
300.454
300.476
300.499
300.522
300.546
300.57
300.596
300.621
300.648
300.675
300.703
300.732
300.762
300.792
300.823
300.855
300.888
300.922
300.957
300.993
301.029
301.067
301.106
301.145
301.186
301.228
301.271
301.316
301.361
301.408
301.456
301.506
301.557
301.609
301.663
301.719
301.776
301.835
301.895
301.957
302.021
302.086
302.153
302.221
302.289
302.358
302.426
302.493
300.004
300.011
300.019
300.027
300.035
300.044
300.053
300.063
300.072
300.083
300.093
300.104
300.115
300.127
300.139
300.151
300.164
300.177
300.191
300.205
300.22
300.235
300.25
300.266
300.282
300.299
300.317
300.335
300.353
300.372
300.392
300.412
300.433
300.454
300.476
300.499
300.522
300.545
300.57
300.595
300.621
300.647
300.675
300.702
300.731
300.761
300.791
300.822
300.854
300.887
300.92
300.955
300.99
301.027
301.064
301.103
301.142
301.182
301.224
301.267
301.31
301.355
301.402
301.449
301.498
301.548
301.599
301.652
301.706
301.761
301.818
301.876
301.935
301.996
302.057
302.12
302.183
302.246
302.309
302.371
302.433
300.004
300.011
300.019
300.027
300.035
300.044
300.053
300.063
300.072
300.082
300.093
300.104
300.115
300.127
300.139
300.151
300.164
300.177
300.191
300.205
300.219
300.235
300.25
300.266
300.282
300.299
300.317
300.335
300.353
300.372
300.392
300.412
300.432
300.454
300.476
300.498
300.521
300.545
300.569
300.594
300.62
300.646
300.673
300.701
300.73
300.759
300.789
300.82
300.852
300.885
300.918
300.952
300.988
301.024
301.061
301.099
301.138
301.178
301.219
301.261
301.304
301.348
301.393
301.44
301.488
301.536
301.586
301.637
301.69
301.743
301.798
301.853
301.91
301.967
302.025
302.083
302.142
302.201
302.259
302.316
302.372
300.004
300.011
300.019
300.027
300.035
300.044
300.053
300.063
300.072
300.082
300.093
300.104
300.115
300.127
300.139
300.151
300.164
300.177
300.191
300.205
300.219
300.234
300.25
300.266
300.282
300.299
300.316
300.334
300.353
300.372
300.391
300.411
300.432
300.453
300.475
300.497
300.52
300.544
300.568
300.593
300.619
300.645
300.672
300.7
300.728
300.758
300.788
300.818
300.85
300.882
300.915
300.949
300.984
301.02
301.056
301.094
301.132
301.172
301.212
301.254
301.296
301.339
301.384
301.429
301.475
301.523
301.571
301.621
301.671
301.722
301.775
301.827
301.881
301.935
301.989
302.044
302.099
302.153
302.207
302.26
302.312
300.004
300.011
300.019
300.027
300.035
300.044
300.053
300.063
300.072
300.082
300.093
300.104
300.115
300.127
300.139
300.151
300.164
300.177
300.191
300.205
300.219
300.234
300.25
300.266
300.282
300.299
300.316
300.334
300.352
300.371
300.391
300.411
300.431
300.453
300.474
300.497
300.52
300.543
300.567
300.592
300.618
300.644
300.671
300.698
300.727
300.755
300.785
300.816
300.847
300.879
300.912
300.945
300.98
301.015
301.051
301.088
301.126
301.165
301.205
301.245
301.287
301.329
301.372
301.416
301.461
301.507
301.554
301.602
301.65
301.699
301.749
301.799
301.849
301.9
301.951
302.002
302.053
302.103
302.153
302.202
302.251
300.004
300.011
300.019
300.027
300.035
300.044
300.053
300.063
300.072
300.082
300.093
300.104
300.115
300.127
300.138
300.151
300.164
300.177
300.191
300.205
300.219
300.234
300.249
300.265
300.282
300.299
300.316
300.334
300.352
300.371
300.39
300.41
300.431
300.452
300.474
300.496
300.519
300.542
300.566
300.591
300.616
300.642
300.669
300.696
300.724
300.753
300.782
300.813
300.844
300.875
300.908
300.941
300.975
301.01
301.045
301.082
301.119
301.157
301.196
301.235
301.276
301.317
301.359
301.402
301.445
301.489
301.534
301.58
301.626
301.673
301.72
301.767
301.815
301.863
301.911
301.958
302.006
302.053
302.099
302.144
302.189
300.004
300.011
300.019
300.027
300.035
300.044
300.053
300.063
300.072
300.082
300.093
300.104
300.115
300.126
300.138
300.151
300.164
300.177
300.19
300.204
300.219
300.234
300.249
300.265
300.281
300.298
300.315
300.333
300.352
300.37
300.39
300.41
300.43
300.451
300.473
300.495
300.517
300.541
300.565
300.589
300.614
300.64
300.667
300.694
300.721
300.75
300.779
300.809
300.839
300.871
300.903
300.935
300.969
301.003
301.038
301.074
301.11
301.147
301.185
301.224
301.263
301.303
301.344
301.385
301.427
301.469
301.512
301.556
301.6
301.644
301.689
301.734
301.778
301.823
301.868
301.912
301.957
302
302.043
302.086
302.127
300.004
300.011
300.019
300.027
300.035
300.044
300.053
300.062
300.072
300.082
300.093
300.104
300.115
300.126
300.138
300.151
300.163
300.177
300.19
300.204
300.219
300.234
300.249
300.265
300.281
300.298
300.315
300.333
300.351
300.37
300.389
300.409
300.429
300.45
300.471
300.493
300.516
300.539
300.563
300.587
300.612
300.638
300.664
300.691
300.718
300.746
300.775
300.805
300.835
300.866
300.897
300.929
300.962
300.995
301.03
301.064
301.1
301.136
301.173
301.21
301.248
301.287
301.326
301.366
301.406
301.447
301.488
301.53
301.571
301.613
301.655
301.698
301.74
301.782
301.824
301.865
301.906
301.947
301.987
302.026
302.065
300.004
300.011
300.019
300.027
300.035
300.044
300.053
300.062
300.072
300.082
300.093
300.103
300.115
300.126
300.138
300.15
300.163
300.176
300.19
300.204
300.218
300.233
300.249
300.264
300.281
300.297
300.314
300.332
300.35
300.369
300.388
300.408
300.428
300.449
300.47
300.492
300.514
300.537
300.561
300.585
300.61
300.635
300.661
300.687
300.715
300.742
300.771
300.8
300.829
300.859
300.89
300.922
300.954
300.987
301.02
301.054
301.089
301.124
301.159
301.196
301.232
301.269
301.307
301.345
301.384
301.423
301.462
301.501
301.541
301.58
301.62
301.66
301.699
301.738
301.778
301.816
301.855
301.893
301.93
301.967
302.003
300.004
300.011
300.019
300.027
300.035
300.044
300.053
300.062
300.072
300.082
300.093
300.103
300.115
300.126
300.138
300.15
300.163
300.176
300.19
300.204
300.218
300.233
300.248
300.264
300.28
300.297
300.314
300.331
300.349
300.368
300.387
300.407
300.427
300.447
300.468
300.49
300.512
300.535
300.558
300.582
300.607
300.632
300.657
300.683
300.71
300.737
300.765
300.794
300.823
300.852
300.883
300.913
300.945
300.977
301.009
301.042
301.076
301.11
301.144
301.179
301.214
301.25
301.286
301.323
301.359
301.396
301.433
301.471
301.508
301.545
301.583
301.62
301.657
301.694
301.73
301.766
301.802
301.838
301.873
301.907
301.941
300.004
300.011
300.019
300.027
300.035
300.044
300.053
300.062
300.072
300.082
300.092
300.103
300.114
300.126
300.138
300.15
300.163
300.176
300.189
300.203
300.218
300.232
300.248
300.263
300.279
300.296
300.313
300.33
300.348
300.367
300.386
300.405
300.425
300.446
300.467
300.488
300.51
300.532
300.556
300.579
300.603
300.628
300.653
300.679
300.705
300.732
300.759
300.787
300.816
300.845
300.874
300.904
300.935
300.966
300.997
301.029
301.061
301.094
301.127
301.161
301.195
301.229
301.263
301.298
301.333
301.368
301.403
301.438
301.473
301.509
301.544
301.579
301.613
301.648
301.682
301.716
301.749
301.782
301.815
301.847
301.878
300.004
300.011
300.019
300.027
300.035
300.044
300.053
300.062
300.072
300.082
300.092
300.103
300.114
300.126
300.138
300.15
300.162
300.176
300.189
300.203
300.217
300.232
300.247
300.263
300.279
300.295
300.312
300.329
300.347
300.366
300.384
300.404
300.423
300.444
300.464
300.486
300.507
300.53
300.552
300.576
300.599
300.624
300.648
300.674
300.699
300.726
300.752
300.78
300.807
300.836
300.864
300.893
300.923
300.953
300.983
301.014
301.045
301.077
301.109
301.141
301.173
301.206
301.239
301.272
301.305
301.338
301.371
301.404
301.437
301.47
301.503
301.536
301.569
301.601
301.633
301.664
301.695
301.726
301.757
301.786
301.816
300.004
300.011
300.019
300.027
300.035
300.044
300.053
300.062
300.072
300.082
300.092
300.103
300.114
300.125
300.137
300.15
300.162
300.175
300.189
300.202
300.217
300.231
300.246
300.262
300.278
300.294
300.311
300.328
300.346
300.364
300.383
300.402
300.421
300.441
300.462
300.483
300.504
300.526
300.549
300.571
300.595
300.619
300.643
300.668
300.693
300.719
300.745
300.771
300.798
300.826
300.854
300.882
300.91
300.939
300.969
300.998
301.028
301.058
301.089
301.12
301.15
301.181
301.213
301.244
301.275
301.306
301.338
301.369
301.4
301.431
301.462
301.493
301.523
301.553
301.583
301.612
301.642
301.67
301.699
301.726
301.754
300.004
300.011
300.019
300.027
300.035
300.044
300.053
300.062
300.072
300.082
300.092
300.103
300.114
300.125
300.137
300.149
300.162
300.175
300.188
300.202
300.216
300.231
300.246
300.261
300.277
300.293
300.31
300.327
300.344
300.362
300.381
300.4
300.419
300.439
300.459
300.48
300.501
300.522
300.544
300.567
300.59
300.613
300.637
300.661
300.686
300.711
300.736
300.762
300.788
300.815
300.842
300.869
300.897
300.924
300.953
300.981
301.01
301.039
301.068
301.097
301.126
301.156
301.185
301.215
301.244
301.274
301.303
301.332
301.362
301.391
301.42
301.448
301.477
301.505
301.533
301.56
301.588
301.614
301.641
301.667
301.692
300.004
300.011
300.019
300.027
300.035
300.044
300.053
300.062
300.072
300.081
300.092
300.102
300.114
300.125
300.137
300.149
300.161
300.174
300.188
300.201
300.215
300.23
300.245
300.26
300.276
300.292
300.308
300.325
300.343
300.36
300.379
300.397
300.416
300.436
300.456
300.476
300.497
300.518
300.54
300.562
300.584
300.607
300.63
300.654
300.678
300.702
300.727
300.752
300.777
300.803
300.829
300.855
300.882
300.908
300.935
300.963
300.99
301.017
301.045
301.073
301.101
301.129
301.156
301.184
301.212
301.24
301.268
301.295
301.323
301.35
301.377
301.404
301.43
301.457
301.483
301.508
301.534
301.559
301.583
301.608
301.632
300.004
300.011
300.019
300.027
300.035
300.044
300.052
300.062
300.071
300.081
300.092
300.102
300.113
300.125
300.136
300.148
300.161
300.174
300.187
300.2
300.214
300.229
300.244
300.259
300.274
300.29
300.307
300.323
300.341
300.358
300.376
300.395
300.413
300.433
300.452
300.472
300.492
300.513
300.534
300.556
300.578
300.6
300.623
300.646
300.669
300.692
300.716
300.741
300.765
300.79
300.815
300.84
300.866
300.891
300.917
300.943
300.969
300.995
301.021
301.048
301.074
301.1
301.127
301.153
301.179
301.205
301.231
301.257
301.283
301.308
301.334
301.359
301.384
301.408
301.433
301.457
301.48
301.504
301.527
301.549
301.572
300.004
300.011
300.019
300.027
300.035
300.043
300.052
300.062
300.071
300.081
300.091
300.102
300.113
300.124
300.136
300.148
300.16
300.173
300.186
300.2
300.213
300.228
300.242
300.257
300.273
300.289
300.305
300.321
300.338
300.356
300.373
300.392
300.41
300.429
300.448
300.468
300.488
300.508
300.529
300.55
300.571
300.593
300.615
300.637
300.659
300.682
300.705
300.729
300.752
300.776
300.8
300.824
300.849
300.873
300.898
300.922
300.947
300.972
300.997
301.022
301.047
301.072
301.096
301.121
301.146
301.17
301.195
301.219
301.243
301.267
301.291
301.314
301.337
301.36
301.383
301.405
301.428
301.449
301.471
301.492
301.513
300.004
300.011
300.019
300.026
300.035
300.043
300.052
300.061
300.071
300.081
300.091
300.102
300.112
300.124
300.135
300.147
300.16
300.172
300.185
300.199
300.212
300.227
300.241
300.256
300.271
300.287
300.303
300.319
300.336
300.353
300.37
300.388
300.406
300.425
300.444
300.463
300.482
300.502
300.522
300.543
300.563
300.585
300.606
300.627
300.649
300.671
300.693
300.716
300.739
300.761
300.784
300.808
300.831
300.854
300.878
300.901
300.925
300.948
300.972
300.995
301.019
301.042
301.066
301.089
301.112
301.135
301.158
301.181
301.203
301.226
301.248
301.27
301.291
301.313
301.334
301.355
301.376
301.396
301.416
301.436
301.456
300.004
300.011
300.018
300.026
300.035
300.043
300.052
300.061
300.071
300.08
300.091
300.101
300.112
300.123
300.135
300.147
300.159
300.171
300.184
300.198
300.211
300.225
300.24
300.254
300.269
300.285
300.301
300.317
300.333
300.35
300.367
300.385
300.402
300.42
300.439
300.458
300.477
300.496
300.516
300.535
300.556
300.576
300.597
300.617
300.638
300.66
300.681
300.703
300.724
300.746
300.768
300.79
300.812
300.835
300.857
300.879
300.902
300.924
300.946
300.968
300.991
301.013
301.035
301.057
301.078
301.1
301.122
301.143
301.164
301.185
301.206
301.226
301.246
301.267
301.286
301.306
301.325
301.344
301.363
301.382
301.4
300.004
300.011
300.018
300.026
300.034
300.043
300.052
300.061
300.07
300.08
300.09
300.101
300.111
300.123
300.134
300.146
300.158
300.17
300.183
300.196
300.21
300.224
300.238
300.253
300.267
300.283
300.298
300.314
300.33
300.347
300.363
300.381
300.398
300.416
300.434
300.452
300.471
300.489
300.508
300.528
300.547
300.567
300.587
300.607
300.627
300.648
300.668
300.689
300.71
300.731
300.752
300.773
300.794
300.815
300.836
300.857
300.878
300.899
300.921
300.942
300.962
300.983
301.004
301.025
301.045
301.065
301.086
301.106
301.125
301.145
301.164
301.184
301.203
301.221
301.24
301.258
301.276
301.294
301.312
301.329
301.346
300.004
300.011
300.018
300.026
300.034
300.043
300.052
300.061
300.07
300.08
300.09
300.1
300.111
300.122
300.133
300.145
300.157
300.169
300.182
300.195
300.209
300.222
300.236
300.251
300.265
300.28
300.295
300.311
300.327
300.343
300.36
300.376
300.393
300.411
300.428
300.446
300.464
300.482
300.501
300.52
300.538
300.557
300.577
300.596
300.616
300.635
300.655
300.675
300.695
300.715
300.735
300.755
300.775
300.795
300.815
300.835
300.855
300.875
300.895
300.915
300.935
300.954
300.974
300.993
301.012
301.032
301.05
301.069
301.088
301.106
301.124
301.142
301.16
301.178
301.195
301.212
301.229
301.246
301.263
301.279
301.295
300.004
300.011
300.018
300.026
300.034
300.043
300.051
300.06
300.07
300.079
300.089
300.1
300.11
300.121
300.133
300.144
300.156
300.168
300.181
300.194
300.207
300.221
300.234
300.248
300.263
300.278
300.293
300.308
300.324
300.339
300.356
300.372
300.389
300.405
300.423
300.44
300.457
300.475
300.493
300.511
300.529
300.548
300.566
300.585
300.604
300.623
300.641
300.66
300.68
300.699
300.718
300.737
300.756
300.775
300.794
300.813
300.832
300.851
300.87
300.889
300.907
300.926
300.944
300.963
300.981
300.999
301.017
301.034
301.052
301.069
301.086
301.103
301.12
301.136
301.153
301.169
301.185
301.2
301.216
301.231
301.246
300.004
300.011
300.018
300.026
300.034
300.042
300.051
300.06
300.069
300.079
300.089
300.099
300.11
300.121
300.132
300.143
300.155
300.167
300.18
300.192
300.205
300.219
300.232
300.246
300.261
300.275
300.29
300.305
300.32
300.336
300.351
300.367
300.384
300.4
300.417
300.434
300.451
300.468
300.485
300.503
300.52
300.538
300.556
300.574
300.592
300.61
300.628
300.646
300.665
300.683
300.701
300.719
300.738
300.756
300.774
300.792
300.81
300.828
300.846
300.864
300.881
300.899
300.916
300.933
300.95
300.967
300.984
301.001
301.017
301.034
301.05
301.066
301.081
301.097
301.112
301.127
301.142
301.157
301.172
301.186
301.2
300.004
300.011
300.018
300.026
300.034
300.042
300.051
300.06
300.069
300.079
300.088
300.099
300.109
300.12
300.131
300.142
300.154
300.166
300.178
300.191
300.204
300.217
300.23
300.244
300.258
300.272
300.287
300.302
300.316
300.332
300.347
300.363
300.379
300.395
300.411
300.427
300.444
300.46
300.477
300.494
300.511
300.528
300.546
300.563
300.58
300.598
300.615
300.632
300.65
300.667
300.685
300.702
300.72
300.737
300.754
300.772
300.789
300.806
300.823
300.84
300.856
300.873
300.889
300.906
300.922
300.938
300.954
300.97
300.985
301.001
301.016
301.031
301.046
301.06
301.075
301.089
301.103
301.117
301.131
301.144
301.158
300.003
300.011
300.018
300.026
300.034
300.042
300.051
300.059
300.069
300.078
300.088
300.098
300.108
300.119
300.13
300.141
300.153
300.165
300.177
300.189
300.202
300.215
300.228
300.242
300.255
300.269
300.284
300.298
300.313
300.328
300.343
300.358
300.374
300.389
300.405
300.421
300.437
300.453
300.47
300.486
300.502
300.519
300.536
300.552
300.569
300.586
300.602
300.619
300.636
300.653
300.669
300.686
300.703
300.719
300.736
300.752
300.769
300.785
300.801
300.817
300.833
300.849
300.864
300.88
300.895
300.911
300.926
300.941
300.955
300.97
300.984
300.999
301.013
301.027
301.04
301.054
301.067
301.08
301.093
301.106
301.119
300.003
300.011
300.018
300.026
300.033
300.042
300.05
300.059
300.068
300.078
300.087
300.097
300.108
300.118
300.129
300.14
300.152
300.163
300.175
300.188
300.2
300.213
300.226
300.239
300.253
300.267
300.281
300.295
300.309
300.324
300.339
300.354
300.369
300.384
300.399
300.415
300.431
300.446
300.462
300.478
300.494
300.51
300.526
300.542
300.558
300.575
300.591
300.607
300.623
300.639
300.655
300.671
300.687
300.703
300.719
300.735
300.75
300.766
300.781
300.796
300.812
300.827
300.842
300.856
300.871
300.886
300.9
300.914
300.928
300.942
300.956
300.97
300.983
300.996
301.009
301.022
301.035
301.048
301.06
301.072
301.084
300.003
300.01
300.018
300.025
300.033
300.041
300.05
300.059
300.068
300.077
300.087
300.097
300.107
300.117
300.128
300.139
300.151
300.162
300.174
300.186
300.199
300.211
300.224
300.237
300.251
300.264
300.278
300.292
300.306
300.32
300.335
300.349
300.364
300.379
300.394
300.409
300.425
300.44
300.455
300.471
300.486
300.502
300.517
300.533
300.549
300.564
300.58
300.596
300.611
300.627
300.642
300.658
300.673
300.688
300.703
300.719
300.734
300.749
300.763
300.778
300.793
300.807
300.821
300.836
300.85
300.864
300.877
300.891
300.904
300.918
300.931
300.944
300.957
300.969
300.982
300.994
301.007
301.019
301.03
301.042
301.054
300.003
300.01
300.018
300.025
300.033
300.041
300.05
300.058
300.067
300.077
300.086
300.096
300.106
300.117
300.127
300.138
300.149
300.161
300.173
300.185
300.197
300.21
300.222
300.235
300.248
300.262
300.275
300.289
300.303
300.317
300.331
300.346
300.36
300.375
300.389
300.404
300.419
300.434
300.449
300.464
300.479
300.494
300.51
300.525
300.54
300.555
300.57
300.586
300.601
300.616
300.631
300.646
300.661
300.675
300.69
300.705
300.719
300.734
300.748
300.762
300.776
300.79
300.804
300.818
300.831
300.845
300.858
300.871
300.884
300.897
300.91
300.922
300.934
300.947
300.959
300.971
300.982
300.994
301.005
301.017
301.028
300.003
300.01
300.018
300.025
300.033
300.041
300.049
300.058
300.067
300.076
300.086
300.095
300.106
300.116
300.126
300.137
300.149
300.16
300.172
300.183
300.196
300.208
300.221
300.233
300.246
300.26
300.273
300.286
300.3
300.314
300.328
300.342
300.356
300.371
300.385
300.4
300.414
300.429
300.444
300.459
300.473
300.488
300.503
300.518
300.533
300.548
300.562
300.577
300.592
300.607
300.621
300.636
300.65
300.665
300.679
300.693
300.707
300.721
300.735
300.749
300.763
300.776
300.79
300.803
300.816
300.829
300.842
300.855
300.867
300.88
300.892
300.904
300.916
300.928
300.94
300.951
300.962
300.974
300.985
300.996
301.006
300.003
300.01
300.017
300.025
300.033
300.041
300.049
300.058
300.067
300.076
300.085
300.095
300.105
300.115
300.126
300.137
300.148
300.159
300.171
300.182
300.194
300.207
300.219
300.232
300.245
300.258
300.271
300.284
300.298
300.312
300.325
300.339
300.353
300.368
300.382
300.396
300.41
300.425
300.439
300.454
300.469
300.483
300.498
300.512
300.527
300.541
300.556
300.57
300.585
300.599
300.613
300.628
300.642
300.656
300.67
300.684
300.698
300.711
300.725
300.738
300.752
300.765
300.778
300.791
300.804
300.817
300.829
300.842
300.854
300.866
300.878
300.89
300.902
300.913
300.925
300.936
300.947
300.958
300.969
300.979
300.99
300.003
300.01
300.017
300.025
300.033
300.041
300.049
300.057
300.066
300.075
300.085
300.094
300.104
300.115
300.125
300.136
300.147
300.158
300.17
300.181
300.193
300.206
300.218
300.231
300.243
300.256
300.269
300.283
300.296
300.31
300.323
300.337
300.351
300.365
300.379
300.393
300.408
300.422
300.436
300.451
300.465
300.479
300.494
300.508
300.522
300.537
300.551
300.565
300.58
300.594
300.608
300.622
300.636
300.65
300.664
300.677
300.691
300.704
300.718
300.731
300.744
300.757
300.77
300.783
300.795
300.808
300.82
300.833
300.845
300.857
300.868
300.88
300.891
300.903
300.914
300.925
300.936
300.947
300.957
300.968
300.978
300.003
300.01
300.017
300.025
300.032
300.04
300.049
300.057
300.066
300.075
300.084
300.094
300.104
300.114
300.125
300.135
300.146
300.158
300.169
300.181
300.193
300.205
300.217
300.23
300.242
300.255
300.268
300.282
300.295
300.308
300.322
300.336
300.35
300.363
300.377
300.392
300.406
300.42
300.434
300.448
300.463
300.477
300.491
300.505
300.52
300.534
300.548
300.562
300.576
300.59
300.604
300.618
300.632
300.646
300.659
300.673
300.686
300.7
300.713
300.726
300.739
300.752
300.765
300.778
300.79
300.802
300.815
300.827
300.839
300.851
300.862
300.874
300.885
300.896
300.907
300.918
300.929
300.94
300.95
300.961
300.971
300.003
300.01
300.017
300.025
300.032
300.04
300.049
300.057
300.066
300.075
300.084
300.094
300.104
300.114
300.124
300.135
300.146
300.157
300.169
300.18
300.192
300.204
300.217
300.229
300.242
300.255
300.268
300.281
300.294
300.308
300.321
300.335
300.349
300.363
300.377
300.391
300.405
300.419
300.433
300.447
300.461
300.476
300.49
300.504
300.518
300.532
300.547
300.561
300.575
300.589
300.603
300.616
300.63
300.644
300.658
300.671
300.684
300.698
300.711
300.724
300.737
300.75
300.762
300.775
300.788
300.8
300.812
300.824
300.836
300.848
300.859
300.871
300.882
300.893
300.904
300.915
300.926
300.937
300.947
300.957
300.968
300.003
300.01
300.017
300.025
300.032
300.04
300.048
300.057
300.066
300.075
300.084
300.094
300.104
300.114
300.124
300.135
300.146
300.157
300.169
300.18
300.192
300.204
300.216
300.229
300.242
300.254
300.267
300.281
300.294
300.307
300.321
300.335
300.348
300.362
300.376
300.39
300.404
300.419
300.433
300.447
300.461
300.475
300.49
300.504
300.518
300.532
300.546
300.56
300.574
300.588
300.602
300.616
300.63
300.644
300.657
300.671
300.684
300.697
300.711
300.724
300.737
300.749
300.762
300.775
300.787
300.799
300.812
300.824
300.836
300.847
300.859
300.87
300.882
300.893
300.904
300.915
300.926
300.936
300.947
300.957
300.967
300.003
300.01
300.017
300.025
300.032
300.04
300.048
300.057
300.066
300.075
300.084
300.094
300.104
300.114
300.124
300.135
300.146
300.157
300.168
300.18
300.192
300.204
300.216
300.229
300.242
300.254
300.267
300.281
300.294
300.307
300.321
300.335
300.348
300.362
300.376
300.39
300.404
300.419
300.433
300.447
300.461
300.475
300.49
300.504
300.518
300.532
300.546
300.561
300.575
300.589
300.603
300.616
300.63
300.644
300.658
300.671
300.684
300.698
300.711
300.724
300.737
300.75
300.763
300.775
300.788
300.8
300.812
300.824
300.836
300.848
300.86
300.871
300.882
300.894
300.905
300.916
300.926
300.937
300.948
300.958
300.968
303.019
303.148
303.226
303.298
303.361
303.413
303.448
303.487
303.527
303.564
303.595
303.63
303.664
303.698
303.732
303.765
303.796
303.824
303.853
303.883
303.912
303.941
303.971
304
304.029
304.057
304.085
304.113
304.141
304.168
304.195
304.222
304.248
304.274
304.3
304.325
304.351
304.376
304.401
304.426
304.451
304.474
304.5
304.527
304.553
304.578
304.602
304.627
304.653
304.678
304.703
304.725
304.749
304.774
304.8
304.825
304.851
304.877
304.903
304.926
304.947
304.97
304.994
305.018
305.043
305.068
305.092
305.117
305.141
305.165
305.189
305.213
305.237
305.26
305.284
305.307
305.331
305.354
305.376
305.402
305.43
305.455
305.479
305.502
305.524
305.545
305.569
305.597
305.622
305.644
305.664
305.688
305.716
305.738
305.764
305.791
305.817
305.839
305.866
305.89
305.912
305.937
305.959
305.984
306.011
306.039
306.064
306.085
306.11
306.131
306.156
306.182
306.21
306.239
306.264
306.284
306.309
306.337
306.364
306.389
306.408
306.431
306.457
306.482
306.507
306.526
306.548
306.571
306.595
306.618
306.64
306.662
306.683
306.703
306.721
306.739
306.756
306.771
306.785
306.797
306.808
306.817
306.824
306.829
306.832
306.832
306.83
306.826
306.818
306.806
306.789
306.769
306.746
306.718
306.685
306.645
306.601
306.523
306.449
306.355
306.232
302.918
303.032
303.12
303.195
303.26
303.315
303.361
303.405
303.447
303.486
303.522
303.559
303.594
303.63
303.664
303.697
303.73
303.76
303.79
303.821
303.851
303.881
303.911
303.94
303.97
303.999
304.027
304.055
304.083
304.111
304.138
304.166
304.192
304.219
304.245
304.271
304.297
304.323
304.348
304.374
304.399
304.423
304.449
304.476
304.502
304.527
304.552
304.577
304.603
304.628
304.653
304.677
304.701
304.726
304.751
304.777
304.803
304.828
304.854
304.878
304.9
304.924
304.948
304.972
304.997
305.022
305.046
305.071
305.096
305.12
305.144
305.168
305.192
305.216
305.24
305.263
305.287
305.311
305.334
305.359
305.386
305.412
305.436
305.459
305.482
305.504
305.529
305.555
305.58
305.603
305.625
305.649
305.675
305.699
305.725
305.751
305.777
305.801
305.826
305.851
305.874
305.899
305.922
305.947
305.974
306.001
306.027
306.049
306.073
306.096
306.121
306.147
306.175
306.203
306.229
306.251
306.276
306.303
306.33
306.354
306.375
306.399
306.425
306.45
306.475
306.495
306.517
306.54
306.564
306.588
306.61
306.632
306.653
306.673
306.692
306.71
306.727
306.743
306.757
306.769
306.78
306.789
306.797
306.802
306.805
306.806
306.804
306.799
306.791
306.78
306.763
306.743
306.719
306.691
306.657
306.616
306.567
306.492
306.414
306.316
306.181
302.836
302.935
303.021
303.096
303.163
303.221
303.272
303.32
303.364
303.406
303.445
303.483
303.521
303.557
303.592
303.627
303.66
303.692
303.724
303.755
303.786
303.817
303.847
303.877
303.907
303.936
303.965
303.994
304.023
304.051
304.079
304.106
304.133
304.16
304.187
304.214
304.24
304.266
304.292
304.318
304.343
304.369
304.395
304.421
304.447
304.473
304.498
304.524
304.549
304.575
304.6
304.624
304.649
304.674
304.7
304.726
304.751
304.777
304.802
304.826
304.85
304.874
304.898
304.923
304.947
304.972
304.997
305.022
305.047
305.071
305.096
305.12
305.144
305.168
305.193
305.217
305.241
305.265
305.289
305.314
305.34
305.366
305.39
305.414
305.437
305.46
305.485
305.51
305.535
305.559
305.582
305.607
305.632
305.657
305.683
305.709
305.734
305.759
305.785
305.809
305.833
305.858
305.882
305.907
305.934
305.961
305.986
306.01
306.035
306.058
306.083
306.11
306.137
306.165
306.191
306.214
306.24
306.266
306.293
306.318
306.34
306.365
306.39
306.415
306.44
306.461
306.484
306.508
306.532
306.555
306.578
306.6
306.621
306.642
306.661
306.68
306.697
306.712
306.727
306.74
306.751
306.761
306.768
306.774
306.777
306.778
306.776
306.772
306.764
306.752
306.735
306.715
306.691
306.662
306.627
306.584
306.533
306.459
306.378
306.275
306.132
302.762
302.85
302.93
303.003
303.069
303.128
303.183
303.232
303.279
303.323
303.364
303.404
303.443
303.481
303.517
303.553
303.587
303.62
303.653
303.685
303.717
303.748
303.779
303.81
303.841
303.871
303.9
303.929
303.958
303.987
304.015
304.043
304.071
304.098
304.126
304.152
304.179
304.206
304.232
304.258
304.284
304.31
304.337
304.363
304.389
304.415
304.441
304.467
304.492
304.518
304.543
304.569
304.594
304.619
304.645
304.671
304.696
304.722
304.747
304.772
304.796
304.821
304.845
304.87
304.895
304.92
304.945
304.97
304.995
305.02
305.045
305.069
305.093
305.118
305.142
305.167
305.191
305.215
305.24
305.265
305.291
305.316
305.341
305.365
305.389
305.413
305.438
305.463
305.488
305.512
305.536
305.561
305.587
305.612
305.637
305.664
305.689
305.715
305.74
305.765
305.79
305.815
305.84
305.865
305.891
305.918
305.944
305.968
305.993
306.018
306.043
306.07
306.097
306.125
306.151
306.175
306.201
306.228
306.254
306.279
306.303
306.328
306.353
306.378
306.403
306.426
306.449
306.473
306.497
306.52
306.544
306.566
306.588
306.608
306.628
306.647
306.664
306.68
306.695
306.708
306.72
306.73
306.738
306.744
306.747
306.748
306.747
306.742
306.734
306.722
306.706
306.685
306.661
306.631
306.595
306.551
306.498
306.424
306.341
306.234
306.085
302.692
302.771
302.845
302.914
302.979
303.038
303.093
303.144
303.192
303.238
303.281
303.323
303.363
303.401
303.439
303.475
303.511
303.545
303.579
303.612
303.644
303.677
303.708
303.74
303.77
303.801
303.831
303.861
303.89
303.919
303.948
303.977
304.005
304.033
304.06
304.088
304.115
304.142
304.169
304.195
304.222
304.248
304.275
304.301
304.328
304.354
304.38
304.406
304.432
304.458
304.484
304.509
304.535
304.561
304.586
304.612
304.638
304.664
304.689
304.714
304.739
304.764
304.789
304.814
304.839
304.864
304.889
304.915
304.94
304.965
304.99
305.015
305.039
305.064
305.089
305.113
305.138
305.163
305.188
305.213
305.239
305.264
305.289
305.314
305.338
305.363
305.388
305.413
305.438
305.463
305.487
305.512
305.538
305.563
305.589
305.616
305.641
305.667
305.693
305.718
305.743
305.769
305.794
305.82
305.846
305.873
305.899
305.924
305.949
305.974
306
306.027
306.054
306.082
306.108
306.133
306.16
306.186
306.213
306.238
306.263
306.288
306.314
306.339
306.364
306.387
306.411
306.435
306.46
306.484
306.507
306.53
306.552
306.573
306.593
306.612
306.63
306.646
306.661
306.675
306.687
306.697
306.705
306.711
306.715
306.717
306.715
306.711
306.703
306.691
306.674
306.654
306.629
306.598
306.562
306.517
306.461
306.388
306.302
306.192
306.041
302.625
302.696
302.764
302.83
302.892
302.95
303.005
303.056
303.105
303.151
303.196
303.238
303.279
303.319
303.357
303.395
303.431
303.466
303.501
303.535
303.568
303.601
303.633
303.665
303.697
303.728
303.758
303.789
303.818
303.848
303.877
303.906
303.935
303.963
303.991
304.019
304.047
304.074
304.101
304.128
304.155
304.182
304.209
304.236
304.262
304.289
304.315
304.342
304.368
304.394
304.42
304.446
304.472
304.498
304.524
304.55
304.576
304.602
304.628
304.653
304.678
304.704
304.729
304.754
304.78
304.805
304.83
304.856
304.881
304.906
304.932
304.957
304.982
305.007
305.032
305.057
305.082
305.107
305.132
305.158
305.183
305.209
305.234
305.259
305.284
305.309
305.334
305.36
305.385
305.41
305.435
305.46
305.486
305.512
305.538
305.564
305.59
305.616
305.642
305.668
305.694
305.719
305.745
305.771
305.798
305.824
305.851
305.876
305.902
305.928
305.954
305.981
306.009
306.036
306.063
306.089
306.115
306.142
306.169
306.195
306.22
306.246
306.271
306.297
306.322
306.347
306.371
306.395
306.42
306.444
306.468
306.491
306.513
306.535
306.555
306.575
306.593
306.61
306.625
306.639
306.652
306.662
306.671
306.677
306.681
306.683
306.682
306.677
306.669
306.657
306.641
306.62
306.595
306.564
306.526
306.48
306.423
306.35
306.261
306.15
305.999
302.558
302.623
302.687
302.748
302.807
302.864
302.917
302.969
303.017
303.064
303.109
303.152
303.194
303.234
303.273
303.311
303.348
303.385
303.42
303.454
303.488
303.522
303.555
303.587
303.619
303.651
303.682
303.713
303.743
303.773
303.803
303.832
303.861
303.89
303.918
303.947
303.975
304.002
304.03
304.058
304.085
304.112
304.139
304.166
304.193
304.22
304.247
304.274
304.3
304.327
304.353
304.379
304.406
304.432
304.458
304.484
304.511
304.537
304.563
304.588
304.614
304.64
304.665
304.691
304.716
304.742
304.768
304.793
304.819
304.844
304.87
304.895
304.921
304.946
304.971
304.997
305.022
305.047
305.073
305.099
305.124
305.15
305.176
305.201
305.226
305.252
305.277
305.303
305.328
305.354
305.379
305.405
305.431
305.457
305.484
305.51
305.536
305.563
305.589
305.615
305.641
305.667
305.693
305.72
305.746
305.773
305.8
305.826
305.852
305.879
305.905
305.932
305.96
305.987
306.014
306.041
306.068
306.095
306.122
306.148
306.174
306.2
306.227
306.253
306.278
306.303
306.328
306.353
306.378
306.402
306.426
306.45
306.473
306.494
306.515
306.535
306.554
306.571
306.587
306.602
306.614
306.625
306.634
306.641
306.645
306.647
306.646
306.642
306.634
306.622
306.606
306.585
306.56
306.528
306.489
306.442
306.384
306.31
306.22
306.107
305.958
302.493
302.553
302.612
302.669
302.725
302.779
302.831
302.882
302.93
302.976
303.021
303.065
303.107
303.147
303.187
303.226
303.263
303.3
303.336
303.371
303.406
303.439
303.473
303.506
303.538
303.57
303.602
303.633
303.664
303.694
303.724
303.754
303.784
303.813
303.842
303.87
303.899
303.927
303.955
303.983
304.011
304.038
304.066
304.093
304.121
304.148
304.175
304.202
304.229
304.255
304.282
304.309
304.335
304.362
304.388
304.415
304.441
304.468
304.494
304.52
304.546
304.572
304.598
304.623
304.649
304.675
304.701
304.727
304.753
304.779
304.805
304.83
304.856
304.882
304.907
304.933
304.959
304.984
305.01
305.036
305.062
305.088
305.114
305.14
305.165
305.191
305.217
305.243
305.268
305.294
305.32
305.346
305.373
305.399
305.425
305.452
305.479
305.505
305.532
305.558
305.585
305.611
305.638
305.665
305.692
305.719
305.746
305.772
305.799
305.826
305.853
305.88
305.908
305.936
305.963
305.99
306.018
306.045
306.072
306.099
306.126
306.152
306.179
306.205
306.231
306.257
306.282
306.308
306.333
306.358
306.382
306.406
306.429
306.451
306.473
306.493
306.512
306.53
306.547
306.561
306.575
306.586
306.595
306.603
306.607
306.61
306.609
306.605
306.597
306.585
306.569
306.548
306.522
306.49
306.451
306.403
306.343
306.269
306.178
306.065
305.919
302.428
302.483
302.538
302.592
302.645
302.696
302.747
302.795
302.843
302.889
302.933
302.976
303.018
303.059
303.099
303.138
303.176
303.213
303.249
303.285
303.32
303.354
303.388
303.421
303.454
303.486
303.518
303.55
303.581
303.612
303.642
303.673
303.702
303.732
303.761
303.79
303.819
303.848
303.876
303.905
303.933
303.961
303.989
304.016
304.044
304.071
304.099
304.126
304.153
304.18
304.207
304.234
304.261
304.288
304.315
304.341
304.368
304.395
304.421
304.447
304.474
304.5
304.526
304.552
304.579
304.605
304.631
304.657
304.683
304.709
304.735
304.761
304.787
304.813
304.839
304.865
304.891
304.917
304.943
304.97
304.996
305.022
305.048
305.074
305.1
305.126
305.153
305.179
305.205
305.231
305.257
305.284
305.31
305.337
305.364
305.391
305.418
305.445
305.472
305.498
305.525
305.552
305.579
305.606
305.634
305.661
305.688
305.715
305.743
305.77
305.797
305.825
305.853
305.881
305.909
305.937
305.964
305.992
306.02
306.047
306.074
306.101
306.128
306.155
306.181
306.207
306.233
306.259
306.285
306.31
306.335
306.359
306.383
306.406
306.428
306.448
306.468
306.486
306.503
306.519
306.533
306.544
306.554
306.562
306.567
306.57
306.569
306.565
306.558
306.546
306.53
306.509
306.483
306.45
306.41
306.361
306.301
306.226
306.135
306.022
305.881
302.363
302.414
302.465
302.516
302.566
302.615
302.663
302.71
302.756
302.801
302.845
302.887
302.929
302.969
303.009
303.048
303.086
303.123
303.16
303.196
303.231
303.266
303.3
303.333
303.367
303.399
303.432
303.463
303.495
303.526
303.557
303.588
303.618
303.648
303.677
303.707
303.736
303.765
303.794
303.822
303.851
303.879
303.907
303.935
303.963
303.991
304.019
304.046
304.074
304.101
304.128
304.156
304.183
304.21
304.237
304.264
304.291
304.318
304.344
304.371
304.398
304.424
304.451
304.477
304.504
304.53
304.557
304.583
304.61
304.636
304.662
304.689
304.715
304.741
304.767
304.794
304.82
304.846
304.873
304.899
304.926
304.952
304.979
305.005
305.032
305.058
305.085
305.111
305.138
305.164
305.191
305.218
305.245
305.272
305.299
305.326
305.353
305.38
305.408
305.435
305.462
305.49
305.517
305.544
305.572
305.6
305.627
305.655
305.683
305.71
305.738
305.766
305.795
305.823
305.851
305.879
305.908
305.936
305.964
305.992
306.019
306.047
306.074
306.101
306.128
306.155
306.182
306.208
306.234
306.26
306.285
306.31
306.334
306.357
306.38
306.401
306.421
306.44
306.458
306.474
306.488
306.5
306.511
306.519
306.524
306.527
306.527
306.524
306.516
306.505
306.489
306.468
306.442
306.409
306.368
306.319
306.258
306.183
306.092
305.98
305.843
302.298
302.346
302.394
302.441
302.488
302.535
302.58
302.626
302.67
302.713
302.756
302.798
302.839
302.879
302.918
302.957
302.995
303.032
303.069
303.105
303.14
303.175
303.209
303.243
303.276
303.309
303.342
303.374
303.406
303.437
303.468
303.499
303.53
303.56
303.59
303.62
303.649
303.678
303.708
303.736
303.765
303.794
303.822
303.851
303.879
303.907
303.935
303.963
303.99
304.018
304.046
304.073
304.101
304.128
304.155
304.182
304.21
304.237
304.264
304.291
304.318
304.345
304.371
304.398
304.425
304.452
304.478
304.505
304.532
304.559
304.585
304.612
304.639
304.665
304.692
304.718
304.745
304.772
304.798
304.825
304.852
304.879
304.906
304.932
304.959
304.986
305.013
305.04
305.067
305.094
305.121
305.148
305.175
305.202
305.23
305.257
305.285
305.313
305.34
305.368
305.396
305.423
305.451
305.479
305.507
305.535
305.563
305.591
305.619
305.648
305.676
305.704
305.733
305.762
305.79
305.819
305.847
305.876
305.904
305.933
305.961
305.989
306.017
306.045
306.072
306.1
306.127
306.154
306.18
306.206
306.232
306.258
306.282
306.306
306.329
306.351
306.372
306.391
306.409
306.426
306.441
306.454
306.464
306.473
306.479
306.482
306.483
306.48
306.473
306.462
306.446
306.425
306.398
306.365
306.324
306.274
306.213
306.138
306.048
305.938
305.807
302.233
302.278
302.322
302.367
302.411
302.455
302.499
302.542
302.584
302.626
302.668
302.709
302.749
302.788
302.827
302.865
302.902
302.939
302.976
303.012
303.047
303.082
303.116
303.15
303.183
303.216
303.249
303.281
303.313
303.345
303.376
303.407
303.438
303.469
303.499
303.529
303.559
303.588
303.618
303.647
303.676
303.705
303.733
303.762
303.791
303.819
303.847
303.875
303.903
303.931
303.959
303.987
304.015
304.042
304.07
304.097
304.125
304.152
304.179
304.207
304.234
304.261
304.288
304.315
304.342
304.369
304.396
304.423
304.45
304.477
304.504
304.531
304.558
304.585
304.612
304.639
304.666
304.693
304.72
304.747
304.774
304.801
304.829
304.856
304.883
304.91
304.937
304.964
304.992
305.019
305.047
305.074
305.102
305.129
305.157
305.185
305.213
305.241
305.269
305.297
305.325
305.353
305.382
305.41
305.438
305.467
305.495
305.524
305.552
305.581
305.61
305.639
305.668
305.697
305.726
305.755
305.784
305.813
305.842
305.871
305.899
305.928
305.956
305.985
306.013
306.041
306.068
306.096
306.123
306.15
306.176
306.202
306.227
306.252
306.275
306.298
306.319
306.339
306.358
306.375
306.39
306.404
306.416
306.425
306.431
306.435
306.436
306.433
306.427
306.416
306.4
306.38
306.353
306.32
306.279
306.228
306.167
306.093
306.004
305.897
305.77
302.169
302.21
302.252
302.293
302.335
302.377
302.418
302.459
302.5
302.54
302.58
302.619
302.658
302.697
302.735
302.772
302.809
302.846
302.882
302.917
302.952
302.987
303.021
303.055
303.088
303.121
303.154
303.186
303.218
303.25
303.282
303.313
303.344
303.374
303.405
303.435
303.465
303.495
303.524
303.554
303.583
303.612
303.641
303.67
303.699
303.727
303.756
303.784
303.812
303.841
303.869
303.897
303.925
303.953
303.98
304.008
304.036
304.063
304.091
304.119
304.146
304.173
304.201
304.228
304.256
304.283
304.31
304.338
304.365
304.392
304.419
304.447
304.474
304.501
304.529
304.556
304.583
304.61
304.638
304.665
304.693
304.72
304.748
304.775
304.803
304.83
304.858
304.885
304.913
304.941
304.969
304.997
305.025
305.053
305.081
305.109
305.137
305.166
305.194
305.222
305.251
305.28
305.308
305.337
305.366
305.395
305.424
305.453
305.482
305.511
305.54
305.569
305.599
305.628
305.658
305.687
305.717
305.746
305.776
305.805
305.834
305.863
305.892
305.921
305.95
305.979
306.007
306.035
306.062
306.09
306.117
306.143
306.169
306.194
306.218
306.241
306.263
306.284
306.303
306.321
306.337
306.352
306.364
306.374
306.381
306.385
306.387
306.384
306.378
306.368
306.353
306.332
306.306
306.273
306.232
306.181
306.12
306.047
305.959
305.856
305.735
302.104
302.142
302.181
302.221
302.26
302.299
302.338
302.377
302.416
302.454
302.493
302.531
302.568
302.606
302.643
302.679
302.715
302.751
302.786
302.822
302.856
302.89
302.924
302.958
302.991
303.024
303.057
303.089
303.121
303.153
303.184
303.215
303.246
303.277
303.308
303.338
303.368
303.398
303.428
303.458
303.487
303.516
303.545
303.574
303.603
303.632
303.661
303.689
303.718
303.746
303.775
303.803
303.831
303.859
303.887
303.915
303.943
303.971
303.999
304.027
304.054
304.082
304.11
304.138
304.165
304.193
304.22
304.248
304.276
304.303
304.331
304.358
304.386
304.413
304.441
304.469
304.496
304.524
304.552
304.579
304.607
304.635
304.663
304.691
304.718
304.746
304.774
304.802
304.83
304.859
304.887
304.915
304.943
304.972
305
305.029
305.058
305.086
305.115
305.144
305.173
305.202
305.231
305.26
305.29
305.319
305.348
305.378
305.407
305.437
305.467
305.496
305.526
305.556
305.586
305.616
305.646
305.676
305.706
305.736
305.766
305.796
305.825
305.855
305.884
305.913
305.942
305.97
305.999
306.027
306.054
306.081
306.107
306.133
306.158
306.182
306.204
306.226
306.246
306.265
306.281
306.296
306.309
306.32
306.328
306.333
306.335
306.333
306.327
306.318
306.303
306.283
306.257
306.224
306.183
306.133
306.073
306.001
305.915
305.814
305.699
302.039
302.075
302.112
302.148
302.185
302.222
302.259
302.296
302.333
302.369
302.406
302.443
302.479
302.515
302.551
302.586
302.621
302.656
302.691
302.725
302.759
302.793
302.827
302.86
302.893
302.925
302.958
302.99
303.022
303.053
303.085
303.116
303.147
303.178
303.208
303.238
303.269
303.299
303.329
303.358
303.388
303.417
303.447
303.476
303.505
303.534
303.563
303.591
303.62
303.649
303.677
303.706
303.734
303.762
303.791
303.819
303.847
303.875
303.903
303.931
303.959
303.987
304.015
304.043
304.071
304.099
304.127
304.155
304.182
304.21
304.238
304.266
304.294
304.322
304.35
304.378
304.406
304.434
304.462
304.49
304.518
304.546
304.574
304.602
304.631
304.659
304.687
304.716
304.744
304.773
304.801
304.83
304.859
304.887
304.916
304.945
304.974
305.004
305.033
305.062
305.091
305.121
305.15
305.18
305.21
305.24
305.269
305.299
305.329
305.359
305.39
305.42
305.45
305.481
305.511
305.542
305.572
305.603
305.633
305.663
305.694
305.724
305.754
305.784
305.814
305.844
305.873
305.902
305.931
305.96
305.988
306.016
306.043
306.069
306.094
306.119
306.142
306.164
306.185
306.205
306.222
306.238
306.252
306.263
306.271
306.277
306.28
306.279
306.274
306.265
306.251
306.231
306.205
306.173
306.133
306.083
306.024
305.953
305.87
305.774
305.664
301.974
302.008
302.042
302.076
302.111
302.146
302.181
302.216
302.25
302.285
302.32
302.355
302.39
302.425
302.459
302.493
302.527
302.561
302.595
302.629
302.662
302.695
302.728
302.761
302.793
302.825
302.857
302.889
302.921
302.952
302.983
303.014
303.045
303.076
303.106
303.137
303.167
303.197
303.227
303.256
303.286
303.315
303.345
303.374
303.403
303.432
303.461
303.49
303.519
303.548
303.576
303.605
303.634
303.662
303.69
303.719
303.747
303.776
303.804
303.832
303.86
303.889
303.917
303.945
303.973
304.001
304.029
304.057
304.086
304.114
304.142
304.17
304.198
304.226
304.255
304.283
304.311
304.339
304.368
304.396
304.425
304.453
304.482
304.51
304.539
304.567
304.596
304.625
304.654
304.683
304.712
304.741
304.77
304.799
304.828
304.858
304.887
304.917
304.947
304.976
305.006
305.036
305.066
305.096
305.126
305.156
305.187
305.217
305.248
305.278
305.309
305.34
305.37
305.401
305.432
305.463
305.494
305.525
305.556
305.587
305.618
305.649
305.68
305.71
305.741
305.771
305.801
305.831
305.86
305.89
305.918
305.947
305.974
306.001
306.027
306.053
306.077
306.1
306.121
306.141
306.16
306.176
306.191
306.203
306.212
306.219
306.222
306.222
306.218
306.209
306.196
306.177
306.152
306.12
306.081
306.033
305.975
305.906
305.825
305.733
305.628
301.909
301.941
301.973
302.005
302.038
302.07
302.103
302.136
302.169
302.202
302.236
302.269
302.302
302.335
302.368
302.401
302.434
302.467
302.5
302.532
302.565
302.597
302.629
302.661
302.693
302.725
302.756
302.787
302.819
302.85
302.881
302.911
302.942
302.972
303.003
303.033
303.063
303.093
303.122
303.152
303.182
303.211
303.241
303.27
303.299
303.328
303.357
303.386
303.415
303.444
303.473
303.501
303.53
303.559
303.587
303.616
303.644
303.673
303.701
303.73
303.758
303.787
303.815
303.843
303.872
303.9
303.929
303.957
303.985
304.014
304.042
304.071
304.099
304.128
304.156
304.185
304.213
304.242
304.27
304.299
304.328
304.357
304.386
304.414
304.443
304.472
304.502
304.531
304.56
304.589
304.619
304.648
304.678
304.707
304.737
304.767
304.797
304.827
304.857
304.887
304.917
304.947
304.978
305.008
305.039
305.07
305.101
305.131
305.162
305.193
305.225
305.256
305.287
305.318
305.35
305.381
305.413
305.444
305.476
305.507
305.539
305.57
305.602
305.633
305.664
305.695
305.725
305.756
305.786
305.816
305.845
305.874
305.903
305.93
305.957
305.983
306.008
306.032
306.054
306.075
306.094
306.112
306.127
306.14
306.15
306.158
306.162
306.163
306.159
306.152
306.139
306.121
306.097
306.066
306.027
305.98
305.924
305.858
305.78
305.692
305.592
301.845
301.875
301.905
301.935
301.965
301.996
302.027
302.058
302.089
302.12
302.152
302.183
302.215
302.247
302.278
302.31
302.342
302.373
302.405
302.436
302.468
302.499
302.53
302.561
302.593
302.624
302.654
302.685
302.716
302.746
302.777
302.807
302.837
302.868
302.898
302.927
302.957
302.987
303.017
303.046
303.076
303.105
303.134
303.164
303.193
303.222
303.251
303.28
303.309
303.338
303.366
303.395
303.424
303.453
303.481
303.51
303.539
303.567
303.596
303.624
303.653
303.682
303.71
303.739
303.767
303.796
303.825
303.853
303.882
303.91
303.939
303.968
303.997
304.025
304.054
304.083
304.112
304.141
304.17
304.199
304.228
304.257
304.286
304.315
304.345
304.374
304.403
304.433
304.463
304.492
304.522
304.552
304.582
304.612
304.642
304.672
304.702
304.733
304.763
304.794
304.825
304.855
304.886
304.917
304.948
304.98
305.011
305.042
305.074
305.105
305.137
305.168
305.2
305.232
305.264
305.296
305.328
305.36
305.392
305.424
305.456
305.488
305.52
305.552
305.584
305.615
305.646
305.677
305.708
305.739
305.769
305.798
305.827
305.856
305.883
305.91
305.936
305.96
305.983
306.005
306.025
306.044
306.06
306.074
306.085
306.093
306.098
306.1
306.098
306.091
306.079
306.062
306.039
306.01
305.973
305.927
305.873
305.809
305.735
305.651
305.557
301.781
301.809
301.837
301.865
301.894
301.922
301.951
301.981
302.01
302.04
302.069
302.099
302.129
302.159
302.19
302.22
302.25
302.281
302.311
302.341
302.372
302.402
302.432
302.462
302.493
302.523
302.553
302.583
302.613
302.643
302.673
302.703
302.732
302.762
302.792
302.821
302.851
302.88
302.91
302.939
302.968
302.997
303.026
303.056
303.085
303.114
303.142
303.171
303.2
303.229
303.258
303.287
303.316
303.344
303.373
303.402
303.43
303.459
303.488
303.517
303.545
303.574
303.603
303.631
303.66
303.689
303.718
303.747
303.775
303.804
303.833
303.862
303.891
303.92
303.949
303.978
304.007
304.036
304.066
304.095
304.124
304.154
304.183
304.213
304.243
304.272
304.302
304.332
304.362
304.392
304.422
304.452
304.483
304.513
304.544
304.574
304.605
304.636
304.667
304.698
304.729
304.76
304.791
304.823
304.854
304.886
304.918
304.95
304.981
305.013
305.046
305.078
305.11
305.142
305.175
305.207
305.24
305.272
305.305
305.338
305.37
305.403
305.435
305.468
305.5
305.532
305.564
305.596
305.627
305.658
305.689
305.719
305.749
305.778
305.806
305.834
305.86
305.885
305.909
305.932
305.953
305.972
305.989
306.004
306.016
306.026
306.032
306.035
306.033
306.028
306.017
306.002
305.98
305.952
305.916
305.873
305.821
305.76
305.689
305.609
305.52
301.718
301.744
301.77
301.796
301.823
301.85
301.877
301.905
301.933
301.96
301.989
302.017
302.045
302.074
302.103
302.131
302.16
302.189
302.218
302.247
302.277
302.306
302.335
302.364
302.394
302.423
302.452
302.481
302.511
302.54
302.569
302.598
302.627
302.657
302.686
302.715
302.744
302.773
302.802
302.831
302.86
302.889
302.917
302.946
302.975
303.004
303.033
303.062
303.09
303.119
303.148
303.177
303.205
303.234
303.263
303.291
303.32
303.349
303.378
303.406
303.435
303.464
303.493
303.522
303.551
303.579
303.608
303.637
303.666
303.695
303.724
303.754
303.783
303.812
303.841
303.871
303.9
303.929
303.959
303.989
304.018
304.048
304.078
304.108
304.138
304.168
304.198
304.228
304.258
304.289
304.319
304.35
304.381
304.411
304.442
304.473
304.504
304.536
304.567
304.598
304.63
304.662
304.693
304.725
304.757
304.789
304.822
304.854
304.886
304.919
304.951
304.984
305.017
305.05
305.083
305.116
305.149
305.182
305.215
305.248
305.281
305.314
305.347
305.38
305.413
305.445
305.478
305.51
305.542
305.574
305.605
305.636
305.667
305.696
305.725
305.754
305.781
305.807
305.832
305.855
305.877
305.897
305.915
305.931
305.944
305.955
305.962
305.966
305.966
305.962
305.953
305.938
305.918
305.891
305.858
305.817
305.767
305.71
305.643
305.567
305.483
301.655
301.68
301.704
301.729
301.754
301.779
301.805
301.831
301.857
301.883
301.909
301.936
301.963
301.99
302.017
302.045
302.072
302.1
302.127
302.155
302.183
302.211
302.239
302.268
302.296
302.324
302.352
302.381
302.409
302.438
302.466
302.494
302.523
302.551
302.58
302.608
302.637
302.665
302.694
302.723
302.751
302.78
302.808
302.837
302.865
302.894
302.922
302.951
302.979
303.008
303.037
303.065
303.094
303.122
303.151
303.18
303.208
303.237
303.266
303.295
303.324
303.352
303.381
303.41
303.439
303.468
303.497
303.526
303.555
303.585
303.614
303.643
303.672
303.702
303.731
303.761
303.79
303.82
303.85
303.88
303.91
303.94
303.97
304
304.03
304.061
304.091
304.122
304.152
304.183
304.214
304.245
304.276
304.307
304.338
304.37
304.401
304.433
304.464
304.496
304.528
304.56
304.593
304.625
304.657
304.69
304.723
304.755
304.788
304.821
304.854
304.887
304.921
304.954
304.987
305.021
305.054
305.088
305.121
305.155
305.189
305.222
305.256
305.289
305.323
305.356
305.389
305.422
305.455
305.487
305.519
305.55
305.581
305.612
305.641
305.67
305.698
305.725
305.751
305.775
305.798
305.819
305.838
305.855
305.869
305.881
305.889
305.894
305.896
305.893
305.885
305.872
305.854
305.829
305.798
305.759
305.713
305.658
305.596
305.525
305.446
301.594
301.617
301.639
301.663
301.686
301.71
301.734
301.758
301.782
301.807
301.832
301.857
301.883
301.908
301.934
301.96
301.986
302.012
302.039
302.065
302.092
302.119
302.146
302.173
302.2
302.227
302.254
302.282
302.309
302.337
302.364
302.392
302.42
302.447
302.475
302.503
302.531
302.559
302.587
302.615
302.643
302.671
302.699
302.727
302.755
302.784
302.812
302.84
302.868
302.897
302.925
302.953
302.982
303.01
303.039
303.067
303.096
303.125
303.153
303.182
303.211
303.24
303.268
303.297
303.326
303.355
303.384
303.414
303.443
303.472
303.501
303.531
303.56
303.59
303.62
303.649
303.679
303.709
303.739
303.769
303.799
303.829
303.86
303.89
303.921
303.951
303.982
304.013
304.044
304.075
304.106
304.137
304.169
304.2
304.232
304.264
304.296
304.328
304.36
304.392
304.424
304.457
304.489
304.522
304.555
304.588
304.621
304.654
304.687
304.721
304.754
304.788
304.822
304.855
304.889
304.923
304.957
304.991
305.025
305.059
305.094
305.128
305.162
305.196
305.23
305.263
305.297
305.33
305.364
305.397
305.429
305.461
305.493
305.524
305.554
305.584
305.613
305.64
305.667
305.692
305.715
305.737
305.757
305.775
305.791
305.803
305.813
305.82
305.822
305.821
305.815
305.804
305.787
305.765
305.736
305.7
305.657
305.606
305.547
305.481
305.407
301.534
301.555
301.576
301.598
301.62
301.642
301.664
301.687
301.71
301.733
301.757
301.781
301.804
301.829
301.853
301.877
301.902
301.927
301.952
301.977
302.003
302.028
302.054
302.08
302.106
302.132
302.158
302.185
302.211
302.238
302.264
302.291
302.318
302.345
302.372
302.399
302.426
302.454
302.481
302.508
302.536
302.563
302.591
302.619
302.646
302.674
302.702
302.73
302.758
302.786
302.814
302.842
302.87
302.898
302.926
302.955
302.983
303.012
303.04
303.069
303.097
303.126
303.155
303.184
303.213
303.242
303.271
303.3
303.329
303.359
303.388
303.418
303.447
303.477
303.507
303.537
303.567
303.597
303.627
303.657
303.687
303.718
303.748
303.779
303.81
303.841
303.872
303.903
303.934
303.965
303.997
304.028
304.06
304.092
304.124
304.156
304.188
304.22
304.253
304.286
304.318
304.351
304.384
304.417
304.451
304.484
304.517
304.551
304.585
304.619
304.652
304.686
304.721
304.755
304.789
304.823
304.858
304.892
304.927
304.962
304.996
305.031
305.065
305.1
305.134
305.168
305.202
305.236
305.27
305.304
305.337
305.369
305.401
305.433
305.464
305.494
305.524
305.552
305.579
305.605
305.63
305.653
305.673
305.692
305.709
305.723
305.734
305.741
305.746
305.746
305.741
305.732
305.718
305.698
305.672
305.639
305.599
305.552
305.497
305.436
305.367
301.475
301.495
301.515
301.535
301.556
301.576
301.597
301.619
301.64
301.662
301.684
301.706
301.729
301.752
301.775
301.798
301.821
301.845
301.869
301.893
301.917
301.941
301.966
301.99
302.015
302.04
302.065
302.091
302.116
302.142
302.167
302.193
302.219
302.245
302.271
302.298
302.324
302.35
302.377
302.404
302.431
302.457
302.484
302.511
302.539
302.566
302.593
302.621
302.648
302.676
302.703
302.731
302.759
302.787
302.815
302.843
302.871
302.899
302.928
302.956
302.985
303.013
303.042
303.071
303.1
303.129
303.158
303.187
303.216
303.245
303.275
303.304
303.334
303.364
303.394
303.423
303.454
303.484
303.514
303.544
303.575
303.605
303.636
303.667
303.698
303.729
303.76
303.792
303.823
303.855
303.886
303.918
303.95
303.982
304.015
304.047
304.08
304.112
304.145
304.178
304.211
304.244
304.278
304.311
304.345
304.378
304.412
304.446
304.48
304.515
304.549
304.583
304.618
304.652
304.687
304.722
304.757
304.792
304.827
304.862
304.897
304.932
304.966
305.001
305.036
305.071
305.105
305.14
305.174
305.208
305.241
305.275
305.307
305.34
305.371
305.402
305.432
305.461
305.489
305.516
305.541
305.564
305.586
305.606
305.624
305.639
305.651
305.66
305.666
305.668
305.665
305.658
305.646
305.628
305.605
305.575
305.539
305.496
305.446
305.389
305.325
301.418
301.436
301.455
301.474
301.493
301.513
301.533
301.553
301.573
301.593
301.614
301.635
301.656
301.678
301.699
301.721
301.743
301.766
301.788
301.811
301.834
301.857
301.88
301.904
301.927
301.951
301.975
302
302.024
302.048
302.073
302.098
302.123
302.148
302.173
302.199
302.224
302.25
302.276
302.302
302.328
302.354
302.38
302.407
302.433
302.46
302.487
302.514
302.541
302.568
302.595
302.622
302.65
302.677
302.705
302.733
302.761
302.789
302.817
302.845
302.873
302.901
302.93
302.959
302.987
303.016
303.045
303.074
303.103
303.133
303.162
303.192
303.221
303.251
303.281
303.311
303.341
303.371
303.401
303.432
303.463
303.493
303.524
303.555
303.586
303.618
303.649
303.68
303.712
303.744
303.776
303.808
303.84
303.873
303.905
303.938
303.971
304.003
304.037
304.07
304.103
304.137
304.17
304.204
304.238
304.272
304.306
304.341
304.375
304.41
304.444
304.479
304.514
304.549
304.584
304.619
304.654
304.689
304.725
304.76
304.795
304.831
304.866
304.901
304.937
304.972
305.007
305.041
305.076
305.11
305.144
305.178
305.211
305.244
305.276
305.307
305.338
305.367
305.396
305.423
305.449
305.473
305.496
305.517
305.536
305.552
305.565
305.576
305.583
305.586
305.586
305.581
305.571
305.556
305.535
305.509
305.476
305.437
305.392
305.339
305.281
301.363
301.38
301.398
301.416
301.434
301.452
301.471
301.489
301.508
301.527
301.547
301.567
301.587
301.607
301.627
301.648
301.669
301.69
301.711
301.733
301.754
301.776
301.799
301.821
301.843
301.866
301.889
301.912
301.936
301.959
301.983
302.007
302.031
302.055
302.079
302.104
302.128
302.153
302.178
302.203
302.229
302.254
302.28
302.306
302.331
302.357
302.384
302.41
302.436
302.463
302.49
302.516
302.543
302.57
302.598
302.625
302.652
302.68
302.708
302.736
302.764
302.792
302.82
302.848
302.877
302.906
302.934
302.963
302.992
303.022
303.051
303.08
303.11
303.14
303.169
303.199
303.229
303.26
303.29
303.321
303.351
303.382
303.413
303.444
303.475
303.507
303.538
303.57
303.602
303.634
303.666
303.698
303.731
303.763
303.796
303.829
303.862
303.895
303.928
303.962
303.995
304.029
304.063
304.097
304.131
304.166
304.2
304.235
304.269
304.304
304.339
304.374
304.409
304.445
304.48
304.516
304.551
304.587
304.622
304.658
304.693
304.729
304.765
304.8
304.836
304.871
304.906
304.941
304.976
305.011
305.045
305.079
305.113
305.146
305.178
305.21
305.241
305.271
305.3
305.328
305.355
305.38
305.403
305.425
305.444
305.462
305.476
305.488
305.497
305.502
305.503
305.5
305.493
305.48
305.463
305.44
305.411
305.376
305.335
305.287
305.234
301.311
301.327
301.343
301.36
301.377
301.394
301.411
301.429
301.447
301.465
301.483
301.502
301.521
301.54
301.559
301.578
301.598
301.618
301.638
301.659
301.679
301.7
301.721
301.742
301.764
301.785
301.807
301.829
301.852
301.874
301.897
301.92
301.943
301.966
301.989
302.013
302.037
302.061
302.085
302.109
302.134
302.158
302.183
302.208
302.233
302.259
302.284
302.31
302.336
302.362
302.388
302.414
302.441
302.467
302.494
302.521
302.548
302.575
302.602
302.63
302.657
302.685
302.713
302.741
302.77
302.798
302.827
302.855
302.884
302.913
302.942
302.972
303.001
303.031
303.06
303.09
303.12
303.151
303.181
303.211
303.242
303.273
303.304
303.335
303.366
303.398
303.43
303.461
303.493
303.525
303.558
303.59
303.623
303.655
303.688
303.721
303.754
303.788
303.821
303.855
303.889
303.923
303.957
303.991
304.025
304.06
304.095
304.13
304.164
304.2
304.235
304.27
304.305
304.341
304.376
304.412
304.448
304.484
304.519
304.555
304.591
304.627
304.663
304.699
304.734
304.77
304.805
304.841
304.876
304.911
304.945
304.979
305.013
305.046
305.079
305.111
305.142
305.173
305.202
305.231
305.258
305.284
305.308
305.33
305.35
305.369
305.384
305.397
305.407
305.414
305.417
305.416
305.411
305.402
305.387
305.367
305.342
305.311
305.275
305.232
305.184
301.261
301.276
301.292
301.307
301.323
301.339
301.356
301.372
301.389
301.406
301.423
301.441
301.458
301.476
301.494
301.513
301.532
301.55
301.569
301.589
301.608
301.628
301.648
301.668
301.689
301.709
301.73
301.751
301.772
301.794
301.816
301.837
301.86
301.882
301.904
301.927
301.95
301.973
301.996
302.02
302.044
302.067
302.092
302.116
302.14
302.165
302.19
302.215
302.24
302.265
302.291
302.316
302.342
302.368
302.395
302.421
302.447
302.474
302.501
302.528
302.555
302.583
302.61
302.638
302.666
302.694
302.723
302.751
302.78
302.808
302.837
302.866
302.896
302.925
302.955
302.985
303.015
303.045
303.075
303.106
303.136
303.167
303.198
303.229
303.26
303.292
303.324
303.355
303.387
303.42
303.452
303.484
303.517
303.55
303.583
303.616
303.649
303.683
303.716
303.75
303.784
303.818
303.852
303.887
303.921
303.956
303.991
304.026
304.061
304.096
304.132
304.167
304.203
304.238
304.274
304.31
304.346
304.381
304.417
304.453
304.489
304.525
304.561
304.597
304.633
304.669
304.704
304.74
304.775
304.81
304.844
304.879
304.913
304.946
304.979
305.011
305.043
305.073
305.103
305.132
305.159
305.185
305.21
305.233
305.254
305.273
305.29
305.304
305.315
305.324
305.329
305.33
305.327
305.32
305.308
305.292
305.27
305.244
305.211
305.174
305.131
301.214
301.229
301.243
301.258
301.273
301.288
301.303
301.319
301.335
301.351
301.367
301.384
301.4
301.417
301.435
301.452
301.47
301.487
301.505
301.524
301.542
301.561
301.58
301.599
301.619
301.638
301.658
301.678
301.699
301.719
301.74
301.761
301.782
301.803
301.825
301.847
301.869
301.891
301.914
301.936
301.959
301.982
302.006
302.029
302.053
302.077
302.101
302.125
302.15
302.174
302.199
302.224
302.249
302.275
302.301
302.326
302.353
302.379
302.405
302.432
302.459
302.486
302.513
302.54
302.568
302.596
302.624
302.652
302.68
302.709
302.737
302.766
302.795
302.824
302.854
302.884
302.913
302.943
302.974
303.004
303.034
303.065
303.096
303.127
303.158
303.19
303.222
303.253
303.285
303.317
303.35
303.382
303.415
303.448
303.481
303.514
303.547
303.581
303.615
303.649
303.683
303.717
303.751
303.786
303.82
303.855
303.89
303.925
303.96
303.995
304.031
304.066
304.102
304.138
304.173
304.209
304.245
304.281
304.317
304.353
304.389
304.425
304.461
304.497
304.533
304.568
304.604
304.639
304.674
304.709
304.744
304.778
304.812
304.845
304.878
304.911
304.942
304.973
305.003
305.032
305.059
305.086
305.111
305.134
305.156
305.176
305.193
305.209
305.221
305.231
305.237
305.24
305.24
305.235
305.226
305.213
305.195
305.172
305.144
305.111
305.073
301.171
301.185
301.198
301.212
301.226
301.241
301.255
301.27
301.285
301.3
301.316
301.331
301.347
301.363
301.379
301.396
301.413
301.429
301.447
301.464
301.482
301.499
301.518
301.536
301.554
301.573
301.592
301.611
301.631
301.65
301.67
301.69
301.711
301.731
301.752
301.773
301.794
301.815
301.837
301.859
301.881
301.903
301.926
301.949
301.972
301.995
302.018
302.042
302.066
302.09
302.114
302.138
302.163
302.188
302.213
302.238
302.264
302.29
302.316
302.342
302.368
302.395
302.422
302.449
302.476
302.503
302.531
302.559
302.587
302.615
302.643
302.672
302.701
302.73
302.759
302.788
302.818
302.848
302.878
302.908
302.938
302.969
303
303.031
303.062
303.093
303.125
303.156
303.188
303.22
303.253
303.285
303.318
303.351
303.384
303.417
303.45
303.484
303.517
303.551
303.585
303.62
303.654
303.688
303.723
303.758
303.793
303.828
303.863
303.898
303.933
303.969
304.004
304.04
304.076
304.112
304.147
304.183
304.219
304.255
304.291
304.327
304.363
304.398
304.434
304.47
304.505
304.54
304.575
304.61
304.644
304.679
304.712
304.745
304.778
304.81
304.842
304.872
304.902
304.931
304.959
304.986
305.011
305.035
305.057
305.077
305.095
305.111
305.125
305.135
305.143
305.148
305.15
305.147
305.141
305.131
305.116
305.097
305.073
305.045
305.012
301.132
301.144
301.157
301.171
301.184
301.198
301.211
301.225
301.24
301.254
301.269
301.283
301.298
301.314
301.329
301.345
301.361
301.377
301.393
301.41
301.427
301.444
301.461
301.478
301.496
301.514
301.532
301.55
301.569
301.588
301.607
301.626
301.646
301.665
301.685
301.706
301.726
301.747
301.768
301.789
301.81
301.832
301.853
301.875
301.898
301.92
301.943
301.966
301.989
302.013
302.036
302.06
302.084
302.108
302.133
302.158
302.183
302.208
302.233
302.259
302.285
302.311
302.337
302.364
302.391
302.418
302.445
302.472
302.5
302.528
302.556
302.584
302.613
302.642
302.671
302.7
302.729
302.759
302.789
302.819
302.849
302.879
302.91
302.941
302.972
303.003
303.034
303.066
303.098
303.13
303.162
303.194
303.227
303.26
303.292
303.326
303.359
303.392
303.426
303.46
303.494
303.528
303.562
303.596
303.631
303.665
303.7
303.735
303.77
303.805
303.841
303.876
303.911
303.947
303.982
304.018
304.054
304.089
304.125
304.161
304.196
304.232
304.268
304.303
304.338
304.374
304.409
304.444
304.478
304.513
304.547
304.581
304.614
304.647
304.679
304.711
304.742
304.773
304.802
304.831
304.859
304.885
304.91
304.934
304.956
304.977
304.996
305.012
305.027
305.038
305.048
305.054
305.057
305.057
305.053
305.046
305.034
305.019
304.999
304.975
304.946
301.096
301.108
301.121
301.133
301.146
301.159
301.172
301.185
301.199
301.213
301.227
301.241
301.255
301.27
301.284
301.299
301.315
301.33
301.346
301.362
301.378
301.394
301.41
301.427
301.444
301.461
301.479
301.496
301.514
301.532
301.551
301.569
301.588
301.607
301.626
301.646
301.665
301.685
301.706
301.726
301.747
301.768
301.789
301.81
301.832
301.854
301.876
301.898
301.921
301.943
301.966
301.99
302.013
302.037
302.061
302.085
302.11
302.134
302.159
302.185
302.21
302.236
302.262
302.288
302.314
302.341
302.368
302.395
302.422
302.449
302.477
302.505
302.533
302.562
302.59
302.619
302.648
302.678
302.707
302.737
302.767
302.797
302.828
302.858
302.889
302.92
302.951
302.983
303.014
303.046
303.078
303.11
303.143
303.175
303.208
303.241
303.274
303.308
303.341
303.375
303.408
303.442
303.476
303.511
303.545
303.579
303.614
303.649
303.683
303.718
303.753
303.788
303.824
303.859
303.894
303.929
303.965
304
304.035
304.071
304.106
304.141
304.177
304.212
304.247
304.281
304.316
304.35
304.385
304.419
304.452
304.485
304.518
304.551
304.583
304.614
304.645
304.675
304.704
304.732
304.759
304.786
304.811
304.834
304.856
304.877
304.896
304.913
304.928
304.94
304.951
304.958
304.963
304.964
304.963
304.958
304.949
304.937
304.921
304.901
304.876
301.065
301.077
301.089
301.101
301.113
301.125
301.138
301.151
301.164
301.177
301.19
301.204
301.217
301.231
301.246
301.26
301.274
301.289
301.304
301.32
301.335
301.351
301.366
301.383
301.399
301.415
301.432
301.449
301.466
301.484
301.502
301.519
301.538
301.556
301.575
301.593
301.613
301.632
301.651
301.671
301.691
301.712
301.732
301.753
301.774
301.795
301.817
301.839
301.861
301.883
301.905
301.928
301.951
301.974
301.998
302.022
302.046
302.07
302.094
302.119
302.144
302.169
302.195
302.221
302.247
302.273
302.299
302.326
302.353
302.38
302.407
302.435
302.463
302.491
302.519
302.548
302.577
302.606
302.635
302.665
302.694
302.724
302.754
302.785
302.815
302.846
302.877
302.908
302.94
302.971
303.003
303.035
303.067
303.1
303.132
303.165
303.198
303.231
303.264
303.297
303.331
303.365
303.398
303.432
303.466
303.501
303.535
303.569
303.604
303.638
303.673
303.708
303.742
303.777
303.812
303.847
303.882
303.917
303.952
303.987
304.021
304.056
304.091
304.125
304.16
304.194
304.228
304.262
304.295
304.328
304.361
304.394
304.426
304.458
304.489
304.52
304.55
304.579
304.607
304.635
304.662
304.688
304.712
304.736
304.758
304.778
304.797
304.814
304.829
304.842
304.853
304.862
304.868
304.871
304.871
304.868
304.862
304.853
304.84
304.823
304.803
301.039
301.05
301.061
301.073
301.085
301.097
301.109
301.121
301.134
301.146
301.159
301.172
301.185
301.199
301.213
301.226
301.241
301.255
301.269
301.284
301.299
301.314
301.329
301.345
301.361
301.377
301.393
301.409
301.426
301.443
301.46
301.478
301.495
301.513
301.531
301.549
301.568
301.587
301.606
301.625
301.645
301.664
301.684
301.705
301.725
301.746
301.767
301.788
301.81
301.832
301.854
301.876
301.899
301.921
301.944
301.968
301.991
302.015
302.039
302.063
302.088
302.113
302.138
302.163
302.189
302.215
302.241
302.267
302.294
302.321
302.348
302.375
302.402
302.43
302.458
302.487
302.515
302.544
302.573
302.602
302.631
302.661
302.691
302.721
302.751
302.782
302.813
302.844
302.875
302.906
302.938
302.969
303.001
303.033
303.065
303.098
303.13
303.163
303.196
303.229
303.262
303.296
303.329
303.363
303.396
303.43
303.464
303.498
303.532
303.566
303.6
303.635
303.669
303.703
303.737
303.772
303.806
303.84
303.875
303.909
303.943
303.977
304.011
304.045
304.078
304.112
304.145
304.178
304.211
304.243
304.275
304.307
304.338
304.369
304.399
304.429
304.458
304.487
304.515
304.541
304.567
304.592
304.616
304.639
304.661
304.681
304.699
304.716
304.732
304.745
304.756
304.766
304.772
304.777
304.779
304.777
304.774
304.767
304.757
304.743
304.727
301.017
301.028
301.039
301.05
301.062
301.073
301.085
301.097
301.109
301.121
301.134
301.147
301.159
301.172
301.186
301.199
301.213
301.227
301.241
301.255
301.27
301.284
301.299
301.314
301.33
301.345
301.361
301.377
301.393
301.41
301.427
301.443
301.461
301.478
301.496
301.514
301.532
301.55
301.569
301.588
301.607
301.626
301.646
301.665
301.686
301.706
301.727
301.747
301.769
301.79
301.812
301.833
301.856
301.878
301.901
301.924
301.947
301.97
301.994
302.018
302.042
302.067
302.091
302.116
302.142
302.167
302.193
302.219
302.245
302.272
302.298
302.325
302.353
302.38
302.408
302.436
302.464
302.492
302.521
302.55
302.579
302.609
302.638
302.668
302.698
302.728
302.759
302.789
302.82
302.851
302.882
302.914
302.945
302.977
303.009
303.041
303.073
303.105
303.138
303.171
303.203
303.236
303.269
303.302
303.336
303.369
303.402
303.436
303.469
303.503
303.536
303.57
303.604
303.637
303.671
303.705
303.738
303.772
303.805
303.839
303.872
303.905
303.938
303.971
304.004
304.037
304.069
304.101
304.133
304.164
304.195
304.226
304.256
304.286
304.315
304.344
304.372
304.4
304.426
304.452
304.477
304.501
304.524
304.547
304.567
304.587
304.605
304.622
304.637
304.65
304.662
304.671
304.679
304.684
304.687
304.687
304.685
304.68
304.673
304.662
304.649
301
301.011
301.022
301.033
301.044
301.055
301.067
301.078
301.09
301.102
301.114
301.127
301.139
301.152
301.165
301.178
301.192
301.205
301.219
301.233
301.247
301.262
301.276
301.291
301.306
301.321
301.337
301.352
301.368
301.384
301.401
301.417
301.434
301.451
301.469
301.486
301.504
301.522
301.54
301.559
301.578
301.597
301.616
301.635
301.655
301.675
301.696
301.716
301.737
301.758
301.779
301.801
301.823
301.845
301.867
301.89
301.913
301.936
301.959
301.983
302.007
302.031
302.055
302.08
302.105
302.13
302.156
302.181
302.207
302.234
302.26
302.287
302.314
302.341
302.368
302.396
302.424
302.452
302.48
302.509
302.538
302.567
302.596
302.626
302.655
302.685
302.715
302.746
302.776
302.807
302.838
302.869
302.9
302.931
302.963
302.994
303.026
303.058
303.09
303.122
303.155
303.187
303.219
303.252
303.285
303.317
303.35
303.383
303.416
303.449
303.482
303.515
303.548
303.581
303.614
303.646
303.679
303.712
303.745
303.777
303.81
303.842
303.874
303.906
303.938
303.969
304
304.031
304.062
304.092
304.122
304.152
304.181
304.209
304.238
304.265
304.292
304.318
304.344
304.369
304.393
304.416
304.438
304.459
304.479
304.498
304.515
304.531
304.546
304.559
304.571
304.58
304.588
304.594
304.598
304.599
304.598
304.595
304.59
304.582
304.571
300.988
300.999
301.01
301.02
301.031
301.042
301.054
301.065
301.077
301.089
301.101
301.113
301.125
301.138
301.151
301.164
301.177
301.19
301.204
301.217
301.231
301.245
301.26
301.274
301.289
301.304
301.319
301.335
301.351
301.367
301.383
301.399
301.416
301.433
301.45
301.467
301.484
301.502
301.52
301.539
301.557
301.576
301.595
301.614
301.634
301.654
301.674
301.694
301.715
301.735
301.756
301.778
301.799
301.821
301.843
301.866
301.888
301.911
301.934
301.958
301.982
302.006
302.03
302.054
302.079
302.104
302.129
302.155
302.18
302.206
302.232
302.259
302.286
302.313
302.34
302.367
302.395
302.423
302.451
302.479
302.508
302.536
302.565
302.595
302.624
302.653
302.683
302.713
302.743
302.774
302.804
302.835
302.865
302.896
302.927
302.958
302.99
303.021
303.053
303.084
303.116
303.148
303.18
303.212
303.244
303.276
303.308
303.34
303.372
303.405
303.437
303.469
303.501
303.533
303.565
303.597
303.629
303.661
303.693
303.724
303.756
303.787
303.818
303.849
303.88
303.91
303.94
303.97
303.999
304.028
304.057
304.086
304.113
304.141
304.168
304.194
304.22
304.245
304.269
304.293
304.315
304.337
304.358
304.378
304.397
304.415
304.432
304.448
304.462
304.474
304.485
304.495
304.503
304.509
304.513
304.516
304.516
304.514
304.51
304.504
304.496
300.981
300.992
301.002
301.013
301.024
301.035
301.046
301.057
301.069
301.08
301.092
301.104
301.117
301.129
301.142
301.154
301.167
301.181
301.194
301.208
301.222
301.236
301.25
301.264
301.279
301.294
301.309
301.324
301.34
301.356
301.372
301.388
301.404
301.421
301.438
301.455
301.473
301.49
301.508
301.526
301.545
301.563
301.582
301.601
301.621
301.641
301.66
301.681
301.701
301.722
301.743
301.764
301.785
301.807
301.829
301.851
301.874
301.896
301.919
301.943
301.966
301.99
302.014
302.038
302.063
302.088
302.113
302.138
302.163
302.189
302.215
302.241
302.268
302.295
302.322
302.349
302.376
302.404
302.432
302.46
302.488
302.516
302.545
302.574
302.603
302.632
302.662
302.691
302.721
302.751
302.781
302.811
302.841
302.872
302.902
302.933
302.964
302.995
303.026
303.057
303.088
303.119
303.151
303.182
303.213
303.245
303.276
303.308
303.339
303.371
303.402
303.433
303.465
303.496
303.527
303.558
303.589
303.62
303.651
303.681
303.712
303.742
303.772
303.802
303.831
303.86
303.889
303.918
303.946
303.974
304.002
304.029
304.055
304.082
304.107
304.132
304.157
304.18
304.204
304.226
304.248
304.268
304.288
304.307
304.325
304.342
304.358
304.373
304.386
304.398
304.409
304.418
304.426
304.432
304.437
304.44
304.441
304.44
304.437
304.433
304.426
300.978
300.988
300.999
301.009
301.02
301.031
301.042
301.053
301.065
301.077
301.088
301.1
301.113
301.125
301.138
301.15
301.163
301.177
301.19
301.203
301.217
301.231
301.245
301.26
301.274
301.289
301.304
301.32
301.335
301.351
301.367
301.383
301.399
301.416
301.433
301.45
301.467
301.485
301.503
301.521
301.539
301.558
301.577
301.596
301.615
301.635
301.655
301.675
301.695
301.716
301.737
301.758
301.779
301.801
301.823
301.845
301.867
301.89
301.913
301.936
301.959
301.983
302.007
302.031
302.055
302.08
302.105
302.13
302.155
302.181
302.207
302.233
302.259
302.286
302.313
302.34
302.367
302.394
302.422
302.45
302.478
302.506
302.534
302.563
302.591
302.62
302.649
302.679
302.708
302.738
302.767
302.797
302.827
302.857
302.887
302.917
302.948
302.978
303.008
303.039
303.07
303.1
303.131
303.162
303.192
303.223
303.254
303.285
303.315
303.346
303.377
303.407
303.438
303.468
303.499
303.529
303.559
303.589
303.619
303.648
303.678
303.707
303.736
303.765
303.793
303.821
303.849
303.877
303.904
303.931
303.957
303.983
304.009
304.034
304.058
304.082
304.105
304.128
304.15
304.171
304.192
304.211
304.23
304.248
304.265
304.281
304.296
304.31
304.323
304.334
304.344
304.353
304.361
304.367
304.372
304.375
304.376
304.376
304.374
304.371
304.366
300.977
300.988
300.998
301.009
301.02
301.031
301.042
301.053
301.064
301.076
301.088
301.1
301.112
301.125
301.137
301.15
301.163
301.176
301.189
301.203
301.217
301.231
301.245
301.259
301.274
301.289
301.304
301.319
301.335
301.35
301.366
301.383
301.399
301.416
301.433
301.45
301.467
301.485
301.503
301.521
301.539
301.558
301.576
301.596
301.615
301.634
301.654
301.674
301.695
301.715
301.736
301.757
301.779
301.8
301.822
301.844
301.867
301.889
301.912
301.935
301.959
301.982
302.006
302.03
302.054
302.079
302.104
302.129
302.154
302.18
302.205
302.231
302.258
302.284
302.31
302.337
302.364
302.392
302.419
302.447
302.474
302.502
302.53
302.559
302.587
302.616
302.645
302.673
302.703
302.732
302.761
302.79
302.82
302.85
302.879
302.909
302.939
302.969
302.999
303.029
303.059
303.089
303.12
303.15
303.18
303.21
303.241
303.271
303.301
303.331
303.361
303.391
303.421
303.451
303.48
303.51
303.539
303.568
303.597
303.626
303.655
303.683
303.711
303.739
303.767
303.794
303.821
303.848
303.874
303.9
303.925
303.95
303.975
303.999
304.022
304.045
304.068
304.089
304.11
304.131
304.15
304.169
304.187
304.204
304.22
304.236
304.25
304.263
304.275
304.286
304.296
304.305
304.312
304.318
304.323
304.326
304.328
304.328
304.327
304.324
304.319
300.978
300.989
300.999
301.01
301.02
301.031
301.043
301.054
301.065
301.077
301.089
301.101
301.113
301.126
301.138
301.151
301.164
301.177
301.191
301.204
301.218
301.232
301.246
301.261
301.275
301.29
301.305
301.321
301.336
301.352
301.368
301.384
301.401
301.417
301.434
301.451
301.469
301.487
301.504
301.523
301.541
301.56
301.578
301.598
301.617
301.636
301.656
301.676
301.697
301.717
301.738
301.759
301.781
301.802
301.824
301.846
301.869
301.891
301.914
301.937
301.96
301.984
302.008
302.032
302.056
302.081
302.106
302.13
302.156
302.181
302.207
302.233
302.259
302.285
302.312
302.338
302.365
302.392
302.42
302.447
302.475
302.502
302.53
302.559
302.587
302.615
302.644
302.673
302.701
302.73
302.76
302.789
302.818
302.847
302.877
302.907
302.936
302.966
302.996
303.025
303.055
303.085
303.115
303.145
303.175
303.205
303.235
303.264
303.294
303.324
303.354
303.383
303.413
303.442
303.471
303.5
303.529
303.558
303.587
303.615
303.643
303.671
303.699
303.726
303.753
303.78
303.806
303.833
303.858
303.884
303.908
303.933
303.957
303.98
304.003
304.025
304.047
304.068
304.089
304.109
304.128
304.146
304.163
304.18
304.196
304.21
304.224
304.237
304.249
304.259
304.269
304.277
304.284
304.29
304.295
304.298
304.3
304.3
304.299
304.297
304.293
305.586
305.085
304.695
304.362
304.068
303.806
303.57
303.355
303.159
302.978
302.81
302.652
302.503
302.362
302.228
302.1
301.978
301.861
301.748
301.641
301.538
301.44
301.346
301.256
301.169
301.087
301.009
300.934
300.864
300.797
300.733
300.673
300.617
300.563
300.514
300.467
300.424
300.383
300.346
300.312
300.28
300.251
300.225
300.201
300.18
300.162
300.146
300.133
300.123
300.116
300.113
305.585
305.085
304.695
304.362
304.068
303.806
303.57
303.355
303.159
302.978
302.81
302.652
302.503
302.362
302.228
302.1
301.978
301.861
301.749
301.641
301.538
301.44
301.346
301.256
301.17
301.087
301.009
300.935
300.864
300.797
300.733
300.673
300.617
300.563
300.514
300.467
300.424
300.383
300.346
300.312
300.28
300.251
300.225
300.201
300.18
300.162
300.146
300.133
300.123
300.116
300.113
305.581
305.084
304.695
304.361
304.068
303.806
303.57
303.355
303.159
302.979
302.81
302.652
302.504
302.362
302.228
302.1
301.978
301.861
301.749
301.641
301.539
301.44
301.346
301.256
301.17
301.088
301.009
300.935
300.864
300.797
300.733
300.673
300.617
300.564
300.514
300.467
300.424
300.383
300.346
300.312
300.28
300.251
300.225
300.201
300.18
300.162
300.146
300.133
300.123
300.116
300.113
305.576
305.083
304.694
304.361
304.068
303.806
303.57
303.356
303.16
302.979
302.81
302.653
302.504
302.363
302.229
302.1
301.978
301.861
301.749
301.642
301.539
301.44
301.346
301.256
301.17
301.088
301.009
300.935
300.864
300.797
300.733
300.673
300.617
300.564
300.514
300.467
300.424
300.384
300.346
300.312
300.28
300.251
300.225
300.201
300.18
300.162
300.146
300.133
300.123
300.116
300.113
305.569
305.082
304.694
304.361
304.068
303.806
303.57
303.356
303.16
302.979
302.811
302.653
302.504
302.363
302.229
302.101
301.979
301.862
301.749
301.642
301.539
301.441
301.347
301.256
301.17
301.088
301.01
300.935
300.864
300.797
300.734
300.674
300.617
300.564
300.514
300.468
300.424
300.384
300.346
300.312
300.28
300.251
300.225
300.202
300.181
300.162
300.147
300.134
300.123
300.117
300.113
305.56
305.079
304.693
304.361
304.068
303.806
303.57
303.356
303.16
302.98
302.812
302.654
302.505
302.364
302.23
302.102
301.979
301.862
301.75
301.643
301.54
301.441
301.347
301.257
301.171
301.089
301.01
300.936
300.865
300.798
300.734
300.674
300.617
300.564
300.514
300.468
300.424
300.384
300.347
300.312
300.28
300.252
300.225
300.202
300.181
300.162
300.147
300.134
300.124
300.117
300.113
305.55
305.076
304.692
304.36
304.068
303.806
303.571
303.357
303.161
302.981
302.812
302.655
302.506
302.365
302.231
302.103
301.98
301.863
301.751
301.644
301.541
301.442
301.348
301.258
301.172
301.089
301.011
300.936
300.865
300.798
300.735
300.675
300.618
300.565
300.515
300.468
300.425
300.384
300.347
300.312
300.281
300.252
300.226
300.202
300.181
300.162
300.147
300.134
300.124
300.117
300.113
305.538
305.073
304.691
304.36
304.068
303.807
303.572
303.358
303.162
302.982
302.814
302.656
302.507
302.366
302.232
302.104
301.981
301.864
301.752
301.645
301.542
301.443
301.349
301.259
301.173
301.09
301.012
300.937
300.866
300.799
300.735
300.675
300.619
300.565
300.515
300.469
300.425
300.385
300.347
300.313
300.281
300.252
300.226
300.202
300.181
300.163
300.147
300.134
300.124
300.117
300.113
305.524
305.069
304.689
304.36
304.069
303.808
303.573
303.359
303.164
302.983
302.815
302.658
302.509
302.368
302.234
302.106
301.983
301.866
301.754
301.646
301.543
301.445
301.35
301.26
301.174
301.091
301.013
300.938
300.867
300.8
300.736
300.676
300.619
300.566
300.516
300.469
300.426
300.385
300.348
300.313
300.281
300.252
300.226
300.202
300.181
300.163
300.147
300.134
300.124
300.117
300.113
305.509
305.064
304.688
304.36
304.069
303.809
303.574
303.361
303.166
302.986
302.818
302.66
302.511
302.37
302.236
302.108
301.985
301.868
301.756
301.648
301.545
301.447
301.352
301.262
301.175
301.093
301.014
300.94
300.868
300.801
300.737
300.677
300.62
300.567
300.517
300.47
300.426
300.386
300.348
300.314
300.282
300.253
300.226
300.203
300.182
300.163
300.147
300.134
300.124
300.117
300.113
305.492
305.058
304.686
304.36
304.07
303.811
303.576
303.363
303.168
302.988
302.82
302.663
302.514
302.373
302.239
302.111
301.988
301.871
301.758
301.651
301.548
301.449
301.354
301.264
301.177
301.095
301.016
300.941
300.87
300.803
300.739
300.678
300.621
300.568
300.518
300.471
300.427
300.387
300.349
300.314
300.283
300.253
300.227
300.203
300.182
300.163
300.148
300.134
300.124
300.117
300.113
305.474
305.052
304.684
304.36
304.072
303.813
303.579
303.367
303.172
302.992
302.824
302.667
302.518
302.377
302.242
302.114
301.991
301.874
301.761
301.654
301.55
301.452
301.357
301.266
301.18
301.097
301.018
300.943
300.872
300.804
300.74
300.68
300.623
300.569
300.519
300.472
300.428
300.388
300.35
300.315
300.283
300.254
300.228
300.204
300.182
300.164
300.148
300.135
300.125
300.117
300.114
305.455
305.045
304.682
304.361
304.074
303.816
303.583
303.371
303.176
302.996
302.829
302.671
302.522
302.381
302.247
302.118
301.995
301.878
301.765
301.657
301.554
301.455
301.36
301.269
301.183
301.1
301.021
300.946
300.874
300.806
300.742
300.682
300.625
300.571
300.521
300.474
300.43
300.389
300.351
300.316
300.284
300.255
300.228
300.204
300.183
300.164
300.148
300.135
300.125
300.118
300.114
305.435
305.038
304.681
304.362
304.076
303.819
303.587
303.376
303.181
303.002
302.834
302.677
302.528
302.387
302.252
302.123
302.001
301.883
301.77
301.662
301.558
301.459
301.364
301.273
301.186
301.103
301.024
300.949
300.877
300.809
300.745
300.684
300.627
300.573
300.522
300.475
300.431
300.39
300.352
300.317
300.285
300.256
300.229
300.205
300.184
300.165
300.149
300.136
300.125
300.118
300.114
305.414
305.03
304.679
304.364
304.08
303.824
303.593
303.382
303.188
303.009
302.841
302.684
302.535
302.393
302.259
302.13
302.007
301.889
301.776
301.667
301.564
301.464
301.369
301.278
301.19
301.107
301.028
300.952
300.88
300.812
300.748
300.687
300.629
300.575
300.524
300.477
300.433
300.392
300.354
300.318
300.286
300.257
300.23
300.206
300.184
300.165
300.149
300.136
300.126
300.118
300.114
305.392
305.022
304.678
304.366
304.085
303.83
303.6
303.389
303.196
303.017
302.849
302.692
302.543
302.401
302.266
302.137
302.014
301.896
301.783
301.674
301.57
301.47
301.374
301.283
301.195
301.112
301.032
300.956
300.884
300.816
300.751
300.69
300.632
300.578
300.527
300.479
300.435
300.394
300.355
300.32
300.288
300.258
300.231
300.207
300.185
300.166
300.15
300.137
300.126
300.119
300.115
305.369
305.013
304.677
304.369
304.09
303.838
303.608
303.399
303.206
303.027
302.859
302.702
302.553
302.411
302.276
302.146
302.023
301.904
301.791
301.682
301.577
301.477
301.381
301.289
301.201
301.117
301.037
300.961
300.889
300.82
300.755
300.693
300.635
300.581
300.53
300.482
300.437
300.396
300.357
300.322
300.289
300.259
300.232
300.208
300.186
300.167
300.151
300.137
300.127
300.119
300.115
305.345
305.004
304.676
304.373
304.097
303.847
303.618
303.41
303.217
303.039
302.871
302.714
302.564
302.422
302.287
302.157
302.033
301.914
301.8
301.691
301.586
301.485
301.389
301.297
301.208
301.124
301.043
300.967
300.894
300.825
300.759
300.698
300.639
300.584
300.533
300.485
300.44
300.398
300.359
300.324
300.291
300.261
300.234
300.209
300.187
300.168
300.151
300.138
300.127
300.12
300.116
305.321
304.995
304.676
304.378
304.106
303.857
303.631
303.423
303.231
303.052
302.885
302.727
302.578
302.435
302.3
302.17
302.045
301.926
301.811
301.701
301.596
301.495
301.398
301.305
301.216
301.132
301.051
300.973
300.9
300.831
300.765
300.702
300.644
300.588
300.537
300.488
300.443
300.401
300.362
300.326
300.293
300.263
300.235
300.21
300.188
300.169
300.152
300.139
300.128
300.12
300.116
305.295
304.985
304.676
304.385
304.116
303.87
303.645
303.438
303.247
303.069
302.901
302.744
302.594
302.451
302.315
302.184
302.059
301.939
301.824
301.714
301.608
301.506
301.409
301.315
301.226
301.14
301.059
300.981
300.907
300.837
300.771
300.708
300.649
300.593
300.541
300.492
300.446
300.404
300.365
300.328
300.295
300.265
300.237
300.212
300.19
300.17
300.153
300.139
300.129
300.121
300.117
305.269
304.975
304.677
304.392
304.128
303.885
303.661
303.456
303.265
303.087
302.92
302.762
302.612
302.469
302.332
302.201
302.075
301.955
301.839
301.728
301.621
301.519
301.421
301.327
301.237
301.151
301.068
300.99
300.916
300.845
300.778
300.715
300.655
300.599
300.546
300.496
300.45
300.408
300.368
300.331
300.298
300.267
300.239
300.214
300.191
300.171
300.155
300.14
300.129
300.122
300.117
305.241
304.964
304.678
304.401
304.141
303.901
303.68
303.476
303.286
303.109
302.942
302.783
302.633
302.489
302.352
302.22
302.094
301.973
301.856
301.744
301.637
301.534
301.435
301.34
301.249
301.162
301.079
301
300.925
300.854
300.786
300.722
300.662
300.605
300.551
300.502
300.455
300.412
300.371
300.334
300.3
300.269
300.241
300.216
300.193
300.173
300.156
300.142
300.13
300.122
300.118
305.212
304.951
304.678
304.41
304.157
303.92
303.702
303.499
303.31
303.133
302.966
302.808
302.657
302.513
302.375
302.242
302.115
301.993
301.876
301.763
301.655
301.551
301.451
301.355
301.263
301.176
301.092
301.012
300.936
300.864
300.795
300.73
300.669
300.612
300.558
300.507
300.46
300.416
300.376
300.338
300.304
300.272
300.244
300.218
300.195
300.175
300.157
300.143
300.131
300.123
300.119
305.181
304.937
304.678
304.42
304.173
303.941
303.726
303.525
303.337
303.161
302.994
302.835
302.684
302.539
302.401
302.267
302.14
302.017
301.898
301.785
301.675
301.57
301.469
301.373
301.28
301.191
301.106
301.025
300.948
300.875
300.806
300.74
300.678
300.62
300.565
300.514
300.466
300.421
300.38
300.342
300.307
300.275
300.246
300.22
300.197
300.176
300.159
300.144
300.132
300.124
300.12
305.148
304.921
304.676
304.429
304.19
303.964
303.752
303.554
303.367
303.191
303.025
302.866
302.714
302.569
302.43
302.296
302.167
302.043
301.924
301.809
301.699
301.592
301.49
301.392
301.298
301.209
301.123
301.041
300.962
300.888
300.818
300.751
300.688
300.629
300.573
300.521
300.472
300.427
300.385
300.347
300.311
300.279
300.249
300.223
300.199
300.178
300.16
300.146
300.134
300.125
300.121
305.112
304.902
304.673
304.438
304.208
303.988
303.78
303.584
303.4
303.225
303.059
302.9
302.748
302.602
302.462
302.328
302.198
302.073
301.952
301.836
301.725
301.617
301.514
301.415
301.32
301.228
301.141
301.058
300.978
300.903
300.831
300.763
300.699
300.639
300.582
300.529
300.48
300.434
300.391
300.352
300.316
300.283
300.253
300.226
300.202
300.181
300.162
300.147
300.135
300.127
300.122
305.073
304.881
304.667
304.445
304.224
304.012
303.809
303.617
303.435
303.262
303.096
302.938
302.786
302.639
302.498
302.363
302.232
302.106
301.984
301.867
301.754
301.645
301.541
301.44
301.343
301.251
301.162
301.077
300.996
300.919
300.846
300.777
300.712
300.65
300.592
300.538
300.488
300.441
300.397
300.357
300.321
300.287
300.256
300.229
300.204
300.183
300.164
300.149
300.137
300.128
300.123
305.031
304.855
304.657
304.449
304.24
304.036
303.839
303.651
303.472
303.3
303.136
302.978
302.826
302.679
302.538
302.402
302.27
302.143
302.02
301.901
301.787
301.677
301.57
301.468
301.37
301.275
301.185
301.099
301.016
300.938
300.863
300.792
300.726
300.663
300.604
300.548
300.497
300.449
300.405
300.364
300.326
300.292
300.261
300.233
300.208
300.186
300.167
300.151
300.138
300.129
300.125
304.984
304.826
304.644
304.45
304.253
304.058
303.868
303.686
303.51
303.341
303.178
303.021
302.869
302.723
302.581
302.444
302.311
302.183
302.059
301.939
301.823
301.711
301.603
301.499
301.399
301.303
301.211
301.123
301.039
300.958
300.882
300.81
300.741
300.677
300.616
300.56
300.507
300.458
300.412
300.37
300.332
300.297
300.265
300.236
300.211
300.188
300.169
300.153
300.14
300.131
300.126
304.933
304.792
304.626
304.447
304.263
304.078
303.896
303.72
303.548
303.383
303.222
303.066
302.915
302.769
302.627
302.489
302.356
302.227
302.101
301.98
301.863
301.749
301.64
301.534
301.432
301.334
301.24
301.149
301.063
300.981
300.903
300.829
300.759
300.693
300.63
300.572
300.518
300.468
300.421
300.378
300.339
300.303
300.27
300.241
300.214
300.191
300.172
300.155
300.142
300.133
300.128
304.878
304.752
304.603
304.439
304.268
304.094
303.921
303.752
303.586
303.424
303.266
303.113
302.963
302.818
302.676
302.538
302.404
302.274
302.147
302.025
301.906
301.79
301.679
301.571
301.467
301.367
301.271
301.179
301.09
301.006
300.926
300.85
300.778
300.71
300.646
300.586
300.53
300.478
300.43
300.386
300.346
300.309
300.275
300.245
300.218
300.195
300.175
300.158
300.144
300.135
300.129
304.818
304.707
304.575
304.426
304.268
304.106
303.943
303.781
303.621
303.465
303.311
303.16
303.012
302.868
302.726
302.589
302.454
302.324
302.196
302.072
301.952
301.835
301.722
301.612
301.506
301.404
301.305
301.211
301.12
301.034
300.951
300.873
300.798
300.729
300.663
300.601
300.544
300.49
300.441
300.395
300.354
300.316
300.281
300.25
300.223
300.198
300.178
300.16
300.146
300.137
300.131
304.753
304.658
304.54
304.406
304.262
304.112
303.96
303.807
303.654
303.503
303.353
303.206
303.061
302.918
302.778
302.641
302.507
302.376
302.247
302.122
302.001
301.882
301.767
301.655
301.547
301.443
301.342
301.245
301.152
301.063
300.978
300.897
300.821
300.749
300.681
300.617
300.558
300.503
300.452
300.405
300.362
300.323
300.287
300.255
300.227
300.202
300.181
300.163
300.149
300.139
300.133
304.686
304.603
304.5
304.381
304.251
304.113
303.971
303.827
303.683
303.538
303.394
303.251
303.109
302.969
302.83
302.694
302.56
302.429
302.3
302.175
302.052
301.932
301.815
301.701
301.591
301.484
301.381
301.282
301.186
301.095
301.007
300.924
300.845
300.771
300.7
300.635
300.573
300.516
300.464
300.415
300.371
300.33
300.294
300.261
300.232
300.206
300.184
300.166
300.151
300.141
300.135
304.615
304.545
304.455
304.35
304.233
304.108
303.977
303.843
303.707
303.569
303.431
303.292
303.154
303.017
302.881
302.747
302.614
302.483
302.354
302.228
302.104
301.983
301.864
301.749
301.636
301.527
301.422
301.32
301.222
301.128
301.038
300.952
300.871
300.794
300.721
300.653
300.59
300.531
300.476
300.426
300.38
300.338
300.301
300.267
300.237
300.21
300.188
300.169
300.154
300.143
300.137
304.544
304.484
304.406
304.314
304.21
304.097
303.977
303.853
303.725
303.595
303.463
303.33
303.197
303.063
302.93
302.798
302.666
302.536
302.407
302.281
302.156
302.034
301.914
301.797
301.683
301.572
301.464
301.359
301.259
301.162
301.069
300.981
300.897
300.817
300.742
300.672
300.606
300.545
300.489
300.437
300.39
300.347
300.308
300.273
300.242
300.215
300.191
300.172
300.156
300.145
300.139
304.474
304.423
304.357
304.276
304.183
304.082
303.973
303.858
303.739
303.616
303.491
303.364
303.235
303.105
302.975
302.845
302.715
302.586
302.459
302.332
302.207
302.084
301.963
301.844
301.728
301.615
301.505
301.398
301.295
301.196
301.101
301.01
300.923
300.841
300.764
300.691
300.623
300.56
300.502
300.448
300.399
300.355
300.315
300.279
300.247
300.219
300.195
300.175
300.159
300.147
300.141
304.408
304.366
304.308
304.237
304.155
304.063
303.964
303.859
303.748
303.632
303.514
303.392
303.268
303.142
303.015
302.888
302.76
302.633
302.506
302.379
302.254
302.131
302.009
301.889
301.771
301.656
301.545
301.436
301.33
301.229
301.131
301.038
300.949
300.864
300.784
300.709
300.639
300.574
300.514
300.459
300.409
300.363
300.321
300.284
300.251
300.223
300.198
300.177
300.161
300.15
300.143
304.351
304.314
304.264
304.202
304.128
304.045
303.954
303.856
303.753
303.644
303.531
303.414
303.295
303.173
303.049
302.924
302.798
302.672
302.546
302.42
302.295
302.171
302.049
301.928
301.81
301.693
301.58
301.469
301.362
301.258
301.158
301.063
300.971
300.885
300.803
300.726
300.654
300.587
300.526
300.469
300.417
300.37
300.327
300.289
300.256
300.226
300.201
300.18
300.163
300.151
300.145
304.307
304.275
304.23
304.173
304.106
304.03
303.945
303.853
303.755
303.651
303.543
303.43
303.314
303.195
303.074
302.951
302.827
302.702
302.577
302.452
302.327
302.203
302.08
301.959
301.839
301.722
301.607
301.495
301.387
301.281
301.18
301.083
300.99
300.901
300.818
300.739
300.666
300.598
300.535
300.477
300.424
300.375
300.332
300.293
300.259
300.229
300.203
300.182
300.165
300.153
300.146
304.282
304.252
304.21
304.156
304.093
304.02
303.939
303.851
303.756
303.655
303.549
303.439
303.325
303.208
303.088
302.967
302.844
302.72
302.595
302.47
302.345
302.221
302.099
301.977
301.857
301.739
301.624
301.511
301.401
301.295
301.193
301.095
301.001
300.911
300.827
300.747
300.673
300.604
300.54
300.481
300.427
300.379
300.335
300.296
300.261
300.231
300.204
300.183
300.166
300.153
300.147
)
;

boundaryField
{
    inlet
    {
        type            fixedValue;
        value           uniform 300;
    }
    outlet
    {
        type            zeroGradient;
    }
    top
    {
        type            zeroGradient;
    }
    slip-bottom
    {
        type            zeroGradient;
    }
    bottom
    {
        type            zeroGradient;
    }
    interface
    {
        type            fixedGradient;
        gradient        nonuniform List<scalar> 
161
(
67.9981
67.9981
46.2183
46.2183
46.2183
46.2183
34.3111
34.3111
34.3111
34.3111
29.4916
29.4916
29.4916
28.6947
28.6947
28.6947
28.6947
26.0912
26.0912
26.0912
25.2241
25.2241
25.2241
24.7201
24.7201
24.7201
24.0696
24.0696
24.0696
23.4828
23.4828
23.4828
22.9383
22.9383
22.9383
22.401
22.401
22.401
21.888
21.888
21.888
20.8504
20.8504
21.5997
21.5997
21.5997
20.5621
20.5621
21.0464
21.0464
21.0464
20.016
20.016
20.0127
20.0127
20.0127
20.1547
20.1547
20.5037
20.5037
19.2455
19.2455
19.1373
19.1373
19.1848
19.1848
19.0447
19.0447
19.0447
18.8702
18.8702
18.6985
18.5168
18.5168
18.2918
18.2918
18.0884
18.0884
17.322
17.322
18.2922
18.2922
17.9055
17.9055
17.4647
16.6999
16.6999
17.5564
17.5564
17.2003
16.2261
16.2261
17.0903
16.1705
16.1705
16.7667
16.7667
15.8169
16.4254
16.4254
15.5158
16.1475
15.2213
15.2213
15.2855
15.9552
15.9552
14.8082
15.3755
14.4196
14.4196
14.4379
14.6402
15.0594
15.0594
13.8481
13.9013
14.1024
14.4724
14.4724
13.2984
13.326
13.5013
13.4987
13.8672
12.7608
12.7608
12.6676
12.7387
12.6685
12.5804
12.4798
12.3704
12.2556
12.1369
12.0157
11.8932
11.7708
11.6497
11.5317
11.4184
11.3121
11.2147
11.1282
11.0548
10.9976
10.9617
10.9572
11.003
11.0596
10.9237
10.9356
11.2288
11.4941
11.8801
12.3716
14.2968
12.679
14.738
16.8031
24.1854
)
;
    }
    defaultFaces
    {
        type            empty;
    }
}


// ************************************************************************* //
