/*--------------------------------*- C++ -*----------------------------------*\
| =========                 |                                                 |
| \\      /  F ield         | OpenFOAM: The Open Source CFD Toolbox           |
|  \\    /   O peration     | Version:  2106                                  |
|   \\  /    A nd           | Website:  www.openfoam.com                      |
|    \\/     M anipulation  |                                                 |
\*---------------------------------------------------------------------------*/
FoamFile
{
    version     2.0;
    format      ascii;
    arch        "LSB;label=32;scalar=64";
    class       volScalarField;
    location    "0.79";
    object      T;
}
// * * * * * * * * * * * * * * * * * * * * * * * * * * * * * * * * * * * * * //

dimensions      [0 0 0 1 0 0 0];

internalField   nonuniform List<scalar> 
12013
(
300
300
300.001
300.001
300.001
300.001
300.002
300.002
300.003
300.003
300.004
300.005
300.006
300.007
300.009
300.01
300.012
300.014
300.017
300.019
300.022
300.025
300.029
300.033
300.038
300.043
300.048
300.054
300.061
300.068
300.076
300.084
300.093
300.103
300.113
300.124
300.136
300.149
300.163
300.177
300.193
300.209
300.226
300.244
300.264
300.284
300.305
300.327
300.351
300.375
300.401
300.428
300.456
300.485
300.516
300.548
300.581
300.615
300.651
300.689
300.728
300.769
300.811
300.855
300.9
300.948
300.998
301.049
301.103
301.16
301.219
301.281
301.346
301.415
301.488
301.566
301.65
301.742
301.843
301.959
302.098
300
300
300.001
300.001
300.001
300.001
300.002
300.002
300.003
300.003
300.004
300.005
300.006
300.007
300.009
300.01
300.012
300.014
300.017
300.019
300.022
300.025
300.029
300.033
300.038
300.043
300.048
300.054
300.061
300.068
300.076
300.084
300.093
300.103
300.113
300.124
300.136
300.149
300.163
300.177
300.193
300.209
300.226
300.244
300.263
300.284
300.305
300.327
300.351
300.375
300.401
300.428
300.456
300.485
300.516
300.547
300.581
300.615
300.651
300.689
300.727
300.768
300.81
300.854
300.9
300.947
300.996
301.048
301.102
301.158
301.217
301.279
301.343
301.412
301.484
301.561
301.644
301.733
301.83
301.938
302.056
300
300
300.001
300.001
300.001
300.001
300.002
300.002
300.003
300.003
300.004
300.005
300.006
300.007
300.009
300.01
300.012
300.014
300.017
300.019
300.022
300.025
300.029
300.033
300.038
300.043
300.048
300.054
300.061
300.068
300.076
300.084
300.093
300.103
300.113
300.124
300.136
300.149
300.163
300.177
300.192
300.209
300.226
300.244
300.263
300.283
300.305
300.327
300.35
300.375
300.4
300.427
300.455
300.484
300.515
300.547
300.58
300.614
300.65
300.687
300.726
300.767
300.809
300.852
300.898
300.945
300.994
301.045
301.099
301.155
301.213
301.274
301.338
301.405
301.476
301.551
301.631
301.716
301.806
301.902
302.003
300
300
300.001
300.001
300.001
300.001
300.002
300.002
300.003
300.003
300.004
300.005
300.006
300.007
300.009
300.01
300.012
300.014
300.016
300.019
300.022
300.025
300.029
300.033
300.038
300.043
300.048
300.054
300.061
300.068
300.075
300.084
300.093
300.103
300.113
300.124
300.136
300.149
300.162
300.177
300.192
300.208
300.226
300.244
300.263
300.283
300.304
300.326
300.35
300.374
300.4
300.426
300.454
300.483
300.514
300.546
300.579
300.613
300.649
300.686
300.724
300.765
300.806
300.85
300.895
300.942
300.99
301.041
301.094
301.149
301.206
301.266
301.329
301.395
301.463
301.535
301.611
301.691
301.773
301.859
301.945
300
300
300.001
300.001
300.001
300.001
300.002
300.002
300.003
300.003
300.004
300.005
300.006
300.007
300.009
300.01
300.012
300.014
300.016
300.019
300.022
300.025
300.029
300.033
300.038
300.043
300.048
300.054
300.061
300.068
300.075
300.084
300.093
300.102
300.113
300.124
300.136
300.149
300.162
300.177
300.192
300.208
300.225
300.243
300.262
300.282
300.303
300.326
300.349
300.373
300.399
300.425
300.453
300.482
300.512
300.544
300.577
300.611
300.646
300.683
300.722
300.761
300.803
300.846
300.89
300.937
300.985
301.035
301.087
301.141
301.197
301.256
301.317
301.38
301.446
301.514
301.585
301.659
301.734
301.81
301.886
300
300
300.001
300.001
300.001
300.001
300.002
300.002
300.003
300.003
300.004
300.005
300.006
300.007
300.009
300.01
300.012
300.014
300.016
300.019
300.022
300.025
300.029
300.033
300.038
300.042
300.048
300.054
300.06
300.067
300.075
300.083
300.092
300.102
300.112
300.124
300.135
300.148
300.162
300.176
300.191
300.207
300.224
300.243
300.261
300.281
300.303
300.325
300.348
300.372
300.397
300.424
300.451
300.48
300.51
300.542
300.574
300.608
300.643
300.68
300.718
300.757
300.798
300.841
300.885
300.93
300.978
301.027
301.078
301.13
301.185
301.242
301.3
301.361
301.423
301.488
301.554
301.622
301.69
301.759
301.826
300
300
300
300.001
300.001
300.001
300.002
300.002
300.003
300.003
300.004
300.005
300.006
300.007
300.009
300.01
300.012
300.014
300.016
300.019
300.022
300.025
300.029
300.033
300.037
300.042
300.048
300.054
300.06
300.067
300.075
300.083
300.092
300.102
300.112
300.123
300.135
300.148
300.161
300.175
300.191
300.207
300.224
300.242
300.26
300.28
300.301
300.323
300.346
300.37
300.395
300.422
300.449
300.478
300.508
300.539
300.571
300.604
300.639
300.675
300.713
300.752
300.792
300.834
300.877
300.922
300.968
301.016
301.065
301.117
301.169
301.224
301.28
301.338
301.397
301.457
301.518
301.581
301.643
301.705
301.765
300
300
300
300.001
300.001
300.001
300.002
300.002
300.003
300.003
300.004
300.005
300.006
300.007
300.009
300.01
300.012
300.014
300.016
300.019
300.022
300.025
300.029
300.033
300.037
300.042
300.048
300.054
300.06
300.067
300.075
300.083
300.092
300.101
300.112
300.123
300.134
300.147
300.16
300.175
300.19
300.206
300.223
300.24
300.259
300.279
300.3
300.321
300.344
300.368
300.393
300.419
300.446
300.475
300.504
300.535
300.567
300.6
300.634
300.67
300.706
300.745
300.784
300.825
300.867
300.911
300.956
301.003
301.05
301.1
301.15
301.202
301.256
301.31
301.366
301.422
301.479
301.536
301.592
301.648
301.703
300
300
300
300.001
300.001
300.001
300.002
300.002
300.003
300.003
300.004
300.005
300.006
300.007
300.009
300.01
300.012
300.014
300.016
300.019
300.022
300.025
300.029
300.033
300.037
300.042
300.047
300.053
300.06
300.067
300.074
300.082
300.091
300.101
300.111
300.122
300.134
300.146
300.159
300.174
300.189
300.204
300.221
300.239
300.257
300.277
300.298
300.319
300.342
300.365
300.39
300.416
300.443
300.471
300.5
300.53
300.561
300.594
300.627
300.662
300.699
300.736
300.775
300.814
300.856
300.898
300.942
300.986
301.032
301.08
301.128
301.177
301.228
301.279
301.331
301.383
301.435
301.487
301.539
301.59
301.64
300
300
300
300.001
300.001
300.001
300.002
300.002
300.003
300.003
300.004
300.005
300.006
300.007
300.009
300.01
300.012
300.014
300.016
300.019
300.022
300.025
300.029
300.033
300.037
300.042
300.047
300.053
300.059
300.066
300.074
300.082
300.091
300.1
300.11
300.121
300.133
300.145
300.158
300.172
300.187
300.203
300.219
300.237
300.255
300.275
300.295
300.316
300.339
300.362
300.386
300.412
300.438
300.466
300.494
300.524
300.555
300.587
300.62
300.654
300.689
300.725
300.763
300.802
300.842
300.882
300.924
300.967
301.011
301.056
301.102
301.149
301.196
301.244
301.292
301.34
301.389
301.437
301.484
301.531
301.576
300
300
300
300.001
300.001
300.001
300.002
300.002
300.003
300.003
300.004
300.005
300.006
300.007
300.008
300.01
300.012
300.014
300.016
300.019
300.022
300.025
300.028
300.032
300.037
300.042
300.047
300.053
300.059
300.066
300.073
300.081
300.09
300.099
300.109
300.12
300.132
300.144
300.157
300.171
300.186
300.201
300.217
300.235
300.253
300.272
300.292
300.313
300.335
300.358
300.382
300.407
300.433
300.46
300.488
300.517
300.547
300.578
300.61
300.643
300.678
300.713
300.749
300.787
300.825
300.864
300.904
300.945
300.987
301.03
301.073
301.117
301.161
301.206
301.25
301.295
301.34
301.384
301.427
301.47
301.511
300
300
300
300.001
300.001
300.001
300.002
300.002
300.003
300.003
300.004
300.005
300.006
300.007
300.008
300.01
300.012
300.014
300.016
300.019
300.021
300.025
300.028
300.032
300.036
300.041
300.046
300.052
300.058
300.065
300.073
300.081
300.089
300.098
300.108
300.119
300.13
300.143
300.155
300.169
300.184
300.199
300.215
300.232
300.25
300.269
300.288
300.309
300.331
300.353
300.376
300.401
300.426
300.453
300.48
300.508
300.538
300.568
300.599
300.631
300.664
300.698
300.733
300.769
300.806
300.843
300.882
300.921
300.96
301
301.041
301.082
301.123
301.164
301.206
301.247
301.288
301.328
301.368
301.407
301.445
300
300
300
300.001
300.001
300.001
300.002
300.002
300.003
300.003
300.004
300.005
300.006
300.007
300.008
300.01
300.012
300.014
300.016
300.018
300.021
300.024
300.028
300.032
300.036
300.041
300.046
300.052
300.058
300.065
300.072
300.08
300.088
300.097
300.107
300.118
300.129
300.141
300.153
300.167
300.181
300.196
300.212
300.229
300.246
300.265
300.284
300.304
300.325
300.347
300.37
300.394
300.419
300.444
300.471
300.498
300.527
300.556
300.586
300.617
300.649
300.682
300.715
300.749
300.784
300.82
300.856
300.893
300.93
300.968
301.006
301.044
301.082
301.12
301.158
301.196
301.234
301.271
301.308
301.343
301.378
300
300
300
300.001
300.001
300.001
300.002
300.002
300.003
300.003
300.004
300.005
300.006
300.007
300.008
300.01
300.011
300.013
300.016
300.018
300.021
300.024
300.027
300.031
300.036
300.04
300.045
300.051
300.057
300.064
300.071
300.079
300.087
300.096
300.106
300.116
300.127
300.139
300.151
300.164
300.178
300.193
300.209
300.225
300.242
300.26
300.279
300.299
300.319
300.341
300.363
300.386
300.41
300.435
300.46
300.487
300.514
300.542
300.571
300.601
300.632
300.663
300.695
300.727
300.76
300.794
300.828
300.862
300.897
300.932
300.967
301.003
301.038
301.073
301.109
301.143
301.178
301.212
301.245
301.278
301.31
300
300
300
300.001
300.001
300.001
300.002
300.002
300.003
300.003
300.004
300.005
300.006
300.007
300.008
300.01
300.011
300.013
300.015
300.018
300.021
300.024
300.027
300.031
300.035
300.04
300.045
300.05
300.056
300.063
300.07
300.077
300.086
300.094
300.104
300.114
300.125
300.136
300.148
300.161
300.175
300.189
300.204
300.22
300.237
300.255
300.273
300.292
300.312
300.333
300.354
300.377
300.4
300.424
300.448
300.474
300.5
300.527
300.555
300.583
300.612
300.641
300.671
300.702
300.733
300.765
300.797
300.829
300.861
300.894
300.927
300.959
300.992
301.024
301.057
301.089
301.12
301.151
301.182
301.212
301.242
300
300
300
300.001
300.001
300.001
300.002
300.002
300.003
300.003
300.004
300.005
300.006
300.007
300.008
300.009
300.011
300.013
300.015
300.018
300.02
300.023
300.027
300.03
300.034
300.039
300.044
300.049
300.055
300.062
300.068
300.076
300.084
300.093
300.102
300.112
300.122
300.133
300.145
300.158
300.171
300.185
300.2
300.215
300.231
300.248
300.266
300.285
300.304
300.324
300.345
300.366
300.388
300.411
300.435
300.459
300.484
300.51
300.536
300.563
300.59
300.618
300.646
300.675
300.704
300.733
300.763
300.793
300.823
300.853
300.883
300.913
300.943
300.973
301.003
301.032
301.061
301.089
301.117
301.145
301.172
300
300
300
300.001
300.001
300.001
300.002
300.002
300.003
300.003
300.004
300.005
300.006
300.007
300.008
300.009
300.011
300.013
300.015
300.017
300.02
300.023
300.026
300.03
300.034
300.038
300.043
300.048
300.054
300.06
300.067
300.074
300.082
300.09
300.099
300.109
300.119
300.13
300.142
300.154
300.167
300.18
300.194
300.209
300.225
300.241
300.258
300.276
300.295
300.314
300.333
300.354
300.375
300.397
300.419
300.442
300.466
300.49
300.515
300.54
300.566
300.592
300.618
300.645
300.672
300.7
300.727
300.755
300.782
300.81
300.838
300.865
300.893
300.92
300.947
300.974
301
301.026
301.052
301.077
301.101
300
300
300
300.001
300.001
300.001
300.002
300.002
300.002
300.003
300.004
300.005
300.005
300.006
300.008
300.009
300.011
300.013
300.015
300.017
300.019
300.022
300.026
300.029
300.033
300.037
300.042
300.047
300.053
300.059
300.065
300.072
300.08
300.088
300.097
300.106
300.116
300.126
300.137
300.149
300.162
300.175
300.188
300.203
300.218
300.233
300.25
300.266
300.284
300.302
300.321
300.341
300.361
300.381
300.402
300.424
300.446
300.469
300.492
300.516
300.54
300.564
300.589
300.613
300.638
300.664
300.689
300.714
300.74
300.765
300.791
300.816
300.841
300.866
300.89
300.914
300.938
300.962
300.985
301.008
301.03
300
300
300
300.001
300.001
300.001
300.002
300.002
300.002
300.003
300.004
300.004
300.005
300.006
300.008
300.009
300.01
300.012
300.014
300.016
300.019
300.022
300.025
300.028
300.032
300.036
300.041
300.046
300.051
300.057
300.063
300.07
300.077
300.085
300.094
300.103
300.112
300.122
300.133
300.144
300.156
300.168
300.181
300.195
300.209
300.224
300.24
300.256
300.272
300.29
300.308
300.326
300.345
300.364
300.384
300.404
300.425
300.446
300.468
300.49
300.512
300.534
300.557
300.58
300.603
300.626
300.649
300.672
300.695
300.719
300.742
300.764
300.787
300.81
300.832
300.854
300.876
300.897
300.918
300.939
300.959
300
300
300
300.001
300.001
300.001
300.001
300.002
300.002
300.003
300.004
300.004
300.005
300.006
300.007
300.009
300.01
300.012
300.014
300.016
300.018
300.021
300.024
300.027
300.031
300.035
300.039
300.044
300.049
300.055
300.061
300.068
300.075
300.082
300.09
300.099
300.108
300.117
300.128
300.138
300.15
300.161
300.174
300.187
300.2
300.214
300.229
300.244
300.26
300.276
300.293
300.31
300.327
300.345
300.364
300.383
300.402
300.422
300.441
300.462
300.482
300.503
300.523
300.544
300.565
300.586
300.607
300.628
300.649
300.67
300.691
300.712
300.732
300.753
300.773
300.793
300.812
300.832
300.851
300.869
300.887
300
300
300
300.001
300.001
300.001
300.001
300.002
300.002
300.003
300.003
300.004
300.005
300.006
300.007
300.008
300.01
300.011
300.013
300.015
300.018
300.02
300.023
300.026
300.03
300.034
300.038
300.042
300.047
300.053
300.059
300.065
300.072
300.079
300.086
300.094
300.103
300.112
300.122
300.132
300.142
300.154
300.165
300.177
300.19
300.203
300.217
300.231
300.246
300.261
300.276
300.292
300.309
300.325
300.342
300.36
300.377
300.395
300.414
300.432
300.451
300.469
300.488
300.507
300.526
300.545
300.564
300.583
300.602
300.621
300.64
300.659
300.677
300.695
300.713
300.731
300.749
300.766
300.783
300.8
300.816
300
300
300
300.001
300.001
300.001
300.001
300.002
300.002
300.003
300.003
300.004
300.005
300.006
300.007
300.008
300.009
300.011
300.013
300.015
300.017
300.019
300.022
300.025
300.029
300.032
300.036
300.041
300.045
300.05
300.056
300.062
300.068
300.075
300.082
300.09
300.098
300.106
300.115
300.125
300.135
300.145
300.156
300.167
300.179
300.192
300.204
300.217
300.231
300.245
300.259
300.274
300.289
300.304
300.32
300.335
300.352
300.368
300.384
300.401
300.418
300.435
300.452
300.469
300.486
300.503
300.52
300.538
300.555
300.571
300.588
300.605
300.621
300.638
300.654
300.67
300.685
300.701
300.716
300.731
300.745
300
300
300
300.001
300.001
300.001
300.001
300.002
300.002
300.003
300.003
300.004
300.005
300.005
300.006
300.008
300.009
300.01
300.012
300.014
300.016
300.018
300.021
300.024
300.027
300.031
300.034
300.038
300.043
300.048
300.053
300.058
300.064
300.071
300.077
300.084
300.092
300.1
300.108
300.117
300.126
300.136
300.146
300.157
300.168
300.179
300.19
300.203
300.215
300.228
300.241
300.254
300.268
300.282
300.296
300.31
300.325
300.339
300.354
300.369
300.384
300.4
300.415
300.43
300.445
300.461
300.476
300.491
300.506
300.521
300.536
300.551
300.566
300.58
300.594
300.608
300.622
300.636
300.649
300.663
300.676
300
300
300
300.001
300.001
300.001
300.001
300.002
300.002
300.002
300.003
300.004
300.004
300.005
300.006
300.007
300.008
300.01
300.011
300.013
300.015
300.017
300.02
300.023
300.025
300.029
300.032
300.036
300.04
300.045
300.049
300.055
300.06
300.066
300.072
300.079
300.086
300.093
300.101
300.109
300.118
300.126
300.136
300.145
300.155
300.165
300.176
300.187
300.198
300.21
300.221
300.234
300.246
300.258
300.271
300.284
300.297
300.31
300.323
300.337
300.35
300.364
300.377
300.391
300.404
300.418
300.431
300.445
300.458
300.471
300.484
300.497
300.51
300.523
300.536
300.548
300.56
300.572
300.584
300.596
300.607
300
300
300
300
300.001
300.001
300.001
300.001
300.002
300.002
300.003
300.003
300.004
300.005
300.006
300.007
300.008
300.009
300.011
300.012
300.014
300.016
300.019
300.021
300.024
300.027
300.03
300.034
300.037
300.042
300.046
300.051
300.056
300.061
300.067
300.073
300.079
300.086
300.093
300.1
300.108
300.116
300.125
300.133
300.142
300.151
300.161
300.171
300.181
300.191
300.202
300.212
300.223
300.234
300.246
300.257
300.269
300.28
300.292
300.304
300.316
300.328
300.339
300.351
300.363
300.375
300.387
300.399
300.41
300.422
300.433
300.445
300.456
300.467
300.478
300.489
300.499
300.51
300.52
300.53
300.54
300
300
300
300
300.001
300.001
300.001
300.001
300.002
300.002
300.003
300.003
300.004
300.004
300.005
300.006
300.007
300.009
300.01
300.011
300.013
300.015
300.017
300.019
300.022
300.025
300.028
300.031
300.034
300.038
300.042
300.046
300.051
300.056
300.061
300.067
300.072
300.078
300.085
300.091
300.098
300.106
300.113
300.121
300.129
300.137
300.145
300.154
300.163
300.172
300.181
300.191
300.201
300.21
300.22
300.23
300.24
300.251
300.261
300.271
300.281
300.292
300.302
300.312
300.323
300.333
300.343
300.353
300.363
300.373
300.383
300.393
300.403
300.412
300.422
300.431
300.44
300.45
300.458
300.467
300.476
300
300
300
300
300.001
300.001
300.001
300.001
300.002
300.002
300.002
300.003
300.003
300.004
300.005
300.006
300.007
300.008
300.009
300.01
300.012
300.014
300.016
300.018
300.02
300.022
300.025
300.028
300.031
300.035
300.038
300.042
300.046
300.051
300.055
300.06
300.065
300.071
300.076
300.082
300.088
300.095
300.101
300.108
300.115
300.122
300.13
300.137
300.145
300.153
300.161
300.169
300.178
300.186
300.195
300.204
300.212
300.221
300.23
300.239
300.248
300.256
300.265
300.274
300.283
300.292
300.301
300.309
300.318
300.327
300.335
300.343
300.352
300.36
300.368
300.376
300.384
300.392
300.399
300.407
300.414
300
300
300
300
300.001
300.001
300.001
300.001
300.001
300.002
300.002
300.003
300.003
300.004
300.004
300.005
300.006
300.007
300.008
300.009
300.011
300.012
300.014
300.016
300.018
300.02
300.023
300.025
300.028
300.031
300.034
300.038
300.041
300.045
300.049
300.053
300.058
300.063
300.068
300.073
300.078
300.084
300.089
300.095
300.101
300.108
300.114
300.121
300.127
300.134
300.141
300.148
300.155
300.163
300.17
300.177
300.185
300.192
300.2
300.207
300.215
300.222
300.23
300.237
300.245
300.252
300.26
300.267
300.274
300.282
300.289
300.296
300.303
300.31
300.317
300.324
300.33
300.337
300.343
300.35
300.356
300
300
300
300
300
300.001
300.001
300.001
300.001
300.002
300.002
300.002
300.003
300.003
300.004
300.005
300.005
300.006
300.007
300.008
300.01
300.011
300.012
300.014
300.016
300.018
300.02
300.022
300.025
300.027
300.03
300.033
300.036
300.04
300.043
300.047
300.051
300.055
300.059
300.063
300.068
300.073
300.078
300.083
300.088
300.093
300.099
300.104
300.11
300.116
300.122
300.128
300.134
300.14
300.146
300.152
300.158
300.165
300.171
300.177
300.184
300.19
300.196
300.202
300.209
300.215
300.221
300.227
300.233
300.239
300.245
300.251
300.257
300.263
300.269
300.274
300.28
300.285
300.291
300.296
300.301
300
300
300
300
300
300.001
300.001
300.001
300.001
300.001
300.002
300.002
300.002
300.003
300.003
300.004
300.005
300.005
300.006
300.007
300.008
300.01
300.011
300.012
300.014
300.015
300.017
300.019
300.021
300.024
300.026
300.028
300.031
300.034
300.037
300.04
300.043
300.047
300.051
300.054
300.058
300.062
300.066
300.07
300.075
300.079
300.084
300.088
300.093
300.098
300.103
300.108
300.113
300.118
300.123
300.128
300.133
300.139
300.144
300.149
300.154
300.159
300.165
300.17
300.175
300.18
300.185
300.19
300.195
300.2
300.205
300.21
300.215
300.219
300.224
300.229
300.233
300.238
300.242
300.246
300.251
300
300
300
300
300
300
300.001
300.001
300.001
300.001
300.001
300.002
300.002
300.002
300.003
300.003
300.004
300.005
300.005
300.006
300.007
300.008
300.009
300.01
300.012
300.013
300.015
300.016
300.018
300.02
300.022
300.024
300.026
300.029
300.031
300.034
300.037
300.039
300.042
300.045
300.049
300.052
300.055
300.059
300.062
300.066
300.07
300.074
300.077
300.081
300.085
300.089
300.094
300.098
300.102
300.106
300.11
300.114
300.119
300.123
300.127
300.131
300.135
300.14
300.144
300.148
300.152
300.156
300.16
300.164
300.168
300.172
300.176
300.179
300.183
300.187
300.191
300.194
300.198
300.201
300.205
300
300
300
300
300
300
300
300.001
300.001
300.001
300.001
300.001
300.002
300.002
300.002
300.003
300.003
300.004
300.004
300.005
300.006
300.007
300.008
300.009
300.01
300.011
300.012
300.014
300.015
300.016
300.018
300.02
300.022
300.024
300.026
300.028
300.03
300.032
300.035
300.037
300.04
300.042
300.045
300.048
300.051
300.054
300.057
300.06
300.063
300.066
300.069
300.073
300.076
300.079
300.082
300.086
300.089
300.092
300.096
300.099
300.102
300.106
300.109
300.112
300.116
300.119
300.122
300.125
300.128
300.132
300.135
300.138
300.141
300.144
300.147
300.15
300.153
300.155
300.158
300.161
300.164
300
300
300
300
300
300
300
300
300.001
300.001
300.001
300.001
300.001
300.002
300.002
300.002
300.003
300.003
300.004
300.004
300.005
300.005
300.006
300.007
300.008
300.009
300.01
300.011
300.012
300.013
300.015
300.016
300.017
300.019
300.021
300.022
300.024
300.026
300.028
300.03
300.032
300.034
300.036
300.038
300.04
300.043
300.045
300.048
300.05
300.052
300.055
300.057
300.06
300.062
300.065
300.068
300.07
300.073
300.075
300.078
300.08
300.083
300.086
300.088
300.091
300.093
300.096
300.098
300.101
300.103
300.105
300.108
300.11
300.113
300.115
300.117
300.119
300.122
300.124
300.126
300.128
300
300
300
300
300
300
300
300
300
300.001
300.001
300.001
300.001
300.001
300.001
300.002
300.002
300.002
300.003
300.003
300.004
300.004
300.005
300.005
300.006
300.007
300.008
300.009
300.009
300.01
300.011
300.012
300.014
300.015
300.016
300.017
300.019
300.02
300.022
300.023
300.025
300.026
300.028
300.03
300.031
300.033
300.035
300.037
300.038
300.04
300.042
300.044
300.046
300.048
300.05
300.052
300.054
300.056
300.058
300.06
300.062
300.064
300.065
300.067
300.069
300.071
300.073
300.075
300.077
300.079
300.08
300.082
300.084
300.086
300.087
300.089
300.091
300.093
300.094
300.096
300.097
300
300
300
300
300
300
300
300
300
300
300.001
300.001
300.001
300.001
300.001
300.001
300.002
300.002
300.002
300.002
300.003
300.003
300.004
300.004
300.005
300.005
300.006
300.006
300.007
300.008
300.009
300.009
300.01
300.011
300.012
300.013
300.014
300.015
300.016
300.017
300.018
300.02
300.021
300.022
300.023
300.025
300.026
300.027
300.029
300.03
300.031
300.033
300.034
300.036
300.037
300.039
300.04
300.041
300.043
300.044
300.046
300.047
300.049
300.05
300.051
300.053
300.054
300.055
300.057
300.058
300.059
300.061
300.062
300.063
300.065
300.066
300.067
300.068
300.07
300.071
300.072
300
300
300
300
300
300
300
300
300
300
300
300
300.001
300.001
300.001
300.001
300.001
300.001
300.001
300.002
300.002
300.002
300.003
300.003
300.003
300.004
300.004
300.005
300.005
300.006
300.006
300.007
300.007
300.008
300.009
300.009
300.01
300.011
300.012
300.013
300.013
300.014
300.015
300.016
300.017
300.018
300.019
300.02
300.021
300.022
300.023
300.024
300.025
300.026
300.027
300.028
300.029
300.03
300.031
300.032
300.033
300.034
300.035
300.036
300.037
300.038
300.039
300.04
300.041
300.042
300.043
300.043
300.044
300.045
300.046
300.047
300.048
300.049
300.05
300.05
300.051
300
300
300
300
300
300
300
300
300
300
300
300
300
300
300
300.001
300.001
300.001
300.001
300.001
300.001
300.002
300.002
300.002
300.002
300.003
300.003
300.003
300.004
300.004
300.004
300.005
300.005
300.006
300.006
300.007
300.007
300.008
300.008
300.009
300.009
300.01
300.01
300.011
300.012
300.012
300.013
300.014
300.014
300.015
300.016
300.016
300.017
300.018
300.018
300.019
300.02
300.02
300.021
300.022
300.023
300.023
300.024
300.025
300.025
300.026
300.027
300.027
300.028
300.029
300.029
300.03
300.031
300.031
300.032
300.032
300.033
300.034
300.034
300.035
300.035
300
300
300
300
300
300
300
300
300
300
300
300
300
300
300
300
300
300
300.001
300.001
300.001
300.001
300.001
300.001
300.001
300.002
300.002
300.002
300.002
300.002
300.003
300.003
300.003
300.004
300.004
300.004
300.005
300.005
300.005
300.006
300.006
300.006
300.007
300.007
300.008
300.008
300.009
300.009
300.009
300.01
300.01
300.011
300.011
300.012
300.012
300.013
300.013
300.014
300.014
300.014
300.015
300.015
300.016
300.016
300.017
300.017
300.018
300.018
300.019
300.019
300.019
300.02
300.02
300.021
300.021
300.021
300.022
300.022
300.023
300.023
300.023
300
300
300
300
300
300
300
300
300
300
300
300
300
300
300
300
300
300
300
300
300
300
300.001
300.001
300.001
300.001
300.001
300.001
300.001
300.001
300.002
300.002
300.002
300.002
300.002
300.003
300.003
300.003
300.003
300.004
300.004
300.004
300.004
300.005
300.005
300.005
300.005
300.006
300.006
300.006
300.007
300.007
300.007
300.007
300.008
300.008
300.008
300.009
300.009
300.009
300.01
300.01
300.01
300.01
300.011
300.011
300.011
300.012
300.012
300.012
300.012
300.013
300.013
300.013
300.013
300.014
300.014
300.014
300.015
300.015
300.015
300
300
300
300
300
300
300
300
300
300
300
300
300
300
300
300
300
300
300
300
300
300
300
300
300
300
300.001
300.001
300.001
300.001
300.001
300.001
300.001
300.001
300.001
300.002
300.002
300.002
300.002
300.002
300.002
300.003
300.003
300.003
300.003
300.003
300.003
300.004
300.004
300.004
300.004
300.004
300.005
300.005
300.005
300.005
300.005
300.006
300.006
300.006
300.006
300.006
300.006
300.007
300.007
300.007
300.007
300.007
300.008
300.008
300.008
300.008
300.008
300.008
300.009
300.009
300.009
300.009
300.009
300.01
300.01
300
300
300
300
300
300
300
300
300
300
300
300
300
300
300
300
300
300
300
300
300
300
300
300
300
300
300
300
300
300
300.001
300.001
300.001
300.001
300.001
300.001
300.001
300.001
300.001
300.001
300.002
300.002
300.002
300.002
300.002
300.002
300.002
300.003
300.003
300.003
300.003
300.003
300.003
300.003
300.003
300.004
300.004
300.004
300.004
300.004
300.004
300.005
300.005
300.005
300.005
300.005
300.005
300.005
300.005
300.006
300.006
300.006
300.006
300.006
300.006
300.006
300.007
300.007
300.007
300.007
300.007
302.283
302.404
302.476
302.541
302.599
302.644
302.674
302.709
302.743
302.774
302.8
302.828
302.857
302.884
302.911
302.937
302.961
302.983
303.005
303.027
303.049
303.071
303.092
303.113
303.133
303.154
303.173
303.192
303.21
303.228
303.246
303.263
303.28
303.296
303.313
303.328
303.343
303.359
303.373
303.387
303.401
303.415
303.429
303.443
303.457
303.47
303.482
303.495
303.507
303.52
303.531
303.542
303.553
303.564
303.575
303.585
303.596
303.607
303.617
303.626
303.634
303.642
303.651
303.659
303.667
303.675
303.683
303.691
303.698
303.705
303.712
303.718
303.724
303.73
303.736
303.741
303.746
303.751
303.756
303.761
303.766
303.77
303.774
303.778
303.781
303.784
303.787
303.791
303.794
303.796
303.799
303.801
303.804
303.806
303.808
303.81
303.811
303.813
303.814
303.816
303.817
303.818
303.818
303.819
303.82
303.821
303.821
303.822
303.822
303.822
303.822
303.823
303.823
303.823
303.823
303.823
303.823
303.823
303.822
303.822
303.822
303.822
303.821
303.82
303.819
303.819
303.818
303.816
303.815
303.813
303.81
303.807
303.804
303.801
303.797
303.792
303.787
303.781
303.774
303.766
303.758
303.749
303.739
303.727
303.714
303.7
303.684
303.666
303.645
303.621
303.591
303.559
303.527
303.489
303.445
303.394
303.336
303.234
303.135
303.006
302.827
302.184
302.29
302.372
302.44
302.499
302.548
302.588
302.626
302.662
302.695
302.725
302.755
302.784
302.813
302.84
302.867
302.892
302.915
302.939
302.961
302.984
303.006
303.028
303.049
303.07
303.09
303.109
303.129
303.148
303.166
303.184
303.201
303.218
303.235
303.251
303.267
303.283
303.298
303.313
303.327
303.342
303.355
303.369
303.384
303.397
303.411
303.423
303.436
303.448
303.461
303.472
303.483
303.494
303.505
303.516
303.527
303.538
303.548
303.558
303.567
303.576
303.584
303.593
303.601
303.609
303.617
303.625
303.633
303.64
303.647
303.654
303.66
303.666
303.672
303.678
303.683
303.688
303.693
303.698
303.703
303.708
303.712
303.716
303.72
303.723
303.726
303.73
303.733
303.736
303.739
303.741
303.743
303.746
303.748
303.75
303.752
303.754
303.755
303.756
303.758
303.759
303.76
303.761
303.761
303.762
303.763
303.763
303.764
303.764
303.764
303.765
303.765
303.765
303.765
303.765
303.765
303.765
303.765
303.765
303.764
303.764
303.764
303.763
303.763
303.762
303.761
303.76
303.758
303.757
303.755
303.752
303.75
303.747
303.743
303.739
303.734
303.729
303.723
303.716
303.709
303.701
303.692
303.681
303.67
303.657
303.643
303.627
303.609
303.588
303.563
303.534
303.502
303.469
303.431
303.386
303.333
303.271
303.173
303.069
302.934
302.738
302.104
302.195
302.274
302.343
302.402
302.454
302.499
302.54
302.578
302.613
302.646
302.678
302.708
302.738
302.766
302.793
302.819
302.844
302.868
302.892
302.915
302.937
302.959
302.981
303.002
303.023
303.043
303.062
303.081
303.1
303.118
303.136
303.153
303.17
303.187
303.203
303.219
303.234
303.249
303.264
303.278
303.292
303.307
303.321
303.334
303.348
303.36
303.373
303.386
303.398
303.41
303.421
303.432
303.443
303.454
303.465
303.476
303.486
303.496
303.505
303.514
303.522
303.531
303.539
303.548
303.556
303.564
303.571
303.578
303.585
303.592
303.598
303.605
303.611
303.616
303.622
303.627
303.632
303.637
303.642
303.646
303.651
303.655
303.658
303.662
303.665
303.668
303.672
303.674
303.677
303.68
303.682
303.684
303.686
303.688
303.69
303.692
303.694
303.695
303.696
303.697
303.698
303.699
303.7
303.701
303.701
303.702
303.702
303.703
303.703
303.703
303.703
303.704
303.704
303.704
303.704
303.704
303.704
303.703
303.703
303.703
303.702
303.702
303.701
303.7
303.699
303.698
303.697
303.695
303.693
303.691
303.688
303.685
303.682
303.678
303.673
303.668
303.662
303.655
303.648
303.64
303.631
303.621
303.609
303.597
303.582
303.566
303.548
303.527
303.503
303.473
303.442
303.408
303.369
303.323
303.269
303.204
303.108
303.001
302.86
302.654
302.03
302.111
302.184
302.25
302.309
302.362
302.409
302.452
302.492
302.529
302.564
302.597
302.629
302.659
302.688
302.716
302.743
302.769
302.794
302.818
302.842
302.865
302.887
302.909
302.931
302.952
302.972
302.992
303.011
303.03
303.049
303.067
303.084
303.101
303.118
303.135
303.151
303.166
303.181
303.196
303.211
303.226
303.24
303.254
303.268
303.281
303.294
303.307
303.319
303.332
303.344
303.355
303.366
303.378
303.388
303.399
303.41
303.42
303.43
303.439
303.448
303.457
303.466
303.474
303.482
303.49
303.498
303.506
303.513
303.52
303.527
303.533
303.539
303.545
303.551
303.556
303.562
303.567
303.572
303.576
303.581
303.585
303.589
303.593
303.597
303.6
303.603
303.606
303.609
303.612
303.614
303.617
303.619
303.621
303.623
303.625
303.627
303.628
303.63
303.631
303.632
303.633
303.634
303.635
303.636
303.636
303.637
303.637
303.638
303.638
303.638
303.638
303.639
303.639
303.639
303.639
303.639
303.638
303.638
303.638
303.638
303.637
303.637
303.636
303.635
303.634
303.633
303.632
303.63
303.628
303.626
303.623
303.62
303.617
303.613
303.608
303.603
303.597
303.591
303.584
303.576
303.566
303.556
303.545
303.532
303.518
303.502
303.484
303.463
303.438
303.41
303.378
303.344
303.304
303.257
303.202
303.134
303.039
302.929
302.784
302.573
301.96
302.032
302.099
302.162
302.219
302.271
302.319
302.364
302.405
302.443
302.479
302.514
302.546
302.577
302.607
302.636
302.664
302.69
302.716
302.741
302.765
302.788
302.811
302.834
302.855
302.877
302.897
302.918
302.937
302.957
302.975
302.994
303.011
303.029
303.046
303.062
303.079
303.095
303.11
303.125
303.14
303.155
303.169
303.183
303.197
303.211
303.224
303.237
303.249
303.262
303.274
303.285
303.297
303.308
303.319
303.33
303.34
303.35
303.36
303.37
303.379
303.388
303.396
303.405
303.413
303.421
303.429
303.436
303.444
303.451
303.457
303.464
303.47
303.476
303.482
303.487
303.493
303.498
303.503
303.507
303.512
303.516
303.52
303.524
303.528
303.531
303.534
303.537
303.54
303.543
303.546
303.548
303.55
303.552
303.554
303.556
303.558
303.559
303.561
303.562
303.563
303.564
303.565
303.566
303.567
303.567
303.568
303.568
303.569
303.569
303.569
303.569
303.57
303.57
303.57
303.57
303.57
303.57
303.569
303.569
303.569
303.568
303.568
303.567
303.566
303.565
303.564
303.563
303.561
303.559
303.557
303.555
303.551
303.548
303.544
303.54
303.535
303.529
303.522
303.515
303.507
303.498
303.488
303.477
303.464
303.45
303.434
303.416
303.395
303.37
303.342
303.31
303.276
303.235
303.188
303.131
303.061
302.967
302.855
302.707
302.495
301.892
301.956
302.018
302.076
302.131
302.182
302.23
302.274
302.316
302.355
302.392
302.427
302.461
302.493
302.523
302.552
302.581
302.608
302.634
302.66
302.684
302.708
302.732
302.754
302.776
302.798
302.819
302.84
302.86
302.879
302.898
302.917
302.935
302.952
302.97
302.986
303.003
303.019
303.035
303.05
303.065
303.08
303.094
303.109
303.122
303.136
303.149
303.162
303.175
303.187
303.2
303.211
303.223
303.234
303.245
303.256
303.267
303.277
303.287
303.296
303.305
303.314
303.323
303.332
303.34
303.348
303.356
303.363
303.37
303.378
303.384
303.391
303.397
303.403
303.409
303.414
303.42
303.425
303.43
303.434
303.439
303.443
303.447
303.451
303.455
303.458
303.461
303.464
303.467
303.47
303.472
303.475
303.477
303.479
303.481
303.483
303.485
303.486
303.488
303.489
303.49
303.491
303.492
303.493
303.494
303.494
303.495
303.495
303.496
303.496
303.496
303.497
303.497
303.497
303.497
303.497
303.497
303.497
303.496
303.496
303.496
303.495
303.495
303.494
303.493
303.492
303.491
303.49
303.488
303.486
303.484
303.482
303.479
303.475
303.471
303.467
303.462
303.456
303.45
303.443
303.435
303.426
303.416
303.405
303.392
303.378
303.362
303.344
303.323
303.299
303.271
303.239
303.204
303.163
303.115
303.057
302.985
302.892
302.778
302.628
302.419
301.824
301.883
301.939
301.994
302.046
302.095
302.141
302.185
302.227
302.266
302.303
302.339
302.373
302.405
302.436
302.466
302.495
302.522
302.549
302.575
302.6
302.624
302.648
302.671
302.694
302.716
302.737
302.758
302.778
302.798
302.817
302.836
302.854
302.872
302.889
302.906
302.923
302.939
302.955
302.971
302.986
303.001
303.015
303.03
303.044
303.058
303.071
303.084
303.097
303.109
303.121
303.133
303.145
303.156
303.167
303.178
303.189
303.199
303.209
303.219
303.228
303.237
303.246
303.254
303.262
303.27
303.278
303.286
303.293
303.3
303.307
303.313
303.32
303.326
303.331
303.337
303.342
303.347
303.352
303.357
303.362
303.366
303.37
303.374
303.377
303.381
303.384
303.387
303.39
303.393
303.395
303.398
303.4
303.402
303.404
303.406
303.408
303.409
303.411
303.412
303.413
303.414
303.415
303.416
303.417
303.417
303.418
303.418
303.419
303.419
303.419
303.419
303.42
303.42
303.42
303.42
303.42
303.42
303.419
303.419
303.419
303.418
303.418
303.417
303.416
303.415
303.414
303.413
303.411
303.409
303.407
303.405
303.402
303.398
303.395
303.39
303.385
303.38
303.374
303.367
303.359
303.35
303.34
303.329
303.316
303.302
303.286
303.268
303.247
303.223
303.195
303.163
303.128
303.086
303.038
302.979
302.906
302.813
302.698
302.549
302.345
301.757
301.81
301.862
301.913
301.962
302.008
302.053
302.096
302.137
302.176
302.213
302.248
302.282
302.315
302.346
302.376
302.405
302.434
302.461
302.487
302.512
302.537
302.561
302.584
302.607
302.629
302.651
302.672
302.692
302.712
302.732
302.751
302.769
302.787
302.805
302.822
302.839
302.855
302.871
302.887
302.903
302.918
302.932
302.947
302.961
302.975
302.988
303.001
303.014
303.027
303.039
303.051
303.063
303.074
303.085
303.096
303.107
303.117
303.127
303.137
303.146
303.155
303.164
303.172
303.181
303.189
303.197
303.204
303.211
303.218
303.225
303.232
303.238
303.244
303.25
303.255
303.261
303.266
303.271
303.276
303.28
303.284
303.288
303.292
303.296
303.299
303.303
303.306
303.308
303.311
303.314
303.316
303.318
303.321
303.323
303.324
303.326
303.328
303.329
303.33
303.332
303.333
303.334
303.334
303.335
303.336
303.336
303.337
303.337
303.337
303.338
303.338
303.338
303.338
303.338
303.338
303.338
303.338
303.338
303.338
303.337
303.337
303.336
303.336
303.335
303.334
303.333
303.331
303.33
303.328
303.326
303.323
303.32
303.317
303.313
303.309
303.304
303.299
303.293
303.286
303.278
303.269
303.26
303.249
303.236
303.222
303.206
303.188
303.167
303.143
303.115
303.084
303.048
303.006
302.957
302.897
302.824
302.732
302.617
302.469
302.272
301.689
301.738
301.786
301.833
301.879
301.923
301.966
302.007
302.047
302.085
302.121
302.157
302.19
302.223
302.254
302.284
302.314
302.342
302.369
302.396
302.421
302.446
302.47
302.494
302.517
302.539
302.561
302.582
302.603
302.623
302.642
302.662
302.68
302.699
302.716
302.734
302.751
302.767
302.784
302.8
302.815
302.83
302.845
302.86
302.874
302.888
302.901
302.915
302.927
302.94
302.952
302.964
302.976
302.988
302.999
303.01
303.02
303.031
303.041
303.05
303.06
303.069
303.078
303.086
303.095
303.103
303.11
303.118
303.125
303.132
303.139
303.146
303.152
303.158
303.164
303.169
303.175
303.18
303.185
303.19
303.194
303.198
303.202
303.206
303.21
303.213
303.216
303.22
303.222
303.225
303.228
303.23
303.232
303.235
303.237
303.238
303.24
303.242
303.243
303.244
303.245
303.247
303.247
303.248
303.249
303.25
303.25
303.251
303.251
303.252
303.252
303.252
303.252
303.252
303.252
303.252
303.252
303.252
303.252
303.252
303.251
303.251
303.25
303.25
303.249
303.248
303.247
303.245
303.244
303.242
303.24
303.237
303.235
303.231
303.228
303.224
303.219
303.213
303.207
303.201
303.193
303.184
303.175
303.164
303.152
303.138
303.122
303.104
303.083
303.059
303.031
303
302.964
302.922
302.872
302.812
302.739
302.647
302.533
302.387
302.2
301.621
301.666
301.71
301.754
301.797
301.838
301.879
301.918
301.957
301.993
302.029
302.064
302.097
302.129
302.16
302.19
302.219
302.247
302.275
302.301
302.327
302.352
302.376
302.4
302.423
302.445
302.467
302.489
302.509
302.53
302.549
302.569
302.587
302.606
302.624
302.641
302.658
302.675
302.692
302.708
302.723
302.739
302.753
302.768
302.782
302.796
302.81
302.823
302.836
302.849
302.861
302.873
302.885
302.897
302.908
302.919
302.929
302.94
302.95
302.96
302.969
302.978
302.987
302.996
303.004
303.012
303.02
303.027
303.035
303.042
303.049
303.055
303.061
303.067
303.073
303.079
303.084
303.089
303.094
303.099
303.103
303.108
303.112
303.116
303.119
303.123
303.126
303.129
303.132
303.135
303.137
303.14
303.142
303.144
303.146
303.148
303.149
303.151
303.152
303.154
303.155
303.156
303.157
303.158
303.158
303.159
303.16
303.16
303.161
303.161
303.161
303.161
303.162
303.162
303.162
303.162
303.162
303.162
303.161
303.161
303.161
303.16
303.16
303.159
303.158
303.157
303.156
303.155
303.153
303.152
303.15
303.147
303.144
303.141
303.138
303.133
303.129
303.124
303.118
303.111
303.104
303.095
303.086
303.075
303.063
303.049
303.033
303.015
302.994
302.971
302.943
302.912
302.875
302.833
302.783
302.723
302.65
302.559
302.446
302.305
302.127
301.553
301.594
301.635
301.675
301.715
301.754
301.792
301.83
301.866
301.902
301.936
301.97
302.002
302.034
302.064
302.094
302.123
302.151
302.178
302.204
302.23
302.255
302.279
302.303
302.326
302.348
302.37
302.391
302.412
302.433
302.452
302.472
302.491
302.509
302.527
302.545
302.562
302.579
302.595
302.612
302.627
302.643
302.658
302.672
302.687
302.701
302.714
302.728
302.741
302.754
302.766
302.778
302.79
302.801
302.813
302.824
302.834
302.844
302.855
302.864
302.874
302.883
302.892
302.9
302.909
302.917
302.925
302.932
302.94
302.947
302.953
302.96
302.966
302.972
302.978
302.984
302.989
302.994
302.999
303.004
303.008
303.012
303.016
303.02
303.024
303.027
303.031
303.034
303.037
303.039
303.042
303.044
303.047
303.049
303.051
303.052
303.054
303.056
303.057
303.058
303.06
303.061
303.062
303.062
303.063
303.064
303.064
303.065
303.065
303.066
303.066
303.066
303.066
303.066
303.066
303.066
303.066
303.066
303.066
303.066
303.065
303.065
303.064
303.064
303.063
303.062
303.061
303.06
303.058
303.056
303.054
303.052
303.049
303.046
303.043
303.039
303.034
303.029
303.023
303.017
303.009
303.001
302.992
302.981
302.969
302.955
302.94
302.922
302.901
302.878
302.85
302.819
302.783
302.741
302.691
302.631
302.558
302.468
302.358
302.222
302.054
301.483
301.521
301.559
301.596
301.633
301.67
301.706
301.741
301.776
301.81
301.843
301.875
301.907
301.937
301.967
301.996
302.024
302.052
302.079
302.105
302.13
302.155
302.179
302.203
302.225
302.248
302.27
302.291
302.312
302.332
302.352
302.371
302.39
302.409
302.427
302.444
302.462
302.479
302.495
302.511
302.527
302.542
302.558
302.572
302.587
302.601
302.614
302.628
302.641
302.654
302.666
302.678
302.69
302.702
302.713
302.724
302.734
302.745
302.755
302.764
302.774
302.783
302.792
302.801
302.809
302.817
302.825
302.832
302.84
302.847
302.854
302.86
302.866
302.872
302.878
302.884
302.889
302.894
302.899
302.904
302.908
302.912
302.916
302.92
302.924
302.927
302.931
302.934
302.937
302.939
302.942
302.944
302.947
302.949
302.951
302.952
302.954
302.956
302.957
302.958
302.959
302.961
302.961
302.962
302.963
302.964
302.964
302.965
302.965
302.966
302.966
302.966
302.966
302.966
302.966
302.966
302.966
302.966
302.966
302.966
302.965
302.965
302.964
302.964
302.963
302.962
302.961
302.96
302.958
302.957
302.955
302.952
302.95
302.947
302.943
302.939
302.935
302.93
302.924
302.918
302.91
302.902
302.893
302.883
302.871
302.857
302.842
302.824
302.804
302.78
302.753
302.722
302.686
302.644
302.594
302.534
302.462
302.375
302.268
302.137
301.98
301.413
301.448
301.483
301.517
301.552
301.586
301.619
301.653
301.685
301.718
301.749
301.78
301.81
301.84
301.869
301.897
301.924
301.951
301.978
302.003
302.028
302.053
302.076
302.1
302.122
302.144
302.166
302.187
302.208
302.228
302.248
302.267
302.286
302.305
302.323
302.34
302.358
302.374
302.391
302.407
302.423
302.438
302.453
302.468
302.482
302.496
302.51
302.524
302.537
302.549
302.562
302.574
302.586
302.597
302.609
302.619
302.63
302.64
302.65
302.66
302.67
302.679
302.688
302.696
302.705
302.713
302.72
302.728
302.735
302.742
302.749
302.756
302.762
302.768
302.774
302.779
302.784
302.79
302.794
302.799
302.804
302.808
302.812
302.816
302.819
302.823
302.826
302.829
302.832
302.835
302.837
302.839
302.842
302.844
302.846
302.848
302.849
302.851
302.852
302.853
302.855
302.856
302.857
302.857
302.858
302.859
302.859
302.86
302.86
302.861
302.861
302.861
302.861
302.862
302.862
302.862
302.861
302.861
302.861
302.861
302.861
302.86
302.86
302.859
302.858
302.857
302.856
302.855
302.854
302.852
302.85
302.848
302.845
302.842
302.839
302.835
302.831
302.826
302.82
302.814
302.807
302.799
302.79
302.779
302.768
302.754
302.739
302.722
302.702
302.678
302.652
302.621
302.585
302.543
302.494
302.435
302.364
302.279
302.175
302.051
301.905
301.342
301.374
301.406
301.438
301.47
301.502
301.533
301.564
301.595
301.625
301.655
301.684
301.713
301.742
301.769
301.797
301.823
301.849
301.875
301.9
301.924
301.948
301.971
301.994
302.017
302.038
302.06
302.081
302.101
302.121
302.141
302.16
302.179
302.197
302.215
302.232
302.25
302.266
302.283
302.299
302.315
302.33
302.345
302.36
302.374
302.388
302.402
302.415
302.428
302.441
302.453
302.465
302.477
302.489
302.5
302.511
302.521
302.532
302.542
302.551
302.561
302.57
302.579
302.587
302.596
302.604
302.611
302.619
302.626
302.633
302.64
302.646
302.653
302.659
302.664
302.67
302.675
302.68
302.685
302.69
302.694
302.698
302.702
302.706
302.71
302.713
302.716
302.719
302.722
302.725
302.727
302.73
302.732
302.734
302.736
302.738
302.74
302.741
302.742
302.744
302.745
302.746
302.747
302.748
302.749
302.749
302.75
302.75
302.751
302.751
302.751
302.752
302.752
302.752
302.752
302.752
302.752
302.752
302.751
302.751
302.751
302.75
302.75
302.749
302.749
302.748
302.747
302.745
302.744
302.742
302.74
302.738
302.736
302.733
302.73
302.726
302.722
302.717
302.712
302.705
302.698
302.691
302.682
302.672
302.66
302.647
302.632
302.615
302.595
302.572
302.546
302.515
302.48
302.439
302.39
302.332
302.263
302.18
302.081
301.964
301.827
301.271
301.3
301.329
301.359
301.388
301.418
301.447
301.476
301.504
301.533
301.561
301.589
301.616
301.643
301.669
301.695
301.721
301.746
301.771
301.795
301.819
301.842
301.865
301.887
301.909
301.93
301.951
301.972
301.992
302.011
302.031
302.05
302.068
302.086
302.104
302.121
302.138
302.155
302.171
302.187
302.203
302.218
302.233
302.248
302.262
302.276
302.289
302.303
302.316
302.328
302.341
302.353
302.364
302.376
302.387
302.398
302.408
302.419
302.428
302.438
302.447
302.457
302.465
302.474
302.482
302.49
302.498
302.505
302.513
302.52
302.526
302.533
302.539
302.545
302.551
302.556
302.561
302.566
302.571
302.576
302.58
302.584
302.588
302.592
302.596
302.599
302.602
302.605
302.608
302.611
302.613
302.615
302.618
302.62
302.622
302.623
302.625
302.627
302.628
302.629
302.63
302.631
302.632
302.633
302.634
302.635
302.635
302.636
302.636
302.637
302.637
302.637
302.637
302.637
302.637
302.637
302.637
302.637
302.637
302.637
302.636
302.636
302.635
302.635
302.634
302.633
302.632
302.631
302.63
302.628
302.626
302.624
302.622
302.619
302.616
302.612
302.608
302.603
302.598
302.592
302.585
302.578
302.569
302.559
302.548
302.535
302.52
302.503
302.484
302.461
302.435
302.406
302.371
302.33
302.282
302.226
302.158
302.079
301.985
301.875
301.748
301.198
301.225
301.252
301.279
301.306
301.333
301.36
301.387
301.414
301.44
301.467
301.493
301.518
301.544
301.569
301.594
301.618
301.642
301.666
301.689
301.712
301.734
301.756
301.778
301.799
301.82
301.84
301.86
301.88
301.899
301.918
301.937
301.955
301.973
301.99
302.007
302.024
302.04
302.056
302.072
302.088
302.103
302.117
302.132
302.146
302.16
302.173
302.186
302.199
302.212
302.224
302.236
302.248
302.259
302.27
302.281
302.291
302.301
302.311
302.321
302.33
302.339
302.348
302.356
302.364
302.372
302.38
302.387
302.395
302.401
302.408
302.414
302.421
302.427
302.432
302.438
302.443
302.448
302.453
302.457
302.461
302.466
302.469
302.473
302.477
302.48
302.483
302.486
302.489
302.492
302.494
302.497
302.499
302.501
302.503
302.504
302.506
302.508
302.509
302.51
302.511
302.512
302.513
302.514
302.515
302.516
302.516
302.517
302.517
302.517
302.518
302.518
302.518
302.518
302.518
302.518
302.518
302.518
302.518
302.518
302.517
302.517
302.516
302.516
302.515
302.514
302.513
302.512
302.511
302.509
302.507
302.505
302.503
302.5
302.497
302.494
302.49
302.485
302.48
302.474
302.468
302.46
302.452
302.442
302.431
302.418
302.404
302.387
302.368
302.346
302.321
302.292
302.258
302.218
302.171
302.116
302.052
301.976
301.887
301.784
301.667
301.126
301.15
301.175
301.2
301.224
301.249
301.274
301.299
301.324
301.348
301.373
301.397
301.421
301.445
301.468
301.492
301.515
301.538
301.56
301.582
301.604
301.625
301.647
301.667
301.688
301.708
301.728
301.747
301.766
301.785
301.803
301.821
301.839
301.856
301.874
301.89
301.907
301.923
301.939
301.954
301.969
301.984
301.999
302.013
302.027
302.04
302.054
302.067
302.079
302.092
302.104
302.116
302.127
302.138
302.149
302.16
302.17
302.18
302.19
302.199
302.209
302.217
302.226
302.234
302.243
302.25
302.258
302.265
302.272
302.279
302.286
302.292
302.298
302.304
302.31
302.315
302.32
302.325
302.33
302.334
302.338
302.343
302.346
302.35
302.354
302.357
302.36
302.363
302.366
302.368
302.371
302.373
302.375
302.377
302.379
302.381
302.383
302.384
302.385
302.387
302.388
302.389
302.39
302.391
302.391
302.392
302.393
302.393
302.393
302.394
302.394
302.394
302.395
302.395
302.395
302.395
302.395
302.394
302.394
302.394
302.394
302.393
302.393
302.392
302.391
302.391
302.39
302.389
302.387
302.386
302.384
302.382
302.38
302.377
302.374
302.371
302.367
302.363
302.358
302.352
302.346
302.339
302.33
302.321
302.31
302.298
302.284
302.268
302.249
302.227
302.203
302.174
302.141
302.102
302.057
302.004
301.942
301.87
301.787
301.691
301.584
301.052
301.075
301.097
301.12
301.143
301.165
301.188
301.211
301.234
301.256
301.279
301.301
301.324
301.346
301.368
301.39
301.412
301.433
301.454
301.475
301.496
301.516
301.536
301.556
301.576
301.595
301.614
301.633
301.651
301.669
301.687
301.704
301.722
301.738
301.755
301.771
301.787
301.803
301.818
301.834
301.848
301.863
301.877
301.891
301.905
301.918
301.931
301.944
301.956
301.968
301.98
301.992
302.003
302.014
302.025
302.035
302.046
302.055
302.065
302.074
302.083
302.092
302.101
302.109
302.117
302.125
302.132
302.139
302.146
302.153
302.159
302.166
302.172
302.177
302.183
302.188
302.193
302.198
302.203
302.207
302.211
302.215
302.219
302.223
302.226
302.23
302.233
302.236
302.238
302.241
302.243
302.246
302.248
302.25
302.251
302.253
302.255
302.256
302.258
302.259
302.26
302.261
302.262
302.263
302.263
302.264
302.265
302.265
302.266
302.266
302.266
302.266
302.267
302.267
302.267
302.267
302.267
302.267
302.266
302.266
302.266
302.265
302.265
302.264
302.264
302.263
302.262
302.261
302.26
302.258
302.256
302.255
302.252
302.25
302.247
302.244
302.24
302.236
302.231
302.226
302.22
302.213
302.205
302.195
302.185
302.173
302.159
302.144
302.126
302.105
302.081
302.053
302.021
301.983
301.94
301.889
301.831
301.763
301.685
301.596
301.498
300.979
300.999
301.02
301.04
301.061
301.082
301.102
301.123
301.144
301.165
301.186
301.206
301.227
301.248
301.268
301.288
301.309
301.329
301.349
301.368
301.388
301.407
301.426
301.445
301.463
301.481
301.5
301.517
301.535
301.552
301.569
301.586
301.603
301.619
301.635
301.651
301.666
301.681
301.696
301.711
301.725
301.739
301.753
301.767
301.78
301.793
301.806
301.818
301.831
301.842
301.854
301.865
301.876
301.887
301.898
301.908
301.918
301.928
301.937
301.946
301.955
301.964
301.972
301.98
301.988
301.995
302.003
302.01
302.017
302.023
302.03
302.036
302.042
302.047
302.053
302.058
302.063
302.068
302.072
302.077
302.081
302.085
302.088
302.092
302.095
302.098
302.101
302.104
302.107
302.11
302.112
302.114
302.116
302.118
302.12
302.122
302.123
302.125
302.126
302.127
302.128
302.129
302.13
302.131
302.132
302.132
302.133
302.133
302.134
302.134
302.134
302.135
302.135
302.135
302.135
302.135
302.135
302.135
302.135
302.134
302.134
302.134
302.133
302.133
302.132
302.131
302.13
302.129
302.128
302.127
302.125
302.123
302.121
302.119
302.116
302.113
302.109
302.105
302.101
302.096
302.09
302.083
302.075
302.066
302.056
302.045
302.032
302.016
301.999
301.979
301.956
301.929
301.898
301.862
301.821
301.773
301.717
301.654
301.581
301.5
301.411
300.906
300.924
300.942
300.961
300.98
300.998
301.017
301.036
301.055
301.074
301.093
301.112
301.131
301.15
301.169
301.188
301.206
301.225
301.243
301.262
301.28
301.298
301.316
301.333
301.351
301.368
301.385
301.402
301.419
301.435
301.451
301.467
301.483
301.499
301.514
301.529
301.544
301.558
301.573
301.587
301.601
301.614
301.628
301.641
301.654
301.666
301.679
301.691
301.703
301.714
301.725
301.736
301.747
301.758
301.768
301.778
301.788
301.797
301.806
301.815
301.824
301.832
301.84
301.848
301.856
301.863
301.871
301.877
301.884
301.891
301.897
301.903
301.908
301.914
301.919
301.924
301.929
301.934
301.938
301.943
301.947
301.95
301.954
301.958
301.961
301.964
301.967
301.97
301.972
301.975
301.977
301.979
301.981
301.983
301.985
301.987
301.988
301.99
301.991
301.992
301.993
301.994
301.995
301.996
301.996
301.997
301.998
301.998
301.999
301.999
301.999
301.999
302
302
302
302
302
302
301.999
301.999
301.999
301.998
301.998
301.997
301.997
301.996
301.995
301.994
301.993
301.992
301.99
301.988
301.987
301.984
301.982
301.979
301.975
301.971
301.967
301.962
301.956
301.95
301.942
301.934
301.924
301.913
301.9
301.886
301.869
301.85
301.828
301.802
301.772
301.738
301.699
301.654
301.602
301.543
301.477
301.402
301.321
300.832
300.849
300.866
300.882
300.899
300.916
300.933
300.95
300.967
300.985
301.002
301.019
301.036
301.054
301.071
301.088
301.105
301.122
301.139
301.156
301.173
301.19
301.206
301.223
301.239
301.255
301.271
301.287
301.303
301.318
301.333
301.348
301.363
301.378
301.393
301.407
301.421
301.435
301.449
301.462
301.475
301.489
301.501
301.514
301.526
301.538
301.55
301.562
301.573
301.584
301.595
301.606
301.616
301.627
301.636
301.646
301.655
301.665
301.674
301.682
301.691
301.699
301.707
301.714
301.722
301.729
301.736
301.743
301.749
301.755
301.761
301.767
301.773
301.778
301.783
301.788
301.793
301.797
301.802
301.806
301.81
301.814
301.817
301.821
301.824
301.827
301.83
301.832
301.835
301.837
301.84
301.842
301.844
301.846
301.847
301.849
301.85
301.852
301.853
301.854
301.855
301.856
301.857
301.858
301.858
301.859
301.86
301.86
301.86
301.861
301.861
301.861
301.861
301.862
301.862
301.862
301.862
301.861
301.861
301.861
301.861
301.86
301.86
301.859
301.859
301.858
301.857
301.856
301.855
301.854
301.853
301.851
301.849
301.847
301.844
301.842
301.838
301.835
301.83
301.826
301.82
301.814
301.807
301.799
301.79
301.779
301.767
301.753
301.737
301.719
301.697
301.673
301.645
301.613
301.576
301.534
301.486
301.432
301.371
301.303
301.23
300.76
300.775
300.79
300.805
300.82
300.835
300.85
300.865
300.881
300.896
300.912
300.928
300.943
300.959
300.975
300.99
301.006
301.021
301.037
301.052
301.068
301.083
301.098
301.113
301.128
301.143
301.158
301.173
301.187
301.202
301.216
301.23
301.244
301.258
301.272
301.285
301.299
301.312
301.325
301.338
301.35
301.362
301.375
301.387
301.398
301.41
301.421
301.432
301.443
301.454
301.464
301.475
301.485
301.494
301.504
301.513
301.522
301.531
301.539
301.548
301.556
301.564
301.571
301.579
301.586
301.593
301.6
301.606
301.612
301.618
301.624
301.63
301.635
301.64
301.645
301.65
301.655
301.659
301.663
301.667
301.671
301.675
301.678
301.681
301.685
301.688
301.69
301.693
301.695
301.698
301.7
301.702
301.704
301.706
301.707
301.709
301.71
301.712
301.713
301.714
301.715
301.716
301.717
301.717
301.718
301.719
301.719
301.72
301.72
301.72
301.721
301.721
301.721
301.721
301.721
301.721
301.721
301.721
301.721
301.721
301.72
301.72
301.72
301.719
301.719
301.718
301.717
301.716
301.715
301.714
301.713
301.711
301.709
301.707
301.705
301.702
301.699
301.696
301.692
301.687
301.682
301.676
301.67
301.662
301.653
301.643
301.631
301.618
301.603
301.586
301.566
301.543
301.517
301.487
301.452
301.413
301.369
301.32
301.264
301.204
301.138
300.689
300.702
300.715
300.728
300.741
300.755
300.769
300.782
300.796
300.81
300.824
300.838
300.852
300.866
300.88
300.894
300.908
300.922
300.936
300.95
300.964
300.978
300.992
301.006
301.02
301.033
301.047
301.061
301.074
301.087
301.101
301.114
301.127
301.14
301.152
301.165
301.177
301.19
301.202
301.214
301.226
301.237
301.249
301.26
301.271
301.282
301.293
301.303
301.313
301.324
301.333
301.343
301.353
301.362
301.371
301.38
301.388
301.397
301.405
301.413
301.421
301.428
301.435
301.443
301.449
301.456
301.463
301.469
301.475
301.481
301.486
301.492
301.497
301.502
301.506
301.511
301.515
301.52
301.524
301.528
301.531
301.535
301.538
301.541
301.544
301.547
301.55
301.552
301.555
301.557
301.559
301.561
301.563
301.564
301.566
301.567
301.569
301.57
301.571
301.572
301.573
301.574
301.575
301.576
301.576
301.577
301.577
301.578
301.578
301.579
301.579
301.579
301.579
301.579
301.579
301.579
301.579
301.579
301.579
301.579
301.579
301.578
301.578
301.577
301.577
301.576
301.575
301.575
301.574
301.573
301.571
301.57
301.568
301.566
301.564
301.562
301.559
301.555
301.552
301.547
301.543
301.537
301.531
301.524
301.515
301.506
301.495
301.483
301.468
301.452
301.433
301.412
301.388
301.36
301.328
301.293
301.252
301.208
301.158
301.103
301.044
300.618
300.63
300.642
300.653
300.665
300.677
300.689
300.701
300.714
300.726
300.738
300.751
300.763
300.776
300.788
300.801
300.813
300.826
300.838
300.851
300.864
300.876
300.889
300.901
300.914
300.926
300.939
300.951
300.963
300.975
300.987
300.999
301.011
301.023
301.035
301.046
301.058
301.069
301.081
301.092
301.103
301.113
301.124
301.135
301.145
301.155
301.165
301.175
301.185
301.194
301.204
301.213
301.222
301.23
301.239
301.247
301.255
301.263
301.271
301.279
301.286
301.293
301.3
301.307
301.313
301.32
301.326
301.332
301.337
301.343
301.348
301.353
301.358
301.363
301.367
301.372
301.376
301.38
301.384
301.388
301.391
301.394
301.398
301.401
301.403
301.406
301.409
301.411
301.413
301.415
301.417
301.419
301.421
301.423
301.424
301.426
301.427
301.428
301.429
301.43
301.431
301.432
301.433
301.434
301.434
301.435
301.435
301.436
301.436
301.436
301.437
301.437
301.437
301.437
301.437
301.437
301.437
301.437
301.437
301.437
301.436
301.436
301.436
301.435
301.435
301.434
301.433
301.433
301.432
301.431
301.429
301.428
301.427
301.425
301.423
301.42
301.418
301.415
301.411
301.407
301.403
301.398
301.392
301.385
301.377
301.368
301.358
301.347
301.333
301.318
301.301
301.281
301.259
301.234
301.205
301.172
301.136
301.096
301.051
301.003
300.951
300.55
300.56
300.571
300.581
300.591
300.602
300.612
300.623
300.634
300.644
300.655
300.666
300.677
300.688
300.699
300.71
300.721
300.733
300.744
300.755
300.766
300.777
300.789
300.8
300.811
300.822
300.833
300.844
300.855
300.866
300.877
300.888
300.899
300.91
300.92
300.931
300.941
300.952
300.962
300.972
300.982
300.992
301.002
301.012
301.021
301.031
301.04
301.049
301.058
301.067
301.076
301.084
301.092
301.101
301.109
301.116
301.124
301.131
301.139
301.146
301.153
301.159
301.166
301.172
301.178
301.184
301.19
301.196
301.201
301.206
301.211
301.216
301.221
301.225
301.229
301.234
301.238
301.241
301.245
301.248
301.252
301.255
301.258
301.261
301.263
301.266
301.268
301.271
301.273
301.275
301.277
301.279
301.28
301.282
301.283
301.285
301.286
301.287
301.288
301.289
301.29
301.291
301.291
301.292
301.293
301.293
301.294
301.294
301.294
301.295
301.295
301.295
301.295
301.295
301.295
301.295
301.295
301.295
301.295
301.295
301.295
301.294
301.294
301.294
301.293
301.293
301.292
301.291
301.29
301.289
301.288
301.287
301.286
301.284
301.282
301.28
301.277
301.275
301.271
301.268
301.264
301.259
301.253
301.247
301.24
301.232
301.222
301.212
301.2
301.186
301.17
301.152
301.132
301.109
301.083
301.054
301.021
300.985
300.946
300.904
300.858
300.485
300.493
300.502
300.511
300.52
300.529
300.538
300.547
300.557
300.566
300.575
300.585
300.595
300.604
300.614
300.624
300.633
300.643
300.653
300.663
300.673
300.683
300.692
300.702
300.712
300.722
300.732
300.742
300.752
300.761
300.771
300.781
300.791
300.8
300.81
300.819
300.829
300.838
300.847
300.857
300.866
300.875
300.884
300.893
300.901
300.91
300.918
300.927
300.935
300.943
300.951
300.959
300.966
300.974
300.981
300.988
300.996
301.002
301.009
301.016
301.022
301.028
301.034
301.04
301.046
301.051
301.057
301.062
301.067
301.072
301.077
301.081
301.085
301.09
301.094
301.097
301.101
301.105
301.108
301.111
301.114
301.117
301.12
301.123
301.125
301.128
301.13
301.132
301.134
301.136
301.138
301.14
301.141
301.143
301.144
301.145
301.146
301.148
301.149
301.149
301.15
301.151
301.152
301.152
301.153
301.153
301.154
301.154
301.154
301.155
301.155
301.155
301.155
301.155
301.155
301.155
301.155
301.155
301.155
301.155
301.155
301.155
301.154
301.154
301.153
301.153
301.152
301.152
301.151
301.15
301.149
301.148
301.146
301.145
301.143
301.141
301.139
301.136
301.134
301.13
301.126
301.122
301.117
301.111
301.105
301.097
301.089
301.079
301.068
301.055
301.041
301.025
301.007
300.986
300.963
300.937
300.909
300.877
300.843
300.806
300.766
300.422
300.429
300.437
300.444
300.452
300.46
300.467
300.475
300.483
300.491
300.5
300.508
300.516
300.524
300.533
300.541
300.55
300.558
300.567
300.575
300.584
300.592
300.601
300.609
300.618
300.627
300.635
300.644
300.653
300.661
300.67
300.678
300.687
300.696
300.704
300.713
300.721
300.729
300.738
300.746
300.754
300.762
300.77
300.778
300.786
300.794
300.801
300.809
300.816
300.823
300.831
300.838
300.845
300.851
300.858
300.865
300.871
300.877
300.884
300.89
300.895
300.901
300.907
300.912
300.917
300.922
300.927
300.932
300.937
300.941
300.945
300.95
300.954
300.958
300.961
300.965
300.968
300.972
300.975
300.978
300.981
300.983
300.986
300.988
300.991
300.993
300.995
300.997
300.999
301.001
301.002
301.004
301.005
301.007
301.008
301.009
301.01
301.011
301.012
301.013
301.014
301.014
301.015
301.016
301.016
301.017
301.017
301.017
301.018
301.018
301.018
301.018
301.018
301.019
301.019
301.019
301.019
301.019
301.018
301.018
301.018
301.018
301.018
301.017
301.017
301.016
301.016
301.015
301.014
301.014
301.013
301.012
301.01
301.009
301.008
301.006
301.004
301.001
300.999
300.996
300.992
300.988
300.984
300.979
300.973
300.966
300.958
300.95
300.94
300.928
300.916
300.901
300.885
300.867
300.847
300.824
300.799
300.772
300.742
300.71
300.676
300.362
300.368
300.375
300.381
300.388
300.394
300.401
300.408
300.414
300.421
300.428
300.435
300.442
300.449
300.456
300.463
300.471
300.478
300.485
300.492
300.5
300.507
300.515
300.522
300.529
300.537
300.544
300.552
300.559
300.567
300.574
300.582
300.589
300.597
300.604
300.611
300.619
300.626
300.633
300.641
300.648
300.655
300.662
300.669
300.676
300.683
300.69
300.696
300.703
300.709
300.716
300.722
300.728
300.734
300.74
300.746
300.752
300.758
300.763
300.769
300.774
300.779
300.784
300.789
300.794
300.798
300.803
300.807
300.811
300.815
300.819
300.823
300.827
300.83
300.834
300.837
300.84
300.843
300.846
300.849
300.851
300.854
300.856
300.859
300.861
300.863
300.865
300.866
300.868
300.87
300.871
300.873
300.874
300.875
300.877
300.878
300.879
300.88
300.88
300.881
300.882
300.882
300.883
300.884
300.884
300.885
300.885
300.885
300.885
300.886
300.886
300.886
300.886
300.886
300.886
300.886
300.886
300.886
300.886
300.886
300.886
300.886
300.885
300.885
300.885
300.884
300.884
300.883
300.883
300.882
300.881
300.88
300.879
300.878
300.876
300.875
300.873
300.871
300.868
300.866
300.863
300.859
300.855
300.85
300.845
300.839
300.832
300.825
300.816
300.806
300.795
300.782
300.768
300.752
300.735
300.715
300.694
300.67
300.645
300.618
300.589
300.306
300.311
300.317
300.322
300.328
300.333
300.339
300.344
300.35
300.356
300.361
300.367
300.373
300.379
300.385
300.391
300.397
300.403
300.409
300.416
300.422
300.428
300.434
300.441
300.447
300.453
300.46
300.466
300.472
300.479
300.485
300.491
300.498
300.504
300.511
300.517
300.523
300.53
300.536
300.542
300.548
300.555
300.561
300.567
300.573
300.579
300.585
300.591
300.596
300.602
300.608
300.613
300.619
300.624
300.629
300.635
300.64
300.645
300.65
300.654
300.659
300.664
300.668
300.672
300.677
300.681
300.685
300.689
300.692
300.696
300.699
300.703
300.706
300.709
300.712
300.715
300.718
300.721
300.723
300.726
300.728
300.731
300.733
300.735
300.737
300.739
300.74
300.742
300.744
300.745
300.746
300.748
300.749
300.75
300.751
300.752
300.753
300.754
300.755
300.755
300.756
300.756
300.757
300.757
300.758
300.758
300.759
300.759
300.759
300.759
300.76
300.76
300.76
300.76
300.76
300.76
300.76
300.76
300.76
300.76
300.759
300.759
300.759
300.759
300.758
300.758
300.758
300.757
300.757
300.756
300.755
300.754
300.753
300.752
300.751
300.75
300.748
300.746
300.744
300.742
300.739
300.736
300.732
300.728
300.724
300.718
300.712
300.706
300.698
300.69
300.68
300.669
300.657
300.643
300.628
300.612
300.594
300.574
300.552
300.53
300.505
300.255
300.259
300.264
300.268
300.272
300.277
300.281
300.286
300.291
300.295
300.3
300.305
300.31
300.315
300.32
300.325
300.33
300.335
300.34
300.345
300.35
300.355
300.361
300.366
300.371
300.376
300.382
300.387
300.392
300.398
300.403
300.408
300.414
300.419
300.424
300.43
300.435
300.441
300.446
300.451
300.456
300.462
300.467
300.472
300.477
300.482
300.488
300.493
300.497
300.502
300.507
300.512
300.517
300.521
300.526
300.53
300.535
300.539
300.544
300.548
300.552
300.556
300.56
300.563
300.567
300.571
300.574
300.578
300.581
300.584
300.587
300.59
300.593
300.596
300.599
300.601
300.604
300.606
300.608
300.611
300.613
300.615
300.617
300.618
300.62
300.622
300.623
300.625
300.626
300.628
300.629
300.63
300.631
300.632
300.633
300.634
300.635
300.635
300.636
300.637
300.637
300.638
300.638
300.639
300.639
300.639
300.64
300.64
300.64
300.64
300.641
300.641
300.641
300.641
300.641
300.641
300.641
300.641
300.641
300.641
300.641
300.64
300.64
300.64
300.64
300.639
300.639
300.639
300.638
300.637
300.637
300.636
300.635
300.634
300.633
300.632
300.631
300.629
300.627
300.625
300.623
300.62
300.617
300.613
300.609
300.605
300.6
300.594
300.588
300.58
300.572
300.563
300.553
300.541
300.529
300.515
300.5
300.483
300.466
300.447
300.426
300.208
300.212
300.215
300.219
300.222
300.226
300.23
300.233
300.237
300.241
300.245
300.249
300.253
300.257
300.261
300.265
300.269
300.273
300.277
300.281
300.285
300.29
300.294
300.298
300.302
300.307
300.311
300.315
300.32
300.324
300.329
300.333
300.338
300.342
300.346
300.351
300.355
300.36
300.364
300.369
300.373
300.377
300.382
300.386
300.39
300.395
300.399
300.403
300.407
300.411
300.416
300.42
300.424
300.428
300.431
300.435
300.439
300.443
300.446
300.45
300.453
300.457
300.46
300.463
300.467
300.47
300.473
300.476
300.478
300.481
300.484
300.486
300.489
300.491
300.494
300.496
300.498
300.5
300.502
300.504
300.506
300.508
300.509
300.511
300.512
300.514
300.515
300.517
300.518
300.519
300.52
300.521
300.522
300.523
300.524
300.524
300.525
300.526
300.526
300.527
300.527
300.528
300.528
300.529
300.529
300.529
300.53
300.53
300.53
300.53
300.53
300.53
300.531
300.531
300.531
300.531
300.531
300.531
300.53
300.53
300.53
300.53
300.53
300.53
300.53
300.529
300.529
300.529
300.528
300.528
300.527
300.526
300.526
300.525
300.524
300.523
300.522
300.52
300.519
300.517
300.515
300.513
300.51
300.507
300.504
300.5
300.496
300.491
300.486
300.479
300.473
300.465
300.456
300.447
300.437
300.425
300.413
300.4
300.385
300.37
300.353
300.166
300.169
300.172
300.175
300.178
300.181
300.183
300.186
300.189
300.192
300.196
300.199
300.202
300.205
300.208
300.211
300.215
300.218
300.221
300.224
300.228
300.231
300.235
300.238
300.241
300.245
300.248
300.252
300.255
300.259
300.263
300.266
300.27
300.273
300.277
300.28
300.284
300.288
300.291
300.295
300.298
300.302
300.306
300.309
300.313
300.316
300.32
300.323
300.327
300.33
300.333
300.337
300.34
300.343
300.346
300.35
300.353
300.356
300.359
300.362
300.365
300.368
300.37
300.373
300.376
300.378
300.381
300.383
300.386
300.388
300.39
300.393
300.395
300.397
300.399
300.401
300.402
300.404
300.406
300.408
300.409
300.411
300.412
300.413
300.415
300.416
300.417
300.418
300.419
300.42
300.421
300.422
300.423
300.423
300.424
300.425
300.425
300.426
300.427
300.427
300.427
300.428
300.428
300.429
300.429
300.429
300.429
300.43
300.43
300.43
300.43
300.43
300.43
300.43
300.43
300.43
300.43
300.43
300.43
300.43
300.43
300.43
300.43
300.43
300.429
300.429
300.429
300.429
300.428
300.428
300.427
300.427
300.426
300.425
300.425
300.424
300.423
300.422
300.42
300.419
300.417
300.415
300.413
300.411
300.408
300.405
300.401
300.397
300.393
300.388
300.382
300.376
300.369
300.362
300.353
300.344
300.334
300.324
300.312
300.3
300.287
300.13
300.132
300.134
300.136
300.139
300.141
300.143
300.145
300.148
300.15
300.153
300.155
300.157
300.16
300.162
300.165
300.167
300.17
300.172
300.175
300.178
300.18
300.183
300.186
300.188
300.191
300.194
300.196
300.199
300.202
300.205
300.208
300.21
300.213
300.216
300.219
300.222
300.225
300.228
300.23
300.233
300.236
300.239
300.242
300.245
300.247
300.25
300.253
300.256
300.258
300.261
300.264
300.267
300.269
300.272
300.274
300.277
300.279
300.282
300.284
300.287
300.289
300.291
300.293
300.296
300.298
300.3
300.302
300.304
300.306
300.308
300.309
300.311
300.313
300.314
300.316
300.318
300.319
300.32
300.322
300.323
300.324
300.325
300.327
300.328
300.329
300.33
300.331
300.331
300.332
300.333
300.334
300.334
300.335
300.336
300.336
300.337
300.337
300.338
300.338
300.338
300.339
300.339
300.339
300.34
300.34
300.34
300.34
300.34
300.34
300.341
300.341
300.341
300.341
300.341
300.341
300.341
300.341
300.341
300.341
300.341
300.34
300.34
300.34
300.34
300.34
300.34
300.339
300.339
300.339
300.338
300.338
300.337
300.337
300.336
300.336
300.335
300.334
300.333
300.332
300.33
300.329
300.327
300.325
300.323
300.32
300.317
300.314
300.311
300.307
300.302
300.297
300.292
300.286
300.279
300.272
300.264
300.256
300.247
300.237
300.227
300.099
300.101
300.102
300.104
300.105
300.107
300.109
300.111
300.112
300.114
300.116
300.118
300.12
300.121
300.123
300.125
300.127
300.129
300.131
300.133
300.135
300.137
300.139
300.141
300.143
300.145
300.147
300.149
300.151
300.154
300.156
300.158
300.16
300.162
300.164
300.167
300.169
300.171
300.173
300.175
300.178
300.18
300.182
300.184
300.186
300.189
300.191
300.193
300.195
300.197
300.199
300.201
300.203
300.206
300.208
300.21
300.212
300.214
300.216
300.217
300.219
300.221
300.223
300.225
300.226
300.228
300.23
300.231
300.233
300.234
300.236
300.237
300.239
300.24
300.241
300.243
300.244
300.245
300.246
300.247
300.248
300.249
300.25
300.251
300.252
300.253
300.254
300.255
300.255
300.256
300.257
300.257
300.258
300.258
300.259
300.259
300.26
300.26
300.26
300.261
300.261
300.261
300.261
300.262
300.262
300.262
300.262
300.262
300.263
300.263
300.263
300.263
300.263
300.263
300.263
300.263
300.263
300.263
300.263
300.263
300.263
300.263
300.263
300.262
300.262
300.262
300.262
300.262
300.262
300.261
300.261
300.261
300.26
300.26
300.259
300.259
300.258
300.257
300.256
300.256
300.254
300.253
300.252
300.25
300.249
300.247
300.244
300.242
300.239
300.236
300.233
300.229
300.225
300.22
300.215
300.21
300.204
300.197
300.19
300.183
300.176
300.073
300.074
300.075
300.077
300.078
300.079
300.08
300.082
300.083
300.084
300.085
300.087
300.088
300.09
300.091
300.092
300.094
300.095
300.097
300.098
300.099
300.101
300.102
300.104
300.105
300.107
300.109
300.11
300.112
300.113
300.115
300.116
300.118
300.12
300.121
300.123
300.125
300.126
300.128
300.13
300.131
300.133
300.135
300.136
300.138
300.14
300.141
300.143
300.144
300.146
300.148
300.149
300.151
300.152
300.154
300.155
300.157
300.159
300.16
300.161
300.163
300.164
300.166
300.167
300.168
300.17
300.171
300.172
300.173
300.175
300.176
300.177
300.178
300.179
300.18
300.181
300.182
300.183
300.184
300.185
300.185
300.186
300.187
300.188
300.188
300.189
300.19
300.19
300.191
300.191
300.192
300.192
300.193
300.193
300.194
300.194
300.194
300.195
300.195
300.195
300.195
300.196
300.196
300.196
300.196
300.196
300.196
300.196
300.197
300.197
300.197
300.197
300.197
300.197
300.197
300.197
300.197
300.197
300.197
300.197
300.197
300.197
300.197
300.197
300.196
300.196
300.196
300.196
300.196
300.196
300.195
300.195
300.195
300.194
300.194
300.194
300.193
300.193
300.192
300.191
300.19
300.189
300.188
300.187
300.186
300.184
300.183
300.181
300.179
300.176
300.174
300.171
300.168
300.164
300.161
300.157
300.152
300.148
300.143
300.137
300.132
300.052
300.053
300.054
300.055
300.056
300.056
300.057
300.058
300.059
300.06
300.061
300.062
300.063
300.064
300.065
300.066
300.067
300.068
300.069
300.07
300.071
300.072
300.073
300.074
300.075
300.076
300.077
300.079
300.08
300.081
300.082
300.083
300.084
300.086
300.087
300.088
300.089
300.09
300.091
300.093
300.094
300.095
300.096
300.097
300.099
300.1
300.101
300.102
300.103
300.105
300.106
300.107
300.108
300.109
300.11
300.112
300.113
300.114
300.115
300.116
300.117
300.118
300.119
300.12
300.121
300.122
300.123
300.124
300.125
300.126
300.127
300.127
300.128
300.129
300.13
300.131
300.131
300.132
300.133
300.133
300.134
300.135
300.135
300.136
300.136
300.137
300.137
300.138
300.138
300.138
300.139
300.139
300.14
300.14
300.14
300.14
300.141
300.141
300.141
300.141
300.142
300.142
300.142
300.142
300.142
300.142
300.142
300.142
300.142
300.143
300.143
300.143
300.143
300.143
300.143
300.143
300.143
300.143
300.143
300.143
300.143
300.143
300.143
300.142
300.142
300.142
300.142
300.142
300.142
300.142
300.142
300.141
300.141
300.141
300.141
300.14
300.14
300.139
300.139
300.138
300.138
300.137
300.136
300.136
300.135
300.133
300.132
300.131
300.129
300.128
300.126
300.124
300.121
300.119
300.116
300.113
300.11
300.107
300.103
300.099
300.095
300.036
300.036
300.037
300.038
300.038
300.039
300.039
300.04
300.041
300.041
300.042
300.043
300.043
300.044
300.045
300.045
300.046
300.047
300.047
300.048
300.049
300.05
300.05
300.051
300.052
300.053
300.053
300.054
300.055
300.056
300.057
300.057
300.058
300.059
300.06
300.061
300.061
300.062
300.063
300.064
300.065
300.066
300.066
300.067
300.068
300.069
300.07
300.071
300.072
300.072
300.073
300.074
300.075
300.076
300.076
300.077
300.078
300.079
300.08
300.08
300.081
300.082
300.083
300.083
300.084
300.085
300.085
300.086
300.087
300.087
300.088
300.089
300.089
300.09
300.09
300.091
300.091
300.092
300.092
300.093
300.093
300.094
300.094
300.095
300.095
300.095
300.096
300.096
300.096
300.097
300.097
300.097
300.097
300.098
300.098
300.098
300.098
300.098
300.099
300.099
300.099
300.099
300.099
300.099
300.099
300.099
300.1
300.1
300.1
300.1
300.1
300.1
300.1
300.1
300.1
300.1
300.1
300.1
300.1
300.1
300.1
300.1
300.1
300.1
300.1
300.1
300.099
300.099
300.099
300.099
300.099
300.099
300.099
300.099
300.098
300.098
300.098
300.098
300.097
300.097
300.096
300.096
300.095
300.095
300.094
300.093
300.092
300.091
300.09
300.089
300.088
300.086
300.085
300.083
300.081
300.079
300.077
300.075
300.072
300.07
300.067
300.024
300.024
300.025
300.025
300.025
300.026
300.026
300.027
300.027
300.027
300.028
300.028
300.029
300.029
300.03
300.03
300.031
300.031
300.031
300.032
300.032
300.033
300.033
300.034
300.034
300.035
300.035
300.036
300.036
300.037
300.038
300.038
300.039
300.039
300.04
300.04
300.041
300.041
300.042
300.043
300.043
300.044
300.044
300.045
300.045
300.046
300.047
300.047
300.048
300.048
300.049
300.049
300.05
300.051
300.051
300.052
300.052
300.053
300.053
300.054
300.054
300.055
300.055
300.056
300.056
300.057
300.057
300.058
300.058
300.059
300.059
300.059
300.06
300.06
300.061
300.061
300.061
300.062
300.062
300.062
300.063
300.063
300.063
300.064
300.064
300.064
300.064
300.065
300.065
300.065
300.065
300.065
300.066
300.066
300.066
300.066
300.066
300.066
300.066
300.067
300.067
300.067
300.067
300.067
300.067
300.067
300.067
300.067
300.067
300.067
300.067
300.067
300.067
300.067
300.067
300.067
300.067
300.067
300.067
300.067
300.067
300.067
300.067
300.067
300.067
300.067
300.067
300.067
300.067
300.067
300.067
300.067
300.067
300.066
300.066
300.066
300.066
300.066
300.066
300.065
300.065
300.065
300.064
300.064
300.063
300.063
300.062
300.062
300.061
300.06
300.059
300.058
300.057
300.056
300.055
300.053
300.052
300.05
300.049
300.047
300.045
300.015
300.015
300.016
300.016
300.016
300.017
300.017
300.017
300.017
300.018
300.018
300.018
300.018
300.019
300.019
300.019
300.02
300.02
300.02
300.021
300.021
300.021
300.022
300.022
300.022
300.023
300.023
300.023
300.024
300.024
300.024
300.025
300.025
300.025
300.026
300.026
300.026
300.027
300.027
300.028
300.028
300.028
300.029
300.029
300.029
300.03
300.03
300.031
300.031
300.031
300.032
300.032
300.032
300.033
300.033
300.034
300.034
300.034
300.035
300.035
300.035
300.036
300.036
300.036
300.037
300.037
300.037
300.038
300.038
300.038
300.038
300.039
300.039
300.039
300.04
300.04
300.04
300.04
300.041
300.041
300.041
300.041
300.041
300.042
300.042
300.042
300.042
300.042
300.042
300.043
300.043
300.043
300.043
300.043
300.043
300.043
300.043
300.044
300.044
300.044
300.044
300.044
300.044
300.044
300.044
300.044
300.044
300.044
300.044
300.044
300.044
300.044
300.044
300.044
300.044
300.044
300.044
300.044
300.044
300.044
300.044
300.044
300.044
300.044
300.044
300.044
300.044
300.044
300.044
300.044
300.044
300.044
300.044
300.044
300.044
300.043
300.043
300.043
300.043
300.043
300.043
300.042
300.042
300.042
300.042
300.041
300.041
300.04
300.04
300.039
300.039
300.038
300.037
300.037
300.036
300.035
300.034
300.033
300.032
300.031
300.03
300.01
300.01
300.01
300.01
300.01
300.011
300.011
300.011
300.011
300.011
300.012
300.012
300.012
300.012
300.012
300.013
300.013
300.013
300.013
300.013
300.014
300.014
300.014
300.014
300.014
300.015
300.015
300.015
300.015
300.016
300.016
300.016
300.016
300.016
300.017
300.017
300.017
300.017
300.018
300.018
300.018
300.018
300.019
300.019
300.019
300.019
300.02
300.02
300.02
300.02
300.021
300.021
300.021
300.021
300.022
300.022
300.022
300.022
300.023
300.023
300.023
300.023
300.024
300.024
300.024
300.024
300.025
300.025
300.025
300.025
300.025
300.026
300.026
300.026
300.026
300.026
300.026
300.027
300.027
300.027
300.027
300.027
300.027
300.027
300.028
300.028
300.028
300.028
300.028
300.028
300.028
300.028
300.028
300.029
300.029
300.029
300.029
300.029
300.029
300.029
300.029
300.029
300.029
300.029
300.029
300.029
300.029
300.029
300.029
300.029
300.029
300.029
300.029
300.029
300.029
300.029
300.029
300.029
300.029
300.029
300.029
300.029
300.029
300.029
300.029
300.029
300.029
300.029
300.029
300.029
300.029
300.029
300.029
300.029
300.029
300.029
300.029
300.029
300.028
300.028
300.028
300.028
300.028
300.028
300.027
300.027
300.027
300.027
300.026
300.026
300.026
300.025
300.025
300.024
300.024
300.023
300.022
300.022
300.021
300.02
300.02
300.007
300.007
300.007
300.007
300.008
300.008
300.008
300.008
300.008
300.008
300.008
300.009
300.009
300.009
300.009
300.009
300.009
300.009
300.01
300.01
300.01
300.01
300.01
300.01
300.011
300.011
300.011
300.011
300.011
300.011
300.012
300.012
300.012
300.012
300.012
300.012
300.013
300.013
300.013
300.013
300.013
300.014
300.014
300.014
300.014
300.014
300.015
300.015
300.015
300.015
300.015
300.015
300.016
300.016
300.016
300.016
300.016
300.017
300.017
300.017
300.017
300.017
300.017
300.018
300.018
300.018
300.018
300.018
300.018
300.019
300.019
300.019
300.019
300.019
300.019
300.019
300.02
300.02
300.02
300.02
300.02
300.02
300.02
300.02
300.021
300.021
300.021
300.021
300.021
300.021
300.021
300.021
300.021
300.021
300.021
300.021
300.021
300.021
300.021
300.022
300.022
300.022
300.022
300.022
300.022
300.022
300.022
300.022
300.022
300.022
300.022
300.022
300.022
300.022
300.022
300.022
300.022
300.022
300.022
300.022
300.022
300.022
300.022
300.022
300.022
300.022
300.022
300.022
300.022
300.022
300.022
300.022
300.022
300.022
300.021
300.021
300.021
300.021
300.021
300.021
300.021
300.021
300.021
300.021
300.02
300.02
300.02
300.02
300.02
300.019
300.019
300.019
300.018
300.018
300.018
300.017
300.017
300.016
300.016
300.015
300.015
301.833
301.223
300.838
300.573
300.387
300.257
300.167
300.106
300.066
300.04
300.024
300.013
300.007
300.004
300.002
300.001
300
300
300
300
300
300
300
300
300
300
300
300
300
300
300
300
300
300
300
300
300
300
300
300
300
300
300
300
300
300
300
300
300
300
300
301.83
301.222
300.838
300.573
300.387
300.257
300.167
300.106
300.066
300.04
300.024
300.013
300.007
300.004
300.002
300.001
300
300
300
300
300
300
300
300
300
300
300
300
300
300
300
300
300
300
300
300
300
300
300
300
300
300
300
300
300
300
300
300
300
300
300
301.824
301.221
300.837
300.573
300.387
300.257
300.167
300.106
300.066
300.04
300.024
300.013
300.007
300.004
300.002
300.001
300
300
300
300
300
300
300
300
300
300
300
300
300
300
300
300
300
300
300
300
300
300
300
300
300
300
300
300
300
300
300
300
300
300
300
301.814
301.219
300.837
300.573
300.387
300.257
300.167
300.106
300.066
300.04
300.024
300.013
300.007
300.004
300.002
300.001
300
300
300
300
300
300
300
300
300
300
300
300
300
300
300
300
300
300
300
300
300
300
300
300
300
300
300
300
300
300
300
300
300
300
300
301.802
301.216
300.835
300.572
300.387
300.257
300.167
300.106
300.066
300.04
300.024
300.013
300.007
300.004
300.002
300.001
300
300
300
300
300
300
300
300
300
300
300
300
300
300
300
300
300
300
300
300
300
300
300
300
300
300
300
300
300
300
300
300
300
300
300
301.785
301.211
300.834
300.571
300.387
300.257
300.167
300.106
300.066
300.04
300.024
300.013
300.007
300.004
300.002
300.001
300
300
300
300
300
300
300
300
300
300
300
300
300
300
300
300
300
300
300
300
300
300
300
300
300
300
300
300
300
300
300
300
300
300
300
301.765
301.206
300.831
300.57
300.386
300.257
300.167
300.106
300.066
300.04
300.024
300.013
300.007
300.004
300.002
300.001
300
300
300
300
300
300
300
300
300
300
300
300
300
300
300
300
300
300
300
300
300
300
300
300
300
300
300
300
300
300
300
300
300
300
300
301.741
301.198
300.828
300.569
300.385
300.256
300.167
300.106
300.066
300.04
300.024
300.014
300.007
300.004
300.002
300.001
300
300
300
300
300
300
300
300
300
300
300
300
300
300
300
300
300
300
300
300
300
300
300
300
300
300
300
300
300
300
300
300
300
300
300
301.713
301.188
300.824
300.567
300.384
300.256
300.167
300.106
300.066
300.04
300.024
300.014
300.007
300.004
300.002
300.001
300
300
300
300
300
300
300
300
300
300
300
300
300
300
300
300
300
300
300
300
300
300
300
300
300
300
300
300
300
300
300
300
300
300
300
301.681
301.176
300.819
300.564
300.383
300.255
300.166
300.106
300.066
300.04
300.024
300.014
300.007
300.004
300.002
300.001
300
300
300
300
300
300
300
300
300
300
300
300
300
300
300
300
300
300
300
300
300
300
300
300
300
300
300
300
300
300
300
300
300
300
300
301.645
301.162
300.812
300.561
300.381
300.254
300.166
300.106
300.066
300.04
300.024
300.013
300.007
300.004
300.002
300.001
300
300
300
300
300
300
300
300
300
300
300
300
300
300
300
300
300
300
300
300
300
300
300
300
300
300
300
300
300
300
300
300
300
300
300
301.605
301.144
300.803
300.556
300.379
300.253
300.165
300.105
300.066
300.04
300.023
300.013
300.007
300.004
300.002
300.001
300
300
300
300
300
300
300
300
300
300
300
300
300
300
300
300
300
300
300
300
300
300
300
300
300
300
300
300
300
300
300
300
300
300
300
301.561
301.123
300.793
300.55
300.375
300.251
300.164
300.105
300.065
300.04
300.023
300.013
300.007
300.004
300.002
300.001
300
300
300
300
300
300
300
300
300
300
300
300
300
300
300
300
300
300
300
300
300
300
300
300
300
300
300
300
300
300
300
300
300
300
300
301.512
301.099
300.78
300.543
300.371
300.249
300.163
300.104
300.065
300.039
300.023
300.013
300.007
300.004
300.002
300.001
300
300
300
300
300
300
300
300
300
300
300
300
300
300
300
300
300
300
300
300
300
300
300
300
300
300
300
300
300
300
300
300
300
300
300
301.46
301.072
300.765
300.535
300.366
300.246
300.161
300.103
300.064
300.039
300.023
300.013
300.007
300.004
300.002
300.001
300
300
300
300
300
300
300
300
300
300
300
300
300
300
300
300
300
300
300
300
300
300
300
300
300
300
300
300
300
300
300
300
300
300
300
301.403
301.041
300.748
300.525
300.36
300.242
300.159
300.102
300.064
300.039
300.023
300.013
300.007
300.004
300.002
300.001
300
300
300
300
300
300
300
300
300
300
300
300
300
300
300
300
300
300
300
300
300
300
300
300
300
300
300
300
300
300
300
300
300
300
300
301.343
301.006
300.727
300.513
300.353
300.238
300.156
300.1
300.063
300.038
300.023
300.013
300.007
300.004
300.002
300.001
300
300
300
300
300
300
300
300
300
300
300
300
300
300
300
300
300
300
300
300
300
300
300
300
300
300
300
300
300
300
300
300
300
300
300
301.279
300.967
300.704
300.499
300.345
300.233
300.153
300.099
300.062
300.038
300.022
300.013
300.007
300.004
300.002
300.001
300
300
300
300
300
300
300
300
300
300
300
300
300
300
300
300
300
300
300
300
300
300
300
300
300
300
300
300
300
300
300
300
300
300
300
301.211
300.925
300.679
300.483
300.335
300.227
300.15
300.096
300.06
300.037
300.022
300.013
300.007
300.004
300.002
300.001
300
300
300
300
300
300
300
300
300
300
300
300
300
300
300
300
300
300
300
300
300
300
300
300
300
300
300
300
300
300
300
300
300
300
300
301.141
300.879
300.65
300.465
300.324
300.22
300.146
300.094
300.059
300.036
300.021
300.012
300.007
300.004
300.002
300.001
300
300
300
300
300
300
300
300
300
300
300
300
300
300
300
300
300
300
300
300
300
300
300
300
300
300
300
300
300
300
300
300
300
300
300
301.068
300.83
300.618
300.445
300.312
300.212
300.141
300.091
300.057
300.035
300.021
300.012
300.007
300.004
300.002
300.001
300
300
300
300
300
300
300
300
300
300
300
300
300
300
300
300
300
300
300
300
300
300
300
300
300
300
300
300
300
300
300
300
300
300
300
300.992
300.778
300.584
300.423
300.298
300.204
300.135
300.088
300.055
300.034
300.02
300.012
300.006
300.003
300.002
300.001
300
300
300
300
300
300
300
300
300
300
300
300
300
300
300
300
300
300
300
300
300
300
300
300
300
300
300
300
300
300
300
300
300
300
300
300.915
300.723
300.547
300.399
300.282
300.194
300.129
300.084
300.053
300.033
300.019
300.011
300.006
300.003
300.002
300.001
300
300
300
300
300
300
300
300
300
300
300
300
300
300
300
300
300
300
300
300
300
300
300
300
300
300
300
300
300
300
300
300
300
300
300
300.837
300.666
300.508
300.373
300.265
300.183
300.122
300.08
300.05
300.031
300.018
300.011
300.006
300.003
300.002
300.001
300
300
300
300
300
300
300
300
300
300
300
300
300
300
300
300
300
300
300
300
300
300
300
300
300
300
300
300
300
300
300
300
300
300
300
300.758
300.607
300.466
300.345
300.246
300.171
300.115
300.075
300.048
300.029
300.017
300.01
300.006
300.003
300.001
300.001
300
300
300
300
300
300
300
300
300
300
300
300
300
300
300
300
300
300
300
300
300
300
300
300
300
300
300
300
300
300
300
300
300
300
300
300.679
300.548
300.424
300.315
300.227
300.158
300.107
300.07
300.044
300.027
300.016
300.009
300.005
300.003
300.001
300.001
300
300
300
300
300
300
300
300
300
300
300
300
300
300
300
300
300
300
300
300
300
300
300
300
300
300
300
300
300
300
300
300
300
300
300
300.601
300.488
300.38
300.285
300.206
300.144
300.098
300.064
300.041
300.025
300.015
300.009
300.005
300.003
300.001
300
300
300
300
300
300
300
300
300
300
300
300
300
300
300
300
300
300
300
300
300
300
300
300
300
300
300
300
300
300
300
300
300
300
300
300
300.525
300.429
300.336
300.254
300.185
300.13
300.088
300.058
300.037
300.023
300.014
300.008
300.004
300.002
300.001
300
300
300
300
300
300
300
300
300
300
300
300
300
300
300
300
300
300
300
300
300
300
300
300
300
300
300
300
300
300
300
300
300
300
300
300
300.452
300.371
300.293
300.222
300.163
300.115
300.079
300.052
300.034
300.021
300.013
300.007
300.004
300.002
300.001
300
300
300
300
300
300
300
300
300
300
300
300
300
300
300
300
300
300
300
300
300
300
300
300
300
300
300
300
300
300
300
300
300
300
300
300
300.383
300.316
300.251
300.192
300.141
300.1
300.069
300.046
300.03
300.018
300.011
300.006
300.004
300.002
300.001
300
300
300
300
300
300
300
300
300
300
300
300
300
300
300
300
300
300
300
300
300
300
300
300
300
300
300
300
300
300
300
300
300
300
300
300
300.318
300.264
300.211
300.162
300.12
300.086
300.059
300.04
300.026
300.016
300.01
300.006
300.003
300.001
300.001
300
300
300
300
300
300
300
300
300
300
300
300
300
300
300
300
300
300
300
300
300
300
300
300
300
300
300
300
300
300
300
300
300
300
300
300
300.259
300.216
300.173
300.134
300.1
300.072
300.05
300.033
300.022
300.014
300.008
300.005
300.003
300.001
300
300
300
300
300
300
300
300
300
300
300
300
300
300
300
300
300
300
300
300
300
300
300
300
300
300
300
300
300
300
300
300
300
300
300
300
300
300.205
300.172
300.139
300.108
300.081
300.059
300.041
300.028
300.018
300.011
300.007
300.004
300.002
300.001
300
300
300
300
300
300
300
299.999
299.999
299.999
299.999
299.999
299.999
299.999
299.999
299.999
299.999
299.999
299.999
299.999
299.999
299.999
299.999
299.999
299.999
299.999
299.999
299.999
299.999
299.999
299.999
299.999
299.999
299.999
299.999
299.999
299.999
300.159
300.134
300.108
300.085
300.064
300.046
300.033
300.022
300.014
300.009
300.005
300.003
300.002
300.001
300
300
300
300
300
299.999
299.999
299.999
299.999
299.999
299.999
299.999
299.999
299.999
299.999
299.999
299.999
299.999
299.999
299.999
299.999
299.999
299.999
299.999
299.999
299.999
299.999
299.999
299.999
299.999
299.999
299.999
299.999
299.999
299.999
299.999
299.999
300.119
300.101
300.082
300.064
300.049
300.036
300.025
300.017
300.011
300.007
300.004
300.002
300.001
300
300
300
300
300
299.999
299.999
299.999
299.999
299.999
299.999
299.999
299.999
299.999
299.999
299.999
299.999
299.999
299.999
299.999
299.999
299.999
299.999
299.999
299.999
299.999
299.999
299.999
299.999
299.999
299.999
299.999
299.999
299.999
299.999
299.999
299.999
299.999
300.087
300.073
300.06
300.047
300.036
300.026
300.019
300.013
300.008
300.005
300.003
300.002
300.001
300
300
300
300
299.999
299.999
299.999
299.999
299.999
299.999
299.999
299.999
299.999
299.999
299.999
299.999
299.999
299.999
299.999
299.999
299.999
299.999
299.999
299.999
299.999
299.999
299.999
299.999
299.999
299.999
299.999
299.999
299.999
299.999
299.999
299.999
299.999
299.999
300.061
300.052
300.042
300.034
300.026
300.019
300.013
300.009
300.006
300.004
300.002
300.001
300
300
300
300
299.999
299.999
299.999
299.999
299.999
299.999
299.999
299.999
299.999
299.999
299.999
299.999
299.999
299.999
299.999
299.999
299.999
299.999
299.999
299.999
299.999
299.999
299.999
299.999
299.999
299.999
299.999
299.999
299.999
299.999
299.999
299.999
299.999
299.999
299.999
300.041
300.035
300.029
300.023
300.017
300.013
300.009
300.006
300.004
300.002
300.001
300.001
300
300
300
299.999
299.999
299.999
299.999
299.999
299.999
299.999
299.999
299.999
299.999
299.999
299.999
299.999
299.999
299.999
299.999
299.999
299.999
299.999
299.999
299.999
299.999
299.999
299.999
299.999
299.999
299.999
299.999
299.999
299.999
299.999
299.999
299.999
299.999
299.999
299.999
300.027
300.023
300.019
300.015
300.012
300.008
300.006
300.004
300.002
300.001
300.001
300
300
300
299.999
299.999
299.999
299.999
299.999
299.999
299.999
299.999
299.999
299.999
299.999
299.999
299.999
299.999
299.999
299.999
299.999
299.999
299.999
299.999
299.999
299.999
299.999
299.999
299.999
299.999
299.999
299.999
299.999
299.999
299.999
299.999
299.999
299.999
299.999
299.999
299.999
300.018
300.015
300.013
300.01
300.008
300.006
300.004
300.003
300.002
300.001
300
300
300
300
299.999
299.999
299.999
299.999
299.999
299.999
299.999
299.999
299.999
299.999
299.999
299.999
299.999
299.999
299.999
299.999
299.999
299.999
299.999
299.999
299.999
299.999
299.999
299.999
299.999
299.999
299.999
299.999
299.999
299.999
299.999
299.999
299.999
299.999
299.999
299.999
299.999
300.013
300.011
300.009
300.007
300.006
300.004
300.003
300.002
300.001
300
300
300
300
299.999
299.999
299.999
299.999
299.999
299.999
299.999
299.999
299.999
299.999
299.999
299.999
299.999
299.999
299.999
299.999
299.999
299.999
299.999
299.999
299.999
299.999
299.999
299.999
299.999
299.999
299.999
299.999
299.999
299.999
299.999
299.999
299.999
299.999
299.999
299.999
299.999
299.999
)
;

boundaryField
{
    inlet
    {
        type            fixedValue;
        value           uniform 300;
    }
    outlet
    {
        type            zeroGradient;
    }
    top
    {
        type            zeroGradient;
    }
    slip-bottom
    {
        type            zeroGradient;
    }
    bottom
    {
        type            zeroGradient;
    }
    interface
    {
        type            fixedGradient;
        gradient        nonuniform List<scalar> 
161
(
66.0345
66.0345
45.5507
45.5507
45.5507
45.5507
34.6618
34.6618
34.6618
34.6618
30.5468
30.5468
30.5468
29.8662
29.8662
29.8662
29.8662
27.824
27.824
27.824
27.1745
27.1745
27.1745
26.8285
26.8285
26.8285
26.3843
26.3843
26.3843
26.0076
26.0076
26.0076
25.6802
25.6802
25.6802
25.3754
25.3754
25.3754
25.1008
25.1008
25.1008
24.5689
24.5689
25.0003
25.0003
25.0003
24.5141
24.5141
24.7773
24.7773
24.7773
24.3485
24.3485
24.394
24.394
24.394
24.5022
24.5022
24.6594
24.6594
24.2203
24.2203
24.2258
24.2258
24.29
24.29
24.2881
24.2881
24.2881
24.2767
24.2767
24.2618
24.2449
24.2449
24.2239
24.2239
24.2099
24.2099
24.0996
24.0996
24.3042
24.3042
24.2539
24.2539
24.1949
24.1147
24.1147
24.2394
24.2394
24.2074
24.1247
24.1247
24.2194
24.1604
24.1604
24.2139
24.2139
24.1652
24.2037
24.2037
24.1669
24.1917
24.1631
24.1631
24.1649
24.1771
24.1771
24.1522
24.1567
24.1468
24.1468
24.1471
24.1496
24.1506
24.1506
24.1509
24.1537
24.1564
24.1535
24.1535
24.1688
24.1711
24.1697
24.1684
24.1462
24.1893
24.1893
24.1898
24.1804
24.1742
24.1662
24.1559
24.1432
24.1278
24.1098
24.0893
24.0666
24.042
24.016
23.9895
23.9635
23.9393
23.9183
23.9017
23.891
23.889
23.9009
23.9382
24.0271
24.0951
23.7337
23.7236
24.1184
24.3922
24.7957
25.3157
27.7034
25.3714
27.9704
30.6598
41.4169
)
;
    }
    defaultFaces
    {
        type            empty;
    }
}


// ************************************************************************* //
